nu,sw
586.716941,9.72e-26
586.716943,9.46e-26
586.753244,9.52e-26
587.608899,1.13e-25
587.608901,1.0850000000000001e-25
587.64557,1.05e-25
587.645571,1.11e-25
587.645572,1.08e-25
588.499822,1.31e-25
588.499823,1.26e-25
588.536865,1.21e-25
588.536866,1.29e-25
588.536867,1.25e-25
589.389702,1.47e-25
589.389703,1.47e-25
589.427116,1.4e-25
589.427117,1.48e-25
589.427119,1.44e-25
589.490201,1.1e-25
589.490205,1.065e-25
589.527007,1.03e-25
589.52701,1.07e-25
590.27853,1.64e-25
590.278531,1.705e-25
590.316313,1.5999999999999998e-25
590.316314,1.69e-25
590.316316,1.65e-25
590.385359,1.31e-25
590.385363,1.2550000000000001e-25
590.422611,1.22e-25
590.422613,1.265e-25
591.166301,1.86e-25
591.166302,1.95e-25
591.204445,1.88e-25
591.204447,1.87e-25
591.279525,1.54e-25
591.279528,1.5e-25
591.279529,1.46e-25
591.317239,1.43e-25
591.317241,1.49e-25
592.053008,2.12e-25
592.053009,2.225e-25
592.091498,2.13e-25
592.0915,2.13e-25
592.172688,1.79e-25
592.172691,1.75e-25
592.172692,1.7e-25
592.210882,1.67e-25
592.210884,1.7350000000000001e-25
592.816363,1.11e-25
592.816369,1.08e-25
592.816371,1.06e-25
592.852205,1.04e-25
592.852206,1.06e-25
592.852207,1.09e-25
592.938645,2.4e-25
592.938646,2.48e-25
592.938647,2.56e-25
592.97746,2.4199999999999996e-25
592.977462,2.42e-25
593.06484,2.09e-25
593.064842,2.0099999999999998e-25
593.103529,1.94e-25
593.10353,2.05e-25
593.103531,1.9899999999999999e-25
593.714374,1.33e-25
593.71438,1.3e-25
593.714381,1.27e-25
593.750658,1.25e-25
593.75066,1.295e-25
593.823207,2.71e-25
593.823209,2.8e-25
593.823211,2.9e-25
593.862316,2.83e-25
593.862317,2.63e-25
593.862319,2.73e-25
593.955969,2.43e-25
593.955971,2.335e-25
593.995169,2.25e-25
593.995171,2.38e-25
593.995172,2.32e-25
594.611455,1.59e-25
594.611461,1.56e-25
594.611462,1.52e-25
594.648203,1.49e-25
594.648204,1.55e-25
594.706692,3.04e-25
594.706694,3.15e-25
594.706696,3.26e-25
594.746052,3.18e-25
594.746053,2.95e-25
594.746055,3.06e-25
594.846067,2.82e-25
594.846069,2.6999999999999997e-25
594.885794,2.6e-25
594.885795,2.76e-25
594.885796,2.6799999999999998e-25
595.507595,1.89e-25
595.507601,1.85e-25
595.507602,1.8e-25
595.544826,1.77e-25
595.544828,1.8299999999999999e-25
595.589097,3.4e-25
595.589099,3.53e-25
595.589102,3.66e-25
595.62865,3.56e-25
595.628652,3.3e-25
595.628654,3.43e-25
595.735125,3.25e-25
595.735126,3.115e-25
595.775391,2.99e-25
595.775392,3.18e-25
595.775393,3.09e-25
596.402783,2.24e-25
596.402788,2.1899999999999998e-25
596.402789,2.14e-25
596.440519,2.09e-25
596.440521,2.1750000000000003e-25
596.470421,3.79e-25
596.470423,3.93e-25
596.470427,4.09e-25
596.510092,3.97e-25
596.510094,3.67e-25
596.510096,3.82e-25
596.623133,3.73e-25
596.623134,3.57e-25
596.663951,3.6499999999999998e-25
596.663953,3.54e-25
596.750163,9.79e-26
596.750174,9.59e-26
596.784201,9.43e-26
596.784202,9.62e-26
597.297006,2.65e-25
597.297011,2.59e-25
597.297012,2.53e-25
597.33527,2.47e-25
597.335271,2.54e-25
597.335272,2.6e-25
597.350666,4.2e-25
597.350669,4.37e-25
597.350673,4.55e-25
597.390354,4.42e-25
597.390357,4.07e-25
597.390358,4.24e-25
597.510084,4.14e-25
597.551461,4.04e-25
597.551463,4.04e-25
597.650425,1.2e-25
597.650435,1.18e-25
597.650437,1.15e-25
597.684874,1.15e-25
597.684875,1.18e-25
597.684876,1.13e-25
598.190254,3.12e-25
598.190258,3.05e-25
598.190259,2.97e-25
598.229067,2.9e-25
598.229069,3.0199999999999997e-25
598.229839,4.64e-25
598.229842,4.84e-25
598.229847,5.0299999999999995e-25
598.269411,4.89e-25
598.269413,4.49e-25
598.269415,4.68e-25
598.395967,4.56e-25
598.395968,4.785e-25
598.437912,4.59e-25
598.437914,4.59e-25
598.549845,1.46e-25
598.549855,1.43e-25
598.549857,1.4e-25
598.584724,1.4e-25
598.584726,1.4000000000000002e-25
599.082514,3.66e-25
599.082518,3.57e-25
599.082519,3.47e-25
599.107948,5.099999999999998e-25
599.107951,5.32e-25
599.107956,5.55e-25
599.121901,3.4e-25
599.121902,3.54e-25
599.147228,5.38e-25
599.147231,4.93e-25
599.147233,5.14e-25
599.280777,5.15e-25
599.280778,5.409999999999999e-25
599.32329,5.184999999999999e-25
599.323292,5.18e-25
599.448411,1.76e-25
599.44842,1.72e-25
599.448421,1.68e-25
599.48374,1.69e-25
599.483741,1.73e-25
599.483742,1.66e-25
599.973776,4.27e-25
599.97378,4.1050000000000003e-25
599.985009,5.59e-25
599.985012,5.84e-25
599.985018,6.11e-25
600.013759,3.96e-25
600.013761,4.1250000000000003e-25
600.023768,5.91e-25
600.023771,5.38e-25
600.023773,5.64e-25
600.164505,5.8e-25
600.164507,6e-25
600.164508,6.21e-25
600.207584,5.845e-25
600.207586,5.84e-25
600.346107,2.12e-25
600.346116,2.08e-25
600.346117,2.03e-25
600.381909,2.04e-25
600.38191,2.04e-25
600.861044,6.099999999999999e-25
600.861048,6.39e-25
600.861055,6.69e-25
600.864028,4.96e-25
600.864032,4.765e-25
600.898978,6.47e-25
600.898981,5.86e-25
600.898983,6.16e-25
600.904632,4.59e-25
600.904633,4.86e-25
600.904634,4.72e-25
601.047146,6.51e-25
601.047148,6.74e-25
601.04715,6.99e-25
601.090779,6.8e-25
601.090781,6.32e-25
601.090782,6.56e-25
601.242921,2.55e-25
601.24293,2.5e-25
601.242931,2.44e-25
601.279217,2.45e-25
601.73609,6.63e-25
601.736094,6.96e-25
601.736102,7.309999999999999e-25
601.75326,5.73e-25
601.753263,5.495e-25
601.772791,7.05e-25
601.772794,6.36e-25
601.772797,6.6999999999999985e-25
601.794509,5.29e-25
601.79451,5.6e-25
601.794511,5.44e-25
601.928695,7.27e-25
601.928697,7.54e-25
601.928699,7.82e-25
601.972863,7.61e-25
601.972864,7.05e-25
601.972866,7.3299999999999985e-25
602.138839,3.06e-25
602.138847,2.99e-25
602.138849,2.92e-25
602.175651,2.93e-25
602.175652,2.93e-25
602.256639,9.47e-26
602.610196,7.18e-25
602.6102,7.56e-25
602.610209,7.959999999999999e-25
602.641461,6.6e-25
602.641464,6.3200000000000005e-25
602.645118,7.66e-25
602.64512,6.87e-25
602.645123,7.26e-25
602.683378,6.08e-25
602.683379,6.45e-25
602.68338,6.26e-25
602.809147,8.09e-25
602.809149,8.39e-25
602.809152,8.72e-25
602.853817,8.47e-25
602.853819,7.84e-25
602.853821,8.15e-25
603.033848,3.64e-25
603.033855,3.56e-25
603.033857,3.47e-25
603.0712,3.4866666666666664e-25
603.157384,1.18e-25
603.157402,1.15e-25
603.157405,1.13e-25
603.189783,1.13e-25
603.189785,1.16e-25
603.189794,1.11e-25
603.483436,7.75e-25
603.48344,8.19e-25
603.483449,8.63e-25
603.515832,8.3e-25
603.515833,7.399999999999998e-25
603.515836,7.84e-25
603.52862,7.57e-25
603.528622,7.24e-25
603.571229,6.95e-25
603.57123,7.399999999999998e-25
603.571231,7.17e-25
603.688501,8.95e-25
603.688503,9.31e-25
603.688507,9.68e-25
603.733625,9.4e-25
603.733628,8.66e-25
603.73363,9.02e-25
603.927933,4.32e-25
603.92794,4.22e-25
603.927942,4.12e-25
603.96585,4.08e-25
603.965851,4.24e-25
604.057399,1.45e-25
604.057417,1.4199999999999999e-25
604.057419,1.39e-25
604.090207,1.4e-25
604.090208,1.4199999999999999e-25
604.090216,1.37e-25
604.35592,8.33e-25
604.355922,8.82e-25
604.355933,9.35e-25
604.384753,7.93e-25
604.384755,8.95e-25
604.384758,8.42e-25
604.414727,8.64e-25
604.414728,8.13e-25
604.414729,8.38e-25
604.458052,8.175e-25
604.458054,8.18e-25
604.566755,9.87e-25
604.566758,1.03e-24
604.566763,1.07e-24
604.612266,1.04e-24
604.612269,9.54e-25
604.61227,9.96e-25
604.821083,5.09e-25
604.821089,4.98e-25
604.821091,4.86e-25
604.85959,4.873333333333333e-25
604.956668,1.77e-25
604.956685,1.73e-25
604.956687,1.7e-25
604.989902,1.7e-25
604.989904,1.74e-25
604.989911,1.67e-25
605.227811,8.93e-25
605.227812,9.49e-25
605.227823,1.0099999999999999e-24
605.251614,8.46e-25
605.251619,9.63e-25
605.25162,9.03e-25
605.299772,9.525e-25
605.299773,9.52e-25
605.343834,9.285e-25
605.343836,9.28e-25
605.443914,1.09e-24
605.443918,1.1399999999999999e-24
605.443923,1.18e-24
605.489713,1.15e-24
605.489717,1.05e-24
605.489718,1.0999999999999998e-24
605.713283,5.99e-25
605.713289,5.84e-25
605.71329,5.69e-25
605.752407,5.57e-25
605.752408,5.795e-25
605.855174,2.16e-25
605.85519,2.12e-25
605.855192,2.07e-25
605.888854,2.08e-25
605.888855,2.12e-25
605.888862,2.04e-25
606.099359,9.875e-25
606.09937,1.09e-24
606.115999,8.999999999999998e-25
606.116009,9.65e-25
606.11601,1.04e-24
606.183744,1.05e-24
606.183745,1.0999999999999998e-24
606.228565,1.0550000000000001e-24
606.228567,1.05e-24
606.319985,1.19e-24
606.319989,1.24e-24
606.319995,1.2999999999999998e-24
606.365937,1.26e-24
606.365942,1.15e-24
606.365943,1.2e-24
606.604521,7.02e-25
606.604527,6.749999999999999e-25
606.64429,6.51e-25
606.644291,6.78e-25
606.752901,2.63e-25
606.752916,2.58e-25
606.752918,2.52e-25
606.787046,2.53e-25
606.787048,2.58e-25
606.787053,2.48e-25
606.970961,1.09e-24
606.970965,1.02e-24
606.970971,1.17e-24
606.977232,9.54e-25
606.977246,1.03e-24
606.977253,1.11e-24
607.066635,1.18e-24
607.066637,1.24e-24
607.112233,1.23e-24
607.112234,1.1399999999999999e-24
607.112235,1.18e-24
607.19498,1.2999999999999998e-24
607.194984,1.36e-24
607.194991,1.42e-24
607.2409,1.37e-24
607.240905,1.25e-24
607.240906,1.31e-24
607.494783,8.18e-25
607.494788,7.959999999999999e-25
607.494789,7.75e-25
607.535227,7.789999999999999e-25
607.649832,3.19e-25
607.649846,3.12e-25
607.649848,3.05e-25
607.684464,3.06e-25
607.684465,3.13e-25
607.68447,3e-25
607.834124,1.0099999999999999e-24
607.834147,1.09e-24
607.834162,1.19e-24
607.843281,1.17e-24
607.843289,1.26e-24
607.84329,1.09e-24
607.948436,1.32e-24
607.948438,1.36e-24
607.948439,1.41e-24
607.994826,1.38e-24
607.994827,1.28e-24
607.994829,1.3299999999999999e-24
608.06892,1.41e-24
608.068924,1.48e-24
608.068932,1.5499999999999998e-24
608.114553,1.4999999999999998e-24
608.114557,1.35e-24
608.114559,1.42e-24
608.384057,9.49e-25
608.384062,9.23e-25
608.384063,8.98e-25
608.425205,8.769999999999999e-25
608.425206,9.15e-25
608.545951,3.85e-25
608.545965,3.76e-25
608.545966,3.68e-25
608.581091,3.69e-25
608.581093,3.78e-25
608.581097,3.61e-25
608.829139,1.4699999999999999e-24
608.829141,1.52e-24
608.829143,1.58e-24
608.876331,1.5399999999999999e-24
608.876333,1.42e-24
608.876335,1.48e-24
608.941836,1.52e-24
608.941841,1.5999999999999999e-24
608.94185,1.68e-24
608.986829,1.62e-24
608.986833,1.45e-24
608.986835,1.5399999999999999e-24
609.272331,1.0999999999999998e-24
609.272335,1.07e-24
609.272336,1.04e-24
609.314214,1.04e-24
609.314215,1.04e-24
609.403859,1.04e-25
609.403901,1.02e-25
609.403906,9.97e-26
609.433596,9.97e-26
609.433601,1.02e-25
609.433635,9.83e-26
609.441242,4.62e-25
609.441255,4.52e-25
609.441256,4.42e-25
609.476914,4.43e-25
609.476915,4.53e-25
609.476919,4.33e-25
609.708738,1.63e-24
609.70874,1.69e-24
609.708742,1.75e-24
609.756735,1.7e-24
609.756737,1.58e-24
609.756739,1.64e-24
609.813779,1.64e-24
609.813783,1.72e-24
609.813793,1.82e-24
609.857639,1.74e-24
609.857643,1.56e-24
609.857645,1.65e-24
610.159591,1.2699999999999999e-24
610.159595,1.2099999999999999e-24
610.202242,1.2e-24
610.202243,1.2e-24
610.262867,3.094e-25
610.302975,1.3e-25
610.303014,1.27e-25
610.303019,1.25e-25
610.316778,3.01e-25
610.333099,1.25e-25
610.333103,1.28e-25
610.333133,1.23e-25
610.335689,5.52e-25
610.335701,5.39e-25
610.335703,5.27e-25
610.371917,5.28e-25
610.371918,5.41e-25
610.371921,5.16e-25
610.587224,1.7999999999999997e-24
610.587227,1.87e-24
610.58723,1.94e-24
610.636022,1.88e-24
610.636025,1.74e-24
610.636027,1.81e-24
610.684819,1.75e-24
610.684823,1.85e-24
610.684835,1.96e-24
610.726857,1.88e-24
610.72686,1.67e-24
610.726863,1.7699999999999998e-24
611.045825,1.45e-24
611.045828,1.3900000000000001e-24
611.089278,1.375e-24
611.089279,1.37e-24
611.145444,3.4660000000000003e-25
611.200592,3.368e-25
611.201514,1.61e-25
611.20155,1.58e-25
611.201554,1.55e-25
611.229276,6.57e-25
611.229287,6.42e-25
611.229289,6.27e-25
611.232038,1.56e-25
611.232042,1.59e-25
611.232069,1.53e-25
611.266085,6.29e-25
611.266086,6.44e-25
611.266089,6.14e-25
611.464596,1.98e-24
611.464599,2.06e-24
611.464603,2.1499999999999998e-24
611.514176,2.08e-24
611.51418,1.91e-24
611.514181,1.99e-24
611.555067,1.87e-24
611.555071,1.99e-24
611.555084,2.11e-24
611.594296,1.8949999999999996e-24
611.594301,1.8899999999999998e-24
611.931021,1.65e-24
611.931024,1.5749999999999998e-24
611.97531,1.5599999999999998e-24
611.975311,1.56e-24
612.026812,3.866e-25
612.083243,3.753e-25
612.099458,1.9899999999999999e-25
612.099491,1.95e-25
612.099495,1.91e-25
612.121987,7.79e-25
612.121998,7.6e-25
612.121999,7.42e-25
612.130399,1.91e-25
612.130402,1.95e-25
612.130427,1.88e-25
612.159405,7.539999999999999e-25
612.159408,7.26e-25
612.340849,2.17e-24
612.340852,2.26e-24
612.340857,2.36e-24
612.391178,2.2899999999999998e-24
612.391182,2.09e-24
612.391183,2.19e-24
612.424694,1.99e-24
612.424696,2.13e-24
612.42471,2.27e-24
612.459672,2.1599999999999998e-24
612.459675,2.01e-24
612.815168,1.87e-24
612.81517,1.78e-24
612.860326,1.82e-24
612.860327,1.7e-24
612.860328,1.7599999999999998e-24
612.906963,4.294e-25
612.964723,4.164e-25
612.996782,2.45e-25
612.996814,2.4e-25
612.996817,2.35e-25
613.013807,9.18e-25
613.013817,8.96e-25
613.013818,8.74e-25
613.028157,2.36e-25
613.02816,2.41e-25
613.028183,2.31e-25
613.051861,8.769999999999999e-25
613.051862,8.999999999999998e-25
613.051864,8.55e-25
613.215985,2.37e-24
613.215989,2.48e-24
613.215995,2.59e-24
613.267003,2.5e-24
613.267008,2.2799999999999998e-24
613.267009,2.39e-24
613.293966,2.12e-24
613.293967,2.27e-24
613.293981,2.44e-24
613.322521,1.99e-24
613.322531,2.2249999999999998e-24
613.698252,2.11e-24
613.698253,1.98e-24
613.698254,2.05e-24
613.744317,2.06e-24
613.744318,1.92e-24
613.744319,1.99e-24
613.78589,4.748e-25
613.845021,4.599e-25
613.89347,3e-25
613.893499,2.94e-25
613.893502,2.88e-25
613.90472,1.0799999999999999e-24
613.90473,1.06e-24
613.904731,1.03e-24
613.925296,2.89e-25
613.925299,2.95e-25
613.925319,2.83e-25
613.943441,1.045e-24
613.943443,1.0099999999999999e-24
614.043935,3.026e-25
614.089781,2.953e-25
614.090007,2.58e-24
614.090012,2.7e-24
614.090018,2.83e-24
614.141624,2.73e-24
614.14163,2.48e-24
614.141631,2.6e-24
614.163322,2.4199999999999998e-24
614.163324,2.25e-24
614.163335,2.61e-24
614.182081,2.09e-24
614.182097,2.27e-24
614.182102,2.46e-24
614.580264,2.305e-24
614.580265,2.3e-24
614.62727,2.32e-24
614.627271,2.1599999999999998e-24
614.627272,2.24e-24
614.663585,5.229e-25
614.724127,5.059e-25
614.789497,3.67e-25
614.789525,3.6e-25
614.789528,3.52e-25
614.794712,1.2699999999999999e-24
614.794721,1.23e-24
614.794722,1.2e-24
614.821794,3.53e-25
614.821796,3.61e-25
614.821815,3.46e-25
614.83413,1.225e-24
614.834132,1.17e-24
614.930324,3.46e-25
614.962926,2.7899999999999998e-24
614.96293,2.9299999999999998e-24
614.962938,3.0799999999999997e-24
614.977192,3.374e-25
615.015007,2.97e-24
615.015012,2.6799999999999998e-24
615.015014,2.82e-24
615.033517,2.58e-24
615.033524,2.38e-24
615.033528,2.7999999999999998e-24
615.036934,2.19e-24
615.036958,2.4e-24
615.036973,2.62e-24
615.46119,2.49e-24
615.461191,2.625e-24
615.509174,2.6e-24
615.509176,2.4199999999999998e-24
615.509177,2.51e-24
615.540042,5.735e-25
615.602029,5.541e-25
615.683766,1.4699999999999999e-24
615.683774,1.44e-24
615.683775,1.3999999999999999e-24
615.684846,4.47e-25
615.684872,4.37e-25
615.684874,4.28e-25
615.717633,4.29e-25
615.717635,4.3799999999999995e-25
615.717651,4.2e-25
615.723915,1.42e-24
615.723917,1.37e-24
615.815616,3.939e-25
615.834758,3.01e-24
615.834763,3.17e-24
615.834772,3.34e-24
615.863551,3.838e-25
615.887102,3.2099999999999997e-24
615.887109,2.88e-24
615.88711,3.04e-24
616.341021,2.78e-24
616.341022,2.88e-24
616.341023,2.99e-24
616.390018,2.9e-24
616.39002,2.69e-24
616.390021,2.7899999999999998e-24
616.415257,6.264000000000001e-25
616.478713,6.042e-25
616.571868,1.7e-24
616.571876,1.6400000000000001e-24
616.579495,5.3999999999999985e-25
616.579518,5.28e-25
616.579521,5.17e-25
616.612782,1.6500000000000001e-24
616.612784,1.58e-24
616.612792,5.18e-25
616.612794,5.3e-25
616.612809,5.07e-25
616.6998,4.465e-25
616.705532,3.24e-24
616.705537,3.42e-24
616.705548,3.61e-24
616.74885,4.348000000000001e-25
616.757849,3.47e-24
616.757856,3.09e-24
616.757857,3.27e-24
617.219746,3.0799999999999997e-24
617.219748,3.1999999999999998e-24
617.21975,3.32e-24
617.269788,3.23e-24
617.269791,2.98e-24
617.269792,3.1e-24
617.289226,6.814e-25
617.354161,6.562000000000001e-25
617.36186,1.04e-25
617.362019,1.02e-25
617.362064,9.97e-26
617.388528,1.01e-25
617.388572,1.03e-25
617.388725,9.89e-26
617.459003,1.96e-24
617.45901,1.91e-24
617.459011,1.86e-24
617.473424,6.51e-25
617.473446,6.37e-25
617.473449,6.23e-25
617.500719,1.92e-24
617.50072,1.86e-24
617.500721,1.81e-24
617.507255,6.24e-25
617.507256,6.39e-25
617.50727,6.099999999999999e-25
617.575292,3.47e-24
617.575298,3.6699999999999995e-24
617.57531,3.89e-24
617.582863,5.039e-25
617.62716,3.72e-24
617.627166,3.3e-24
617.627168,3.5e-24
617.633078,4.903e-25
617.885873,9.75e-26
617.885875,9.51e-26
617.937035,9.51e-26
617.937557,1.0900000000000001e-25
617.93756,1.09e-25
617.987935,1.21e-25
617.987936,1.27e-25
617.987938,1.24e-25
617.989832,1.09e-25
617.989835,1.06e-25
617.989837,1.04e-25
618.037001,1.37e-25
618.037003,1.44e-25
618.037004,1.41e-25
618.041395,1.24e-25
618.041399,1.21e-25
618.041401,1.18e-25
618.08475,1.54e-25
618.084752,1.63e-25
618.084753,1.58e-25
618.091725,1.41e-25
618.091729,1.37e-25
618.091732,1.33e-25
618.097357,3.4e-24
618.09736,3.5399999999999995e-24
618.097362,3.68e-24
618.131176,1.71e-25
618.131179,1.81e-25
618.13118,1.76e-25
618.140823,1.58e-25
618.140828,1.54e-25
618.14083,1.5e-25
618.148473,3.57e-24
618.148477,3.29e-24
618.148478,3.4299999999999995e-24
618.16195,7.383e-25
618.176272,1.91e-25
618.176277,1.9899999999999999e-25
618.18869,1.76e-25
618.188695,1.71e-25
618.188698,1.67e-25
618.220033,2.11e-25
618.220038,2.17e-25
618.220039,2.24e-25
618.228351,7.097e-25
618.235329,1.96e-25
618.235334,1.91e-25
618.235338,1.85e-25
618.256977,1.32e-25
618.257114,1.29e-25
618.257149,1.27e-25
618.26245,2.32e-25
618.262456,2.39e-25
618.262457,2.47e-25
618.280741,2.17e-25
618.280747,2.11e-25
618.280752,2.05e-25
618.284048,1.27e-25
618.284083,1.29e-25
618.284214,1.25e-25
618.303516,2.54e-25
618.303522,2.62e-25
618.303524,2.7e-25
618.324931,2.39e-25
618.324938,2.32e-25
618.324943,2.25e-25
618.343222,2.76e-25
618.343229,2.85e-25
618.343232,2.94e-25
618.345156,2.26e-24
618.345163,2.165e-24
618.366613,7.82e-25
618.366634,7.639999999999999e-25
618.366636,7.47e-25
618.367904,2.62e-25
618.367911,2.53e-25
618.367917,2.45e-25
618.381559,2.98e-25
618.381567,3.08e-25
618.381571,3.18e-25
618.387713,2.175e-24
618.387714,2.08e-24
618.401001,7.49e-25
618.401002,7.67e-25
618.401015,7.319999999999999e-25
618.409663,2.85e-25
618.409672,2.75e-25
618.409678,2.66e-25
618.418515,3.19e-25
618.418524,3.3e-25
618.418529,3.42e-25
618.444109,3.7e-24
618.444115,3.9299999999999995e-24
618.444128,4.18e-24
618.450218,3.07e-25
618.450227,2.97e-25
618.450234,2.87e-25
618.454078,3.39e-25
618.454088,3.51e-25
618.454094,3.64e-25
618.464794,5.6620000000000005e-25
618.488235,3.58e-25
618.488246,3.71e-25
618.488253,3.85e-25
618.489575,3.3e-25
618.489585,3.18e-25
618.489593,3.07e-25
618.494907,3.99e-24
618.494912,3.5e-24
618.494915,3.74e-24
618.516226,5.504e-25
618.520969,3.74e-25
618.520981,3.88e-25
618.52099,4.04e-25
618.527744,3.51e-25
618.527756,3.38e-25
618.527765,3.26e-25
618.552261,3.88e-25
618.552275,4.03e-25
618.552285,4.2e-25
618.564739,3.7e-25
618.564753,3.56e-25
618.564763,3.43e-25
618.582088,3.9799999999999998e-25
618.582104,4.14e-25
618.582116,4.32e-25
618.600575,3.88e-25
618.60059,3.72e-25
618.600602,3.58e-25
618.610425,4.03e-25
618.610443,4.21e-25
618.610457,4.4e-25
618.63527,4.02e-25
618.635287,3.85e-25
618.6353,3.7e-25
618.637237,4.03e-25
618.637257,4.22e-25
618.637274,4.42e-25
618.662486,3.9799999999999998e-25
618.662508,4.17e-25
618.662527,4.3799999999999995e-25
618.668848,4.13e-25
618.668867,3.95e-25
618.668882,3.79e-25
618.686119,3.85e-25
618.686145,4.04e-25
618.686167,4.25e-25
618.701339,4.19e-25
618.70136,4e-25
618.701377,3.83e-25
618.708072,3.64e-25
618.708102,3.83e-25
618.708128,4.04e-25
618.728261,3.3299999999999998e-25
618.728295,3.52e-25
618.728326,3.73e-25
618.732779,4.2e-25
618.732803,4e-25
618.732823,3.82e-25
618.746571,2.93e-25
618.74661,3.1e-25
618.746646,3.3e-25
618.762844,2.4e-25
618.76289,2.56e-25
618.762933,2.73e-25
618.763216,4.15e-25
618.763243,3.94e-25
618.763266,3.75e-25
618.776855,1.75e-25
618.776909,1.87e-25
618.776961,2.01e-25
618.788264,9.61e-26
618.788329,1.03e-25
618.788392,1.11e-25
618.792712,4.02e-25
618.792743,3.81e-25
618.79277,3.61e-25
618.821349,3.8e-25
618.821385,3.59e-25
618.821416,3.4e-25
618.849238,3.4899999999999998e-25
618.84928,3.29e-25
618.849316,3.1e-25
618.876534,3.07e-25
618.876583,2.88e-25
618.876625,2.71e-25
618.903459,2.53e-25
618.903517,2.36e-25
618.903567,2.21e-25
618.930348,1.84e-25
618.930418,1.71e-25
618.930478,1.5999999999999998e-25
618.957736,1.01e-25
618.973845,3.74e-24
618.973848,3.9e-24
618.973851,4.0599999999999995e-24
619.026059,3.9299999999999995e-24
619.026063,3.61e-24
619.026064,3.77e-24
619.033435,7.969e-25
619.101255,7.644e-25
619.151536,1.65e-25
619.151655,1.62e-25
619.151682,1.59e-25
619.179021,1.59e-25
619.179047,1.62e-25
619.179161,1.56e-25
619.230313,2.59e-24
619.230319,2.475e-24
619.259044,9.33e-25
619.259064,9.12e-25
619.259066,8.91e-25
619.273751,2.4849999999999998e-24
619.273752,2.37e-24
619.294013,8.94e-25
619.294014,9.15e-25
619.294026,8.73e-25
619.312093,3.94e-24
619.312099,4.2e-24
619.312114,4.48e-24
619.345581,6.335e-25
619.3609,4.26e-24
619.360903,3.71e-24
619.360907,3.98e-24
619.398286,6.152e-25
619.480136,2.924e-25
619.520463,2.858e-25
619.849202,4.1e-24
619.849206,4.28e-24
619.84921,4.46e-24
619.902529,4.3199999999999995e-24
619.902534,3.95e-24
619.902535,4.13e-24
619.903693,8.569e-25
619.972833,8.201000000000001e-25
620.045956,2.05e-25
620.046061,2.01e-25
620.046083,1.97e-25
620.07386,1.97e-25
620.073881,2.01e-25
620.073981,1.94e-25
620.114459,2.9499999999999997e-24
620.114464,2.815e-24
620.150696,1.11e-24
620.150715,1.09e-24
620.150716,1.06e-24
620.15882,2.88e-24
620.158821,2.7899999999999998e-24
620.158822,2.7e-24
620.179418,4.1699999999999996e-24
620.179423,4.47e-24
620.179439,4.79e-24
620.186273,1.07e-24
620.186274,1.09e-24
620.186284,1.04e-24
620.224836,3.9099999999999996e-24
620.224837,4.54e-24
620.224843,4.21e-24
620.225211,7.056e-25
620.279247,6.845e-25
620.368421,3.4e-25
620.409612,3.322e-25
620.723424,4.47e-24
620.723428,4.67e-24
620.723433,4.89e-24
620.772746,9.181e-25
620.777868,4.72e-24
620.777873,4.2999999999999996e-24
620.777874,4.5e-24
620.84303,8.764e-25
620.939849,2.54e-25
620.939942,2.49e-25
620.93996,2.45e-25
620.968186,2.45e-25
620.968202,2.5e-25
620.96829,2.41e-25
620.997579,3.35e-24
620.997583,3.14e-24
620.997584,3.24e-24
621.04155,1.32e-24
621.041568,1.29e-24
621.04157,1.26e-24
621.042909,3.26e-24
621.042911,3.1099999999999996e-24
621.046368,4.41e-24
621.046371,4.75e-24
621.046388,5.11e-24
621.077763,1.26e-24
621.077764,1.29e-24
621.077773,1.23e-24
621.086213,4.11e-24
621.08622,4.8199999999999996e-24
621.086223,4.4499999999999995e-24
621.103674,7.826e-25
621.159101,7.584000000000001e-25
621.255742,3.936e-25
621.297834,3.844e-25
621.596507,4.85e-24
621.596511,5.07e-24
621.596518,5.3199999999999996e-24
621.640635,9.803e-25
621.652053,5.13e-24
621.652059,4.66e-24
621.65206,4.89e-24
621.711766,9.33e-25
621.833475,3.15e-25
621.833558,3.09e-25
621.833572,3.03e-25
621.862253,3.03e-25
621.862267,3.09e-25
621.862344,2.97e-25
621.87966,3.79e-24
621.879663,3.55e-24
621.879664,3.66e-24
621.913426,4.8399999999999995e-24
621.913443,5.4499999999999996e-24
621.926007,3.69e-24
621.926008,3.5599999999999995e-24
621.926009,3.44e-24
621.931588,1.56e-24
621.931604,1.52e-24
621.931606,1.48e-24
621.944149,4.29e-24
621.944165,4.6899999999999996e-24
621.944169,5.11e-24
621.968466,1.505e-24
621.968475,1.45e-24
621.980957,8.642000000000001e-25
622.037838,8.365000000000001e-25
622.142083,4.537e-25
622.185117,4.428e-25
622.468452,5.2299999999999995e-24
622.468457,5.5e-24
622.468464,5.7699999999999995e-24
622.507423,1.043e-24
622.525061,5.56e-24
622.525068,5.145e-24
622.578916,9.896e-25
622.726575,3.88e-25
622.72665,3.8e-25
622.726661,3.73e-25
622.755812,3.73e-25
622.755823,3.81e-25
622.755891,3.66e-25
622.760688,4.26e-24
622.76069,3.98e-24
622.760691,4.12e-24
622.781453,5.33e-24
622.781459,4.89e-24
622.781468,5.82e-24
622.796938,4.47e-24
622.796966,4.92e-24
622.79698,5.41e-24
622.8081,4.14e-24
622.808102,3.9299999999999995e-24
622.82079,1.82e-24
622.820806,1.7699999999999998e-24
622.820807,1.73e-24
622.857051,9.502e-25
622.858364,1.73e-24
622.858365,1.7799999999999994e-24
622.858373,1.69e-24
622.915447,9.185e-25
623.027428,5.207e-25
623.071449,5.078e-25
623.339264,5.64e-24
623.339269,5.93e-24
623.339278,6.2499999999999996e-24
623.373217,1.108e-24
623.396859,6e-24
623.396866,5.38e-24
623.396867,5.69e-24
623.444288,1.046e-24
623.619304,4.76e-25
623.619371,4.67e-25
623.619381,4.57e-25
623.640649,4.77e-24
623.64065,4.4499999999999995e-24
623.640651,4.61e-24
623.649013,4.58e-25
623.649022,4.68e-25
623.649083,4.49e-25
623.689177,4.64e-24
623.68918,4.3900000000000004e-24
623.709138,2.13e-24
623.709152,2.07e-24
623.709154,2.0199999999999998e-24
623.731944,1.04e-24
623.747442,2.0199999999999998e-24
623.747443,2.08e-24
623.74745,1.97e-24
623.791919,1.004e-24
623.911763,5.949000000000001e-25
623.933705,1.06e-25
623.93371,1.0250000000000001e-25
623.956816,5.797e-25
623.980078,1.04e-25
623.980079,1.01e-25
623.98008,9.89e-26
623.991594,1.24e-25
623.991599,1.19e-25
623.9916,1.22e-25
624.038791,1.22e-25
624.038793,1.19e-25
624.038794,1.16e-25
624.048221,1.45e-25
624.048225,1.39e-25
624.048226,1.4199999999999999e-25
624.096292,1.4199999999999999e-25
624.096293,1.39e-25
624.096295,1.36e-25
624.103579,1.68e-25
624.103582,1.61e-25
624.103584,1.65e-25
624.152577,1.65e-25
624.152578,1.61e-25
624.15258,1.57e-25
624.157663,1.94e-25
624.157666,1.85e-25
624.157668,1.9e-25
624.207645,1.9e-25
624.207647,1.85e-25
624.207649,1.81e-25
624.208955,6.04e-24
624.208961,6.3799999999999996e-24
624.208972,6.74e-24
624.210468,2.24e-25
624.210471,2.13e-25
624.210473,2.18e-25
624.238197,1.173e-24
624.261495,2.18e-25
624.261497,2.13e-25
624.261499,2.08e-25
624.261989,2.57e-25
624.261991,2.44e-25
624.261993,2.5e-25
624.267404,6.459999999999999e-24
624.267412,5.93e-24
624.307556,1.102e-24
624.312219,2.93e-25
624.31222,2.78e-25
624.312222,2.85e-25
624.314126,2.5e-25
624.314128,2.44e-25
624.314131,2.38e-25
624.361153,3.235e-25
624.361156,3.23e-25
624.365537,2.85e-25
624.36554,2.78e-25
624.365542,2.7e-25
624.408784,3.645e-25
624.408787,3.64e-25
624.415728,3.23e-25
624.415731,3.14e-25
624.415734,3.06e-25
624.455105,3.97e-25
624.455106,4.2e-25
624.455108,4.09e-25
624.464699,3.64e-25
624.464703,3.54e-25
624.464706,3.45e-25
624.50011,4.43e-25
624.500112,4.69e-25
624.500113,4.56e-25
624.511491,5.81e-25
624.511552,5.69e-25
624.511561,5.57e-25
624.512451,4.09e-25
624.512455,3.97e-25
624.512458,3.86e-25
624.519528,4.9499999999999996e-24
624.519529,5.3199999999999996e-24
624.51953,5.12e-24
624.54169,5.58e-25
624.541697,5.7e-25
624.541752,5.46e-25
624.543791,4.91e-25
624.543795,5.2e-25
624.543796,5.04e-25
624.558985,4.56e-25
624.558989,4.42e-25
624.558993,4.29e-25
624.569228,5.16e-24
624.569231,4.885e-24
624.586142,5.3999999999999985e-25
624.586146,5.6500000000000005e-25
624.596613,2.48e-24
624.596627,2.4099999999999998e-24
624.596628,2.35e-24
624.604302,5.04e-25
624.604307,4.9e-25
624.604311,4.75e-25
624.605628,1.134e-24
624.627152,5.91e-25
624.627158,6.195e-25
624.635683,2.385e-24
624.635689,2.2899999999999998e-24
624.648406,5.56e-25
624.648412,5.38e-25
624.648416,5.22e-25
624.666814,6.43e-25
624.66682,6.64e-25
624.666822,6.86e-25
624.667241,1.093e-24
624.691299,6.09e-25
624.691306,5.89e-25
624.691311,5.71e-25
624.705117,6.96e-25
624.705124,7.19e-25
624.705126,7.44e-25
624.732987,6.64e-25
624.732995,6.41e-25
624.733001,6.21e-25
624.74205,7.47e-25
624.742058,7.73e-25
624.742061,8.01e-25
624.773476,7.18e-25
624.773484,6.93e-25
624.77349,6.6999999999999985e-25
624.777601,7.969999999999999e-25
624.77761,8.26e-25
624.777614,8.55e-25
624.795073,6.766e-25
624.811755,8.43e-25
624.811765,8.74e-25
624.811771,9.08e-25
624.812771,7.72e-25
624.81278,7.45e-25
624.812788,7.19e-25
624.841208,6.589000000000001e-25
624.844497,8.85e-25
624.844508,9.2e-25
624.844515,9.57e-25
624.850883,8.25e-25
624.850893,7.94e-25
624.850902,7.649999999999999e-25
624.875808,9.22e-25
624.87582,9.59e-25
624.875828,9.97e-25
624.887822,8.73e-25
624.887834,8.39e-25
624.887843,8.09e-25
624.905666,9.52e-25
624.90568,9.92e-25
624.90569,1.04e-24
624.923602,9.18e-25
624.923616,8.81e-25
624.923626,8.47e-25
624.934045,9.72e-25
624.934061,1.02e-24
624.934073,1.06e-24
624.958241,9.57e-25
624.958256,9.17e-25
624.958268,8.799999999999999e-25
624.960915,9.82e-25
624.960933,1.03e-24
624.960947,1.0799999999999999e-24
624.986238,9.79e-25
624.986258,1.03e-24
624.986274,1.0799999999999999e-24
624.99176,9.89e-25
624.991777,9.46e-25
624.99179,9.06e-25
625.009966,9.61e-25
625.009989,1.0099999999999999e-24
625.010008,1.07e-24
625.024184,1.0099999999999999e-24
625.024203,9.66e-25
625.024219,9.23e-25
625.03204,9.26e-25
625.032067,9.75e-25
625.032089,1.03e-24
625.052384,8.72e-25
625.052414,9.21e-25
625.052441,9.76e-25
625.055549,1.03e-24
625.055571,9.74e-25
625.055589,9.3e-25
625.070895,7.9799999999999985e-25
625.07093,8.44e-25
625.070962,8.97e-25
625.07755,6.45e-24
625.077556,6.84e-24
625.077569,7.24e-24
625.085897,1.02e-24
625.085922,9.7e-25
625.085942,9.24e-25
625.087437,6.99e-25
625.087478,7.43e-25
625.087515,7.92e-25
625.101814,5.72e-25
625.101863,6.11e-25
625.101908,6.55e-25
625.102669,1.24e-24
625.113746,4.17e-25
625.113803,4.47e-25
625.113858,4.82e-25
625.115284,1.0099999999999999e-24
625.115312,9.51e-25
625.115336,9.03e-25
625.122796,2.27e-25
625.122866,2.45e-25
625.122934,2.66e-25
625.136638,6.93e-24
625.136646,6.13e-24
625.136647,6.52e-24
625.143781,9.7e-25
625.143814,9.15e-25
625.143841,8.67e-25
625.168153,1.158e-24
625.171489,9.15e-25
625.171526,8.6e-25
625.171558,8.13e-25
625.198539,8.37e-25
625.198583,7.85e-25
625.198621,7.39e-25
625.225123,7.35e-25
625.225175,6.85e-25
625.225219,6.42e-25
625.251519,6.03e-25
625.251581,5.59e-25
625.251634,5.22e-25
625.278157,4.4e-25
625.278232,4.05e-25
625.278297,3.76e-25
625.305742,2.39e-25
625.305835,2.1899999999999998e-25
625.305915,2.02e-25
625.397314,5.4699999999999996e-24
625.397315,5.8e-24
625.403222,7.06e-25
625.403278,6.91e-25
625.403285,6.77e-25
625.433927,6.78e-25
625.433934,6.93e-25
625.433982,6.64e-25
625.448239,5.7299999999999996e-24
625.448243,5.4e-24
625.478094,1.231e-24
625.483198,2.87e-24
625.48321,2.7899999999999998e-24
625.483211,2.72e-24
625.52307,2.76e-24
625.523076,2.65e-24
625.5414,1.185e-24
625.67734,7.662e-25
625.724613,7.455e-25
625.945087,6.87e-24
625.945094,7.299999999999999e-24
625.945108,7.76e-24
625.967188,1.31e-24
626.004479,7.4e-24
626.004487,6.499999999999999e-24
626.004488,6.94e-24
626.024998,1.213e-24
626.219558,9.55e-26
626.273992,6.04e-24
626.273994,6.28e-24
626.273995,6.5299999999999995e-24
626.294382,8.54e-25
626.294432,8.36e-25
626.294439,8.19e-25
626.325614,8.2e-25
626.325619,8.38e-25
626.325663,8.03e-25
626.326201,6.329999999999999e-24
626.326204,5.83e-24
626.326205,6.069999999999999e-24
626.349336,1.3309999999999999e-24
626.368873,3.31e-24
626.368885,3.175e-24
626.409588,3.185e-24
626.409594,3.0499999999999998e-24
626.414381,1.279e-24
626.558551,8.637e-25
626.607018,8.397000000000001e-25
626.811632,7.28e-24
626.811639,7.769999999999999e-24
626.811654,8.289999999999999e-24
626.832817,1.385e-24
626.870801,7.88e-24
626.870808,6.859999999999999e-24
626.870811,7.35e-24
626.875809,1.2669999999999999e-24
627.113587,1.22e-25
627.137008,1.16e-25
627.149552,6.63e-24
627.149554,6.909999999999999e-24
627.149556,7.199999999999999e-24
627.185012,1.03e-24
627.185058,1.0099999999999999e-24
627.185064,9.85e-25
627.203099,6.96e-24
627.203104,6.5299999999999995e-24
627.216791,9.87e-25
627.216796,1.0099999999999999e-24
627.216835,9.65e-25
627.219351,1.434e-24
627.253621,3.81e-24
627.253632,3.7e-24
627.253633,3.59e-24
627.286161,1.374e-24
627.295222,3.655e-24
627.295227,3.5e-24
627.38566,3.259e-25
627.425681,3.197e-25
627.438691,9.694e-25
627.488413,9.416e-25
627.67729,7.689999999999999e-24
627.677297,8.24e-24
627.677314,8.83e-24
627.735413,8.36e-24
627.735418,7.209999999999999e-24
627.735422,7.769999999999999e-24
627.98956,9.66e-26
627.991769,1.54e-25
627.994479,9.91e-26
628.012956,9.92e-26
628.015668,1.46e-25
628.017875,9.67e-26
628.023981,7.249999999999999e-24
628.023984,7.559999999999999e-24
628.023987,7.89e-24
628.075034,1.24e-24
628.075077,1.2099999999999999e-24
628.075081,1.18e-24
628.078923,7.63e-24
628.078928,7.14e-24
628.088139,1.538e-24
628.107383,1.19e-24
628.107387,1.2099999999999999e-24
628.107423,1.16e-24
628.137425,4.35e-24
628.137435,4.16e-24
628.156717,1.471e-24
628.179957,4.24e-24
628.179958,4.12e-24
628.179962,3.99e-24
628.287399,3.852e-25
628.317742,1.083e-24
628.32782,3.775e-25
628.368788,1.051e-24
628.542236,8.1e-24
628.542242,8.71e-24
628.542262,9.39e-24
628.598,8.859999999999999e-24
628.598001,7.54e-24
628.598008,8.18e-24
628.880752,9.59e-26
628.883618,1.93e-25
628.885331,1.55e-25
628.897269,7.89e-24
628.897273,8.249999999999999e-24
628.897277,8.61e-24
628.906121,1.55e-25
628.907835,1.83e-25
628.910701,9.6e-26
628.953658,8.32e-24
628.953664,7.76e-24
628.955708,1.643e-24
628.964462,1.48e-24
628.964502,1.45e-24
628.964506,1.41e-24
628.997406,1.42e-24
628.997409,1.45e-24
628.997441,1.38e-24
629.020266,4.96e-24
629.020275,4.735e-24
629.02601,1.567e-24
629.063778,4.83e-24
629.063779,4.68e-24
629.063783,4.53e-24
629.186738,4.527e-25
629.19569,1.2049999999999999e-24
629.227649,4.432e-25
629.248131,1.168e-24
629.406768,8.49e-24
629.406773,9.21e-24
629.406794,9.97e-24
629.458014,7.859999999999999e-24
629.45802,9.36e-24
629.458025,8.57e-24
629.764294,2.42e-25
629.765443,2.14e-25
629.766924,1.55e-25
629.769408,8.54e-24
629.769412,8.95e-24
629.769417,9.37e-24
629.786355,1.55e-25
629.787835,2.14e-25
629.788985,2.29e-25
629.822076,1.749e-24
629.82729,9.03e-24
629.827296,8.199999999999999e-24
629.827297,8.599999999999999e-24
629.853241,1.75e-24
629.853277,1.71e-24
629.853281,1.67e-24
629.886804,1.67e-24
629.886806,1.71e-24
629.886835,1.64e-24
629.89399,1.664e-24
629.902128,5.61e-24
629.902136,5.345e-24
629.946671,5.46e-24
629.946672,5.29e-24
629.946676,5.11e-24
630.072512,1.3339999999999999e-24
630.083873,5.29e-25
630.125359,5.174e-25
630.126432,1.292e-24
630.271412,8.899999999999999e-24
630.271413,9.72e-24
630.271435,1.06e-23
630.314448,8.15e-24
630.314466,8.97e-24
630.314467,9.88e-24
630.517114,9.54e-26
630.580659,1.15e-25
630.580668,1.12e-25
630.623247,1.115e-25
630.62325,1.08e-25
630.640389,9.21e-24
630.640394,9.67e-24
630.6404,1.02e-23
630.643001,1.38e-25
630.64301,1.335e-25
630.654479,3.02e-25
630.655278,2.81e-25
630.656111,2.39e-25
630.6779,2.4e-25
630.678732,2.81e-25
630.679532,2.86e-25
630.686243,1.35e-25
630.686244,1.32e-25
630.686246,1.29e-25
630.687277,1.856e-24
630.6998,9.77e-24
630.699808,9.044999999999999e-24
630.704134,1.64e-25
630.704143,1.5849999999999999e-25
630.741368,2.07e-24
630.741401,2.0199999999999998e-24
630.741404,1.97e-24
630.748068,1.59e-25
630.748071,1.54e-25
630.760577,1.759e-24
630.764053,1.93e-25
630.764061,1.87e-25
630.775577,1.98e-24
630.77558,2.0299999999999998e-24
630.775606,1.93e-24
630.782992,6.329999999999999e-24
630.782999,6.03e-24
630.808717,1.87e-25
630.80872,1.81e-25
630.82275,2.28e-25
630.822758,2.205e-25
630.828623,6.1599999999999995e-24
630.828624,5.96e-24
630.828627,5.76e-24
630.868187,2.205e-25
630.86819,2.13e-25
630.88022,2.6799999999999998e-25
630.880227,2.59e-25
630.926473,2.62e-25
630.926474,2.56e-25
630.926477,2.5e-25
630.936455,3.14e-25
630.936462,3.0299999999999997e-25
630.948353,1.4699999999999999e-24
630.979,6.148e-25
630.983574,3.06e-25
630.983575,2.99e-25
630.983577,2.92e-25
630.991451,3.6499999999999998e-25
630.991457,3.52e-25
631.003681,1.423e-24
631.021137,6.009e-25
631.039484,3.56e-25
631.039486,3.48e-25
631.039488,3.4e-25
631.045199,4.22e-25
631.045205,4.075e-25
631.094203,4.12e-25
631.094204,4.02e-25
631.094207,3.93e-25
631.097694,4.87e-25
631.097699,4.64e-25
631.0977,4.75e-25
631.137154,1.03e-23
631.137159,9.32e-24
631.137175,1.13e-23
631.147726,4.75e-25
631.147728,4.63e-25
631.14773,4.52e-25
631.148929,5.57e-25
631.148933,5.3e-25
631.148935,5.43e-25
631.163202,1.05e-25
631.163342,1.05e-25
631.165229,8.4e-24
631.165259,9.35e-24
631.165274,1.0399999999999998e-23
631.198897,6.36e-25
631.198901,6.04e-25
631.198902,6.19e-25
631.200052,5.43e-25
631.200054,5.29e-25
631.200056,5.16e-25
631.247591,7.22e-25
631.247594,6.84e-25
631.247596,7.03e-25
631.251179,6.19e-25
631.251181,6.03e-25
631.251184,5.87e-25
631.295004,8.15e-25
631.295006,7.72e-25
631.295009,7.93e-25
631.301104,7.02e-25
631.301107,6.83e-25
631.30111,6.6499999999999995e-25
631.341129,9.14e-25
631.34113,8.65e-25
631.341132,8.89e-25
631.349828,7.93e-25
631.349832,7.699999999999998e-25
631.349835,7.5e-25
631.385957,9.925e-25
631.38596,9.93e-25
631.39735,8.89e-25
631.397354,8.63e-25
631.397357,8.39e-25
631.42948,1.07e-24
631.429481,1.1399999999999999e-24
631.429483,1.11e-24
631.443669,9.92e-25
631.443673,9.63e-25
631.443677,9.35e-25
631.471689,1.18e-24
631.471692,1.26e-24
631.471693,1.22e-24
631.488787,1.0999999999999998e-24
631.488791,1.07e-24
631.488795,1.04e-24
631.510209,9.89e-24
631.510214,1.0399999999999998e-23
631.510222,1.1e-23
631.512577,1.2999999999999998e-24
631.51258,1.38e-24
631.512581,1.3399999999999999e-24
631.532704,1.22e-24
631.532709,1.18e-24
631.532713,1.15e-24
631.536865,3.75e-25
631.537457,3.57e-25
631.537941,3.29e-25
631.551371,1.963e-24
631.552132,1.42e-24
631.552137,1.485e-24
631.561319,3.29e-25
631.561803,3.58e-25
631.562394,3.55e-25
631.571168,1.06e-23
631.571176,9.705e-24
631.575423,1.3399999999999999e-24
631.575428,1.29e-24
631.575433,1.25e-24
631.590345,1.5299999999999999e-24
631.590351,1.58e-24
631.590352,1.64e-24
631.616946,1.4599999999999999e-24
631.616953,1.41e-24
631.616958,1.37e-24
631.625648,1.853e-24
631.627204,1.65e-24
631.627211,1.7e-24
631.627212,1.7599999999999998e-24
631.628801,2.44e-24
631.628831,2.38e-24
631.628834,2.33e-24
631.657279,1.58e-24
631.657287,1.5299999999999999e-24
631.657293,1.48e-24
631.662697,1.7599999999999998e-24
631.662704,1.82e-24
631.662707,1.8899999999999998e-24
631.662843,7.119999999999999e-24
631.662848,6.649999999999999e-24
631.662849,6.88e-24
631.663686,2.33e-24
631.663688,2.39e-24
631.663712,2.27e-24
631.696428,1.7e-24
631.696436,1.64e-24
631.696443,1.5899999999999999e-24
631.696808,1.86e-24
631.696817,1.93e-24
631.69682,2.01e-24
631.70962,6.92e-24
631.709622,6.68e-24
631.709624,6.45e-24
631.729523,1.97e-24
631.729533,2.04e-24
631.729537,2.12e-24
631.734399,1.82e-24
631.734408,1.75e-24
631.734416,1.69e-24
631.760823,2.06e-24
631.760834,2.14e-24
631.76084,2.23e-24
631.771202,1.93e-24
631.771212,1.86e-24
631.771221,1.79e-24
631.790687,2.13e-24
631.790699,2.22e-24
631.790706,2.32e-24
631.806849,2.04e-24
631.806861,1.96e-24
631.80687,1.88e-24
631.81909,2.19e-24
631.819104,2.2899999999999998e-24
631.819113,2.39e-24
631.822811,1.615e-24
631.841355,2.13e-24
631.841368,2.05e-24
631.841379,1.96e-24
631.846003,2.23e-24
631.846019,2.33e-24
631.84603,2.44e-24
631.871391,2.24e-24
631.871409,2.35e-24
631.871422,2.47e-24
631.87225,7.109e-25
631.874739,2.22e-24
631.874754,2.12e-24
631.874766,2.0299999999999998e-24
631.879869,1.56e-24
631.89521,2.23e-24
631.89523,2.34e-24
631.895246,2.46e-24
631.907024,2.2799999999999998e-24
631.907041,2.18e-24
631.907055,2.08e-24
631.915113,6.943000000000001e-25
631.917406,2.18e-24
631.91743,2.2899999999999998e-24
631.917449,2.4199999999999998e-24
631.93791,2.09e-24
631.937938,2.21e-24
631.93796,2.34e-24
631.938241,2.32e-24
631.93826,2.21e-24
631.938277,2.11e-24
631.956633,1.96e-24
631.956664,2.08e-24
631.956692,2.21e-24
631.968427,2.34e-24
631.968449,2.22e-24
631.968468,2.12e-24
631.973454,1.79e-24
631.973491,1.8999999999999998e-24
631.973523,2.0299999999999998e-24
631.988208,1.57e-24
631.988251,1.67e-24
631.98829,1.7799999999999994e-24
631.997632,2.33e-24
631.997657,2.21e-24
631.997679,2.09e-24
632.000659,1.28e-24
632.00071,1.37e-24
632.000758,1.48e-24
632.010455,9.29e-25
632.010517,9.97e-25
632.010575,1.09e-24
632.017043,5.06e-25
632.017118,5.49e-25
632.017191,5.99e-25
632.02592,2.2799999999999998e-24
632.025949,2.1499999999999998e-24
632.025973,2.04e-24
632.053375,2.19e-24
632.053408,2.06e-24
632.053437,1.95e-24
632.080113,2.06e-24
632.080152,1.93e-24
632.080186,1.82e-24
632.106295,1.88e-24
632.106342,1.75e-24
632.106381,1.65e-24
632.132153,1.65e-24
632.132208,1.5399999999999999e-24
632.132254,1.43e-24
632.158032,1.35e-24
632.158098,1.25e-24
632.158155,1.16e-24
632.184482,9.81e-25
632.184564,8.99e-25
632.184633,8.3e-25
632.212437,5.34e-25
632.212539,4.86e-25
632.212627,4.45e-25
632.378867,1.06e-23
632.378873,1.12e-23
632.378883,1.18e-23
632.414463,2.071e-24
632.425735,4.64e-25
632.426186,4.48e-25
632.42648,4.26e-25
632.441366,1.13e-23
632.441375,1.04e-23
632.450925,4.27e-25
632.451217,4.48e-25
632.451668,4.3799999999999995e-25
632.489003,1.946e-24
632.515527,2.87e-24
632.515556,2.7999999999999998e-24
632.515558,2.73e-24
632.541662,7.97e-24
632.541666,7.429999999999999e-24
632.541667,7.689999999999999e-24
632.55112,2.73e-24
632.551122,2.8099999999999998e-24
632.551144,2.6599999999999998e-24
632.589648,7.74e-24
632.589651,7.46e-24
632.589653,7.19e-24
632.696198,1.765e-24
632.754985,1.702e-24
632.763744,8.179000000000001e-25
632.807406,7.9799999999999985e-25
633.24637,1.13e-23
633.246376,1.2e-23
633.246388,1.27e-23
633.276737,2.18e-24
633.309202,5.71e-25
633.30956,5.54e-25
633.30975,5.35e-25
633.310358,1.21e-23
633.310367,1.0699999999999998e-23
633.310368,1.14e-23
633.33508,5.35e-25
633.335269,5.55e-25
633.335625,5.39e-25
633.350295,2.036e-24
633.401515,3.35e-24
633.401542,3.27e-24
633.401544,3.1799999999999998e-24
633.419433,8.87e-24
633.419436,8.249999999999999e-24
633.419437,8.549999999999999e-24
633.437849,3.1899999999999998e-24
633.43785,3.28e-24
633.43787,3.11e-24
633.468697,8.599999999999999e-24
633.468699,8.289999999999999e-24
633.468701,7.98e-24
633.568415,1.92e-24
633.629019,1.849e-24
633.653569,9.362e-25
633.698102,9.127e-25
634.112733,1.2e-23
634.11274,1.27e-23
634.112754,1.35e-23
634.138523,2.292e-24
634.178092,1.29e-23
634.178102,1.13e-23
634.178103,1.21e-23
634.196979,7.01e-25
634.197268,6.82e-25
634.197396,6.63e-25
634.208881,2.124e-24
634.223431,6.64e-25
634.223558,6.83e-25
634.223846,6.6e-25
634.286746,3.9e-24
634.286771,3.7999999999999995e-24
634.286773,3.7e-24
634.29614,9.84e-24
634.296142,9.12e-24
634.296143,9.47e-24
634.323857,3.71e-24
634.323858,3.81e-24
634.323876,3.61e-24
634.346752,9.53e-24
634.346755,9.16e-24
634.346757,8.809999999999999e-24
634.40099,1.06e-25
634.401498,1.03e-25
634.401753,1.01e-25
634.439445,2.0809999999999998e-24
634.471417,9.79e-26
634.471529,9.97e-26
634.471869,1.02e-25
634.501961,2e-24
634.541801,1.066e-24
634.576675,3.037e-25
634.587277,1.039e-24
634.621519,3.356e-25
634.640856,2.942e-25
634.664941,3.689e-25
634.687627,3.249e-25
634.706931,4.032e-25
634.733104,3.567e-25
634.74748,4.381e-25
634.777293,3.893e-25
634.786578,4.731e-25
634.8202,4.225e-25
634.824212,5.078e-25
634.86037,5.414e-25
634.861833,4.556e-25
634.895036,5.733e-25
634.902203,4.882e-25
634.928191,6.027e-25
634.94132,5.196e-25
634.959815,6.288000000000001e-25
634.977988,1.27e-23
634.977996,1.35e-23
634.978012,1.4399999999999997e-23
634.9792,5.492e-25
634.989883,6.507e-25
635.000444,2.409e-24
635.015859,5.763e-25
635.018366,6.674e-25
635.044493,1.37e-23
635.044503,1.19e-23
635.044505,1.28e-23
635.045226,6.778e-25
635.051319,5.9990000000000005e-25
635.063477,2.21e-24
635.070421,6.809e-25
635.081024,8.55e-25
635.081263,8.33e-25
635.081353,8.13e-25
635.085605,6.193e-25
635.093895,6.755e-25
635.108075,8.15e-25
635.108165,8.35e-25
635.108402,8.05e-25
635.115577,6.604000000000001e-25
635.118751,6.334e-25
635.135377,6.343e-25
635.150796,6.413e-25
635.153175,5.959000000000001e-25
635.168804,5.437e-25
635.171192,4.52e-24
635.171215,4.399999999999999e-24
635.171216,4.28e-24
635.171766,1.05e-23
635.171768,1.05e-23
635.181793,6.42e-25
635.182034,4.761e-25
635.192523,3.909e-25
635.209119,4.29e-24
635.20912,4.41e-24
635.209136,4.1699999999999996e-24
635.211809,6.344e-25
635.223803,1.05e-23
635.223807,1.01e-23
635.223808,9.69e-24
635.240931,6.175e-25
635.269277,5.901e-25
635.29701,5.511e-25
635.309273,2.244e-24
635.324358,4.992000000000001e-25
635.35166,4.333000000000001e-25
635.373801,2.154e-24
635.379439,3.52e-25
635.428496,1.209e-24
635.474989,1.176e-24
635.600252,3.1230000000000003e-25
635.632234,3.058e-25
635.84219,1.3299999999999998e-23
635.842199,1.43e-23
635.842217,1.53e-23
635.863771,2.5359999999999998e-24
635.909444,1.4499999999999998e-23
635.909454,1.25e-23
635.909456,1.35e-23
635.911155,2.292e-24
635.967829,1.04e-24
635.968029,1.02e-24
635.968095,9.9e-25
635.99543,9.92e-25
635.995495,1.02e-24
635.995693,9.77e-25
636.046293,1.1e-23
636.046294,1.2e-23
636.046295,1.15e-23
636.054833,5.199999999999999e-24
636.054854,5.0599999999999996e-24
636.054855,4.93e-24
636.093617,4.94e-24
636.093618,5.0799999999999996e-24
636.093633,4.8e-24
636.099838,1.16e-23
636.099842,1.11e-23
636.099843,1.06e-23
636.177889,2.411e-24
636.244523,2.309e-24
636.3137,1.364e-24
636.361287,1.326e-24
636.486062,3.71e-25
636.51871,3.631e-25
636.705438,1.4000000000000002e-23
636.705447,1.5099999999999998e-23
636.705468,1.62e-23
636.772757,1.53e-23
636.772766,1.3e-23
636.77277,1.41e-23
636.852044,1.26e-24
636.852214,1.23e-24
636.852263,1.2e-24
636.880231,1.2099999999999999e-24
636.880279,1.23e-24
636.880447,1.18e-24
636.919707,1.2e-23
636.91971,1.2849999999999999e-23
636.937643,5.9699999999999996e-24
636.937663,5.8e-24
636.937664,5.64e-24
636.974844,1.27e-23
636.974849,1.21e-23
636.97485,1.16e-23
636.97733,5.74e-24
636.977344,5.4899999999999995e-24
637.045282,2.579e-24
637.114114,2.465e-24
637.17745,1.02e-25
637.177723,9.72e-26
637.177942,9.76e-26
637.193829,9.76e-26
637.194049,9.72e-26
637.194365,9.64e-26
637.19745,1.5309999999999999e-24
637.246211,1.487e-24
637.349131,1.39e-25
637.349688,1.35e-25
637.349907,1.32e-25
637.372099,4.387e-25
637.405428,4.292e-25
637.419491,1.29e-25
637.419508,1.32e-25
637.41977,1.3399999999999999e-25
637.5679,1.4599999999999998e-23
637.567909,1.5799999999999998e-23
637.567932,1.7099999999999998e-23
637.570285,1.03e-25
637.570497,1.03e-25
637.631761,1.12e-25
637.631938,1.12e-25
637.634113,1.61e-23
637.634118,1.35e-23
637.634125,1.48e-23
637.737926,1.52e-24
637.738073,1.48e-24
637.73811,1.45e-24
637.766679,1.45e-24
637.766715,1.49e-24
637.766859,1.42e-24
637.775165,1.3e-25
637.775562,1.24e-25
637.775865,1.22e-25
637.791993,1.31e-23
637.791996,1.37e-23
637.791997,1.43e-23
637.794261,1.23e-25
637.794565,1.24e-25
637.794967,1.23e-25
637.819602,6.83e-24
637.81962,6.63e-24
637.819621,6.43e-24
637.830589,1.09e-25
637.830605,1.07e-25
637.830606,1.05e-25
637.848812,1.3799999999999998e-23
637.848817,1.32e-23
637.848818,1.26e-23
637.860238,6.5499999999999995e-24
637.860251,6.26e-24
637.86943,1.05e-25
637.869431,1.07e-25
637.869439,1.03e-25
637.896642,1.33e-25
637.896657,1.31e-25
637.896658,1.28e-25
637.911448,2.748e-24
637.936009,1.28e-25
637.93601,1.31e-25
637.936017,1.26e-25
637.961567,1.61e-25
637.961582,1.58e-25
637.961583,1.55e-25
637.98255,2.619e-24
638.001489,1.565e-25
638.001496,1.52e-25
638.025356,1.94e-25
638.02537,1.9e-25
638.025371,1.86e-25
638.065861,1.86e-25
638.065862,1.9e-25
638.065868,1.83e-25
638.079773,1.711e-24
638.088001,2.33e-25
638.088014,2.29e-25
638.088015,2.24e-25
638.129121,2.265e-25
638.129127,2.1899999999999998e-25
638.129791,1.66e-24
638.149493,2.79e-25
638.149505,2.74e-25
638.149506,2.6799999999999998e-25
638.191261,2.7099999999999997e-25
638.191267,2.62e-25
638.209824,3.3299999999999998e-25
638.209836,3.26e-25
638.209837,3.19e-25
638.252275,3.225e-25
638.25228,3.12e-25
638.257049,5.165e-25
638.268987,3.95e-25
638.268998,3.86e-25
638.268999,3.78e-25
638.291098,5.051e-25
638.312157,3.82e-25
638.312163,3.7e-25
638.326973,4.66e-25
638.326984,4.51e-25
638.370903,4.51e-25
638.370908,4.36e-25
638.383775,5.47e-25
638.383785,5.285e-25
638.428506,5.28e-25
638.428511,5.099999999999998e-25
638.429879,1.5199999999999998e-23
638.429886,1.66e-23
638.429913,1.81e-23
638.432214,1.27e-25
638.432448,1.27e-25
638.439384,6.39e-25
638.439394,6.18e-25
638.484961,6.175e-25
638.484966,5.96e-25
638.490644,1.4e-25
638.490824,1.4e-25
638.492929,1.4000000000000002e-23
638.492932,1.68e-23
638.49294,1.54e-23
638.493792,7.44e-25
638.493801,7.185e-25
638.540263,7.27e-25
638.540264,7.09e-25
638.540268,6.93e-25
638.546992,8.61e-25
638.547,8.31e-25
638.594408,8.4e-25
638.594409,8.21e-25
638.594413,8.01e-25
638.598974,9.93e-25
638.598982,9.449999999999999e-25
638.598983,9.68e-25
638.621977,1.81e-24
638.622104,1.7699999999999998e-24
638.622133,1.73e-24
638.647392,9.68e-25
638.647393,9.439999999999999e-25
638.647397,9.21e-25
638.649732,1.1399999999999999e-24
638.649739,1.09e-24
638.64974,1.11e-24
638.651332,1.73e-24
638.65136,1.7699999999999998e-24
638.651484,1.7e-24
638.663135,1.41e-23
638.663139,1.48e-23
638.663142,1.55e-23
638.69921,1.11e-24
638.699211,1.0799999999999999e-24
638.699216,1.06e-24
638.699257,1.2999999999999998e-24
638.699263,1.24e-24
638.699264,1.2699999999999999e-24
638.700686,7.769999999999999e-24
638.700702,7.53e-24
638.700703,7.299999999999999e-24
638.721728,1.49e-23
638.721734,1.42e-23
638.721735,1.35e-23
638.742323,7.45e-24
638.742335,7.1e-24
638.74754,1.48e-24
638.747546,1.3999999999999999e-24
638.747547,1.44e-24
638.749859,1.2699999999999999e-24
638.749861,1.24e-24
638.749865,1.2e-24
638.776385,2.916e-24
638.794573,1.67e-24
638.794578,1.58e-24
638.79458,1.63e-24
638.799336,1.44e-24
638.799338,1.3999999999999999e-24
638.799342,1.36e-24
638.840348,1.87e-24
638.840352,1.7699999999999998e-24
638.840354,1.82e-24
638.847638,1.63e-24
638.847641,1.58e-24
638.847645,1.5399999999999999e-24
638.849804,2.772e-24
638.869213,1.65e-25
638.869666,1.56e-25
638.870105,1.52e-25
638.884855,2.09e-24
638.884858,1.97e-24
638.88486,2.0299999999999998e-24
638.886345,1.52e-25
638.886785,1.56e-25
638.887274,1.57e-25
638.894763,1.82e-24
638.894766,1.7599999999999998e-24
638.89477,1.71e-24
638.928085,2.33e-24
638.928087,2.19e-24
638.928089,2.26e-24
638.94071,2.0299999999999998e-24
638.940713,1.97e-24
638.940717,1.91e-24
638.960691,1.903e-24
638.970028,2.58e-24
638.970029,2.4199999999999998e-24
638.970032,2.5e-24
638.985477,2.26e-24
638.98548,2.19e-24
638.985485,2.12e-24
639.010675,2.7449999999999998e-24
639.010679,2.75e-24
639.012054,1.844e-24
639.029064,2.5e-24
639.029068,2.4199999999999998e-24
639.029073,2.34e-24
639.050014,2.91e-24
639.050015,3.1e-24
639.050018,3e-24
639.071471,2.74e-24
639.071476,2.65e-24
639.071481,2.57e-24
639.088034,3.16e-24
639.088037,3.37e-24
639.088039,3.26e-24
639.112701,3e-24
639.112707,2.9e-24
639.112712,2.7999999999999998e-24
639.124723,3.4099999999999995e-24
639.124728,3.6499999999999996e-24
639.124729,3.5199999999999996e-24
639.141879,6.054e-25
639.152756,3.26e-24
639.152762,3.15e-24
639.152768,3.04e-24
639.160068,3.6499999999999996e-24
639.160075,3.85e-24
639.176674,5.916000000000001e-25
639.19164,3.5199999999999996e-24
639.191647,3.3899999999999996e-24
639.191654,3.28e-24
639.194056,3.89e-24
639.194063,4.03e-24
639.194064,4.1899999999999995e-24
639.226668,4.11e-24
639.226677,4.27e-24
639.226679,4.44e-24
639.229359,3.7799999999999996e-24
639.229367,3.64e-24
639.229374,3.51e-24
639.257888,4.31e-24
639.257898,4.49e-24
639.257901,4.68e-24
639.26592,4.03e-24
639.265929,3.87e-24
639.265937,3.73e-24
639.287696,4.49e-24
639.287706,4.68e-24
639.287711,4.89e-24
639.291939,1.5799999999999998e-23
639.291943,1.74e-23
639.291971,1.91e-23
639.294208,1.5999999999999998e-25
639.294466,1.61e-25
639.301332,4.26e-24
639.301342,4.09e-24
639.301351,3.9299999999999995e-24
639.316066,4.64e-24
639.316078,4.8399999999999995e-24
639.316084,5.05e-24
639.335609,4.48e-24
639.33562,4.29e-24
639.335631,4.12e-24
639.342971,4.75e-24
639.342985,4.9699999999999995e-24
639.342993,5.1899999999999996e-24
639.345872,1.77e-25
639.346048,1.77e-25
639.348052,1.43e-23
639.348071,1.7699999999999998e-23
639.348072,1.6000000000000002e-23
639.368379,4.81e-24
639.368395,5.03e-24
639.368405,5.29e-24
639.368766,4.67e-24
639.368779,4.47e-24
639.368791,4.28e-24
639.392249,4.8199999999999996e-24
639.392267,5.05e-24
639.392279,5.3199999999999996e-24
639.400824,4.83e-24
639.400839,4.61e-24
639.400852,4.41e-24
639.414531,4.77e-24
639.414552,5.01e-24
639.414567,5.29e-24
639.431809,4.9499999999999996e-24
639.431826,4.7099999999999995e-24
639.43184,4.5e-24
639.435164,4.64e-24
639.435188,4.899999999999999e-24
639.435207,5.18e-24
639.438522,1.01e-25
639.438568,1.07e-25
639.454069,4.44e-24
639.454096,4.7099999999999995e-24
639.454119,5e-24
639.461753,5.01e-24
639.461773,4.77e-24
639.461789,4.54e-24
639.47114,4.16e-24
639.471172,4.42e-24
639.471199,4.7099999999999995e-24
639.486236,3.77e-24
639.486273,4.02e-24
639.486306,4.31e-24
639.490701,5.03e-24
639.490723,4.77e-24
639.490741,4.53e-24
639.499159,3.28e-24
639.499204,3.5199999999999996e-24
639.499244,3.79e-24
639.50693,2.17e-24
639.507042,2.12e-24
639.507064,2.07e-24
639.509624,2.6699999999999998e-24
639.509678,2.88e-24
639.509727,3.12e-24
639.517193,1.93e-24
639.517258,2.1e-24
639.51732,2.2899999999999998e-24
639.518706,4.99e-24
639.518731,4.7099999999999995e-24
639.518753,4.46e-24
639.521157,1.06e-24
639.521238,1.16e-24
639.521317,1.2699999999999999e-24
639.5325,2.07e-25
639.53312,1.5199999999999998e-23
639.533124,1.6000000000000002e-23
639.533129,1.67e-23
639.53315,1.93e-25
639.533839,1.79e-25
639.536886,2.07e-24
639.536907,2.12e-24
639.537015,2.0199999999999998e-24
639.545843,4.87e-24
639.545873,4.59e-24
639.545898,4.33e-24
639.551595,1.79e-25
639.552285,1.93e-25
639.552941,1.97e-25
639.57221,4.67e-24
639.572245,4.38e-24
639.572274,4.12e-24
639.580873,8.79e-24
639.580888,8.385e-24
639.59358,1.61e-23
639.593587,1.53e-23
639.593588,1.4499999999999998e-23
639.597944,4.38e-24
639.597985,4.08e-24
639.598019,3.83e-24
639.623235,3.98e-24
639.623283,3.69e-24
639.623324,3.45e-24
639.623566,8.549999999999999e-24
639.623567,8.289999999999999e-24
639.623577,8.02e-24
639.640102,3.084e-24
639.643171,1.04e-25
639.643247,9.79e-26
639.648365,3.47e-24
639.648423,3.1999999999999998e-24
639.648472,2.97e-24
639.673764,2.83e-24
639.673835,2.59e-24
639.673895,2.39e-24
639.700134,2.05e-24
639.700223,1.86e-24
639.700298,1.71e-24
639.715832,2.921e-24
639.728721,1.12e-24
639.728835,1.0099999999999999e-24
639.728931,9.12e-25
639.840218,2.107e-24
639.893021,2.039e-24
640.025777,7.063e-25
640.061357,6.898000000000001e-25
640.155204,1.82e-23
640.155207,1.6499999999999998e-23
640.155231,2.03e-23
640.157384,2.05e-25
640.157668,2.05e-25
640.187672,1.76e-25
640.188304,1.69e-25
640.188475,1.67e-25
640.194931,2.3e-25
640.195092,2.3e-25
640.196954,1.47e-23
640.196989,1.6499999999999998e-23
640.197003,1.85e-23
640.25653,1.67e-25
640.25659,1.64e-25
640.256732,1.69e-25
640.270646,1.19e-25
640.270698,1.26e-25
640.270737,1.33e-25
640.390539,2.58e-24
640.390638,2.52e-24
640.390656,2.46e-24
640.401935,1.6299999999999997e-23
640.40194,1.7099999999999998e-23
640.401946,1.8e-23
640.421131,2.46e-24
640.421147,2.52e-24
640.421242,2.4e-24
640.457631,1.29e-25
640.457695,1.22e-25
640.457756,1.15e-25
640.46014,9.91e-24
640.460153,9.59e-24
640.460154,9.28e-24
640.464355,1.7199999999999998e-23
640.464363,1.595e-23
640.502623,3.2489999999999998e-24
640.50395,9.64e-24
640.503952,9.31e-24
640.503961,9e-24
640.542188,1.05e-25
640.546481,1.15e-25
640.551203,1.26e-25
640.573346,2.62e-25
640.574181,2.38e-25
640.575278,2.02e-25
640.580566,3.066e-24
640.590554,2.02e-25
640.591652,2.38e-25
640.592519,2.48e-25
640.718365,2.321e-24
640.772709,2.244e-24
640.909311,8.204000000000001e-25
640.94571,8.007e-25
641.10017,1.41e-25
641.100215,1.49e-25
641.100247,1.56e-25
641.26957,1.73e-23
641.269576,1.82e-23
641.269584,1.93e-23
641.272236,1.53e-25
641.272291,1.45e-25
641.272344,1.37e-25
641.274519,3.0499999999999998e-24
641.274606,2.98e-24
641.274621,2.91e-24
641.284951,1.23e-25
641.288584,3.28e-25
641.289849,2.8e-25
641.291659,1.9899999999999999e-25
641.305756,2.91e-24
641.305769,2.98e-24
641.305853,2.84e-24
641.306645,1.9899999999999999e-25
641.308457,2.8e-25
641.309726,3.11e-25
641.313354,1.24e-25
641.334034,1.84e-23
641.334044,1.6949999999999997e-23
641.338466,1.12e-23
641.338478,1.06e-23
641.363994,3.413e-24
641.383458,1.08e-23
641.38346,1.05e-23
641.383468,1.01e-23
641.443893,3.206e-24
641.569283,1.48e-25
641.573358,1.63e-25
641.577895,1.82e-25
641.595139,2.546e-24
641.651131,2.458e-24
641.791987,9.485e-25
641.829248,9.252e-25
641.927284,1.61e-25
641.927323,1.68e-25
641.927351,1.77e-25
642.086628,1.72e-25
642.086675,1.65e-25
642.086721,1.56e-25
642.136017,1.84e-23
642.136023,1.94e-23
642.136034,2.06e-23
642.157452,3.599999999999999e-24
642.15753,3.51e-24
642.157541,3.42e-24
642.18937,3.4299999999999995e-24
642.189381,3.5199999999999996e-24
642.189455,3.34e-24
642.202599,1.97e-23
642.202609,1.7950000000000002e-23
642.21583,1.25e-23
642.21584,1.18e-23
642.224309,3.576e-24
642.262074,1.21e-23
642.262076,1.1699999999999998e-23
642.262083,1.12e-23
642.285084,2.12e-25
642.28787,4.11e-25
642.289732,3.13e-25
642.292427,1.9e-25
642.303552,1.9e-25
642.305623,3.34e-24
642.306247,3.13e-25
642.308135,3.88e-25
642.310895,2.13e-25
642.470542,2.779e-24
642.481144,2.934e-25
642.528298,2.679e-24
642.532416,3.347e-25
642.582393,3.8e-25
642.584094,3.257e-25
642.631067,4.293e-25
642.635385,3.695e-25
642.674125,1.092e-24
642.678432,4.825e-25
642.685447,4.171e-25
642.712289,1.064e-24
642.724478,5.396e-25
642.734279,4.6840000000000005e-25
642.752174,1.78e-25
642.752208,1.86e-25
642.75223,1.95e-25
642.769197,6.002e-25
642.781882,5.233e-25
642.812581,6.6410000000000005e-25
642.828254,5.815e-25
642.85462,7.308e-25
642.873396,6.427e-25
642.895305,7.997e-25
642.900546,1.9e-25
642.900586,1.81e-25
642.900626,1.72e-25
642.917155,2.17e-25
642.917311,7.064e-25
642.917911,2.06e-25
642.918007,2.03e-25
642.934623,8.701e-25
642.960001,7.721e-25
642.972563,9.413e-25
642.984295,2.02e-25
642.984415,2.05e-25
642.984452,2e-25
643.001274,1.94e-23
643.001282,2.06e-23
643.001294,2.19e-23
643.001469,8.39e-25
643.009114,1.012e-24
643.04023,1.87e-25
643.040384,4.22e-24
643.040454,4.11e-24
643.040463,4.01e-24
643.041655,3.28e-25
643.04172,9.063e-25
643.043853,5.09e-25
643.044259,1.082e-24
643.046871,3.03e-25
643.050467,1.72e-25
643.05914,1.72e-25
643.062737,3.03e-25
643.065759,4.82e-25
643.067952,3.29e-25
643.069379,1.87e-25
643.070019,2.09e-23
643.07003,1.895e-23
643.073004,4.02e-24
643.073013,4.13e-24
643.073078,3.92e-24
643.077983,1.148e-24
643.08076,9.73e-25
643.083741,3.739e-24
643.092209,1.3899999999999998e-23
643.092217,1.29e-23
643.092218,1.34e-23
643.110269,1.211e-24
643.118597,1.038e-24
643.139781,1.34e-23
643.139783,1.29e-23
643.13979,1.25e-23
643.141095,1.2669999999999999e-24
643.155242,1.0999999999999998e-24
643.165403,3.468e-24
643.170439,1.317e-24
643.190707,1.158e-24
643.198272,1.357e-24
643.224561,1.386e-24
643.225009,1.209e-24
643.249267,1.402e-24
643.258169,1.253e-24
643.27234,1.403e-24
643.290212,1.288e-24
643.293721,1.386e-24
643.313331,1.351e-24
643.321172,1.312e-24
643.331069,1.293e-24
643.344575,3.02e-24
643.346799,1.211e-24
643.351091,1.322e-24
643.360335,1.102e-24
643.371411,9.631e-25
643.379626,7.898000000000001e-25
643.380024,1.318e-24
643.38435,5.772e-25
643.384509,3.178e-25
643.404219,2.907e-24
643.408043,1.297e-24
643.435243,1.257e-24
643.461754,1.197e-24
643.487759,1.113e-24
643.513518,1.005e-24
643.539428,8.694000000000001e-25
643.555426,1.251e-24
643.566114,7.04e-25
643.574976,1.92e-25
643.575006,2.01e-25
643.575025,2.1e-25
643.594553,1.218e-24
643.594647,5.061e-25
643.713796,2.05e-25
643.713831,1.96e-25
643.713867,1.87e-25
643.809449,1.14e-25
643.809538,1.22e-25
643.809609,1.31e-25
643.865347,2.04e-23
643.865355,2.18e-23
643.86537,2.3300000000000002e-23
643.922438,4.93e-24
643.922502,4.8e-24
643.922509,4.68e-24
643.933739,9.79e-26
643.933901,9.79e-26
643.936253,2.21e-23
643.936266,1.99e-23
643.942621,3.9059999999999996e-24
643.955798,4.6899999999999996e-24
643.955804,4.8199999999999996e-24
643.955863,4.57e-24
643.967582,1.54e-23
643.967589,1.42e-23
643.96759,1.48e-23
644.00831,3.3e-25
644.009039,4.37e-25
644.011019,6.31e-25
644.015616,2.77e-25
644.016565,1.49e-23
644.016568,1.43e-23
644.016574,1.37e-23
644.019787,1.82e-25
644.02255,3.59e-24
644.023583,1.82e-25
644.027755,2.77e-25
644.032372,5.96e-25
644.03433,4.3799999999999995e-25
644.035061,3.31e-25
644.065348,1.28e-25
644.065464,1.19e-25
644.065573,1.11e-25
644.217235,3.267e-24
644.278902,3.139e-24
644.395797,2.04e-25
644.395824,2.13e-25
644.395839,2.22e-25
644.436058,1.427e-24
644.47615,1.389e-24
644.526231,2.16e-25
644.526262,2.07e-25
644.526293,1.98e-25
644.649569,1.69e-25
644.649643,1.81e-25
644.6497,1.93e-25
644.728255,2.1400000000000003e-23
644.728264,2.3e-23
644.728282,2.4600000000000002e-23
644.73075,1.11e-25
644.730918,1.11e-25
644.796493,5.02e-25
644.796791,5.66e-25
644.798608,7.78e-25
644.798747,1.19e-25
644.798919,1.19e-25
644.801238,2.3300000000000002e-23
644.801251,2.0100000000000003e-23
644.801252,2.16e-23
644.801617,4.082e-24
644.804232,5.72e-24
644.804289,5.57e-24
644.804295,5.42e-24
644.805365,2.44e-25
644.809867,1.96e-25
644.810078,1.95e-25
644.814582,2.44e-25
644.821343,7.3299999999999985e-25
644.823155,5.67e-25
644.823454,5.0299999999999995e-25
644.838359,5.43e-24
644.838364,5.59e-24
644.838416,5.29e-24
644.841929,1.68e-23
644.841934,1.56e-23
644.841936,1.6299999999999997e-23
644.875584,3.706e-24
644.877548,1.88e-25
644.877642,1.76e-25
644.877733,1.65e-25
644.892412,1.6399999999999998e-23
644.892415,1.5699999999999997e-23
644.89242,1.5099999999999998e-23
645.088519,3.517e-24
645.152351,3.373e-24
645.214719,2.12e-25
645.214742,2.21e-25
645.214755,2.3e-25
645.315843,1.619e-24
645.337735,2.24e-25
645.337762,2.15e-25
645.33779,2.06e-25
645.357001,1.575e-24
645.485978,2.27e-25
645.48604,2.42e-25
645.486086,2.57e-25
645.539084,2.57e-25
645.540031,2.38e-25
645.540074,2.37e-25
645.59004,2.24e-23
645.59005,2.41e-23
645.590071,2.6e-23
645.592512,1.35e-25
645.592698,1.35e-25
645.604561,2.36e-25
645.604582,2.37e-25
645.604884,2.36e-25
645.627125,3.033e-25
645.654025,2.9720000000000003e-25
645.66219,4.279e-24
645.66241,1.45e-25
645.662592,1.45e-25
645.664872,2.45e-23
645.664885,2.08e-23
645.664887,2.26e-23
645.68523,6.63e-24
645.685282,6.44e-24
645.685287,6.2699999999999995e-24
645.691501,2.5e-25
645.691579,2.35e-25
645.691654,2.2e-25
645.715227,1.85e-23
645.715231,1.7e-23
645.715233,1.7699999999999998e-23
645.720165,6.28e-24
645.720169,6.459999999999999e-24
645.720217,6.11e-24
645.720815,3.813e-24
645.739303,6.73e-25
645.739345,6.67e-25
645.741224,9.54e-25
645.750004,2.62e-25
645.7503,2.49e-25
645.754578,2.49e-25
645.754873,2.62e-25
645.763671,8.98e-25
645.765533,6.6799999999999985e-25
645.765574,6.74e-25
645.767308,1.7799999999999998e-23
645.767312,1.7099999999999998e-23
645.767316,1.6499999999999998e-23
645.819217,1.12e-25
645.819247,1.11e-25
645.819249,1.09e-25
645.854702,1.09e-25
645.854704,1.11e-25
645.854726,1.07e-25
645.886677,1.39e-25
645.886704,1.36e-25
645.886707,1.3399999999999999e-25
645.922617,1.3399999999999999e-25
645.922619,1.36e-25
645.922639,1.32e-25
645.953123,1.7e-25
645.953149,1.67e-25
645.953151,1.65e-25
645.958419,3.77e-24
645.98954,1.65e-25
645.989542,1.67e-25
645.98956,1.62e-25
646.018545,2.08e-25
646.01857,2.04e-25
646.018572,2e-25
646.024571,3.608e-24
646.031805,2.17e-25
646.031825,2.26e-25
646.031836,2.35e-25
646.055462,2e-25
646.055464,2.04e-25
646.055481,1.96e-25
646.082932,2.54e-25
646.082955,2.49e-25
646.082957,2.44e-25
646.120374,2.44e-25
646.120375,2.49e-25
646.120391,2.39e-25
646.146273,3.08e-25
646.146295,3.02e-25
646.146296,2.96e-25
646.148218,2.29e-25
646.148242,2.2e-25
646.148266,2.11e-25
646.184264,2.96e-25
646.184265,3.02e-25
646.18428,2.9e-25
646.194858,1.83e-24
646.208556,3.72e-25
646.208577,3.6499999999999998e-25
646.208578,3.58e-25
646.237134,1.778e-24
646.247125,3.57e-25
646.247126,3.6499999999999998e-25
646.247139,3.5e-25
646.269772,4.47e-25
646.269792,4.3799999999999995e-25
646.269793,4.3e-25
646.308946,4.29e-25
646.308947,4.3799999999999995e-25
646.308959,4.21e-25
646.319252,2.8399999999999998e-25
646.319305,3.01e-25
646.319342,3.19e-25
646.329909,5.34e-25
646.329928,5.23e-25
646.329929,5.13e-25
646.369719,5.12e-25
646.36972,5.23e-25
646.369732,5.02e-25
646.388957,6.37e-25
646.388975,6.24e-25
646.388976,6.11e-25
646.429435,6.099999999999999e-25
646.429436,6.24e-25
646.429447,5.97e-25
646.446905,7.56e-25
646.446922,7.399999999999998e-25
646.446923,7.24e-25
646.450784,2.3300000000000002e-23
646.450794,2.5300000000000003e-23
646.450819,2.74e-23
646.453227,1.64e-25
646.453434,1.65e-25
646.474581,3.634e-25
646.488086,7.3099999999999995e-25
646.488097,7.08e-25
646.502414,3.559e-25
646.503743,8.91e-25
646.503759,8.72e-25
646.50376,8.53e-25
646.506328,3.11e-25
646.506393,2.92e-25
646.506456,2.75e-25
646.524556,1.78e-25
646.524748,1.78e-25
646.52698,2.57e-23
646.526993,2.15e-23
646.526996,2.35e-23
646.545663,8.62e-25
646.545673,8.34e-25
646.551007,7.959999999999999e-25
646.551301,8.51e-25
646.55303,1.17e-24
646.55946,1.05e-24
646.559475,1.03e-24
646.559476,1.0099999999999999e-24
646.560395,3.45e-25
646.564732,2.67e-25
646.564955,2.66e-25
646.565781,7.639999999999999e-24
646.565828,7.42e-24
646.565833,7.209999999999999e-24
646.569291,3.46e-25
646.576661,1.0999999999999998e-24
646.578386,8.52e-25
646.578679,7.9799999999999985e-25
646.587457,2.02e-23
646.587459,1.85e-23
646.587461,1.94e-23
646.601561,7.23e-24
646.601564,7.44e-24
646.601607,7.02e-24
646.602159,1.0135e-24
646.602168,9.78e-25
646.614046,1.23e-24
646.614061,1.185e-24
646.64124,1.95e-23
646.641244,1.86e-23
646.641249,1.7799999999999998e-23
646.657566,1.185e-24
646.657575,1.15e-24
646.667491,1.43e-24
646.667505,1.385e-24
646.711876,1.38e-24
646.711884,1.3299999999999999e-24
646.719785,1.66e-24
646.719798,1.5999999999999999e-24
646.765082,1.62e-24
646.765083,1.58e-24
646.765091,1.5399999999999999e-24
646.770917,1.8999999999999998e-24
646.770929,1.83e-24
646.817179,1.85e-24
646.81718,1.81e-24
646.817187,1.7599999999999998e-24
646.820877,2.18e-24
646.820888,2.1e-24
646.826929,4.0239999999999996e-24
646.847105,2.2e-25
646.847124,2.28e-25
646.847133,2.37e-25
646.868159,2.13e-24
646.86816,2.07e-24
646.868167,2.0199999999999998e-24
646.869654,2.49e-24
646.869665,2.4e-24
646.895562,3.842e-24
646.917239,2.83e-24
646.917249,2.7249999999999998e-24
646.918017,2.43e-24
646.918018,2.36e-24
646.918025,2.3e-24
646.957607,2.31e-25
646.957628,2.22e-25
646.95765,2.14e-25
646.963621,3.1999999999999998e-24
646.96363,3.03e-24
646.963631,3.12e-24
646.966748,2.76e-24
646.966749,2.6799999999999998e-24
646.966756,2.61e-24
647.008789,3.61e-24
647.008797,3.4099999999999995e-24
647.008798,3.5e-24
647.014345,3.12e-24
647.014347,3.03e-24
647.014354,2.9499999999999997e-24
647.052733,4.0399999999999996e-24
647.05274,3.81e-24
647.052742,3.92e-24
647.060806,3.5e-24
647.060808,3.4e-24
647.060815,3.31e-24
647.072994,2.058e-24
647.095442,4.49e-24
647.095448,4.24e-24
647.09545,4.36e-24
647.106126,3.92e-24
647.106128,3.7999999999999995e-24
647.106135,3.69e-24
647.116451,1.999e-24
647.136905,4.98e-24
647.13691,4.68e-24
647.136912,4.83e-24
647.149785,3.38e-25
647.14983,3.57e-25
647.149861,3.77e-25
647.150302,4.36e-24
647.150305,4.23e-24
647.150311,4.1e-24
647.17711,5.4699999999999996e-24
647.177113,5.14e-24
647.177116,5.3e-24
647.193332,4.8199999999999996e-24
647.193335,4.67e-24
647.193341,4.53e-24
647.216045,6e-24
647.216047,5.6199999999999995e-24
647.21605,5.8e-24
647.235213,5.3e-24
647.235217,5.13e-24
647.235223,4.9699999999999995e-24
647.253697,6.54e-24
647.253698,6.11e-24
647.253702,6.32e-24
647.255897,9.64e-26
647.260961,1.04e-25
647.275946,5.8e-24
647.27595,5.5999999999999996e-24
647.275957,5.42e-24
647.290054,6.844999999999999e-24
647.290058,6.83e-24
647.31064,2.42e-23
647.310651,2.64e-23
647.31068,2.8799999999999995e-23
647.313046,2.02e-25
647.313277,2.02e-25
647.315531,6.31e-24
647.315536,6.09e-24
647.315543,5.89e-24
647.321445,3.67e-25
647.3215,3.46e-25
647.321554,3.27e-25
647.325099,7.09e-24
647.325101,7.62e-24
647.325104,7.35e-24
647.353969,6.83e-24
647.353974,6.58e-24
647.353982,6.35e-24
647.358819,7.57e-24
647.358823,8.159999999999999e-24
647.358825,7.85e-24
647.374237,4.339000000000001e-25
647.384875,2.22e-25
647.385075,2.22e-25
647.387249,2.69e-23
647.387258,2.22e-23
647.387265,2.44e-23
647.391197,8.029999999999999e-24
647.391203,8.66e-24
647.391204,8.33e-24
647.391263,7.339999999999999e-24
647.39127,7.07e-24
647.391278,6.81e-24
647.402377,4.247e-25
647.422215,8.44e-24
647.422223,8.78e-24
647.422224,9.15e-24
647.42742,7.84e-24
647.427427,7.54e-24
647.427436,7.26e-24
647.445564,8.75e-24
647.445607,8.5e-24
647.44561,8.26e-24
647.451853,8.82e-24
647.451862,9.19e-24
647.451863,9.59e-24
647.458596,2.0100000000000003e-23
647.458597,2.2e-23
647.458599,2.1e-23
647.462445,8.32e-24
647.462453,7.989999999999999e-24
647.462462,7.68e-24
647.474543,8.09e-25
647.475277,1.0099999999999999e-24
647.477089,1.42e-24
647.480086,9.15e-24
647.480096,9.55e-24
647.4801,9.97e-24
647.482092,5.78e-25
647.482234,8.28e-24
647.482237,8.52e-24
647.482275,8.04e-24
647.486354,3.48e-25
647.491373,3.4899999999999998e-25
647.495633,5.79e-25
647.496348,8.76e-24
647.496358,8.39e-24
647.496368,8.07e-24
647.500651,1.3299999999999999e-24
647.502449,1.0099999999999999e-24
647.503182,8.11e-25
647.506888,9.41e-24
647.5069,9.83e-24
647.506905,1.03e-23
647.514197,2.12e-23
647.514202,2.02e-23
647.514206,1.93e-23
647.529142,9.17e-24
647.529154,8.769999999999999e-24
647.529164,8.4e-24
647.532228,9.58e-24
647.532242,1.01e-23
647.532249,1.06e-23
647.556069,9.67e-24
647.556084,1.02e-23
647.556093,1.0699999999999998e-23
647.560845,9.52e-24
647.560857,9.09e-24
647.560869,8.69e-24
647.578364,9.64e-24
647.578382,1.02e-23
647.578394,1.08e-23
647.591477,9.81e-24
647.591491,9.34e-24
647.591505,8.91e-24
647.599058,9.5e-24
647.599079,1.01e-23
647.599093,1.0699999999999998e-23
647.618081,9.22e-24
647.618105,9.76e-24
647.618122,1.0399999999999998e-23
647.621066,9.97e-24
647.621083,9.5e-24
647.621098,9.05e-24
647.63534,8.78e-24
647.635367,9.34e-24
647.63539,9.96e-24
647.64965,1.01e-23
647.649669,9.58e-24
647.649686,9.099999999999998e-24
647.650714,8.19e-24
647.650746,8.729999999999999e-24
647.650774,9.36e-24
647.660661,2.1899999999999998e-25
647.660678,2.27e-25
647.660685,2.36e-25
647.664037,7.41e-24
647.664076,7.94e-24
647.664109,8.549999999999999e-24
647.675074,6.43e-24
647.675121,6.93e-24
647.675162,7.509999999999999e-24
647.677275,1.01e-23
647.677297,9.54e-24
647.677317,9.04e-24
647.683477,5.22e-24
647.683534,5.66e-24
647.683586,6.18e-24
647.688703,3.7799999999999996e-24
647.688773,4.13e-24
647.688839,4.55e-24
647.689839,2.05e-24
647.689927,2.26e-24
647.690014,2.52e-24
647.694042,4.275e-24
647.704004,9.97e-24
647.70403,9.38e-24
647.704053,8.859999999999999e-24
647.729922,9.7e-24
647.729952,9.09e-24
647.729978,8.549999999999999e-24
647.755141,9.26e-24
647.755176,8.639999999999999e-24
647.755206,8.11e-24
647.765325,4.072e-24
647.765842,2.3e-25
647.765861,2.22e-25
647.765881,2.13e-25
647.77982,8.65e-24
647.779862,8.04e-24
647.779897,7.5e-24
647.804187,7.85e-24
647.804238,7.24e-24
647.80428,6.72e-24
647.828584,6.819999999999999e-24
647.828645,6.2499999999999996e-24
647.828697,5.76e-24
647.853545,5.56e-24
647.853622,5.05e-24
647.853686,4.63e-24
647.879975,4.03e-24
647.880072,3.62e-24
647.880153,3.29e-24
647.909545,2.18e-24
647.909673,1.94e-24
647.909779,1.74e-24
647.950278,2.305e-24
647.977858,3.87e-25
647.977897,4.08e-25
647.977923,4.29e-25
647.994986,2.236e-24
648.056014,2.92e-25
648.05716,2.63e-25
648.057522,2.47e-25
648.119694,2.46e-25
648.120037,2.62e-25
648.120588,2.67e-25
648.13645,4.18e-25
648.136496,3.96e-25
648.136543,3.75e-25
648.169904,2.5e-23
648.169914,2.7499999999999995e-23
648.169947,3.03e-23
648.17226,2.53e-25
648.172518,2.53e-25
648.191522,1.15e-25
648.196118,1.24e-25
648.201118,1.35e-25
648.230892,5.152e-25
648.242767,2.81e-25
648.242973,2.81e-25
648.245075,2.54e-23
648.245088,2.52e-23
648.259912,5.04e-25
648.304051,7.87e-25
648.305262,1.18e-24
648.307195,1.71e-24
648.310881,8.899999999999999e-25
648.314755,4.67e-25
648.324234,4.68e-25
648.324762,9.97e-24
648.324801,9.69e-24
648.324804,9.41e-24
648.328107,8.92e-25
648.328624,2.17e-23
648.328626,2.38e-23
648.328627,2.2700000000000003e-23
648.331796,1.6099999999999997e-24
648.333727,1.18e-24
648.334937,7.88e-25
648.362368,9.43e-24
648.36237,9.73e-24
648.362405,9.15e-24
648.386166,2.29e-23
648.386172,2.18e-23
648.386176,2.08e-23
648.472505,2.16e-25
648.47252,2.24e-25
648.472525,2.32e-25
648.559752,4.524e-24
648.572874,2.27e-25
648.572891,2.1899999999999998e-25
648.572909,2.11e-25
648.633854,4.295e-24
648.803675,4.3e-25
648.803709,4.52e-25
648.80373,4.75e-25
648.82664,2.568e-24
648.872676,2.489e-24
648.951053,4.62e-25
648.951093,4.3799999999999995e-25
648.951134,4.16e-25
649.029164,2.58e-23
649.029171,2.87e-23
649.029206,3.2000000000000003e-23
649.031452,3.24e-25
649.03174,3.24e-25
649.096964,3.63e-25
649.097169,3.63e-25
649.09916,2.3e-23
649.099177,2.93e-23
649.099182,2.6e-23
649.12345,6.095e-25
649.149159,1.51e-25
649.152908,5.96e-25
649.153629,1.64e-25
649.15854,1.8e-25
649.19752,2.3300000000000002e-23
649.197524,2.45e-23
649.197525,2.57e-23
649.203183,1.14e-23
649.203219,1.1e-23
649.203221,1.0699999999999998e-23
649.212755,5.44e-25
649.214949,1.2e-24
649.217378,2.06e-24
649.219597,1.48e-24
649.222547,7.78e-25
649.236912,7.8e-25
649.239861,1.48e-24
649.240487,1.55e-25
649.240685,1.52e-25
649.240691,1.49e-25
649.241778,1.0699999999999998e-23
649.241779,1.11e-23
649.24181,1.0399999999999998e-23
649.242091,1.93e-24
649.244509,1.2e-24
649.246703,5.44e-25
649.257139,2.4700000000000003e-23
649.257146,2.3400000000000003e-23
649.257148,2.23e-23
649.262636,1.52e-25
649.262638,1.5e-25
649.262727,1.47e-25
649.282662,2.11e-25
649.282676,2.1899999999999998e-25
649.28268,2.26e-25
649.378663,2.21e-25
649.378678,2.13e-25
649.378694,2.06e-25
649.424054,4.767e-24
649.501139,4.511e-24
649.620049,1.44e-25
649.620163,1.56e-25
649.620254,1.68e-25
649.627387,4.66e-25
649.627416,4.89e-25
649.627434,5.11e-25
649.70208,2.849e-24
649.749527,2.758e-24
649.765044,4.98e-25
649.765079,4.74e-25
649.765114,4.52e-25
649.889683,2.8300000000000004e-23
649.88972,3.38e-23
649.891875,4.24e-25
649.892194,4.24e-25
649.915878,1.66e-25
649.916033,1.52e-25
649.916179,1.39e-25
649.944382,4.8e-25
649.944569,4.8e-25
649.946399,2.32e-23
649.946441,2.66e-23
649.946455,3.05e-23
649.986585,7.172e-25
650.016902,7.01e-25
650.054907,3.84e-25
650.057987,1.13e-24
650.061091,2.47e-24
650.062629,2.0299999999999998e-24
650.064734,1.25e-24
650.065264,2.49e-23
650.065269,2.62e-23
650.065272,2.7599999999999995e-23
650.080914,1.29e-23
650.080947,1.25e-23
650.080948,1.21e-23
650.083098,1.25e-24
650.085201,2.04e-24
650.086742,2.31e-24
650.089844,1.13e-24
650.091155,2.04e-25
650.091166,2.11e-25
650.09117,2.18e-25
650.092924,3.84e-25
650.120551,1.21e-23
650.120552,1.25e-23
650.120581,1.1699999999999998e-23
650.127103,2.65e-23
650.127111,2.51e-23
650.127113,2.37e-23
650.132163,2.05e-25
650.136465,2.26e-25
650.141247,2.53e-25
650.183173,2.13e-25
650.183187,2.06e-25
650.183201,1.9899999999999999e-25
650.28695,5.0029999999999996e-24
650.367155,4.717e-24
650.449108,4.95e-25
650.449134,5.17e-25
650.449148,5.41e-25
650.466547,2.57e-25
650.466639,2.77e-25
650.46671,2.98e-25
650.467714,1.18e-25
650.471589,3.2e-25
650.473217,2.64e-25
650.474493,1.92e-25
650.532977,1.91e-25
650.534236,2.63e-25
650.53532,2.9e-25
650.539755,1.18e-25
650.576547,3.146e-24
650.578263,5.26e-25
650.578293,5.02e-25
650.578324,4.8e-25
650.625498,3.041e-24
650.724129,2.91e-25
650.72425,2.6799999999999998e-25
650.724366,2.47e-25
650.873915,8.406e-25
650.897999,1.96e-25
650.89801,2.02e-25
650.898012,2.09e-25
650.904789,8.211000000000001e-25
650.931838,2.65e-23
650.931844,2.8000000000000003e-23
650.931849,2.95e-23
650.952335,2.21e-25
650.956374,7.58e-25
650.957838,1.4499999999999998e-23
650.957867,1.4000000000000002e-23
650.957869,1.36e-23
650.960998,2.96e-24
650.961993,2.6699999999999998e-24
650.963168,2.06e-24
650.984735,2.07e-24
650.985909,2.6699999999999998e-24
650.986375,2.04e-25
650.986387,1.98e-25
650.9864,1.91e-25
650.986913,2.76e-24
650.991529,7.59e-25
650.995567,2.21e-25
650.996048,2.82e-23
650.996057,2.67e-23
650.99606,2.52e-23
650.998579,1.385e-23
650.998606,1.32e-23
651.148451,5.233e-24
651.154598,2.98e-25
651.158661,3.34e-25
651.163246,3.8e-25
651.172199,2.5e-25
651.172408,2.41e-25
651.172422,2.45e-25
651.194028,2.45e-25
651.194047,2.41e-25
651.194161,2.37e-25
651.231861,4.911e-24
651.249253,3.036e-25
651.268928,5.16e-25
651.26895,5.38e-25
651.268962,5.62e-25
651.292109,2.9640000000000003e-25
651.303139,3.533e-25
651.308105,3.83e-25
651.308181,4.11e-25
651.308236,4.41e-25
651.34694,3.4470000000000003e-25
651.355873,4.091e-25
651.390586,5.47e-25
651.390613,5.23e-25
651.39064,5e-25
651.400663,3.989e-25
651.407444,4.715e-25
651.450026,3.457e-24
651.453273,4.594e-25
651.457842,5.408e-25
651.500584,3.338e-24
651.504761,5.266e-25
651.507056,6.173e-25
651.536187,4.28e-25
651.536284,3.9799999999999998e-25
651.536378,3.69e-25
651.555077,7.011e-25
651.555124,6.006e-25
651.601892,7.925e-25
651.604355,6.817e-25
651.647493,8.912e-25
651.652449,7.699e-25
651.691867,9.972e-25
651.699402,8.65e-25
651.70321,1.86e-25
651.70322,1.92e-25
651.703221,1.98e-25
651.735004,1.11e-24
651.741441,9.803e-25
651.745209,9.67e-25
651.773179,9.57e-25
651.776891,1.229e-24
651.788244,1.94e-25
651.788255,1.88e-25
651.788266,1.82e-25
651.789868,1.0749999999999999e-24
651.797222,2.8000000000000003e-23
651.797228,2.97e-23
651.797236,3.1499999999999995e-23
651.799789,9.85e-26
651.799901,9.85e-26
651.803688,1.54e-25
651.808221,4.93e-25
651.81463,3.5199999999999996e-24
651.81537,3.28e-24
651.816071,2.86e-24
651.817517,1.354e-24
651.833374,1.189e-24
651.833986,1.6299999999999997e-23
651.834013,1.5699999999999997e-23
651.834014,1.5199999999999998e-23
651.839976,2.87e-24
651.840676,3.29e-24
651.841418,3.28e-24
651.847825,4.93e-25
651.852357,1.53e-25
651.856869,1.483e-24
651.861386,1.03e-25
651.861529,1.03e-25
651.863963,3e-23
651.863974,2.82e-23
651.863976,2.66e-23
651.875726,1.309e-24
651.875897,1.5799999999999998e-23
651.875898,1.5199999999999998e-23
651.875921,1.47e-23
651.894933,1.616e-24
651.916923,1.432e-24
651.931697,1.75e-24
651.956964,1.558e-24
651.967145,1.885e-24
651.995852,1.685e-24
652.001259,2.0179999999999998e-24
652.008591,5.455e-24
652.033587,1.812e-24
652.034016,2.147e-24
652.056852,1.23e-25
652.056957,1.21e-25
652.057037,1.19e-25
652.058225,1.21e-25
652.058327,1.23e-25
652.058401,1.25e-25
652.065557,2.267e-24
652.070175,1.937e-24
652.086914,5.3e-25
652.086934,5.52e-25
652.086943,5.75e-25
652.095171,5.093e-24
652.095474,2.382e-24
652.105621,2.057e-24
652.12407,2.483e-24
652.139935,2.17e-24
652.145743,5.14e-25
652.145806,5.48e-25
652.145851,5.85e-25
652.151232,2.568e-24
652.173128,2.273e-24
652.176926,2.636e-24
652.201114,2.681e-24
652.201918,5.6e-25
652.201941,5.37e-25
652.201966,5.14e-25
652.205216,2.364e-24
652.223751,2.701e-24
652.236218,2.439e-24
652.244782,2.692e-24
652.264141,2.651e-24
652.266162,2.495e-24
652.281739,2.573e-24
652.295083,2.5299999999999998e-24
652.297462,2.455e-24
652.311157,2.293e-24
652.322481,3.781e-24
652.322609,2.0809999999999998e-24
652.323023,2.539e-24
652.331505,1.815e-24
652.336317,6.001e-25
652.337369,1.487e-24
652.339429,1.087e-24
652.350043,2.52e-24
652.350378,5.6799999999999995e-25
652.350457,5.3e-25
652.350535,4.95e-25
652.374756,3.647e-24
652.376221,2.47e-24
652.401662,2.384e-24
652.426513,2.26e-24
652.450982,2.094e-24
652.475372,1.883e-24
652.500155,1.624e-24
652.506799,1.76e-25
652.506807,1.81e-25
652.506808,1.86e-25
652.526097,1.311e-24
652.554561,9.393e-25
652.588276,5.041e-25
652.588757,1.82e-25
652.588766,1.77e-25
652.588777,1.71e-25
652.624876,1.1379999999999999e-24
652.657283,1.111e-24
652.6614,2.95e-23
652.661407,3.14e-23
652.661417,3.34e-23
652.663957,1.17e-25
652.664083,1.17e-25
652.693113,9.97e-26
652.697971,2.78e-25
652.70698,4.16e-24
652.707518,3.96e-24
652.707909,3.69e-24
652.709285,1.8e-23
652.709309,1.74e-23
652.70931,1.68e-23
652.728268,1.23e-25
652.728422,1.23e-25
652.730835,3.18e-23
652.730846,2.98e-23
652.730848,2.79e-23
652.733229,3.7e-24
652.733619,3.97e-24
652.734163,3.88e-24
652.743167,2.77e-25
652.748024,9.97e-26
652.752438,1.75e-23
652.752439,1.69e-23
652.75246,1.6399999999999998e-23
652.786918,1.21e-25
652.788675,2.35e-25
652.790534,3.35e-25
652.793589,1.94e-25
652.851341,1.92e-25
652.853905,3.02e-25
652.856271,2.34e-25
652.858011,1.2e-25
652.867439,5.672e-24
652.903122,5.37e-25
652.90314,5.59e-25
652.903147,5.81e-25
652.956927,5.261e-24
652.980121,6.43e-25
652.980174,6.83e-25
652.98021,7.26e-25
653.012182,5.66e-25
653.012203,5.43e-25
653.012224,5.22e-25
653.072109,3.99e-25
653.072334,3.83e-25
653.072373,3.9e-25
653.093656,3.9e-25
653.093699,3.84e-25
653.093845,3.78e-25
653.165676,7.05e-25
653.165741,6.6e-25
653.165806,6.19e-25
653.193887,4.117e-24
653.248004,3.964e-24
653.308775,1.65e-25
653.308782,1.715e-25
653.346323,1.95e-25
653.346424,1.9899999999999999e-25
653.346462,2.02e-25
653.34762,1.9899999999999999e-25
653.347724,1.95e-25
653.347817,1.92e-25
653.387895,1.7e-25
653.387903,1.66e-25
653.387913,1.62e-25
653.495195,1.316e-24
653.524357,3.1e-23
653.524366,3.31e-23
653.524379,3.53e-23
653.526903,1.4e-25
653.527044,1.4e-25
653.528497,1.283e-24
653.556102,1.82e-25
653.567658,4.91e-24
653.568085,4.7099999999999995e-24
653.568335,4.49e-24
653.583735,2.0100000000000003e-23
653.583757,1.895e-23
653.59409,1.48e-25
653.594255,1.48e-25
653.595005,4.49e-24
653.595254,4.72e-24
653.595682,4.5599999999999996e-24
653.596643,3.35e-23
653.596656,3.12e-23
653.596657,2.91e-23
653.607237,1.81e-25
653.628209,1.94e-23
653.628211,1.87e-23
653.628229,1.8e-23
653.717594,5.38e-25
653.71761,5.58e-25
653.717615,5.8e-25
653.725144,5.887e-24
653.811683,7.66e-25
653.811728,8.11e-25
653.811757,8.58e-25
653.816805,5.416e-24
653.821316,5.65e-25
653.821334,5.44e-25
653.821354,5.23e-25
653.968789,1.45e-25
653.969582,1.41e-25
653.970104,1.39e-25
653.981415,8.33e-25
653.98147,7.84e-25
653.981525,7.37e-25
654.000524,1.19e-25
654.000921,1.16e-25
654.001126,1.15e-25
654.060441,1.13e-25
654.060481,1.15e-25
654.060705,1.17e-25
654.064213,4.461e-24
654.075575,1.38e-25
654.075791,1.39e-25
654.076335,1.4199999999999999e-25
654.109145,1.54e-25
654.109151,1.62e-25
654.109152,1.58e-25
654.120306,4.289e-24
654.185641,1.59e-25
654.185649,1.55e-25
654.185658,1.5e-25
654.375656,1.513e-24
654.386088,3.24e-23
654.386097,3.47e-23
654.386113,3.72e-23
654.388619,1.67e-25
654.388778,1.67e-25
654.409737,1.475e-24
654.439832,1.18e-25
654.454464,5.7499999999999995e-24
654.454798,5.55e-24
654.454956,5.3399999999999996e-24
654.457286,2.22e-23
654.457305,2.06e-23
654.457306,2.1400000000000003e-23
654.458825,1.78e-25
654.459001,1.78e-25
654.46136,3.52e-23
654.461375,3.26e-23
654.461376,3.03e-23
654.482505,5.35e-24
654.482662,5.56e-24
654.483,5.33e-24
654.497629,1.18e-25
654.503168,2.15e-23
654.50317,2.06e-23
654.503187,1.98e-23
654.530366,5.32e-25
654.53038,5.52e-25
654.530384,5.73e-25
654.582014,6.106e-24
654.622875,1.31e-25
654.622947,1.29e-25
654.622958,1.26e-25
654.62927,5.59e-25
654.629286,5.38e-25
654.629304,5.18e-25
654.64074,8.769999999999999e-25
654.640779,9.26e-25
654.640802,9.78e-25
654.655074,1.26e-25
654.655084,1.29e-25
654.65515,1.24e-25
654.674116,5.557e-24
654.688899,1.63e-25
654.688965,1.5999999999999998e-25
654.688974,1.57e-25
654.691753,3.12e-25
654.691849,3.24e-25
654.691856,3.18e-25
654.695596,3.18e-25
654.695702,3.12e-25
654.695816,3.07e-25
654.721524,1.57e-25
654.721533,1.5999999999999998e-25
654.721592,1.55e-25
654.754092,2.01e-25
654.754153,1.98e-25
654.75416,1.94e-25
654.787159,1.94e-25
654.787166,1.98e-25
654.78722,1.91e-25
654.797145,9.48e-25
654.797192,8.95e-25
654.797239,8.45e-25
654.818424,2.49e-25
654.81848,2.44e-25
654.818486,2.4e-25
654.851951,2.4e-25
654.851957,2.44e-25
654.852006,2.35e-25
654.88189,3.06e-25
654.881941,3e-25
654.881947,2.95e-25
654.907917,1.4199999999999999e-25
654.907921,1.5e-25
654.907923,1.46e-25
654.915895,2.95e-25
654.9159,3e-25
654.915945,2.89e-25
654.933432,4.811e-24
654.944326,6.23e-25
654.944466,3.74e-25
654.944513,3.67e-25
654.944518,3.61e-25
654.944583,5.97e-25
654.944657,6.06e-25
654.965684,6.07e-25
654.965761,5.97e-25
654.965953,5.88e-25
654.978969,3.6e-25
654.978974,3.67e-25
654.979014,3.54e-25
654.981979,1.47e-25
654.981986,1.43e-25
654.981995,1.39e-25
654.991652,4.6169999999999996e-24
655.006143,4.56e-25
655.006187,4.48e-25
655.006191,4.39e-25
655.017023,2.34e-25
655.017486,2.85e-25
655.018585,3.35e-25
655.041166,4.39e-25
655.04117,4.48e-25
655.041207,4.31e-25
655.066901,5.53e-25
655.066941,5.42e-25
655.066945,5.32e-25
655.082183,3e-25
655.083733,2.83e-25
655.084182,2.33e-25
655.102466,5.31e-25
655.102469,5.42e-25
655.102503,5.21e-25
655.126729,6.6799999999999985e-25
655.126766,6.55e-25
655.126769,6.42e-25
655.16286,6.42e-25
655.162863,6.55e-25
655.162894,6.29e-25
655.185608,8.04e-25
655.185643,7.87e-25
655.185646,7.72e-25
655.222331,7.71e-25
655.222334,7.87e-25
655.222362,7.56e-25
655.243526,9.61e-25
655.243559,9.409999999999999e-25
655.243562,9.22e-25
655.246593,3.36e-23
655.246603,3.63e-23
655.246623,3.91e-23
655.247551,1.733e-24
655.249107,2.01e-25
655.249285,2.02e-25
655.28087,9.21e-25
655.280872,9.409999999999999e-25
655.280898,9.02e-25
655.282582,1.6869999999999998e-24
655.300468,1.15e-24
655.300499,1.12e-24
655.300501,1.0999999999999998e-24
655.319971,6.71e-24
655.320248,6.4899999999999996e-24
655.320358,6.28e-24
655.322428,2.16e-25
655.322616,2.16e-25
655.324941,3.68e-23
655.324958,3.265e-23
655.329924,2.44e-23
655.32994,2.26e-23
655.329941,2.35e-23
655.33846,1.0999999999999998e-24
655.338462,1.12e-24
655.338486,1.0799999999999999e-24
655.341465,5.22e-25
655.341477,5.3999999999999985e-25
655.34148,5.6e-25
655.348959,6.2899999999999995e-24
655.349068,6.5099999999999996e-24
655.349345,6.21e-24
655.356419,1.36e-24
655.356448,1.3299999999999999e-24
655.35645,1.2999999999999998e-24
655.377308,2.36e-23
655.377311,2.2700000000000003e-23
655.377326,2.17e-23
655.395091,1.2999999999999998e-24
655.395093,1.3299999999999999e-24
655.395115,1.28e-24
655.411365,1.6099999999999997e-24
655.411392,1.57e-24
655.411394,1.5399999999999999e-24
655.436001,5.46e-25
655.436015,5.26e-25
655.436031,5.08e-25
655.438726,6.342e-24
655.450751,1.5399999999999999e-24
655.450752,1.57e-24
655.450773,1.4999999999999998e-24
655.465292,1.88e-24
655.465318,1.84e-24
655.465319,1.7999999999999997e-24
655.467516,9.76e-25
655.467549,1.03e-24
655.467568,1.0799999999999999e-24
655.505427,1.79e-24
655.505428,1.84e-24
655.505448,1.75e-24
655.518187,2.2e-24
655.518211,2.1499999999999998e-24
655.518212,2.1e-24
655.527223,5.684e-24
655.559109,2.1e-24
655.55911,2.1499999999999998e-24
655.559128,2.05e-24
655.570034,2.56e-24
655.570056,2.5e-24
655.570057,2.45e-24
655.611785,2.47e-24
655.611802,2.38e-24
655.612548,1.05e-24
655.612587,9.94e-25
655.612629,9.409999999999999e-25
655.62082,2.97e-24
655.620841,2.9e-24
655.620842,2.83e-24
655.663444,2.865e-24
655.66346,2.76e-24
655.670532,3.4299999999999995e-24
655.670552,3.34e-24
655.670553,3.26e-24
655.705095,1.3e-25
655.705098,1.37e-25
655.7051,1.33e-25
655.714076,3.3000000000000002e-24
655.714092,3.1799999999999998e-24
655.719156,3.94e-24
655.719175,3.84e-24
655.719176,3.74e-24
655.763672,3.785e-24
655.763686,3.64e-24
655.766679,4.5e-24
655.766697,4.3250000000000004e-24
655.776897,1.3399999999999999e-25
655.776903,1.31e-25
655.776911,1.27e-25
655.801514,5.165e-24
655.803903,1.02e-25
655.80876,1.08e-25
655.812221,4.38e-24
655.812222,4.26e-24
655.812235,4.15e-24
655.813087,5.0999999999999995e-24
655.813104,4.915e-24
655.813955,1.15e-25
655.858366,5.7699999999999995e-24
655.858382,5.544999999999999e-24
655.859716,4.9049999999999995e-24
655.859729,4.7099999999999995e-24
655.862028,4.947e-24
655.902504,6.499999999999999e-24
655.902518,6.15e-24
655.902519,6.32e-24
655.906147,5.61e-24
655.906148,5.46e-24
655.90616,5.31e-24
655.945487,7.28e-24
655.945499,6.88e-24
655.9455,7.07e-24
655.951507,6.32e-24
655.951508,6.13e-24
655.95152,5.96e-24
655.9873,8.11e-24
655.987311,7.65e-24
655.987313,7.87e-24
655.995789,7.07e-24
655.995791,6.859999999999999e-24
655.995801,6.66e-24
656.02793,8.989999999999999e-24
656.02794,8.45e-24
656.027942,8.71e-24
656.038986,7.87e-24
656.038988,7.63e-24
656.038998,7.4e-24
656.067364,9.91e-24
656.067373,9.31e-24
656.067375,9.6e-24
656.081092,8.71e-24
656.081095,8.43e-24
656.081105,8.19e-24
656.086603,1.14e-25
656.086757,1.26e-25
656.086882,1.39e-25
656.09072,4.89e-25
656.090765,5.07e-25
656.090834,4.98e-25
656.096967,4.99e-25
656.097083,4.9e-25
656.097226,4.81e-25
656.105586,1.09e-23
656.105594,1.02e-23
656.105596,1.05e-23
656.105893,3.48e-23
656.105906,3.78e-23
656.10593,4.09e-23
656.108387,2.45e-25
656.108586,2.45e-25
656.122103,9.59e-24
656.122106,9.28e-24
656.122116,8.989999999999999e-24
656.125646,1.975e-24
656.142583,1.19e-23
656.142589,1.11e-23
656.142592,1.15e-23
656.150914,5.06e-25
656.150926,5.24e-25
656.150927,5.42e-25
656.161571,1.922e-24
656.162015,1.05e-23
656.162019,1.02e-23
656.162029,9.83e-24
656.178338,1.29e-23
656.178342,1.2e-23
656.178346,1.24e-23
656.18482,2.65e-25
656.185021,2.65e-25
656.187306,3.84e-23
656.187323,3.22e-23
656.187324,3.52e-23
656.200826,1.15e-23
656.20083,1.11e-23
656.200839,1.0699999999999998e-23
656.201609,2.68e-23
656.201623,2.4700000000000003e-23
656.201624,2.57e-23
656.202686,7.8e-24
656.202913,7.559999999999999e-24
656.202988,7.33e-24
656.212836,1.3899999999999998e-23
656.212839,1.29e-23
656.212843,1.34e-23
656.232377,7.35e-24
656.232451,7.58e-24
656.232681,7.209999999999999e-24
656.238532,1.24e-23
656.238537,1.2e-23
656.238546,1.16e-23
656.241475,5.29e-25
656.241487,5.11e-25
656.241502,4.94e-25
656.24606,1.49e-23
656.246061,1.3799999999999998e-23
656.246065,1.43e-23
656.250602,2.58e-23
656.250605,2.48e-23
656.250619,2.37e-23
656.275134,1.34e-23
656.27514,1.29e-23
656.27515,1.24e-23
656.277991,1.53e-23
656.277996,1.53e-23
656.292176,1.06e-24
656.292205,1.12e-24
656.29222,1.17e-24
656.296901,6.617999999999999e-24
656.308608,1.55e-23
656.308611,1.67e-23
656.308615,1.61e-23
656.310635,1.43e-23
656.310641,1.3799999999999998e-23
656.310651,1.3299999999999998e-23
656.337893,1.62e-23
656.337899,1.7599999999999997e-23
656.337901,1.68e-23
656.345036,1.5199999999999998e-23
656.345043,1.4599999999999998e-23
656.345054,1.41e-23
656.365822,1.68e-23
656.36583,1.83e-23
656.365831,1.75e-23
656.371535,5.792e-24
656.378345,1.61e-23
656.378353,1.54e-23
656.378364,1.48e-23
656.392367,1.73e-23
656.392377,1.81e-23
656.392378,1.9e-23
656.41057,1.68e-23
656.410579,1.62e-23
656.410591,1.55e-23
656.417498,1.7799999999999998e-23
656.41751,1.86e-23
656.417512,1.95e-23
656.427393,1.1399999999999999e-24
656.427427,1.0799999999999999e-24
656.427463,1.03e-24
656.44118,1.8e-23
656.441193,1.89e-23
656.441198,1.99e-23
656.441449,1.36e-25
656.441673,1.23e-25
656.441723,1.75e-23
656.441734,1.67e-23
656.441746,1.61e-23
656.44188,1.1e-25
656.46337,1.81e-23
656.463386,1.9e-23
656.463393,2.0100000000000003e-23
656.471821,1.81e-23
656.471834,1.7199999999999998e-23
656.471847,1.6499999999999998e-23
656.484018,1.8e-23
656.484035,1.9e-23
656.484045,2.0100000000000003e-23
656.500682,1.18e-25
656.500684,1.25e-25
656.500687,1.21e-25
656.500887,1.85e-23
656.500902,1.7599999999999997e-23
656.500916,1.68e-23
656.503059,1.7599999999999997e-23
656.503079,1.87e-23
656.503092,1.98e-23
656.520412,1.7e-23
656.520436,1.81e-23
656.520453,1.93e-23
656.528951,1.88e-23
656.528967,1.7799999999999998e-23
656.528983,1.69e-23
656.535974,1.6299999999999997e-23
656.536002,1.7199999999999998e-23
656.536023,1.85e-23
656.549604,1.5099999999999998e-23
656.549637,1.62e-23
656.549664,1.73e-23
656.556051,1.9e-23
656.55607,1.79e-23
656.556088,1.7e-23
656.561107,1.36e-23
656.561147,1.47e-23
656.56118,1.5899999999999998e-23
656.570203,1.18e-23
656.570252,1.28e-23
656.570294,1.3899999999999998e-23
656.570382,1.22e-25
656.570387,1.19e-25
656.570395,1.16e-25
656.576471,9.51e-24
656.576531,1.0399999999999998e-23
656.576585,1.15e-23
656.577312,3.73e-24
656.577408,4.16e-24
656.577502,4.68e-24
656.579233,6.87e-24
656.579308,7.57e-24
656.579378,8.41e-24
656.58224,1.89e-23
656.582262,1.7799999999999998e-23
656.582282,1.68e-23
656.607587,1.86e-23
656.607613,1.74e-23
656.607636,1.6499999999999998e-23
656.632187,1.8e-23
656.632218,1.68e-23
656.632244,1.5799999999999998e-23
656.656171,1.7099999999999998e-23
656.656207,1.6000000000000002e-23
656.656238,1.49e-23
656.66843,5.5189999999999996e-24
656.679722,1.6000000000000002e-23
656.679765,1.48e-23
656.679802,1.37e-23
656.703111,1.4499999999999998e-23
656.703164,1.3299999999999998e-23
656.703209,1.22e-23
656.714254,1.26e-25
656.71905,1.3399999999999999e-25
656.724216,1.44e-25
656.726752,1.26e-23
656.726817,1.14e-23
656.726872,1.0399999999999998e-23
656.731422,5.2749999999999996e-24
656.75131,1.02e-23
656.751393,9.15e-24
656.751462,8.31e-24
656.777953,7.36e-24
656.77806,6.5299999999999995e-24
656.778149,5.87e-24
656.792634,9.55e-25
656.792947,9.12e-25
656.793082,9.22e-25
656.808959,3.99e-24
656.809104,3.49e-24
656.809223,3.09e-24
656.813894,9.23e-25
656.814032,9.12e-25
656.814292,8.999999999999998e-25
656.9423,3.06e-25
656.94242,3.34e-25
656.942512,3.64e-25
656.958733,4.88e-25
656.958743,5.0299999999999995e-25
656.958744,5.2e-25
656.964047,3.59e-23
656.96406,3.92e-23
656.964089,4.2799999999999993e-23
656.966512,3.01e-25
656.966737,3.01e-25
656.975583,2.01e-25
656.975971,1.97e-25
656.976155,1.94e-25
656.998191,2.241e-24
657.031516,1.92e-25
657.031541,1.95e-25
657.031744,1.98e-25
657.035145,2.178e-24
657.045661,5.08e-25
657.045672,4.92e-25
657.045686,4.75e-25
657.045857,3.29e-25
657.046072,3.29e-25
657.048307,3.99e-23
657.048323,3.29e-23
657.048326,3.63e-23
657.071326,9.02e-24
657.071518,8.74e-24
657.071574,8.48e-24
657.07232,2.92e-23
657.072331,2.68e-23
657.072333,2.8000000000000003e-23
657.101932,8.5e-24
657.101986,8.769999999999999e-24
657.102179,8.32e-24
657.114843,1.13e-24
657.114868,1.19e-24
657.11488,1.24e-24
657.123036,2.81e-23
657.12304,2.69e-23
657.123052,2.57e-23
657.161499,2.66e-25
657.161564,2.87e-25
657.162357,3.2e-25
657.22688,2.85e-25
657.228071,2.86e-25
657.228124,2.64e-25
657.240588,3.55e-25
657.240754,3.23e-25
657.240911,2.93e-25
657.241509,1.2099999999999999e-24
657.241538,1.15e-24
657.24157,1.09e-24
657.259727,3.173e-25
657.284136,3.11e-25
657.294683,1.07e-25
657.294684,1.13e-25
657.294687,1.1e-25
657.362422,1.1e-25
657.362427,1.08e-25
657.362434,1.05e-25
657.53415,5.869e-24
657.538999,7.84e-25
657.539022,7.53e-25
657.539162,7.66e-25
657.547503,7.67e-25
657.547646,7.53e-25
657.547834,7.39e-25
657.599826,5.5959999999999996e-24
657.633083,1.58e-25
657.637803,1.69e-25
657.642929,1.83e-25
657.764937,4.65e-25
657.764945,4.96e-25
657.764946,4.8e-25
657.790651,5.46e-25
657.790746,5.92e-25
657.790816,6.41e-25
657.821177,3.69e-23
657.821191,4.06e-23
657.821225,4.48e-23
657.823606,3.75e-25
657.82386,3.75e-25
657.848535,4.85e-25
657.848545,4.69e-25
657.848557,4.54e-25
657.874294,2.5299999999999998e-24
657.905256,4.14e-25
657.905483,4.15e-25
657.907656,4.1499999999999993e-23
657.907669,3.35e-23
657.907676,3.73e-23
657.912268,2.457e-24
657.935613,1.18e-24
657.935635,1.24e-24
657.935644,1.29e-24
657.942024,3.17e-23
657.942032,2.9e-23
657.942035,3.03e-23
657.950964,1.0399999999999998e-23
657.951127,1.01e-23
657.951167,9.78e-24
657.982342,9.8e-24
657.98238,1.01e-23
657.982545,9.55e-24
657.994591,3.05e-23
657.994596,2.91e-23
657.994607,2.78e-23
658.048016,6.23e-25
658.048142,5.7e-25
658.048265,5.22e-25
658.054765,1.26e-24
658.054791,1.2e-24
658.054819,1.1399999999999999e-24
658.087099,9.845e-26
658.087103,9.83e-26
658.153008,9.89e-26
658.153013,9.64e-26
658.336758,2.47e-25
658.337571,2.39e-25
658.338076,2.36e-25
658.398646,6.213e-24
658.438947,2.34e-25
658.439144,2.37e-25
658.439671,2.4e-25
658.467232,5.9089999999999996e-24
658.477922,3.022e-25
658.563774,2.02e-25
658.568396,2.2e-25
658.569538,4.4e-25
658.569545,4.68e-25
658.569546,4.54e-25
658.573465,2.41e-25
658.620468,1.44e-24
658.620885,1.37e-24
658.621142,1.36e-24
658.63135,2.919e-25
658.633673,8.14e-25
658.63375,8.759999999999999e-25
658.633804,9.439999999999999e-25
658.641673,1.36e-24
658.641932,1.37e-24
658.642305,1.36e-24
658.650075,4.58e-25
658.650084,4.44e-25
658.650095,4.3e-25
658.677552,3.78e-23
658.677565,4.21e-23
658.677606,4.6800000000000006e-23
658.679932,4.75e-25
658.680219,4.75e-25
658.746786,2.843e-24
658.754559,1.22e-24
658.754578,1.2699999999999999e-24
658.754585,1.3299999999999999e-24
658.762418,5.31e-25
658.762655,5.31e-25
658.764749,4.3e-23
658.764754,3.38e-23
658.764767,3.81e-23
658.785894,2.758e-24
658.810695,3.43e-23
658.8107,3.12e-23
658.810703,3.27e-23
658.821445,1.19e-23
658.821586,1.16e-23
658.821617,1.12e-23
658.853761,1.13e-23
658.85379,1.16e-23
658.853931,1.1e-23
658.860013,9.14e-25
658.860113,8.43e-25
658.860212,7.79e-25
658.865255,3.29e-23
658.86526,3.14e-23
658.86527,2.99e-23
658.867061,1.29e-24
658.867083,1.23e-24
658.867108,1.18e-24
658.964898,3.85e-25
658.982799,3.77e-25
659.032071,1.19e-24
659.032189,1.1399999999999999e-24
659.032392,1.15e-24
659.042692,1.16e-24
659.042897,1.1399999999999999e-24
659.043161,1.12e-24
659.057887,4.595e-25
659.082801,4.499e-25
659.228512,2.66e-25
659.228567,2.53e-25
659.229164,2.91e-25
659.261886,6.548e-24
659.29544,2.56e-25
659.29637,2.51e-25
659.296437,2.64e-25
659.302257,3.2780000000000004e-25
659.333633,6.209e-24
659.372547,4.14e-25
659.372552,4.39e-25
659.372554,4.26e-25
659.444954,3.168e-25
659.450261,4.29e-25
659.450269,4.16e-25
659.450279,4.04e-25
659.47256,1.09e-24
659.472623,1.17e-24
659.472666,1.26e-24
659.511612,2.69e-25
659.516104,2.96e-25
659.521089,3.29e-25
659.533756,3.87e-23
659.533767,4.36e-23
659.533814,4.91e-23
659.536067,6.15e-25
659.536392,6.15e-25
659.571739,1.24e-24
659.571756,1.29e-24
659.571761,1.3399999999999999e-24
659.615954,6.9799999999999995e-25
659.616194,6.99e-25
659.618169,3.39e-23
659.618185,4.45e-23
659.618195,3.88e-23
659.621101,3.1799999999999998e-24
659.661369,3.082e-24
659.674563,1.22e-24
659.674643,1.13e-24
659.674724,1.05e-24
659.678302,3.69e-23
659.678305,3.34e-23
659.678308,3.51e-23
659.678317,1.31e-24
659.678336,1.25e-24
659.678359,1.2e-24
659.698686,1.36e-23
659.698808,1.32e-23
659.69883,1.28e-23
659.731864,1.28e-23
659.731885,1.32e-23
659.732008,1.25e-23
659.735011,3.5399999999999995e-23
659.735018,3.36e-23
659.735026,3.19e-23
659.828264,3.36e-25
659.828645,3.28e-25
659.828807,3.23e-25
659.880578,3.19e-25
659.880584,3.24e-25
659.880766,3.3e-25
660.123841,6.869e-24
660.124492,3.487e-25
660.173973,3.86e-25
660.173977,4.09e-25
660.17398,3.97e-25
660.199023,6.493e-24
660.249078,4e-25
660.249085,3.88e-25
660.249095,3.77e-25
660.257883,3.372e-25
660.308065,1.37e-24
660.308118,1.4599999999999999e-24
660.308151,1.56e-24
660.387199,1.24e-24
660.387215,1.29e-24
660.387218,1.3399999999999999e-24
660.391178,3.95e-23
660.391181,4.5299999999999993e-23
660.391232,5.179999999999999e-23
660.393387,8.24e-25
660.393754,8.25e-25
660.42338,2.04e-25
660.430913,2.12e-24
660.431533,1.97e-24
660.432094,1.87e-24
660.451933,1.87e-24
660.452496,1.97e-24
660.453081,1.99e-24
660.460647,2.05e-25
660.462068,9.48e-25
660.462288,9.49e-25
660.464076,3.36e-23
660.464128,3.94e-23
660.464142,4.61e-23
660.485438,3.75e-25
660.488468,1.31e-24
660.488485,1.26e-24
660.488505,1.2099999999999999e-24
660.48975,4.19e-25
660.490467,1.51e-24
660.490533,1.41e-24
660.4906,1.31e-24
660.493,3.539e-24
660.494606,4.75e-25
660.534537,3.427e-24
660.544818,3.755e-23
660.544822,3.75e-23
660.547417,1.01e-25
660.547485,1.01e-25
660.565366,1.7599999999999998e-24
660.56564,1.67e-24
660.565998,1.67e-24
660.566813,5.515e-25
660.570032,1.55e-23
660.570139,1.5e-23
660.570157,1.4499999999999998e-23
660.577838,1.67e-24
660.578198,1.67e-24
660.578599,1.66e-24
660.58663,5.396e-25
660.601234,1.03e-25
660.601351,1.03e-25
660.60385,3.78e-23
660.603858,3.58e-23
660.603865,3.39e-23
660.604206,1.4499999999999998e-23
660.604222,1.5e-23
660.604328,1.41e-23
660.679569,3.248e-25
660.72526,3.2e-25
660.765837,3.925e-25
660.811243,3.859e-25
660.843652,6.531e-25
660.846419,4.6940000000000005e-25
660.86923,6.388e-25
660.891744,4.607e-25
660.921857,5.562e-25
660.944739,3.646e-25
660.967297,5.451e-25
660.973824,3.57e-25
660.973826,3.78e-25
660.973829,3.67e-25
660.984482,7.176e-24
660.993067,6.537e-25
661.038782,6.397e-25
661.04651,3.7e-25
661.046516,3.59e-25
661.046525,3.4899999999999998e-25
661.060469,7.624e-25
661.063395,6.757e-24
661.069983,3.528e-25
661.106609,7.452e-25
661.124603,8.832e-25
661.140687,1.63e-24
661.140732,1.72e-24
661.140758,1.83e-24
661.171296,8.622e-25
661.185764,1.016e-24
661.200978,1.23e-24
661.200991,1.28e-24
661.200993,1.3299999999999999e-24
661.226203,2.31e-25
661.226302,2.2e-25
661.226791,2.5e-25
661.233133,9.911e-25
661.244277,1.163e-24
661.292434,1.132e-24
661.295806,2.18e-25
661.296576,2.18e-25
661.296686,2.29e-25
661.297463,1.2999999999999998e-24
661.297479,1.25e-24
661.297497,1.2e-24
661.300345,1.322e-24
661.30697,1.7699999999999998e-24
661.307025,1.67e-24
661.307081,1.56e-24
661.349397,1.286e-24
661.354167,1.494e-24
661.365604,3.921e-24
661.40422,1.452e-24
661.40588,1.679e-24
661.408467,3.792e-24
661.41021,3.78e-23
661.410213,4.21e-23
661.410215,3.99e-23
661.412804,1.19e-25
661.412884,1.19e-25
661.445301,1.74e-23
661.445394,1.68e-23
661.445407,1.6399999999999998e-23
661.455608,1.876e-24
661.457038,1.63e-24
661.469151,1.22e-25
661.469278,1.22e-25
661.471761,4.0199999999999993e-23
661.47177,3.8e-23
661.471777,3.59e-23
661.480445,1.6399999999999998e-23
661.480457,1.69e-23
661.480551,1.5899999999999998e-23
661.501577,5.65e-25
661.503442,2.0849999999999998e-24
661.505625,6.43e-25
661.507979,1.8189999999999998e-24
661.510272,7.46e-25
661.549463,2.304e-24
661.557137,2.019e-24
661.59373,2.531e-24
661.604598,2.229e-24
661.636292,2.765e-24
661.650428,2.446e-24
661.677188,3.003e-24
661.694687,2.6679999999999998e-24
661.716447,3.243e-24
661.737424,2.894e-24
661.754091,3.481e-24
661.763083,3.756e-25
661.772104,3.28e-25
661.772105,3.47e-25
661.772109,3.37e-25
661.778682,3.12e-24
661.790135,3.713e-24
661.8185,3.343e-24
661.824588,3.936e-24
661.842545,3.4e-25
661.842551,3.3e-25
661.84256,3.21e-25
661.843784,7.466e-24
661.856912,3.5599999999999995e-24
661.857452,4.145e-24
661.881139,3.638e-25
661.888727,4.335e-24
661.893951,3.766e-24
661.918403,4.501e-24
661.926736,6.999e-24
661.929648,3.958e-24
661.946466,4.639e-24
661.964034,4.129e-24
661.97077,1.86e-24
661.970807,1.97e-24
661.970828,2.09e-24
661.972896,4.742e-24
661.997143,4.277e-24
661.997663,4.805e-24
662.013103,1.2099999999999999e-24
662.013115,1.26e-24
662.013116,1.2999999999999998e-24
662.02073,4.822e-24
662.029009,4.395e-24
662.042044,4.789e-24
662.059673,4.478e-24
662.061538,4.698e-24
662.079123,4.545e-24
662.089183,4.521e-24
662.094674,4.324e-24
662.105261,1.2699999999999999e-24
662.105274,1.22e-24
662.105291,1.18e-24
662.108023,4.027e-24
662.117597,4.519e-24
662.118925,3.647e-24
662.123568,2.0199999999999998e-24
662.123614,1.8999999999999998e-24
662.123663,1.79e-24
662.126421,1.056e-24
662.127019,3.177e-24
662.12802,3.24e-25
662.131737,2.602e-24
662.132125,1.905e-24
662.134263,2.58e-24
662.13484,2.38e-24
662.135654,2.2e-24
662.144987,4.467e-24
662.148037,2.2e-24
662.148853,2.38e-24
662.149538,2.4099999999999998e-24
662.155671,3.25e-25
662.171447,4.359e-24
662.195495,7.756e-25
662.197102,4.191e-24
662.217181,7.581000000000001e-25
662.218776,2.55e-25
662.222122,3.957e-24
662.222493,9.28e-25
662.226708,3.0799999999999997e-24
662.227798,2.69e-24
662.229231,2.08e-24
662.236494,4.323e-24
662.246752,3.653e-24
662.246859,2.08e-24
662.248294,2.69e-24
662.249356,2.88e-24
662.253597,9.3e-25
662.257316,2.56e-25
662.271353,3.273e-24
662.274452,3.99e-23
662.274458,4.22e-23
662.274459,4.47e-23
662.27704,1.41e-25
662.277134,1.41e-25
662.280792,4.176e-24
662.296494,2.812e-24
662.316772,1.96e-23
662.316855,1.89e-23
662.316866,1.83e-23
662.323126,2.262e-24
662.336133,1.45e-25
662.33627,1.46e-25
662.338736,4.26e-23
662.338746,4.01e-23
662.338752,3.77e-23
662.353001,1.83e-23
662.353009,1.9e-23
662.35301,1.617e-24
662.353092,1.7699999999999998e-23
662.389896,8.649e-25
662.564585,5.47e-25
662.564963,5.34e-25
662.565101,5.25e-25
662.56882,3.0799999999999995e-25
662.568825,3.08e-25
662.574026,4.16e-25
662.574857,4.02e-25
662.575342,3.96e-25
662.57959,3.819e-25
662.613745,5.27e-25
662.613759,5.18e-25
662.613905,5.3599999999999995e-25
662.619111,9.11e-25
662.637172,3.1e-25
662.637178,3.02e-25
662.637185,2.93e-25
662.645516,8.899999999999999e-25
662.671535,3.92e-25
662.671713,3.9799999999999998e-25
662.672221,4.03e-25
662.691259,3.702e-25
662.701727,7.738e-24
662.789024,7.216e-24
662.798556,2.08e-24
662.798588,2.19e-24
662.798604,2.32e-24
662.823602,1.18e-24
662.823612,1.245e-24
662.911825,1.24e-24
662.911837,1.19e-24
662.911852,1.15e-24
662.939914,2.24e-24
662.939952,2.11e-24
662.939994,1.99e-24
663.107379,4.7429999999999996e-24
663.137514,4.19e-23
663.137521,4.45e-23
663.137525,4.73e-23
663.140095,1.67e-25
663.140204,1.67e-25
663.153199,4.576e-24
663.162684,1.87e-25
663.162803,1.79e-25
663.163251,2.03e-25
663.190307,2.19e-23
663.19038,2.12e-23
663.190388,2.05e-23
663.202173,1.72e-25
663.202321,1.73e-25
663.204768,4.5000000000000003e-23
663.204779,4.21e-23
663.204784,3.95e-23
663.227633,2.05e-23
663.227639,2.12e-23
663.227713,1.98e-23
663.236194,1.74e-25
663.236874,1.77e-25
663.237001,1.85e-25
663.269771,3.3080000000000003e-25
663.363975,2.87e-25
663.363976,2.72e-25
663.36398,2.79e-25
663.394313,3.838e-25
663.430381,2.81e-25
663.430386,2.74e-25
663.430393,2.66e-25
663.482461,3.176e-25
663.500269,3.723e-25
663.558305,7.993e-24
663.624224,2.26e-24
663.624252,2.38e-24
663.624265,2.51e-24
663.632493,1.1399999999999999e-24
663.632501,1.22e-24
663.632502,1.18e-24
663.650203,7.408e-24
663.717126,1.19e-24
663.717137,1.15e-24
663.717151,1.11e-24
663.727862,4.55e-25
663.730832,1.4699999999999999e-24
663.734245,3.7e-24
663.735568,3.0799999999999997e-24
663.737676,2.1499999999999998e-24
663.747952,2.1499999999999998e-24
663.750062,3.0799999999999997e-24
663.751477,3.45e-24
663.754796,1.4699999999999999e-24
663.755757,2.4199999999999998e-24
663.75579,2.3e-24
663.755827,2.17e-24
663.757768,4.57e-25
663.846832,1.0709999999999999e-24
663.870366,1.046e-24
663.976929,5.179e-24
663.999367,4.37e-23
663.999375,4.6699999999999993e-23
663.999383,4.98e-23
664.00194,1.97e-25
664.002065,1.97e-25
664.005968,1.24e-24
664.007867,2.64e-24
664.010254,4.39e-24
664.012666,2.9399999999999998e-24
664.015839,1.65e-24
664.024393,4.99e-24
664.027971,1.65e-24
664.031146,2.9399999999999998e-24
664.033535,4.09e-24
664.035943,2.64e-24
664.037844,1.25e-24
664.061343,2.44e-23
664.061409,2.36e-23
664.061415,2.28e-23
664.067264,2.06e-25
664.067426,2.07e-25
664.06985,4.72e-23
664.069863,4.4e-23
664.069867,4.11e-23
664.099871,2.28e-23
664.099875,2.37e-23
664.099941,2.2e-23
664.105997,4.116e-25
664.127381,2.29e-25
664.127545,2.55e-25
664.127674,2.83e-25
664.157573,2.58e-25
664.157575,2.46e-25
664.157579,2.52e-25
664.207295,3.815e-25
664.222161,2.53e-25
664.222166,2.47e-25
664.222173,2.4e-25
664.255099,1.41e-25
664.255525,1.36e-25
664.255777,1.31e-25
664.282956,1.31e-25
664.283208,1.36e-25
664.283632,1.3399999999999999e-25
664.296929,3.951e-25
664.308111,3.704e-25
664.316009,1.76e-25
664.316351,1.71e-25
664.316518,1.67e-25
664.344435,1.67e-25
664.344602,1.71e-25
664.344942,1.67e-25
664.353655,9.89e-26
664.377056,2.2e-25
664.377336,2.15e-25
664.377452,2.1e-25
664.386039,1.247e-24
664.405999,2.09e-25
664.406114,2.15e-25
664.406391,2.09e-25
664.41344,1.217e-24
664.413541,8.234e-24
664.437,2.74e-25
664.437234,2.6799999999999998e-25
664.437317,2.62e-25
664.439794,1.09e-24
664.4398,1.16e-24
664.439802,1.13e-24
664.447908,2.4099999999999998e-24
664.447933,2.5299999999999998e-24
664.447942,2.6599999999999998e-24
664.466446,2.62e-25
664.466529,2.6799999999999998e-25
664.46676,2.6e-25
664.487735,2.77e-25
664.487982,2.46e-25
664.488212,2.18e-25
664.496813,3.4e-25
664.497011,3.3299999999999998e-25
664.497073,3.26e-25
664.51016,7.573e-24
664.521141,1.1399999999999999e-24
664.52115,1.0999999999999998e-24
664.521163,1.06e-24
664.52675,3.26e-25
664.526811,3.3299999999999998e-25
664.527006,3.22e-25
664.555658,4.2e-25
664.555828,4.11e-25
664.555874,4.03e-25
664.570916,2.57e-24
664.570944,2.44e-24
664.570977,2.32e-24
664.586092,4.03e-25
664.586138,4.11e-25
664.586305,3.97e-25
664.614173,5.15e-25
664.61432,5.05e-25
664.614356,4.96e-25
664.645106,4.96e-25
664.645141,5.05e-25
664.645285,4.88e-25
664.671797,6.31e-25
664.671926,6.18e-25
664.671954,6.07e-25
664.703245,6.06e-25
664.703273,6.18e-25
664.703398,5.96e-25
664.728942,7.69e-25
664.729056,7.54e-25
664.729079,7.39e-25
664.760915,7.39e-25
664.760937,7.53e-25
664.761047,7.26e-25
664.785237,9.32e-25
664.785338,9.13e-25
664.785356,8.96e-25
664.817753,8.95e-25
664.81777,9.13e-25
664.817867,8.789999999999999e-25
664.840937,1.13e-24
664.841027,1.11e-24
664.841042,1.0799999999999999e-24
664.846026,5.627e-24
664.859984,4.5500000000000006e-23
664.859993,4.87e-23
664.860005,5.2100000000000006e-23
664.862546,2.35e-25
664.86269,2.35e-25
664.874013,1.0799999999999999e-24
664.874027,1.11e-24
664.874113,1.06e-24
664.895251,5.413e-24
664.895798,1.36e-24
664.89588,1.3299999999999999e-24
664.895892,1.2999999999999998e-24
664.929457,1.2999999999999998e-24
664.929468,1.3299999999999999e-24
664.929546,1.28e-24
664.931401,2.48e-25
664.931576,2.49e-25
664.933247,2.71e-23
664.933305,2.61e-23
664.93331,2.52e-23
664.933975,4.9299999999999993e-23
664.93399,4.58e-23
664.933993,4.25e-23
664.939099,4.881e-25
664.949617,2.31e-25
664.949621,2.2e-25
664.949624,2.26e-25
664.949976,1.62e-24
664.95005,1.5899999999999999e-24
664.95006,1.56e-24
664.973023,2.5300000000000003e-23
664.973026,2.62e-23
664.973084,2.43e-23
664.984238,1.56e-24
664.984247,1.5899999999999999e-24
664.984317,1.5299999999999999e-24
664.9858,6.12e-25
664.985924,6.74e-25
664.986016,7.42e-25
665.003309,1.92e-24
665.003376,1.88e-24
665.003384,1.84e-24
665.012506,2.27e-25
665.01251,2.21e-25
665.012517,2.16e-25
665.018568,3.755e-25
665.0382,1.84e-24
665.038208,1.88e-24
665.038271,1.7999999999999997e-24
665.045957,1.4199999999999999e-25
665.046087,1.36e-25
665.046532,1.55e-25
665.055885,2.2799999999999998e-24
665.055947,2.23e-24
665.055953,2.19e-24
665.091432,2.19e-24
665.091438,2.23e-24
665.091495,2.14e-24
665.107599,2.7e-24
665.107655,2.64e-24
665.107661,2.58e-24
665.112343,4.6870000000000005e-25
665.114738,3.648e-25
665.124871,1.31e-25
665.125499,1.3399999999999999e-25
665.125636,1.41e-25
665.14383,2.58e-24
665.143836,2.64e-24
665.143887,2.52e-24
665.158495,3.17e-24
665.158547,3.1e-24
665.158552,3.03e-24
665.190956,8.7e-25
665.191337,8.48e-25
665.191449,8.33e-25
665.195442,3.03e-24
665.195447,3.1e-24
665.195493,2.96e-24
665.208503,3.71e-24
665.20855,3.63e-24
665.208554,3.55e-24
665.231965,1.11e-25
665.236941,1.16e-25
665.237735,8.37e-25
665.237773,8.24e-25
665.23787,8.52e-25
665.242211,1.21e-25
665.245519,1.04e-24
665.245523,1.0999999999999998e-24
665.245526,1.07e-24
665.2462,3.5399999999999995e-24
665.246203,3.63e-24
665.246246,3.46e-24
665.257641,4.3199999999999995e-24
665.257685,4.22e-24
665.257688,4.13e-24
665.267523,8.467e-24
665.269709,2.5299999999999998e-24
665.26973,2.65e-24
665.269737,2.77e-24
665.284189,7.2e-25
665.284365,6.47e-25
665.284535,5.81e-25
665.296123,4.12e-24
665.296126,4.22e-24
665.296166,4.03e-24
665.30586,5e-24
665.3059,4.89e-24
665.305903,4.78e-24
665.323846,1.0799999999999999e-24
665.323855,1.04e-24
665.323867,1.0099999999999999e-24
665.345167,4.77e-24
665.34517,4.89e-24
665.345206,4.66e-24
665.353162,5.7699999999999995e-24
665.3532,5.63e-24
665.353202,5.5e-24
665.357666,2.12e-24
665.35812,1.19e-25
665.358748,3.28e-24
665.360986,5.2099999999999996e-24
665.362883,1.04e-25
665.364438,2.84e-24
665.368263,1.7999999999999997e-24
665.368629,7.711e-24
665.372754,1.7999999999999997e-24
665.376582,2.84e-24
665.380112,4.85e-24
665.382269,3.29e-24
665.383354,2.13e-24
665.385253,2.69e-24
665.385278,2.56e-24
665.385306,2.44e-24
665.393338,5.4899999999999995e-24
665.393339,5.63e-24
665.393373,5.35e-24
665.399512,6.63e-24
665.399547,6.459999999999999e-24
665.399549,6.31e-24
665.440601,6.3e-24
665.440602,6.459999999999999e-24
665.440633,6.1399999999999995e-24
665.444902,7.58e-24
665.444935,7.379999999999999e-24
665.444936,7.199999999999999e-24
665.483359,1.44e-25
665.486955,7.19e-24
665.486956,7.379999999999999e-24
665.486984,7.000000000000001e-24
665.488287,1.29e-25
665.489305,8.61e-24
665.489336,8.379999999999999e-24
665.489337,8.18e-24
665.492686,1.15e-25
665.517026,1.451e-24
665.532375,8.159999999999999e-24
665.532376,8.379999999999999e-24
665.532403,7.949999999999999e-24
665.532709,9.75e-24
665.532737,9.48e-24
665.532738,9.23e-24
665.542413,1.415e-24
665.573653,1.43e-25
665.575089,1.1e-23
665.575116,1.0549999999999998e-23
665.576855,9.345e-24
665.57688,8.96e-24
665.578686,1.3e-25
665.583239,1.18e-25
665.616432,1.2299999999999998e-23
665.616456,1.18e-23
665.620375,1.0549999999999998e-23
665.620399,1.01e-23
665.64073,1.33e-25
665.645834,1.23e-25
665.6505,1.13e-25
665.656715,1.37e-23
665.656737,1.3e-23
665.656738,1.3299999999999998e-23
665.662927,1.18e-23
665.662949,1.13e-23
665.6913,1.22e-25
665.695922,1.5199999999999998e-23
665.695942,1.43e-23
665.695943,1.48e-23
665.696452,1.13e-25
665.701206,1.05e-25
665.704495,1.3299999999999998e-23
665.704497,1.29e-23
665.704517,1.25e-23
665.713965,6.085e-24
665.719337,4.7e-23
665.719347,5.0599999999999993e-23
665.719363,5.449999999999999e-23
665.721887,2.82e-25
665.722051,2.83e-25
665.729531,1.09e-25
665.734033,1.67e-23
665.734052,1.5799999999999998e-23
665.734053,1.6299999999999997e-23
665.734717,1.02e-25
665.73954,9.58e-26
665.740111,2.06e-25
665.740115,1.96e-25
665.740117,2.01e-25
665.745072,1.48e-23
665.745074,1.43e-23
665.745093,1.3899999999999998e-23
665.75817,9.75e-26
665.765096,5.8439999999999996e-24
665.769494,5.582e-25
665.771031,1.84e-23
665.771048,1.7199999999999998e-23
665.77105,1.7799999999999998e-23
665.781332,3.6699999999999995e-24
665.781857,4.51e-24
665.783632,6.1199999999999996e-24
665.784645,1.6299999999999997e-23
665.784647,1.5799999999999998e-23
665.784665,1.53e-23
665.789285,2.1499999999999998e-24
665.793688,1.48e-24
665.794573,3.01e-25
665.794762,3.01e-25
665.797131,5.13e-23
665.797148,4.74e-23
665.79715,4.37e-23
665.79766,1.48e-24
665.801407,2.02e-25
665.801411,1.97e-25
665.801417,1.92e-25
665.802064,2.1499999999999998e-24
665.803417,3e-23
665.803469,2.8799999999999995e-23
665.803472,2.78e-23
665.806896,2.0100000000000003e-23
665.806911,1.88e-23
665.806913,1.94e-23
665.8077,5.69e-24
665.809491,4.51e-24
665.810018,3.68e-24
665.823206,1.7799999999999998e-23
665.823208,1.7199999999999998e-23
665.823225,1.67e-23
665.828161,3.662e-25
665.836034,1.09e-24
665.836131,1.19e-24
665.836199,1.2999999999999998e-24
665.84161,2.18e-23
665.841623,2.03e-23
665.841625,2.1e-23
665.844546,2.78e-23
665.844547,2.9e-23
665.8446,2.68e-23
665.860746,1.94e-23
665.860749,1.87e-23
665.860766,1.81e-23
665.875152,2.35e-23
665.875163,2.19e-23
665.875166,2.2700000000000003e-23
665.89726,2.1e-23
665.897263,2.02e-23
665.897279,1.95e-23
665.907502,2.5300000000000003e-23
665.907511,2.3400000000000003e-23
665.907515,2.43e-23
665.92011,3.561e-25
665.928079,5.364e-25
665.932741,2.26e-23
665.932745,2.18e-23
665.93276,2.1e-23
665.938639,2.7e-23
665.938646,2.49e-23
665.938651,2.5900000000000002e-23
665.967185,2.43e-23
665.96719,2.3300000000000002e-23
665.967205,2.25e-23
665.968542,2.86e-23
665.968547,2.64e-23
665.968552,2.74e-23
665.997186,3.01e-23
665.997188,2.77e-23
665.997194,2.8899999999999995e-23
666.000592,2.5900000000000002e-23
666.000598,2.48e-23
666.000612,2.39e-23
666.024546,3.0199999999999995e-23
666.024553,3.0199999999999995e-23
666.032962,2.74e-23
666.032968,2.62e-23
666.032983,2.52e-23
666.04968,9.73e-25
666.049682,1.04e-24
666.049687,1.0099999999999999e-24
666.050592,2.99e-23
666.050595,3.2799999999999995e-23
666.0506,3.13e-23
666.064297,2.8799999999999995e-23
666.064305,2.7599999999999995e-23
666.064319,2.64e-23
666.075294,3.08e-23
666.0753,3.38e-23
666.075304,3.22e-23
666.089705,2.61e-24
666.089724,2.73e-24
666.089728,2.85e-24
666.090812,1.26e-24
666.090945,1.1399999999999999e-24
666.091075,1.04e-24
666.094605,3.01e-23
666.094614,2.87e-23
666.094628,2.7499999999999995e-23
666.098619,3.13e-23
666.098628,3.47e-23
666.09863,3.29e-23
666.120492,8.705e-24
666.120524,3.16e-23
666.120537,3.33e-23
666.120538,3.52e-23
666.123468,1.3399999999999999e-25
666.123895,3.12e-23
666.123905,2.97e-23
666.123921,2.84e-23
666.125225,1.0099999999999999e-24
666.125233,9.79e-25
666.125244,9.49e-25
666.128405,1.41e-25
666.133666,1.48e-25
666.138312,1.06e-25
666.138402,1.06e-25
666.140963,3.16e-23
666.140977,3.34e-23
666.140981,3.5399999999999995e-23
666.143537,1.05e-25
666.143646,1.05e-25
666.14592,1.675e-24
666.152184,3.21e-23
666.152196,3.05e-23
666.152212,2.91e-23
666.157227,1.17e-25
666.157326,1.17e-25
666.159876,3.13e-23
666.159893,3.31e-23
666.159899,3.52e-23
666.162442,1.17e-25
666.162565,1.17e-25
666.174494,1.632e-24
666.174546,1.3e-25
666.174654,1.3e-25
666.177192,3.05e-23
666.177212,3.25e-23
666.177222,3.46e-23
666.179493,3.2799999999999995e-23
666.179507,3.11e-23
666.179524,2.95e-23
666.179749,1.29e-25
666.179887,1.29e-25
666.190178,1.43e-25
666.190297,1.43e-25
666.192819,2.94e-23
666.192842,3.14e-23
666.192856,3.36e-23
666.195364,1.4199999999999999e-25
666.195521,1.4199999999999999e-25
666.198663,2.77e-24
666.198684,2.64e-24
666.19871,2.52e-24
666.203407,9.58e-26
666.204004,1.56e-25
666.204134,1.56e-25
666.205853,3.32e-23
666.205869,3.13e-23
666.205887,2.97e-23
666.206637,2.78e-23
666.206665,2.98e-23
666.206684,3.21e-23
666.20835,9.61e-26
666.208456,9.6e-26
666.209169,1.55e-25
666.209346,1.55e-25
666.215863,1.67e-25
666.216005,1.67e-25
666.218486,2.57e-23
666.218519,2.77e-23
666.218544,3e-23
666.221,1.67e-25
666.2212,1.67e-25
666.224971,7.825e-24
666.22553,1.77e-25
666.225685,1.77e-25
666.228137,2.3e-23
666.228178,2.5e-23
666.22821,2.73e-23
666.228727,1.08e-25
666.228878,1.08e-25
666.23063,1.77e-25
666.230858,1.77e-25
666.231304,3.33e-23
666.231323,3.13e-23
666.231343,2.95e-23
666.231917,1.15e-25
666.232127,1.15e-25
666.232676,1.84e-25
666.232845,1.83e-25
666.233788,1.08e-25
666.233901,1.08e-25
666.234332,6.2899999999999995e-24
666.234438,7.1e-24
666.234542,8.13e-24
666.23526,1.99e-23
666.23531,2.17e-23
666.235353,2.39e-23
666.236644,1.15e-25
666.236794,1.82e-25
666.236977,1.81e-25
666.237046,1.65e-25
666.237063,1.15e-25
666.237244,1.64e-25
666.237726,1.83e-25
666.237987,1.83e-25
666.239344,1.61e-23
666.239406,1.7699999999999998e-23
666.239462,1.97e-23
666.239544,1.16e-23
666.239624,1.29e-23
666.239699,1.4599999999999998e-23
666.241773,1.81e-25
666.241924,1.64e-25
666.242075,1.81e-25
666.242278,1.64e-25
666.253337,1.2e-25
666.2535,1.2e-25
666.255903,3.3e-23
666.255925,3.09e-23
666.255947,2.91e-23
666.258372,1.21e-25
666.258491,1.21e-25
666.277172,1.3399999999999999e-25
666.277349,1.3399999999999999e-25
666.279725,3.23e-23
666.27975,3.01e-23
666.279775,2.82e-23
666.282177,1.3399999999999999e-25
666.282303,1.3399999999999999e-25
666.30034,1.48e-25
666.300531,1.48e-25
666.302875,3.11e-23
666.302905,2.8899999999999995e-23
666.302934,2.69e-23
666.305308,1.48e-25
666.305441,1.48e-25
666.318317,1.27e-25
666.318959,1.24e-25
666.319324,1.22e-25
666.322988,1.62e-25
666.323196,1.62e-25
666.325501,2.95e-23
666.325538,2.72e-23
666.325571,2.5300000000000003e-23
666.327913,1.62e-25
666.328051,1.62e-25
666.345331,1.74e-25
666.345558,1.74e-25
666.347817,2.74e-23
666.347861,2.51e-23
666.3479,2.31e-23
666.350203,1.75e-25
666.350347,1.74e-25
666.367691,1.86e-25
666.367941,1.86e-25
666.37014,2.4700000000000003e-23
666.370195,2.24e-23
666.370242,2.05e-23
666.372497,1.86e-25
666.372645,1.86e-25
666.39057,1.94e-25
666.390846,1.94e-25
666.39297,2.13e-23
666.393039,1.92e-23
666.393097,1.74e-23
666.39529,1.94e-25
666.395439,1.94e-25
666.414805,1.92e-25
666.415113,1.92e-25
666.417136,1.73e-23
666.417225,1.54e-23
666.417299,1.3899999999999998e-23
666.418115,1.19e-25
666.418196,1.21e-25
666.418561,1.23e-25
666.419411,1.92e-25
666.419557,1.92e-25
666.441921,1.74e-25
666.442269,1.74e-25
666.444152,1.26e-23
666.444271,1.1e-23
666.444368,9.69e-24
666.446369,1.74e-25
666.446501,1.74e-25
666.475086,1.23e-25
666.475487,1.22e-25
666.47716,6.79e-24
666.477327,5.8e-24
666.477462,5.05e-24
666.479302,1.22e-25
666.479401,1.22e-25
666.529055,1.82e-25
666.529059,1.74e-25
666.529062,1.78e-25
666.577406,4.84e-23
666.577418,5.24e-23
666.577439,5.68e-23
666.579941,3.41e-25
666.580128,3.42e-25
666.581165,6.547e-24
666.588859,1.79e-25
666.588862,1.75e-25
666.588868,1.71e-25
666.597475,6.204e-25
666.634355,6.277e-24
666.636096,3.54e-25
666.656758,3.67e-25
666.656963,3.67e-25
666.659296,5.319999999999999e-23
666.659316,4.88e-23
666.659317,4.47e-23
666.673699,3.29e-23
666.673745,3.16e-23
666.673747,3.04e-23
666.676669,6.86e-25
666.677519,6.6e-25
666.677981,6.51e-25
666.680526,1.63e-24
666.680604,1.75e-24
666.680655,1.8999999999999998e-24
666.716257,3.115e-23
666.716305,2.93e-23
666.724194,3.4450000000000003e-25
666.743714,5.967000000000001e-25
666.769444,6.45e-25
666.769599,6.54e-25
666.770086,6.63e-25
666.852287,9.11e-25
666.852288,9.67e-25
666.852293,9.38e-25
666.883744,9.96e-26
666.884351,1.1e-25
666.902882,1.83e-24
666.902984,1.68e-24
666.903088,1.5499999999999998e-24
666.907958,2.6599999999999998e-24
666.907974,2.77e-24
666.907977,2.9e-24
666.925262,9.449999999999999e-25
666.925269,9.16e-25
666.925279,8.88e-25
666.970707,9.86e-26
666.973062,8.971e-24
667.008332,4.6899999999999996e-24
667.008412,4.93e-24
667.010418,7.209999999999999e-24
667.011064,2.8099999999999998e-24
667.011083,2.69e-24
667.011106,2.57e-24
667.018033,2.1599999999999998e-24
667.018952,1.63e-25
667.019219,2.1e-24
667.02253,2.1e-24
667.023718,2.1499999999999998e-24
667.02384,1.72e-25
667.029088,1.83e-25
667.031397,6.68e-24
667.033337,4.94e-24
667.033419,4.7e-24
667.077459,7.912e-24
667.202618,1.929e-24
667.229897,1.879e-24
667.316451,1.62e-25
667.316457,1.54e-25
667.316459,1.58e-25
667.374854,1.59e-25
667.374856,1.55e-25
667.374863,1.51e-25
667.423251,6.736e-25
667.434184,4.96e-23
667.434198,5.4e-23
667.434224,5.9e-23
667.436699,4.16e-25
667.436912,4.17e-25
667.437648,3.1460000000000003e-25
667.442392,3.395e-25
667.447263,7.01e-24
667.474958,3.088e-25
667.502689,6.706999999999999e-24
667.517911,4.53e-25
667.518134,4.53e-25
667.520424,5.5e-23
667.520445,4.5399999999999993e-23
667.520446,5e-23
667.520671,2.17e-24
667.520734,2.34e-24
667.520772,2.52e-24
667.526963,3.3060000000000003e-25
667.542664,3.6e-23
667.542705,3.46e-23
667.542706,3.32e-23
667.546867,6.22e-24
667.546941,6.15e-24
667.548613,8.39e-24
667.558464,1.95e-24
667.558953,6.486e-25
667.559101,1.81e-24
667.563152,1.81e-24
667.563788,1.96e-24
667.573627,7.769999999999999e-24
667.575313,6.1599999999999995e-24
667.575385,6.24e-24
667.586766,3.47e-23
667.586767,3.33e-23
667.586809,3.19e-23
667.653349,8.97e-25
667.65335,8.46e-25
667.653355,8.71e-25
667.712989,1.35e-24
667.713397,1.31e-24
667.713489,1.29e-24
667.717961,2.43e-24
667.718042,2.24e-24
667.718125,2.06e-24
667.723944,8.769999999999999e-25
667.72395,8.51e-25
667.72396,8.26e-25
667.724517,2.6799999999999998e-24
667.724531,2.7899999999999998e-24
667.724532,2.9e-24
667.759671,1.31e-24
667.759744,1.28e-24
667.75978,1.3299999999999999e-24
667.822391,2.82e-24
667.822407,2.7e-24
667.822428,2.59e-24
667.826937,9.312e-24
667.899959,2.2069999999999998e-24
667.919931,2.01e-25
667.920411,7.957e-24
667.924759,2.15e-25
667.929897,2.147e-24
667.929986,2.31e-25
668.102301,1.4199999999999999e-25
668.102308,1.35e-25
668.10231,1.38e-25
668.159387,1.39e-25
668.159389,1.36e-25
668.159395,1.33e-25
668.232517,1.82e-25
668.233175,1.77e-25
668.233508,1.74e-25
668.246976,7.174e-25
668.247064,3.231e-25
668.289688,5.049999999999999e-23
668.289703,5.559999999999999e-23
668.289737,6.12e-23
668.292178,5.13e-25
668.292421,5.14e-25
668.312431,7.468e-24
668.328393,3.1480000000000003e-25
668.330556,1.68e-25
668.330605,1.7e-25
668.330944,1.73e-25
668.357323,2.72e-24
668.357375,2.9199999999999998e-24
668.357405,3.13e-24
668.37029,7.13e-24
668.373583,6.914000000000001e-25
668.377932,5.65e-25
668.378174,5.65e-25
668.380411,5.669999999999999e-23
668.380432,4.59e-23
668.380435,5.09e-23
668.411268,3.92e-23
668.411304,3.68e-23
668.452872,8.27e-25
668.452874,7.82e-25
668.452878,8.04e-25
668.45702,3.78e-23
668.457022,3.61e-23
668.457059,3.45e-23
668.521258,8.09e-25
668.521264,7.86e-25
668.521273,7.629999999999999e-25
668.534654,3.01e-24
668.534719,2.7899999999999998e-24
668.534789,2.59e-24
668.539421,2.6599999999999998e-24
668.539433,2.825e-24
668.632592,2.7999999999999998e-24
668.632606,2.69e-24
668.632625,2.58e-24
668.676371,5.8399999999999996e-24
668.676948,6.899999999999999e-24
668.678779,9.78e-24
668.684311,3.68e-24
668.688672,2.37e-24
668.691653,2.37e-24
668.696012,3.69e-24
668.701599,9.03e-24
668.703376,6.909999999999999e-24
668.703951,5.85e-24
668.828621,2.54e-25
668.833373,2.75e-25
668.838569,3e-25
668.886607,1.23e-25
668.886614,1.18e-25
668.886615,1.21e-25
668.900496,2.517e-24
668.929741,2.447e-24
668.942453,1.21e-25
668.942455,1.19e-25
668.942461,1.16e-25
669.050125,3.052e-25
669.068767,7.514000000000001e-25
669.128463,2.9760000000000003e-25
669.143994,5.13e-23
669.144011,5.709999999999999e-23
669.144053,6.35e-23
669.14645,6.45e-25
669.146729,6.46e-25
669.176481,7.917999999999999e-24
669.187445,7.249000000000001e-25
669.19104,3.24e-24
669.191083,3.46e-24
669.191106,3.69e-24
669.236593,7.2e-25
669.236854,7.21e-25
669.236999,7.541e-24
669.239024,5.83e-23
669.239043,4.6e-23
669.23905,5.169999999999999e-23
669.250864,7.57e-25
669.250867,7.17e-25
669.250871,7.37e-25
669.278756,4.25e-23
669.278786,3.88e-23
669.278787,4.06e-23
669.304376,7.03e-24
669.305031,8.33e-24
669.30668,1.13e-23
669.312375,3.97e-24
669.316778,2.36e-24
669.317196,7.41e-25
669.3172,7.2e-25
669.31721,7e-25
669.322717,2.37e-24
669.326292,4.09e-23
669.326295,3.9e-23
669.326328,3.72e-23
669.327118,3.98e-24
669.332805,1.0399999999999998e-23
669.334464,8.33e-24
669.335117,7.039999999999999e-24
669.352105,3.55e-24
669.352158,3.31e-24
669.352217,3.09e-24
669.352703,2.63e-24
669.352712,2.83e-24
669.352714,2.73e-24
669.441625,2.75e-24
669.441638,2.65e-24
669.441655,2.5399999999999998e-24
669.649109,2.853e-24
669.669368,1.07e-25
669.669376,1.03e-25
669.669377,1.05e-25
669.68062,2.771e-24
669.724047,1.05e-25
669.724049,1.03e-25
669.724055,1.01e-25
669.748409,3.3e-25
669.753061,3.62e-25
669.75821,4e-25
669.791476,4.6810000000000005e-25
669.827393,4.587e-25
669.888713,7.756e-25
669.986082,2.54e-25
669.98672,2.45e-25
669.987017,2.41e-25
669.99731,5.1899999999999993e-23
669.997328,5.85e-23
669.997379,6.6e-23
669.999719,8.29e-25
670.000041,8.29e-25
670.000419,7.49e-25
670.022197,3.73e-24
670.022234,3.96e-24
670.022251,4.21e-24
670.030898,1.68e-25
670.032776,1.77e-25
670.034874,1.84e-25
670.039462,8.353e-24
670.047331,6.89e-25
670.047335,6.53e-25
670.047338,6.71e-25
670.054617,5.91e-25
670.058393,6.04e-25
670.061403,6.29e-25
670.093343,9.39e-25
670.093621,9.4e-25
670.095704,5.99e-23
670.095714,4.57e-23
670.09573,5.23e-23
670.102892,7.933999999999999e-24
670.111747,6.74e-25
670.111751,6.56e-25
670.11176,6.38e-25
670.145583,4.58e-23
670.145608,4.17e-23
670.14561,4.37e-23
670.148227,9.75e-26
670.148228,9.75e-26
670.164389,2.56e-24
670.164396,2.76e-24
670.164399,2.6599999999999998e-24
670.169756,4.05e-24
670.1698,3.7999999999999995e-24
670.16985,3.5599999999999995e-24
670.187042,1.94e-24
670.187163,1.98e-24
670.18731,2.0199999999999998e-24
670.188166,1.48e-24
670.190097,1.43e-24
670.192057,1.36e-24
670.195044,4.4e-23
670.195048,4.19e-23
670.195077,3.99e-23
670.249455,2.6799999999999998e-24
670.249466,2.58e-24
670.249483,2.49e-24
670.358719,4.4499999999999995e-24
670.360455,8.19e-24
670.362635,1.31e-23
670.365382,8.22e-24
670.368773,4.13e-24
670.381135,4.14e-24
670.384524,8.24e-24
670.387315,1.2e-23
670.389453,8.199999999999999e-24
670.391187,4.46e-24
670.533613,3.261e-25
670.607889,3.222e-24
670.639215,3.1269999999999998e-24
670.641429,1.11e-24
670.6423,1.07e-24
670.642737,1.06e-24
670.684775,4.45e-25
670.689292,4.95e-25
670.694366,5.57e-25
670.706887,7.903000000000001e-25
670.729446,1.05e-24
670.729577,1.06e-24
670.730039,1.07e-24
670.802815,3.1170000000000004e-25
670.812415,7.639e-25
670.842277,6.23e-25
670.842282,5.91e-25
670.842285,6.07e-25
670.850175,5.24e-23
670.850191,6.01e-23
670.850253,6.89e-23
670.85106,4.16e-24
670.851091,4.399999999999999e-24
670.851103,4.66e-24
670.852513,1.0999999999999998e-24
670.852887,1.0999999999999998e-24
670.901267,8.768e-24
670.904905,6.099999999999999e-25
670.904908,5.94e-25
670.904917,5.78e-25
670.946717,1.2699999999999999e-24
670.947004,1.2699999999999999e-24
670.948958,4.49e-23
670.948971,6.16e-23
670.948989,5.26e-23
670.967901,8.304e-24
670.974503,2.48e-24
670.974507,2.6599999999999998e-24
670.974511,2.57e-24
670.987228,4.49e-24
670.987266,4.23e-24
670.987309,3.98e-24
671.011361,4.9199999999999993e-23
671.011382,4.46e-23
671.011385,4.6800000000000006e-23
671.013999,1.15e-25
671.014014,1.15e-25
671.054786,4.5799999999999995e-24
671.056055,2.59e-24
671.056064,2.5e-24
671.05608,2.4099999999999998e-24
671.056807,9.14e-24
671.059042,1.5e-23
671.060278,1.14e-25
671.060364,1.14e-25
671.061543,9.91e-24
671.062915,4.71e-23
671.06292,4.47e-23
671.062945,4.25e-23
671.064699,4.93e-24
671.080806,4.9499999999999996e-24
671.083961,9.94e-24
671.086456,1.37e-23
671.088698,9.15e-24
671.090717,4.5799999999999995e-24
671.378506,4.793e-25
671.39409,3.617e-24
671.42741,3.507e-24
671.499173,3.087e-25
671.523346,7.959e-25
671.531057,3.022e-25
671.551776,3.692e-25
671.583584,3.41e-25
671.584255,3.613e-25
671.584292,3.28e-25
671.584542,3.23e-25
671.600671,4.395e-25
671.61092,4.573e-25
671.623359,7.702e-25
671.633809,4.299e-25
671.635706,5.6e-25
671.635713,5.32e-25
671.635715,5.46e-25
671.647328,6.35e-25
671.651618,5.208e-25
671.651652,7.2e-25
671.656602,8.32e-25
671.662678,3.18e-25
671.662727,3.23e-25
671.663064,3.28e-25
671.677819,4.53e-24
671.677845,4.78e-24
671.677854,5.04e-24
671.685406,5.092e-25
671.696661,5.49e-25
671.696665,5.35e-25
671.696673,5.21e-25
671.699868,6.144e-25
671.704052,5.29e-23
671.70406,6.2e-23
671.704132,7.26e-23
671.706282,1.52e-24
671.706714,1.52e-24
671.734362,6.004e-25
671.749214,7.215000000000001e-25
671.761887,9.159e-24
671.783062,2.38e-24
671.783064,2.5499999999999998e-24
671.783069,2.46e-24
671.784419,7.047e-25
671.792034,1.7799999999999994e-24
671.792297,1.7799999999999994e-24
671.794029,4.34e-23
671.794096,5.24e-23
671.794109,6.319999999999999e-23
671.79654,8.434e-25
671.804257,4.87e-24
671.804288,4.6e-24
671.804326,4.34e-24
671.832058,8.645e-24
671.832507,8.233000000000001e-25
671.844291,9.813e-25
671.861399,2.48e-24
671.861408,2.4e-24
671.861422,2.31e-24
671.876283,5.24e-23
671.876299,4.74e-23
671.876303,4.99e-23
671.878913,1.35e-25
671.878943,1.35e-25
671.881039,9.573e-25
671.890461,1.1359999999999999e-24
671.927476,1.35e-25
671.927573,1.35e-25
671.928039,1.108e-24
671.930109,5.01e-23
671.930116,4.76e-23
671.930138,4.5000000000000003e-23
671.93659,1.31e-24
671.975028,1.276e-24
671.981409,1.503e-24
672.020758,1.4629999999999999e-24
672.025863,1.716e-24
672.051639,1.8999999999999998e-24
672.055215,6.1599999999999995e-24
672.058897,1.7e-23
672.060147,1.47e-23
672.06178,9.88e-24
672.063965,6.812e-25
672.066162,1.67e-24
672.069163,1.95e-24
672.082573,9.9e-24
672.084204,1.47e-23
672.085491,1.56e-23
672.089139,6.1599999999999995e-24
672.092713,1.8999999999999998e-24
672.098485,6.665e-25
672.11047,1.896e-24
672.11187,2.205e-24
672.153503,2.482e-24
672.154235,2.1419999999999998e-24
672.19438,2.779e-24
672.196991,2.409e-24
672.218357,6.362e-25
672.234212,3.096e-24
672.239054,2.695e-24
672.273169,3.432e-24
672.280158,2.999e-24
672.311077,3.784e-24
672.320414,3.3209999999999996e-24
672.322357,4.044e-24
672.33822,7.924e-25
672.348017,4.152e-24
672.355927,3.918e-24
672.359758,3.659e-24
672.383884,4.53e-24
672.39822,4.009e-24
672.418707,4.917e-24
672.422933,6.067e-25
672.427624,5.01e-25
672.427631,4.77e-25
672.427633,4.89e-25
672.433194,7.682e-25
672.435714,4.369e-24
672.452419,5.307e-24
672.472282,4.736e-24
672.485021,5.695e-24
672.487011,4.92e-25
672.487014,4.79e-25
672.487023,4.67e-25
672.495705,3.0699999999999998e-24
672.496211,2.98e-24
672.496326,2.9199999999999998e-24
672.502616,4.8399999999999995e-24
672.502639,5.09e-24
672.502644,5.3599999999999995e-24
672.50787,5.104e-24
672.516464,6.076e-24
672.527021,2.9399999999999998e-24
672.527071,2.99e-24
672.527131,2.89e-24
672.542495,5.468e-24
672.546735,6.444e-24
672.575793,6.792e-24
672.576127,5.824e-24
672.590082,2.3449999999999998e-24
672.590089,2.34e-24
672.603613,7.112e-24
672.608774,6.1649999999999996e-24
672.620648,5.17e-24
672.620675,4.899999999999999e-24
672.620708,4.64e-24
672.62125,9.521e-24
672.630159,7.397999999999999e-24
672.64042,6.485e-24
672.655048,9.97e-25
672.655397,7.641e-24
672.659077,1.17e-24
672.663807,1.39e-24
672.66547,2.36e-24
672.665478,2.2799999999999998e-24
672.665491,2.21e-24
672.671071,6.775e-24
672.679285,7.833e-24
672.69534,8.952e-24
672.700726,7.03e-24
672.701781,7.966e-24
672.715104,1.01e-25
672.715285,9.89e-26
672.715335,9.74e-26
672.722833,8.031e-24
672.729393,7.241e-24
672.74015,5.57e-23
672.740161,5e-23
672.740165,5.28e-23
672.742383,8.021e-24
672.742771,1.59e-25
672.742816,1.59e-25
672.745916,9.87e-26
672.746077,1.01e-25
672.746362,1.02e-25
672.757087,7.4e-24
672.760359,7.928e-24
672.776673,7.744e-24
672.783828,7.499e-24
672.791213,7.46e-24
672.793829,1.5999999999999998e-25
672.793939,1.5999999999999998e-25
672.796459,5.319999999999999e-23
672.796466,5.02e-23
672.796486,4.75e-23
672.798263,1.63e-24
672.802249,5.3599999999999995e-24
672.80383,7.069e-24
672.806656,1.93e-23
672.807728,1.7099999999999998e-23
672.808975,1.28e-23
672.809648,7.532e-24
672.814322,6.561e-24
672.81628,1.727e-24
672.822401,5.927e-24
672.826315,3.097e-24
672.827635,5.154e-24
672.829336,4.22e-24
672.833242,1.29e-23
672.834488,1.7099999999999998e-23
672.834591,7.489e-24
672.835555,1.7599999999999997e-23
672.839968,5.3599999999999995e-24
672.843952,1.63e-24
672.858722,7.364e-24
672.882129,7.15e-24
672.904938,6.839e-24
672.927331,6.427e-24
672.94012,4.33e-25
672.940295,4.89e-25
672.940427,5.5e-25
672.949577,5.9049999999999996e-24
672.97209,5.268e-24
672.995543,4.507e-24
673.021109,3.613e-24
673.030009,4.41e-25
673.030786,4.21e-25
673.030977,4.16e-25
673.051068,2.573e-24
673.054245,7.9e-25
673.090674,1.371e-24
673.107764,4.16e-25
673.107827,4.11e-25
673.107999,4.21e-25
673.135411,4.497e-24
673.15122,7.827e-25
673.170813,4.351e-24
673.218033,4.46e-25
673.218041,4.25e-25
673.218043,4.35e-25
673.237013,7.537000000000001e-25
673.241875,7.587000000000001e-25
673.27595,4.37e-25
673.275952,4.27e-25
673.27596,4.16e-25
673.303127,5.3599999999999995e-25
673.303403,4.68e-25
673.303661,4.09e-25
673.325559,5.07e-24
673.325579,5.33e-24
673.325581,5.5999999999999996e-24
673.395576,2.2899999999999998e-24
673.395577,2.14e-24
673.395583,2.21e-24
673.416936,1.63e-25
673.417123,1.5999999999999998e-25
673.417209,1.58e-25
673.433528,1.57e-25
673.433899,1.59e-25
673.434348,1.62e-25
673.436258,5.4e-24
673.436281,5.13e-24
673.436311,4.88e-24
673.46825,2.23e-24
673.468256,2.1599999999999998e-24
673.468269,2.09e-24
673.479318,9.852e-24
673.557763,9.222e-24
673.603018,5.9e-23
673.603024,5.25e-23
673.603029,5.57e-23
673.60563,1.86e-25
673.605692,1.86e-25
673.659421,1.89e-25
673.659543,1.89e-25
673.662046,5.61e-23
673.662055,5.28e-23
673.662072,4.98e-23
673.752766,7.71e-25
673.75747,2.31e-24
673.764813,2.18e-23
673.765467,2.03e-23
673.766012,1.81e-23
673.792187,1.82e-23
673.79273,2.04e-23
673.793413,1.98e-23
673.800729,2.31e-24
673.801336,1.16e-24
673.801465,1.29e-24
673.801556,1.43e-24
673.805431,7.699999999999998e-25
673.886847,9.355e-25
673.962763,7.654e-25
674.006936,3.94e-25
674.006945,3.76e-25
674.006947,3.85e-25
674.041765,4.978e-24
674.049364,7.426e-25
674.052068,8.934e-25
674.063471,3.87e-25
674.063473,3.77e-25
674.063482,3.68e-25
674.077801,4.811e-24
674.096539,1.38e-24
674.096728,1.22e-24
674.096913,1.09e-24
674.14673,5.25e-24
674.146748,5.63e-24
674.149827,2.58e-25
674.150004,2.54e-25
674.150062,2.49e-25
674.17181,2.53e-25
674.172,2.58e-25
674.172319,2.63e-25
674.199556,2.14e-24
674.199559,2.01e-24
674.199565,2.08e-24
674.250981,5.57e-24
674.251001,5.3e-24
674.251028,5.05e-24
674.262369,9.697e-25
674.269725,2.09e-24
674.269731,2.0199999999999998e-24
674.269743,1.96e-24
674.295656,9.476e-25
674.330767,5.49e-25
674.331663,5.16e-25
674.331768,5.14e-25
674.33603,1.015e-23
674.405966,5.13e-25
674.406103,5.15e-25
674.406132,5.09e-25
674.419328,9.45e-24
674.46478,6.209999999999999e-23
674.464781,5.5e-23
674.464787,5.839999999999999e-23
674.465807,1.7599999999999998e-24
674.4667,1.68e-24
674.467108,1.67e-24
674.467382,2.2e-25
674.467461,2.2e-25
674.524179,2.24e-25
674.524315,2.24e-25
674.526799,5.9e-23
674.526809,5.519999999999999e-23
674.526824,5.179999999999999e-23
674.536339,6.29e-25
674.541211,1.67e-24
674.549071,1.66e-24
674.549176,1.67e-24
674.54961,1.69e-24
674.550253,2.45e-23
674.550815,2.31e-23
674.551204,2.13e-23
674.579908,2.13e-23
674.580296,2.32e-23
674.580855,2.22e-23
674.589901,1.67e-24
674.594771,6.27e-25
674.653427,2.04e-24
674.653526,2.25e-24
674.65359,2.48e-24
674.678821,9.72e-26
674.683917,9.86e-26
674.689211,9.86e-26
674.716607,1.069e-24
674.75564,4.5e-24
674.756175,4.33e-24
674.756197,4.26e-24
674.772714,7.421e-25
674.78726,4.27e-24
674.787261,4.34e-24
674.787428,4.2e-24
674.794337,3.47e-25
674.794346,3.31e-25
674.794348,3.39e-25
674.838449,9.69e-26
674.840427,1.39e-25
674.849572,3.4e-25
674.849574,3.32e-25
674.849582,3.24e-25
674.855631,7.206000000000001e-25
674.864315,1.33e-25
674.866282,9.69e-26
674.86741,1.022e-24
674.868789,1.08e-25
674.869358,1.32e-25
674.871114,1.76e-25
674.873397,5.481e-24
674.895604,1.67e-25
674.897353,1.32e-25
674.897922,1.08e-25
674.902451,2.38e-24
674.902588,2.14e-24
674.902727,1.92e-24
674.911201,5.291e-24
674.917958,4.04e-25
674.918129,3.97e-25
674.91818,3.9e-25
674.934315,1.56e-25
674.934536,1.69e-25
674.936224,2.22e-25
674.938714,3.97e-25
674.938887,4.04e-25
674.939204,4.12e-25
674.960937,2.11e-25
674.962616,1.68e-25
674.962838,1.56e-25
674.966196,5.3599999999999995e-24
674.96621,5.8599999999999996e-24
674.966211,5.61e-24
674.970341,2.11e-25
674.970361,2.08e-25
674.972049,2.79e-25
674.997331,2.65e-25
674.999013,2.08e-25
674.999033,2.1e-25
675.002035,1.99e-24
675.002039,1.88e-24
675.002044,1.93e-24
675.031009,2.5e-25
675.031273,2.66e-25
675.032889,3.4899999999999998e-25
675.058458,3.31e-25
675.060068,2.65e-25
675.060331,2.5e-25
675.064733,5.67e-24
675.06475,5.41e-24
675.064775,5.16e-24
675.069883,1.94e-24
675.069888,1.8899999999999998e-24
675.069901,1.83e-24
675.070256,2.82e-25
675.070812,3.28e-25
675.072452,4.34e-25
675.078529,1.44e-25
675.092486,1.45e-25
675.098569,4.12e-25
675.100205,3.28e-25
675.10076,2.82e-25
675.127085,2.78e-25
675.12813,3.88e-25
675.129938,5.37e-25
675.134102,2.5e-25
675.138163,1.32e-25
675.148169,1.32e-25
675.152229,2.5e-25
675.156399,5.09e-25
675.158202,3.87e-25
675.159246,2.78e-25
675.168206,2.32e-25
675.16998,4.32e-25
675.172113,6.64e-25
675.174873,4.19e-25
675.178256,2.08e-25
675.191337,1.041e-23
675.192969,2.08e-25
675.196352,4.2e-25
675.199115,6.28e-25
675.201246,4.31e-25
675.203019,2.32e-25
675.221322,1.57e-25
675.224116,4.19e-25
675.226923,8.16e-25
675.228677,6.44e-25
675.231075,3.67e-25
675.250166,3.67e-25
675.252564,6.44e-25
675.254321,7.71e-25
675.257125,4.19e-25
675.259919,1.57e-25
675.263145,1.02e-25
675.26687,3.37e-25
675.270812,9.97e-25
675.271996,8.769999999999999e-25
675.273488,6.24e-25
675.280047,9.633e-24
675.296077,6.24e-25
675.297569,8.769999999999999e-25
675.298755,9.419999999999999e-25
675.302695,3.36e-25
675.30642,1.02e-25
675.317686,2.17e-25
675.323434,1.22e-24
675.324262,1.13e-24
675.325104,9.52e-25
675.325425,5.72e-23
675.325429,6.51e-23
675.325432,6.1e-23
675.32802,2.6e-25
675.328117,2.6e-25
675.35015,9.52e-25
675.350991,1.13e-24
675.351822,1.15e-24
675.357568,2.16e-25
675.360341,1.35e-25
675.368318,1.48e-24
675.368935,1.3999999999999999e-24
675.369427,1.29e-24
675.388134,2.6799999999999998e-25
675.388285,2.6799999999999998e-25
675.390748,6.16e-23
675.39076,5.75e-23
675.390773,5.36e-23
675.396156,1.29e-24
675.396647,1.3999999999999999e-24
675.397266,1.39e-24
675.405242,1.35e-25
675.419088,1.7699999999999998e-24
675.419561,1.7e-24
675.419859,1.63e-24
675.447757,1.63e-24
675.448055,1.7e-24
675.44853,1.67e-24
675.460197,3.7e-25
675.464393,2.13e-24
675.46477,2.06e-24
675.464964,1.99e-24
675.465267,8.33e-25
675.477956,2.7499999999999995e-23
675.47835,2.62e-23
675.47855,2.48e-23
675.491737,6.58e-25
675.492813,6.08e-25
675.492852,5.99e-25
675.493847,1.99e-24
675.49404,2.06e-24
675.494418,2.01e-24
675.499351,3.04e-24
675.499428,3.32e-24
675.499474,3.62e-24
675.508089,2.49e-23
675.508287,2.63e-23
675.508704,2.48e-23
675.51353,2.5499999999999998e-24
675.513836,2.48e-24
675.513967,2.4099999999999998e-24
675.521372,8.28e-25
675.526439,3.68e-25
675.543662,2.4099999999999998e-24
675.543792,2.48e-24
675.54383,1.188e-24
675.544099,2.4e-24
675.556929,1.15e-25
675.558797,3.04e-24
675.559051,2.96e-24
675.559144,2.89e-24
675.562,1.18e-25
675.564338,5.98e-25
675.564351,6.06e-25
675.564657,6.07e-25
675.567299,1.19e-25
675.580237,3.03e-25
675.580248,2.9e-25
675.580249,2.96e-25
675.5811,7.137e-25
675.589635,2.88e-24
675.589727,2.96e-24
675.589981,2.85e-24
675.606429,3.61e-24
675.606643,3.5199999999999996e-24
675.60671,3.44e-24
675.634249,2.97e-25
675.634251,2.91e-25
675.634259,2.8399999999999998e-25
675.637931,3.4299999999999995e-24
675.637997,3.5199999999999996e-24
675.638211,3.38e-24
675.651286,4.27e-24
675.651469,4.16e-24
675.651519,4.0599999999999995e-24
675.66065,6.936000000000001e-25
675.671296,4.233e-25
675.68258,1.1369999999999999e-24
675.683494,4.0599999999999995e-24
675.683543,4.16e-24
675.683726,3.99e-24
675.697472,5e-24
675.697631,4.89e-24
675.697668,4.78e-24
675.714804,3.47e-24
675.714908,3.15e-24
675.715017,2.86e-24
675.725453,6.22e-25
675.725617,6.11e-25
675.725664,6e-25
675.730374,4.77e-24
675.730411,4.89e-24
675.730569,4.68e-24
675.741618,5.8599999999999996e-24
675.741756,5.7099999999999996e-24
675.741785,5.5799999999999996e-24
675.744313,6.11e-25
675.744475,6.22e-25
675.744794,6.35e-25
675.752471,4.146e-25
675.764262,6.007e-24
675.775258,5.57e-24
675.775286,5.7099999999999996e-24
675.775423,5.46e-24
675.784008,5.41e-24
675.784019,5.89e-24
675.784022,5.65e-24
675.786368,6.819999999999999e-24
675.78649,6.649999999999999e-24
675.786512,6.499999999999999e-24
675.80302,1.84e-24
675.803025,1.74e-24
675.803029,1.79e-24
675.803055,5.7909999999999996e-24
675.820753,6.4899999999999996e-24
675.820775,6.649999999999999e-24
675.820895,6.35e-24
675.829553,7.91e-24
675.829661,7.71e-24
675.829679,7.53e-24
675.864729,7.52e-24
675.864746,7.71e-24
675.864852,7.35e-24
675.868715,1.7999999999999997e-24
675.86872,1.75e-24
675.868732,1.69e-24
675.872839,9.11e-24
675.872934,8.88e-24
675.872948,8.67e-24
675.877448,5.7099999999999996e-24
675.877464,5.46e-24
675.877486,5.22e-24
675.899729,3.1390000000000003e-25
675.908826,8.65e-24
675.908839,8.88e-24
675.908934,8.45e-24
675.909094,3.204e-25
675.914854,1.05e-23
675.91494,1.02e-23
675.914951,9.95e-24
675.951701,9.93e-24
675.951711,1.02e-23
675.951796,9.69e-24
675.95662,1.2e-23
675.956697,1.1699999999999998e-23
675.956706,1.14e-23
675.99436,1.14e-23
675.994368,1.1699999999999998e-23
675.994443,1.11e-23
675.997287,1.36e-23
675.997357,1.3299999999999998e-23
675.997364,1.29e-23
675.998078,2.36e-25
676.002932,2.03e-25
676.007107,1.75e-25
676.035972,1.29e-23
676.035978,1.3299999999999998e-23
676.036047,1.26e-23
676.03746,1.54e-23
676.037524,1.5e-23
676.03753,1.4599999999999998e-23
676.045186,1.064e-23
676.076624,1.73e-23
676.076682,1.68e-23
676.076686,1.6399999999999998e-23
676.077136,1.4599999999999998e-23
676.077141,1.5e-23
676.077203,1.42e-23
676.11512,1.94e-23
676.115173,1.88e-23
676.115176,1.83e-23
676.115682,2.73e-25
676.117349,1.6399999999999998e-23
676.117352,1.68e-23
676.117409,1.6000000000000002e-23
676.120703,2.41e-25
676.125119,2.13e-25
676.139916,9.771e-24
676.15264,2.16e-23
676.152688,2.1e-23
676.152691,2.04e-23
676.156952,1.83e-23
676.156954,1.88e-23
676.157006,1.7699999999999998e-23
676.184885,5.909999999999999e-23
676.184893,6.339999999999999e-23
676.184895,6.8e-23
676.187473,3.08e-25
676.18759,3.09e-25
676.189366,2.4e-23
676.189411,2.3300000000000002e-23
676.189413,2.26e-23
676.195647,2.03e-23
676.195649,2.1e-23
676.195697,1.97e-23
676.197517,2.62e-25
676.202636,2.36e-25
676.207215,2.12e-25
676.225115,2.65e-23
676.225156,2.57e-23
676.225157,2.49e-23
676.233621,2.25e-23
676.233622,2.3300000000000002e-23
676.233666,2.18e-23
676.251263,3.21e-25
676.25143,3.21e-25
676.253869,6.409999999999999e-23
676.253883,5.949999999999999e-23
676.253894,5.519999999999999e-23
676.256609,2.4e-25
676.259975,2.91e-23
676.260012,2.775e-23
676.26179,2.1899999999999998e-25
676.266487,2e-25
676.270086,3.01e-25
676.270699,2.525e-23
676.27074,2.4e-23
676.275213,6.11e-25
676.290351,3.06e-23
676.290693,2.92e-23
676.290842,2.79e-23
676.293833,3.18e-23
676.293867,3.0199999999999995e-23
676.300021,2.15e-25
676.305241,1.98e-25
676.306976,2.77e-23
676.307014,2.63e-23
676.310027,1.84e-25
676.32242,2.79e-23
676.322568,2.93e-23
676.322909,2.7499999999999995e-23
676.326724,3.46e-23
676.326754,3.23e-23
676.326755,3.34e-23
676.331971,1.91e-25
676.337217,1.78e-25
676.33805,6.06e-25
676.340729,4.07e-24
676.340791,4.41e-24
676.340825,4.78e-24
676.342073,1.67e-25
676.34235,3.07e-23
676.342352,2.97e-23
676.342386,2.87e-23
676.343175,2.99e-25
676.355159,1.69e-25
676.358577,3.74e-23
676.358604,3.48e-23
676.358606,3.6e-23
676.360423,1.5999999999999998e-25
676.364641,2.64e-25
676.364652,2.52e-25
676.364653,2.58e-25
676.365334,1.52e-25
676.368731,1.29e-24
676.371403,1.51e-25
676.376679,1.43e-25
676.376867,3.33e-23
676.376869,3.22e-23
676.376901,3.1e-23
676.381636,1.37e-25
676.381979,1.33e-25
676.387263,1.27e-25
676.387811,1.18e-25
676.38794,6.813e-25
676.389395,4.0199999999999993e-23
676.389419,3.73e-23
676.389422,3.87e-23
676.38959,1.04e-25
676.392258,1.23e-25
676.3931,1.13e-25
676.39376,1.351e-24
676.394882,9.97e-26
676.398128,1.1e-25
676.399938,9.8e-26
676.410469,3.6e-23
676.410472,3.47e-23
676.410502,3.34e-23
676.417499,2.59e-25
676.4175,2.53e-25
676.417509,2.47e-25
676.419129,4.29e-23
676.419151,3.97e-23
676.419154,4.13e-23
676.426053,1.318e-24
676.43615,1.37e-25
676.441192,1.41e-25
676.443173,3.86e-23
676.443176,3.71e-23
676.443204,3.58e-23
676.446495,1.44e-25
676.447766,4.56e-23
676.447785,4.21e-23
676.447788,4.38e-23
676.464402,6.6260000000000005e-25
676.474947,4.12e-23
676.474952,3.96e-23
676.474978,3.8e-23
676.475266,4.8100000000000006e-23
676.475282,4.43e-23
676.475286,4.61e-23
676.497259,1.237e-24
676.501606,5.04e-23
676.501618,4.63e-23
676.501623,4.83e-23
676.505798,4.37e-23
676.505803,4.19e-23
676.505828,4.0199999999999993e-23
676.512046,1.03e-25
676.519315,7.57e-25
676.520551,6.82e-25
676.52089,6.34e-25
676.524105,1.07e-25
676.524152,1.07e-25
676.526748,5.25e-23
676.526756,4.8e-23
676.526763,5.01e-23
676.529367,1.07e-25
676.529406,1.07e-25
676.530651,4.57e-24
676.530732,4.1899999999999995e-24
676.53082,3.84e-24
676.535709,4.6e-23
676.535715,4.4e-23
676.535739,4.22e-23
676.548011,1.21e-25
676.548066,1.21e-25
676.55066,5.429999999999999e-23
676.550666,4.95e-23
676.550673,5.169999999999999e-23
676.553273,1.21e-25
676.553323,1.21e-25
676.564685,4.82e-23
676.564692,4.6e-23
676.564715,4.4e-23
676.570648,1.37e-25
676.570711,1.37e-25
676.573305,5.579999999999999e-23
676.573306,5.049999999999999e-23
676.573315,5.3e-23
676.57591,1.36e-25
676.575971,1.36e-25
676.576198,9.429999999999999e-25
676.576354,9.26e-25
676.5764,9.09e-25
676.589238,6.32e-25
676.589554,6.79e-25
676.590085,6.95e-25
676.590097,1.06e-25
676.590198,1.06e-25
676.591976,1.54e-25
676.592048,1.54e-25
676.592722,5e-23
676.59273,4.77e-23
676.592752,4.5500000000000006e-23
676.592868,9.26e-25
676.59302,9.429999999999999e-25
676.593339,9.64e-25
676.594637,5.12e-23
676.594639,5.689999999999999e-23
676.594647,5.389999999999999e-23
676.595285,1.07e-25
676.595355,1.07e-25
676.597236,1.53e-25
676.59731,1.53e-25
676.598082,1.02e-25
676.600209,5.4e-24
676.600216,5.8599999999999996e-24
676.600221,5.63e-24
676.60252,1.69e-24
676.602527,1.6099999999999997e-24
676.60253,1.65e-24
676.608206,6.549e-24
676.611946,1.72e-25
676.612027,1.72e-25
676.614609,5.14e-23
676.614616,5.75e-23
676.614621,5.429999999999999e-23
676.617203,1.71e-25
676.617208,1.2e-25
676.617291,1.71e-25
676.617318,1.2e-25
676.619828,5.16e-23
676.619838,4.91e-23
676.61986,4.6800000000000006e-23
676.62238,1.21e-25
676.622459,1.21e-25
676.630503,1.92e-25
676.630593,1.92e-25
676.633167,5.12e-23
676.633179,5.759999999999999e-23
676.633181,5.42e-23
676.635756,1.91e-25
676.635858,1.91e-25
676.643398,1.37e-25
676.643518,1.37e-25
676.646014,5.29e-23
676.646025,5.01e-23
676.646047,4.77e-23
676.647579,2.15e-25
676.64768,2.14e-25
676.648554,1.38e-25
676.648641,1.37e-25
676.648799,6.3029999999999996e-24
676.650245,5.03e-23
676.650261,5.35e-23
676.650262,5.709999999999999e-23
676.652826,2.13e-25
676.652944,2.13e-25
676.663094,2.38e-25
676.663206,2.38e-25
676.66576,4.9e-23
676.665779,5.22e-23
676.665784,5.600000000000001e-23
676.666213,1.66e-24
676.666217,1.62e-24
676.666229,1.57e-24
676.668333,2.37e-25
676.668469,2.37e-25
676.668688,1.54e-25
676.668819,1.54e-25
676.671298,5.369999999999999e-23
676.671311,5.0700000000000006e-23
676.671333,4.8100000000000006e-23
676.673825,1.55e-25
676.673921,1.55e-25
676.676943,2.63e-25
676.677068,2.63e-25
676.679607,4.69e-23
676.679631,5.02e-23
676.67964,5.409999999999999e-23
676.68217,2.62e-25
676.682327,2.62e-25
676.688991,2.89e-25
676.689077,5.68e-24
676.68909,5.44e-24
676.689111,5.22e-24
676.689129,2.88e-25
676.691652,4.42e-23
676.69168,4.76e-23
676.691694,5.15e-23
676.693104,1.73e-25
676.693247,1.73e-25
676.694203,2.87e-25
676.694383,2.88e-25
676.695708,5.409999999999999e-23
676.695723,5.09e-23
676.695746,4.82e-23
676.698222,1.74e-25
676.698326,1.74e-25
676.699053,3.14e-25
676.699206,3.14e-25
676.701708,4.07e-23
676.701741,4.4099999999999993e-23
676.701763,4.8100000000000006e-23
676.703012,2.4e-25
676.703256,2.4e-25
676.704243,3.13e-25
676.704451,3.13e-25
676.705478,9.81e-24
676.705595,1.13e-23
676.705709,1.32e-23
676.706869,3.37e-25
676.707038,3.37e-25
676.707817,2.39e-25
676.708291,2.39e-25
676.709513,3.64e-23
676.709554,3.97e-23
676.709584,4.37e-23
676.711631,3.31e-25
676.711857,3.31e-25
676.712028,3.36e-25
676.71205,3.54e-25
676.712237,3.54e-25
676.712268,3.36e-25
676.713985,3.58e-25
676.71418,1.8e-23
676.714191,3.57e-25
676.714265,2.04e-23
676.714344,2.3300000000000002e-23
676.714676,3.12e-23
676.714727,3.44e-23
676.714768,3.82e-23
676.716582,2.51e-23
676.716588,3.29e-25
676.716647,2.8000000000000003e-23
676.716688,1.95e-25
676.716704,3.1499999999999995e-23
676.716844,1.95e-25
676.716979,3.3e-25
676.717166,3.53e-25
676.717445,3.53e-25
676.719038,3.56e-25
676.719284,5.4e-23
676.719302,5.0599999999999993e-23
676.719326,4.77e-23
676.719366,3.56e-25
676.721784,1.96e-25
676.721897,1.96e-25
676.739498,2.18e-25
676.739667,2.18e-25
676.742083,5.33e-23
676.742104,4.98e-23
676.74213,4.6699999999999993e-23
676.744567,2.1899999999999998e-25
676.74469,2.1899999999999998e-25
676.761612,2.44e-25
676.761797,2.44e-25
676.764186,5.1899999999999993e-23
676.764211,4.83e-23
676.764239,4.5000000000000003e-23
676.766653,2.45e-25
676.766784,2.45e-25
676.783148,2.71e-25
676.78335,2.71e-25
676.785706,5e-23
676.785736,4.61e-23
676.785767,4.2799999999999993e-23
676.788153,2.72e-25
676.788294,2.72e-25
676.804269,2.99e-25
676.804492,3e-25
676.806807,4.72e-23
676.806844,4.33e-23
676.80688,3.99e-23
676.809232,3e-25
676.809383,3e-25
676.82522,3.28e-25
676.825467,3.28e-25
676.827733,4.36e-23
676.827778,3.96e-23
676.82782,3.63e-23
676.830132,3.29e-25
676.830291,3.29e-25
676.846376,3.54e-25
676.84665,3.55e-25
676.848854,3.92e-23
676.848911,3.52e-23
676.848961,3.2000000000000003e-23
676.851222,3.55e-25
676.851389,3.55e-25
676.868337,3.75e-25
676.868644,3.75e-25
676.870767,3.38e-23
676.87084,3e-23
676.870902,2.69e-23
676.873098,3.76e-25
676.87327,3.76e-25
676.881767,4.532e-25
676.888455,4.63e-25
676.892143,3.81e-25
676.892492,3.81e-25
676.894504,2.74e-23
676.8946,2.39e-23
676.89468,2.12e-23
676.896788,3.81e-25
676.89696,3.81e-25
676.89754,1.083e-23
676.919778,3.55e-25
676.920179,3.54e-25
676.922031,1.97e-23
676.922164,1.68e-23
676.922272,1.48e-23
676.924257,3.55e-25
676.924418,3.55e-25
676.929974,1.52e-25
676.944201,6.4199999999999995e-24
676.944776,6.04e-24
676.944837,6.11e-24
676.952555,1.01e-25
676.955677,2.58e-25
676.95615,2.57e-25
676.957601,1.04e-25
676.957753,1.0699999999999998e-23
676.957949,8.87e-24
676.958104,7.57e-24
676.959903,2.57e-25
676.960024,2.58e-25
676.962873,1.06e-25
676.974876,6.1199999999999996e-24
676.974948,6.05e-24
676.97519,5.96e-24
676.989739,1.53e-25
676.994247,1.11e-25
676.998894,9.862e-24
676.999265,1.15e-25
677.004534,1.19e-25
677.037741,1.22e-25
677.042727,1.27e-25
677.043125,6.079999999999999e-23
677.043135,6.559999999999999e-23
677.043142,7.07e-23
677.045706,3.68e-25
677.045845,3.68e-25
677.047991,1.32e-25
677.083739,1.33e-25
677.088688,1.4e-25
677.093943,1.46e-25
677.113582,3.86e-25
677.113766,3.87e-25
677.116178,6.64e-23
677.116194,6.12e-23
677.116203,5.649999999999999e-23
677.133198,1.43e-25
677.138101,1.52e-25
677.143343,1.5999999999999998e-25
677.14755,2.28e-25
677.147562,2.205e-25
677.171946,2.03e-25
677.177139,3.7e-25
677.17853,5.0799999999999996e-24
677.178581,5.48e-24
677.178605,5.8999999999999995e-24
677.187455,1.52e-25
677.191464,1.375e-24
677.192302,1.63e-25
677.193251,6.455e-25
677.196208,3.39e-23
677.196467,3.25e-23
677.196553,3.11e-23
677.197525,1.72e-25
677.199319,2.24e-25
677.19932,2.1899999999999998e-25
677.199329,2.14e-25
677.228935,3.12e-23
677.229019,3.26e-23
677.229297,3.04e-23
677.248349,3.6499999999999998e-25
677.248447,1.58e-25
677.253223,1.7e-25
677.253541,2.01e-25
677.258417,1.83e-25
677.266869,6.283000000000001e-25
677.311218,1.32e-24
677.316984,1.63e-25
677.319092,1.59e-25
677.321993,1.69e-25
677.323778,1.73e-25
677.327299,1.74e-25
677.328926,1.88e-25
677.348377,5.64e-24
677.348441,5.199999999999999e-24
677.348513,4.81e-24
677.400542,1.5499999999999998e-24
677.40055,1.4699999999999999e-24
677.400553,1.51e-24
677.404047,1.5e-25
677.408611,1.67e-25
677.41369,1.83e-25
677.414833,5.3399999999999996e-24
677.414837,5.78e-24
677.414843,5.55e-24
677.416309,2.78e-25
677.420461,8.34e-25
677.422072,7.03e-25
677.423161,5.32e-25
677.462369,1.52e-24
677.462373,1.48e-24
677.462384,1.44e-24
677.473821,1.41e-24
677.47397,1.39e-24
677.474016,1.36e-24
677.487475,5.3e-25
677.488102,1.39e-24
677.488246,1.41e-24
677.48825,7.104e-24
677.488544,6.99e-25
677.488561,1.44e-24
677.489512,7.62e-25
677.494328,2.77e-25
677.499578,5.5999999999999996e-24
677.49959,5.38e-24
677.499609,5.16e-24
677.511333,1.25e-25
677.515727,1.41e-25
677.520694,1.59e-25
677.53018,6.827e-24
677.665384,9.97e-26
677.748401,1.102e-23
677.856828,9.908e-24
677.900088,6.22e-23
677.9001,6.749999999999999e-23
677.900113,7.319999999999999e-23
677.902658,4.42e-25
677.902822,4.42e-25
677.921631,6.436e-25
677.925518,6.581000000000001e-25
677.928966,1.96e-25
677.928979,1.9000000000000001e-25
677.97509,4.69e-25
677.975293,4.69e-25
677.977673,6.85e-23
677.977692,6.27e-23
677.977699,5.74e-23
677.979707,1.93e-25
677.979708,1.89e-25
677.979717,1.85e-25
677.997045,6.074e-25
677.999915,1.67e-25
678.005129,2.8e-25
678.01214,1.442e-24
678.013368,6.06e-24
678.01341,6.4899999999999996e-24
678.013427,6.96e-24
678.027286,3.74e-23
678.027514,3.58e-23
678.027581,3.44e-23
678.061803,3.45e-23
678.061868,3.6e-23
678.062097,3.34e-23
678.068036,5.916000000000001e-25
678.084255,2.76e-25
678.089467,1.64e-25
678.124286,1.386e-24
678.148155,2.74e-24
678.149076,2.61e-24
678.14945,2.58e-24
678.167016,6.66e-24
678.167068,6.18e-24
678.167129,5.7299999999999996e-24
678.197094,1.41e-24
678.197103,1.3399999999999999e-24
678.197106,1.37e-24
678.19842,2.48e-25
678.200099,1.96e-25
678.200613,5.7e-25
678.202729,8.81e-25
678.205068,2.06e-25
678.205355,5.81e-25
678.208044,2.85e-25
678.210373,2.15e-25
678.226712,2.56e-24
678.226787,2.59e-24
678.227188,2.62e-24
678.22791,5.2299999999999995e-24
678.227911,5.64e-24
678.227919,5.43e-24
678.257178,1.38e-24
678.257181,1.3399999999999999e-24
678.257193,1.31e-24
678.265875,2.83e-25
678.268545,5.77e-25
678.27059,7.9999999999999985e-25
678.273306,5.67e-25
678.27548,2.46e-25
678.308919,5.4699999999999996e-24
678.308929,5.26e-24
678.308947,5.0599999999999996e-24
678.339855,7.665999999999999e-24
678.383713,7.355e-24
678.421638,2.07e-24
678.421779,2.0199999999999998e-24
678.421828,1.98e-24
678.433375,2.0199999999999998e-24
678.43351,2.06e-24
678.433815,2.11e-24
678.464907,1.841e-24
678.496482,1.794e-24
678.597888,1.12e-23
678.708892,1.68e-25
678.708905,1.62e-25
678.708906,1.66e-25
678.713222,9.911e-24
678.755726,6.33e-23
678.755739,6.909999999999999e-23
678.755759,7.55e-23
678.758283,5.34e-25
678.758475,5.34e-25
678.758661,1.66e-25
678.758662,1.63e-25
678.758672,1.59e-25
678.799335,5.678e-25
678.830843,1.49e-24
678.835799,5.74e-25
678.836023,5.74e-25
678.838365,7.03e-23
678.838388,6.38e-23
678.838392,5.79e-23
678.845653,6.96e-24
678.845688,7.429999999999999e-24
678.845699,7.93e-24
678.867891,5.533e-25
678.872322,5.49e-25
678.873038,7.3299999999999985e-25
678.874259,8.89e-25
678.879584,2.8399999999999998e-25
678.883779,1.29e-25
678.886125,1.23e-25
678.891368,1.92e-25
678.91773,4.11e-23
678.917911,3.93e-23
678.917952,3.78e-23
678.932566,1.28e-25
678.93633,1.434e-24
678.936744,2.82e-25
678.94155,8.01e-25
678.943307,7.29e-25
678.944006,5.45e-25
678.953188,3.78e-23
678.953226,3.95e-23
678.953422,3.65e-23
678.979771,1.87e-25
678.985012,1.2e-25
678.985957,7.59e-24
678.986,7.079999999999999e-24
678.986052,6.61e-24
678.992181,1.2699999999999999e-24
678.992192,1.2099999999999999e-24
678.992194,1.24e-24
679.021113,8.985000000000001e-25
679.022091,9.197e-25
679.039462,5.46e-24
679.039463,5.07e-24
679.039471,5.26e-24
679.050635,1.25e-24
679.050637,1.2099999999999999e-24
679.050649,1.18e-24
679.051441,1.46e-25
679.056345,4.02e-25
679.067294,8.95e-24
679.067939,8.35e-24
679.068134,8.33e-24
679.086443,2.4e-25
679.091365,2.54e-25
679.096667,2.69e-25
679.096865,8.339999999999999e-24
679.097065,8.36e-24
679.097419,8.3e-24
679.108654,4.04e-25
679.113564,1.47e-25
679.117072,5.3e-24
679.117081,5.11e-24
679.117099,4.93e-24
679.212353,8.23e-24
679.257916,7.882e-24
679.266846,6.427e-25
679.343281,6.287000000000001e-25
679.422574,2.99e-24
679.422709,2.9299999999999998e-24
679.422767,2.87e-24
679.431639,2.9299999999999998e-24
679.431768,2.99e-24
679.432054,3.0599999999999998e-24
679.442734,6.88e-25
679.442878,7.6e-25
679.443722,8.55e-25
679.446466,1.143e-23
679.453678,1.11e-25
679.48733,1.44e-25
679.487344,1.38e-25
679.487345,1.41e-25
679.501658,1.1e-25
679.511156,7.649999999999999e-25
679.512474,7.55e-25
679.512602,6.82e-25
679.535159,3.411e-25
679.53618,1.405e-25
679.53619,1.36e-25
679.566407,9.867e-24
679.600131,5.272e-25
679.609987,6.409999999999999e-23
679.610003,7.059999999999999e-23
679.61003,7.769999999999999e-23
679.612527,6.54e-25
679.612752,6.55e-25
679.647633,1.52e-24
679.666425,5.142e-25
679.675668,7.769999999999999e-24
679.675697,8.26e-24
679.675704,8.769999999999999e-24
679.695705,7.12e-25
679.695953,7.13e-25
679.698249,7.189999999999999e-23
679.698275,6.46e-23
679.698277,5.8e-23
679.7259,1.02e-25
679.731151,1.5e-25
679.747249,1.4649999999999999e-24
679.761229,4.48e-23
679.76139,4.29e-23
679.761423,4.12e-23
679.78581,1.1399999999999999e-24
679.785822,1.09e-24
679.785824,1.11e-24
679.798457,4.13e-23
679.798488,4.31e-23
679.798651,3.97e-23
679.804793,8.41e-24
679.804829,7.89e-24
679.804874,7.39e-24
679.828729,1.45e-25
679.833978,9.79e-26
679.842735,1.12e-24
679.842737,1.09e-24
679.842749,1.06e-24
679.847206,3.242e-25
679.849512,5.24e-24
679.849515,4.899999999999999e-24
679.849522,5.0599999999999996e-24
679.919548,7.15e-25
679.919581,6.75e-25
679.920214,7.84e-25
679.924018,5.0999999999999995e-24
679.924025,4.92e-24
679.924043,4.75e-24
679.97739,2.98e-25
679.982252,3.2e-25
679.987544,3.43e-25
679.988615,6.93e-25
679.989647,6.6799999999999985e-25
679.989694,7.09e-25
680.068239,8.79e-24
680.115961,8.4e-24
680.179258,1.263e-24
680.18128,1.233e-24
680.264282,1.22e-25
680.264297,1.19e-25
680.295775,1.179e-23
680.312262,1.19e-25
680.312273,1.15e-25
680.31253,6.26e-25
680.312624,5.98e-25
680.313107,6.8e-25
680.383432,5.95e-25
680.384257,5.91e-25
680.384364,6.21e-25
680.389447,5.945000000000001e-25
680.399443,4.865e-25
680.409432,9.738e-24
680.462554,1.533e-24
680.462835,6.449999999999999e-23
680.462853,7.169999999999999e-23
680.462891,7.98e-23
680.463628,4.748e-25
680.465352,8.14e-25
680.465617,8.14e-25
680.479074,4.26e-24
680.479206,4.16e-24
680.479279,4.07e-24
680.482198,2.456e-24
680.485365,4.16e-24
680.48549,4.26e-24
680.485745,4.36e-24
680.503616,8.469999999999999e-24
680.503641,8.97e-24
680.503645,9.5e-24
680.513357,2.39e-24
680.554777,8.99e-25
680.555051,8.999999999999998e-25
680.556957,1.479e-24
680.557289,7.33e-23
680.557318,5.77e-23
680.55732,6.5e-23
680.577986,1.02e-24
680.577999,9.67e-25
680.578,9.92e-25
680.606274,1.1e-25
680.623244,9.12e-24
680.623274,8.58e-24
680.623314,8.079999999999999e-24
680.631328,5.14e-25
680.631445,4.93e-25
680.631866,5.57e-25
680.633476,9.96e-25
680.633478,9.71e-25
680.63349,9.46e-25
680.640938,4.87e-23
680.64107,4.6599999999999993e-23
680.641089,4.46e-23
680.648023,5.624000000000001e-25
680.658078,5e-24
680.658083,4.68e-24
680.658089,4.8399999999999995e-24
680.679418,4.47e-23
680.679434,4.6800000000000006e-23
680.679579,4.29e-23
680.705241,4.82e-25
680.705948,4.87e-25
680.706076,5.09e-25
680.714232,1.06e-25
680.729738,4.87e-24
680.729745,4.7e-24
680.729761,4.54e-24
680.875005,3.78e-25
680.879791,4.11e-25
680.885066,4.49e-25
680.885307,3.96e-25
680.885434,3.79e-25
680.885837,4.29e-25
680.935388,9.339e-24
680.963617,3.6499999999999998e-25
680.964253,3.73e-25
680.964389,3.91e-25
680.985232,8.905e-24
681.03975,1.03e-25
681.039766,9.999999999999999e-26
681.083493,2.82e-25
681.083627,2.69e-25
681.084039,3.08e-25
681.086906,1.0059999999999999e-25
681.086917,9.73e-26
681.11918,3.87e-25
681.123798,1.2699999999999999e-24
681.131361,1.2299999999999998e-23
681.132165,1.12e-23
681.132642,1.0699999999999998e-23
681.159764,1.0699999999999998e-23
681.160244,1.12e-23
681.160792,1.13e-23
681.161511,3.3050000000000003e-25
681.167908,2.57e-25
681.168502,2.64e-25
681.168608,1.28e-24
681.168643,2.79e-25
681.17323,3.9e-25
681.197277,4.462e-25
681.23437,1.85e-25
681.234513,1.76e-25
681.234953,2.03e-25
681.236496,8.689e-25
681.259495,4.3570000000000005e-25
681.275637,1.5299999999999999e-24
681.314269,6.449999999999999e-23
681.31429,7.279999999999999e-23
681.31434,8.2e-23
681.316756,1.03e-24
681.317067,1.04e-24
681.327085,1.67e-25
681.327657,1.72e-25
681.327806,1.82e-25
681.329649,9.06e-24
681.32967,9.835e-24
681.345672,1.11e-25
681.345833,1.05e-25
681.346316,1.23e-25
681.365384,1.478e-24
681.368715,9.02e-25
681.368728,8.59e-25
681.368729,8.799999999999999e-25
681.397273,1.706e-24
681.402373,1.662e-24
681.412884,1.17e-24
681.413186,1.17e-24
681.41535,7.449999999999999e-23
681.415377,5.669999999999999e-23
681.415384,6.51e-23
681.422856,8.84e-25
681.422858,8.62e-25
681.42287,8.41e-25
681.441109,9.71e-24
681.441135,9.17e-24
681.44117,8.65e-24
681.449658,9.76e-26
681.450225,1.02e-25
681.450388,1.09e-25
681.457473,8.211000000000001e-25
681.465177,4.74e-24
681.465183,4.44e-24
681.465189,4.59e-24
681.492212,5.26e-23
681.492329,5.02e-23
681.492345,4.8100000000000006e-23
681.494802,1.05e-25
681.494957,1.05e-25
681.532548,4.82e-23
681.532562,5.049999999999999e-23
681.532683,4.61e-23
681.534218,4.61e-24
681.534224,4.46e-24
681.534241,4.31e-24
681.592992,5.95e-24
681.593129,5.81e-24
681.593229,5.67e-24
681.596439,5.81e-24
681.596569,5.95e-24
681.59677,6.0999999999999996e-24
681.672926,1.18e-25
681.687785,4.18e-24
681.688739,3.96e-24
681.689075,3.92e-24
681.761719,3.88e-24
681.76176,3.9299999999999995e-24
681.762122,3.97e-24
681.777935,1.2e-25
681.782558,4.94e-25
681.787243,5.46e-25
681.792485,6.08e-25
681.793145,9.869e-24
681.845501,9.387e-24
681.993644,4.068e-25
682.054018,3.974e-25
682.078419,1.149e-24
682.086901,1.512e-24
682.153878,9.53e-24
682.153894,1.06e-23
682.153897,1.01e-23
682.158,7.969999999999999e-25
682.158015,7.6e-25
682.158016,7.78e-25
682.164392,6.429999999999999e-23
682.164415,7.37e-23
682.164481,8.439999999999999e-23
682.166834,1.35e-24
682.167202,1.35e-24
682.172469,1.4619999999999999e-24
682.210872,7.81e-25
682.210874,7.62e-25
682.210886,7.44e-25
682.258244,1.02e-23
682.258265,9.63e-24
682.258298,9.12e-24
682.269596,1.5499999999999998e-24
682.269927,1.56e-24
682.270822,4.4499999999999995e-24
682.270831,4.18e-24
682.270835,4.31e-24
682.271464,1.086e-24
682.271993,7.57e-23
682.272011,5.519999999999999e-23
682.27203,6.469999999999999e-23
682.337448,4.34e-24
682.337453,4.2e-24
682.337469,4.0599999999999995e-24
682.364471,5.66e-23
682.364568,5.4e-23
682.364576,5.15e-23
682.367074,1.23e-25
682.367195,1.23e-25
682.403753,1.13e-25
682.403763,1.12e-25
682.406398,5.16e-23
682.406404,5.42e-23
682.406513,4.9299999999999993e-23
682.451611,3.207e-24
682.482674,3.1149999999999998e-24
682.569483,7.72e-25
682.569669,8.84e-25
682.5698,1.02e-24
682.656327,1.037e-23
682.675484,2.262e-24
682.683725,2.201e-24
682.705569,6.75e-25
682.710113,7.62e-25
682.711314,9.84e-24
682.715159,9.534e-25
682.715297,8.7e-25
682.765478,8.19e-24
682.765641,7.98e-24
682.765789,7.78e-24
682.766058,7.98e-24
682.766213,8.19e-24
682.766316,8.39e-24
682.787005,9.312e-25
682.788548,3.688e-25
682.847193,3.604e-25
682.896357,1.481e-24
682.916425,1.422e-24
682.930813,9.8e-25
682.931124,8.37e-25
682.931419,7.15e-25
682.945849,6.99e-25
682.945864,6.6799999999999985e-25
682.945865,6.83e-25
682.976393,9.88e-24
682.976404,1.09e-23
682.976409,1.0399999999999998e-23
682.978155,1.434e-24
682.997524,6.86e-25
682.997525,6.6999999999999985e-25
682.997538,6.54e-25
683.013613,6.38e-23
683.013636,7.48e-23
683.01372,8.749999999999999e-23
683.015986,1.82e-24
683.016426,1.83e-24
683.074539,1.05e-23
683.074557,9.97e-24
683.074587,9.47e-24
683.075028,4.16e-24
683.075038,3.9099999999999996e-24
683.075042,4.03e-24
683.087885,1.346e-24
683.123487,2.1599999999999998e-24
683.123837,2.1599999999999998e-24
683.125761,5.27e-23
683.12577,7.700000000000001e-23
683.1258,6.38e-23
683.134272,1.26e-24
683.138147,4.57e-24
683.139418,4.05e-24
683.139423,3.9299999999999995e-24
683.139439,3.7999999999999995e-24
683.142621,1.6399999999999998e-23
683.143795,1.42e-23
683.145,1.14e-23
683.169454,1.14e-23
683.17066,1.42e-23
683.171609,1.5e-23
683.176306,4.59e-24
683.180183,1.2699999999999999e-24
683.220142,6.059999999999999e-23
683.220228,5.759999999999999e-23
683.220235,5.49e-23
683.222758,1.44e-25
683.222853,1.44e-25
683.231636,3.215e-25
683.258461,3.15e-25
683.261474,1.35e-25
683.261501,1.3399999999999999e-25
683.264119,5.5e-23
683.264123,5.8e-23
683.264216,5.23e-23
683.313009,4.656000000000001e-25
683.340844,4.558e-25
683.351154,3.883e-25
683.37766,3.803e-25
683.393171,6.6240000000000005e-25
683.410561,5.573e-25
683.422102,6.479e-25
683.433451,2.04e-24
683.433584,2.3e-24
683.433669,2.59e-24
683.438308,5.453e-25
683.472197,9.256e-25
683.474037,7.855000000000001e-25
683.502319,9.045e-25
683.503079,7.68e-25
683.514268,1.085e-23
683.540484,1.087e-24
683.550076,1.2699999999999999e-24
683.570891,1.062e-24
683.572274,1.026e-23
683.581498,1.24e-24
683.581997,3.324e-25
683.608924,1.478e-24
683.626719,1.711e-24
683.639016,3.25e-25
683.640784,1.442e-24
683.654291,9.89e-25
683.658627,1.15e-24
683.659564,1.668e-24
683.663701,1.36e-24
683.678484,1.972e-24
683.701971,2.262e-24
683.704008,1.438e-24
683.711907,1.922e-24
683.720831,2.47e-24
683.721034,2.1599999999999998e-24
683.721238,1.88e-24
683.732264,6.11e-25
683.732281,5.905e-25
683.73638,2.202e-24
683.748385,2.583e-24
683.751258,1.682e-24
683.775621,2.934e-24
683.782391,1.394e-24
683.78281,5.99e-25
683.782811,5.85e-25
683.782824,5.72e-25
683.783505,2.513e-24
683.797262,1.01e-23
683.797269,1.11e-23
683.797276,1.06e-23
683.811759,2.852e-24
683.81793,3.318e-24
683.847424,3.733e-24
683.854912,3.223e-24
683.86336,6.319999999999999e-23
683.863375,7.639999999999999e-23
683.863481,9.21e-23
683.865618,2.63e-24
683.866146,2.63e-24
683.877805,3.86e-24
683.877817,3.63e-24
683.87782,3.74e-24
683.885482,3.624e-24
683.886497,4.18e-24
683.889913,1.0699999999999998e-23
683.889929,1.02e-23
683.889957,9.71e-24
683.905533,1.5939999999999999e-24
683.917105,4.657e-24
683.925538,4.055e-24
683.940121,3.76e-24
683.940125,3.6499999999999996e-24
683.940142,3.5399999999999995e-24
683.953522,5.164e-24
683.957312,4.513e-24
683.968794,3.1899999999999998e-24
683.969118,3.1999999999999998e-24
683.970768,4.89e-23
683.97086,6.189999999999999e-23
683.970872,7.819999999999999e-23
683.984372,5.695e-24
683.994635,1.08e-23
683.994777,1.14e-23
683.994862,4.998e-24
683.994867,1.11e-23
683.996855,1.11e-23
683.997095,1.08e-23
683.997333,1.05e-23
684.012286,2.944e-24
684.018494,6.2499999999999996e-24
684.023721,2.8609999999999998e-24
684.027,5.507e-24
684.048921,6.822e-24
684.062427,6.036e-24
684.080946,7.408e-24
684.087158,6.449999999999999e-23
684.08723,6.129999999999999e-23
684.087233,5.819999999999999e-23
684.089786,1.68e-25
684.089853,1.68e-25
684.094301,6.581e-24
684.110437,7.998999999999999e-24
684.127833,7.136e-24
684.130465,1.5999999999999998e-25
684.130514,1.59e-25
684.133113,6.16e-23
684.133114,5.839999999999999e-23
684.133197,5.53e-23
684.140444,8.591e-24
684.158977,7.695e-24
684.168601,9.173e-24
684.190737,8.250999999999999e-24
684.196583,9.738e-24
684.220808,8.796e-24
684.223083,1.028e-23
684.248969,1.078e-23
684.250848,9.321e-24
684.273544,1.123e-23
684.2796,9.816e-24
684.287264,3.61e-24
684.287363,4.02e-24
684.28742,4.47e-24
684.297215,1.162e-23
684.307935,1.027e-23
684.319618,1.194e-23
684.335202,1.068e-23
684.340913,1.218e-23
684.360902,1.233e-23
684.361835,1.102e-23
684.373996,2.9790000000000003e-25
684.374261,1.128e-23
684.378682,4.099e-24
684.379613,1.237e-23
684.38752,1.129e-23
684.396914,1.2299999999999998e-23
684.40999,3.973e-24
684.412468,1.148e-23
684.412758,1.21e-23
684.42702,1.176e-23
684.429484,2.914e-25
684.435554,1.063e-23
684.436551,1.157e-23
684.439583,1.128e-23
684.447945,2.619e-24
684.450271,1.065e-23
684.458858,9.852e-24
684.45988,1.156e-23
684.461917,4.651e-24
684.46501,8.877e-24
684.467682,6.3149999999999996e-24
684.468225,7.707e-24
684.482437,1.144e-23
684.504313,1.119e-23
684.509847,1.385e-24
684.517251,5.3e-25
684.517269,5.13e-25
684.525576,1.081e-23
684.526247,4.25e-24
684.52639,3.77e-24
684.52654,3.35e-24
684.546368,1.028e-23
684.56673,5.2e-25
684.566731,5.09e-25
684.566745,4.98e-25
684.566876,9.615e-24
684.583404,1.92e-24
684.585128,1.344e-24
684.587401,8.791e-24
684.608415,7.803999999999999e-24
684.616541,1.03e-23
684.616544,1.12e-23
684.616553,1.0699999999999998e-23
684.63071,6.647e-24
684.650773,1.65e-24
684.654774,1.96e-24
684.655728,5.305e-24
684.659622,2.44e-24
684.679165,3.55e-24
684.679178,3.35e-24
684.679181,3.45e-24
684.686429,3.763e-24
684.704303,1.08e-23
684.704317,1.03e-23
684.704343,9.84e-24
684.723673,1.824e-24
684.730285,1.995e-24
684.739553,3.47e-24
684.739556,3.37e-24
684.739573,3.27e-24
684.944823,6.839999999999999e-23
684.944886,6.469999999999999e-23
684.944888,6.129999999999999e-23
684.947463,1.97e-25
684.947506,1.97e-25
684.990493,1.89e-25
684.990559,1.88e-25
684.993139,6.519999999999999e-23
684.993142,6.149999999999999e-23
684.993212,5.81e-23
685.071471,2.11e-25
685.085054,6.21e-24
685.086055,5.83e-24
685.086342,5.79e-24
685.102168,5e-24
685.104444,1.24e-23
685.106927,2.1400000000000003e-23
685.109104,1.5199999999999998e-23
685.111876,8.419999999999999e-24
685.131009,8.419999999999999e-24
685.133782,1.5199999999999998e-23
685.134501,5.3399999999999996e-24
685.134578,5.8799999999999995e-24
685.134615,6.47e-24
685.135762,1.95e-23
685.13844,1.24e-23
685.140717,5.01e-24
685.154496,5.74e-24
685.154497,5.81e-24
685.154811,5.8599999999999996e-24
685.169395,2.13e-25
685.231211,1.166e-23
685.268615,1.04e-25
685.273214,3.91e-25
685.281663,1.5099999999999998e-23
685.281734,1.42e-23
685.282208,1.43e-23
685.286452,1.43e-23
685.286935,1.42e-23
685.287356,1.3899999999999998e-23
685.295447,3.95e-25
685.296241,1.095e-23
685.300054,1.05e-25
685.300815,4.59e-25
685.300834,4.445e-25
685.313862,1.324e-24
685.339211,6.1399999999999995e-24
685.339315,5.52e-24
685.339431,4.9699999999999995e-24
685.349285,4.46e-25
685.3493,4.31e-25
685.386315,1.286e-24
685.405122,3.762e-24
685.413192,2.133e-24
685.419799,3.649e-24
685.434275,1.12e-23
685.434276,1.03e-23
685.434286,1.0699999999999998e-23
685.479118,3.26e-24
685.479132,3.0799999999999997e-24
685.479135,3.17e-24
685.517662,1.08e-23
685.517674,1.03e-23
685.517699,9.86e-24
685.537708,3.1799999999999998e-24
685.537711,3.09e-24
685.537727,3e-24
685.541829,2.031e-24
685.807989,7.209999999999999e-23
685.808039,6.42e-23
685.808041,6.8e-23
685.810641,2.31e-25
685.810658,2.31e-25
685.856108,2.24e-25
685.856193,2.23e-25
685.858752,6.85e-23
685.858758,6.449999999999999e-23
685.858819,6.07e-23
685.924749,1.01e-25
685.929932,9.73e-26
685.977037,7.13e-24
685.977098,7.78e-24
685.977122,8.49e-24
686.017923,1.381e-24
686.08296,3.95e-25
686.08298,3.825e-25
686.085381,1.346e-24
686.088356,1.2e-23
686.11603,1.256e-24
686.130474,3.88e-25
686.130475,3.79e-25
686.13049,3.71e-25
686.156163,8.06e-24
686.156243,7.32e-24
686.156336,6.649999999999999e-24
686.157563,1.121e-23
686.1859,1.221e-24
686.240857,2.319e-24
686.250501,1.1e-23
686.250504,1.02e-23
686.250513,1.06e-23
686.268507,5.127e-24
686.277673,2.97e-24
686.277689,2.8099999999999998e-24
686.277691,2.89e-24
686.300423,4.958e-24
686.329951,1.0699999999999998e-23
686.329961,1.02e-23
686.329986,9.78e-24
686.334584,2.9e-24
686.334587,2.82e-24
686.334604,2.74e-24
686.359681,2.2109999999999998e-24
686.381156,1.63e-25
686.38133,1.58e-25
686.381412,1.5999999999999998e-25
686.401006,1.5999999999999998e-25
686.401089,1.58e-25
686.401272,1.56e-25
686.4694,2.62e-25
686.469633,2.52e-25
686.46976,2.55e-25
686.489737,2.54e-25
686.489865,2.52e-25
686.490107,2.49e-25
686.554512,4.15e-25
686.554844,3.97e-25
686.555063,3.9799999999999998e-25
686.575309,3.97e-25
686.57553,3.97e-25
686.57587,3.94e-25
686.616998,7.82e-25
686.62061,3.17e-24
686.625553,1.96e-23
686.626104,1.7699999999999998e-23
686.627388,1.6000000000000002e-23
686.632262,1.6000000000000002e-23
686.633553,1.7699999999999998e-23
686.634425,1.79e-23
686.637107,6.44e-25
686.637618,6.09e-25
686.638064,5.89e-25
686.63904,3.1799999999999998e-24
686.642659,7.88e-25
686.658209,5.89e-25
686.658656,6.08e-25
686.659176,6.11e-25
686.665968,7.559999999999999e-23
686.666009,6.689999999999999e-23
686.666012,7.11e-23
686.668625,2.71e-25
686.668632,2.71e-25
686.712677,2.23e-25
686.716911,2.66e-25
686.717014,2.66e-25
686.717686,9.85e-25
686.718583,8.89e-25
686.719552,7.169999999999999e-23
686.719559,6.72e-23
686.719611,6.3e-23
686.719697,7.44e-25
686.738507,7.44e-25
686.739621,8.88e-25
686.740528,9.32e-25
686.745526,2.23e-25
686.791549,3.19e-25
686.79317,1.17e-25
686.793957,8.08e-25
686.796641,1.48e-24
686.798331,1.15e-25
686.798574,1.11e-24
686.801299,6.45e-25
686.803592,1.07e-25
686.815651,6.44e-25
686.815954,8.89e-24
686.816003,9.64e-24
686.816018,1.05e-23
686.818377,1.11e-24
686.820319,1.3999999999999999e-24
686.822994,8.08e-25
686.825402,3.19e-25
686.843628,3.31e-25
686.84386,3.18e-25
686.844037,3.2e-25
686.848077,2.07e-25
686.848227,2e-25
686.848343,2.02e-25
686.850537,4.715e-24
686.853445,5.18e-25
686.853813,4.95e-25
686.85413,4.91e-25
686.861314,3.2e-25
686.861491,3.18e-25
686.861773,3.14e-25
686.863691,3.38e-25
686.863712,3.275e-25
686.864617,2.02e-25
686.864734,1.9899999999999999e-25
686.864941,1.97e-25
686.868509,4.564e-24
686.868712,9.68e-26
686.871642,1.2e-24
686.872099,4.9e-25
686.872417,4.94e-25
686.872432,1.5999999999999999e-24
686.872829,4.93e-25
686.87426,2.18e-24
686.875451,7.9999999999999985e-25
686.876083,7.45e-25
686.876786,6.89e-25
686.878948,9.08e-25
686.883179,5.5e-25
686.889917,5.49e-25
686.894149,9.06e-25
686.894673,6.88e-25
686.895377,7.44e-25
686.896046,7.58e-25
686.898844,2.05e-24
686.900664,1.5999999999999999e-24
686.900788,1.36e-25
686.901455,1.2e-24
686.902747,9.69e-26
686.904126,4.59e-25
686.90775,1.2099999999999999e-24
686.909007,1.03e-24
686.9103,3.285e-25
686.910317,3.18e-25
686.910834,7.299999999999999e-25
686.916322,1.184e-24
686.926421,7.29e-25
686.928249,1.03e-24
686.929538,1.15e-24
686.933129,4.59e-25
686.936468,1.36e-25
686.943474,1.227e-23
686.945001,6.74e-25
686.946451,1.18e-24
686.948616,1.7999999999999997e-24
686.948994,2.31e-24
686.949088,2.43e-24
686.95074,3.16e-24
686.951643,1.06e-24
686.955264,5.89e-25
686.95995,7.29e-25
686.962375,6.73e-25
686.964658,6.74e-25
686.964919,5.88e-25
686.967083,7.27e-25
686.968541,1.06e-24
686.971595,1.7e-24
686.973732,1.18e-24
686.975183,6.74e-25
686.975245,9.93e-24
686.975307,9.09e-24
686.975383,8.33e-24
686.976302,2.98e-24
686.977945,2.4199999999999998e-24
686.978039,2.31e-24
686.983827,1.152e-24
686.994414,1.73e-24
686.994762,1.97e-24
686.996494,2.63e-24
687.003286,7.959999999999999e-25
687.007839,6.08e-25
687.009305,6.06e-25
687.013859,7.94e-25
687.017447,1.141e-23
687.020674,2.48e-24
687.022382,1.97e-24
687.022731,1.73e-24
687.024252,3.1799999999999998e-24
687.024617,3.46e-24
687.026185,4.51e-24
687.027303,1.5199999999999998e-23
687.028056,2.05e-23
687.029718,2.74e-23
687.033641,1.23e-24
687.034565,1.06e-23
687.038271,8.64e-25
687.038798,6.0099999999999995e-24
687.040713,8.67e-25
687.045342,1.23e-24
687.048185,2.78e-24
687.048347,2.85e-24
687.049808,6e-24
687.049985,3.79e-24
687.052805,4.23e-24
687.054042,1.06e-23
687.054367,3.45e-24
687.05473,3.1799999999999998e-24
687.058717,2.48e-23
687.058887,9.24e-25
687.06055,2.06e-23
687.061303,1.5199999999999998e-23
687.061777,7.81e-25
687.06358,7.79e-25
687.065253,1.08e-23
687.065259,9.96e-24
687.065267,1.0399999999999998e-23
687.066469,9.26e-25
687.066571,2.4729999999999998e-24
687.07484,2.6799999999999998e-24
687.074858,2.5399999999999998e-24
687.074859,2.61e-24
687.075391,3.5599999999999995e-24
687.07701,2.85e-24
687.07717,2.78e-24
687.097538,2.99e-24
687.098779,4.46e-24
687.100627,6.3e-24
687.104368,3.17e-24
687.105363,3.16e-24
687.106142,3.96e-24
687.107838,5.3399999999999996e-24
687.108272,1.58e-24
687.112912,2.07e-24
687.117218,1.17e-24
687.120741,1.5899999999999999e-24
687.124644,3.1799999999999998e-24
687.125114,1.17e-24
687.128392,5.89e-24
687.129419,2.07e-24
687.13018,2.62e-24
687.130182,2.5499999999999998e-24
687.1302,2.48e-24
687.130234,4.4499999999999995e-24
687.131474,2.99e-24
687.13451,5e-24
687.13619,3.95e-24
687.136968,3.15e-24
687.141142,1.05e-23
687.141151,1.01e-23
687.141175,9.62e-24
687.164359,2.04e-24
687.166574,4.44e-24
687.167878,1.42e-24
687.168937,7.41e-24
687.170973,4.05e-24
687.171202,5.199999999999999e-24
687.174025,8.66e-24
687.174172,2.65e-24
687.175601,7.05e-24
687.177007,2.363e-24
687.17772,4.22e-24
687.191685,2.65e-24
687.194654,5.199999999999999e-24
687.196933,6.92e-24
687.199282,4.4299999999999996e-24
687.199334,4.23e-24
687.201452,7.05e-24
687.201496,2.0299999999999998e-24
687.203033,8.079999999999999e-24
687.206081,4.0399999999999996e-24
687.209175,1.41e-24
687.223657,8.06e-25
687.227706,2.69e-24
687.232288,1.01e-23
687.233315,9.03e-24
687.2345,6.93e-24
687.235365,5.48e-25
687.239906,1.72e-24
687.24628,1.1699999999999998e-23
687.247047,1.09e-23
687.247756,9.41e-24
687.25946,6.93e-24
687.260644,9.04e-24
687.261683,9.38e-24
687.266254,2.6799999999999998e-24
687.270303,8.02e-25
687.275164,9.4e-24
687.275872,1.09e-23
687.276644,1.09e-23
687.283013,1.71e-24
687.283163,3.54e-25
687.287553,5.44e-25
687.288027,9.62e-25
687.297006,1.35e-23
687.297568,1.28e-23
687.297965,1.19e-23
687.300695,2.61e-25
687.30571,6.22e-25
687.317241,1.55e-23
687.317688,1.49e-23
687.317943,1.41e-23
687.326929,1.19e-23
687.327325,1.28e-23
687.327896,1.25e-23
687.336867,9.53e-25
687.34173,3.5e-25
687.342579,1.89e-25
687.347693,3.9799999999999998e-25
687.348384,1.41e-23
687.348637,1.49e-23
687.349089,1.4399999999999997e-23
687.360616,6.14e-25
687.362304,1.7599999999999997e-23
687.362657,1.7e-23
687.362818,1.6399999999999998e-23
687.36396,1.49e-25
687.36563,2.57e-25
687.369127,2.8399999999999998e-25
687.386716,2.0000000000000002e-23
687.387009,1.94e-23
687.387121,1.87e-23
687.394289,1.6399999999999998e-23
687.394449,1.7e-23
687.394809,1.6399999999999998e-23
687.401319,1.16e-25
687.406524,2.04e-25
687.409413,3.92e-25
687.414527,1.85e-25
687.419791,1.87e-23
687.419902,1.94e-23
687.420198,1.85e-23
687.42748,2.2700000000000003e-23
687.427722,2.2e-23
687.427798,2.13e-23
687.430203,1.57e-25
687.437785,2.78e-25
687.442951,1.46e-25
687.45448,2.56e-23
687.454687,2.48e-23
687.454743,2.4e-23
687.461423,2.13e-23
687.461499,2.2e-23
687.461746,2.09e-23
687.463991,1.22e-25
687.482697,1.98e-25
687.487902,1.13e-25
687.488437,4.56e-25
687.488706,9.76e-26
687.489508,2.4e-23
687.489563,2.48e-23
687.489773,2.35e-23
687.491905,2.87e-23
687.492081,2.78e-23
687.492121,2.69e-23
687.493415,3.82e-25
687.497582,3.2e-25
687.514048,1.52e-25
687.52028,3.2000000000000003e-23
687.520433,3.1e-23
687.520464,3e-23
687.526073,7.89e-23
687.526103,6.929999999999999e-23
687.526108,7.39e-23
687.527893,2.69e-23
687.527933,2.78e-23
687.528113,2.62e-23
687.528716,3.18e-25
687.528749,3.19e-25
687.555016,3.55e-23
687.555148,3.44e-23
687.555171,3.33e-23
687.556023,1.17e-25
687.557406,3e-23
687.557436,3.1e-23
687.557592,2.92e-23
687.580075,3.17e-25
687.580198,3.17e-25
687.582712,7.46e-23
687.582722,6.96e-23
687.582767,6.489999999999999e-23
687.583843,3.92e-23
687.58396,3.79e-23
687.583977,3.68e-23
687.593227,3.32e-23
687.593248,3.44e-23
687.593385,3.23e-23
687.595278,4.93e-25
687.600417,4.27e-25
687.604852,3.71e-25
687.616301,4.31e-23
687.616404,4.16e-23
687.616417,4.03e-23
687.62329,3.67e-23
687.623306,3.79e-23
687.623426,3.56e-23
687.643012,2.88e-25
687.643034,2.82e-25
687.643035,2.76e-25
687.644881,4.71e-23
687.644973,4.5500000000000006e-23
687.644983,4.4e-23
687.651923,1.06e-23
687.651963,1.14e-23
687.651971,1.2299999999999998e-23
687.656983,4.0199999999999993e-23
687.656995,4.16e-23
687.657102,3.9e-23
687.664909,1.37e-25
687.66633,4.56e-25
687.670047,1.35e-25
687.671553,4.05e-25
687.675296,5.11e-23
687.675326,1.29e-25
687.675378,4.9400000000000006e-23
687.675385,4.77e-23
687.676162,3.61e-25
687.686937,4.39e-23
687.686945,4.5399999999999993e-23
687.687041,4.24e-23
687.688763,2.795e-25
687.68878,2.71e-25
687.703097,5.519999999999999e-23
687.70317,5.319999999999999e-23
687.703175,5.14e-23
687.714697,1.107e-24
687.715826,4.06e-25
687.718771,4.76e-23
687.718776,4.9400000000000006e-23
687.718862,4.6e-23
687.721095,3.67e-25
687.725827,3.35e-25
687.731574,5.94e-23
687.73164,5.72e-23
687.731642,5.51e-23
687.748127,5.12e-23
687.748131,5.319999999999999e-23
687.748208,4.95e-23
687.750991,3.57e-25
687.755615,9.68e-26
687.755625,9.65e-26
687.756287,3.28e-25
687.758182,6.359999999999999e-23
687.758241,6.11e-23
687.758243,5.88e-23
687.761109,3.04e-25
687.77595,3.13e-25
687.778248,5.49e-23
687.778249,5.709999999999999e-23
687.77832,5.29e-23
687.780037,1.078e-24
687.781261,2.92e-25
687.78216,1.11e-25
687.782162,1.11e-25
687.782309,9.64e-26
687.784732,6.76e-23
687.784785,6.355e-23
687.786154,2.75e-25
687.787355,1.08e-25
687.78741,1.09e-25
687.78761,9.65e-26
687.792802,9.97e-26
687.79325,2.75e-25
687.793274,1.11e-25
687.795383,1.1699999999999998e-23
687.795432,1.08e-23
687.795497,9.95e-24
687.797796,1.249e-23
687.798569,2.59e-25
687.79858,1.1e-25
687.802089,1.26e-25
687.803518,2.47e-25
687.803751,1.13e-25
687.804564,2.41e-25
687.80665,5.98e-23
687.806715,5.629999999999999e-23
687.807238,1.26e-25
687.807245,1.26e-25
687.8074,1.25e-25
687.808623,1.44e-25
687.809821,7.139999999999999e-23
687.809868,6.57e-23
687.809869,6.839999999999999e-23
687.809886,2.29e-25
687.811038,2.11e-25
687.812452,1.24e-25
687.812492,1.24e-25
687.812531,1.64e-25
687.812549,1.27e-25
687.813496,1.86e-25
687.813939,1.41e-25
687.814882,2.21e-25
687.81636,2.03e-25
687.81785,1.5999999999999998e-25
687.818818,1.8e-25
687.819063,1.4199999999999999e-25
687.821395,1.98e-25
687.822948,1.59e-25
687.823886,1.77e-25
687.831793,1.44e-25
687.831808,1.44e-25
687.832478,1.02e-25
687.83252,1.01e-25
687.834388,7.509999999999999e-23
687.834428,6.87e-23
687.834431,7.18e-23
687.835124,6.48e-23
687.835125,6.209999999999999e-23
687.835184,5.96e-23
687.837026,1.41e-25
687.837051,1.41e-25
687.83777,1.05e-25
687.837789,1.05e-25
687.85508,1.63e-25
687.855104,1.63e-25
687.857686,7.839999999999999e-23
687.857721,7.149999999999999e-23
687.857725,7.48e-23
687.859672,1.17e-25
687.859725,1.17e-25
687.860332,1.61e-25
687.860343,1.61e-25
687.862315,6.839999999999999e-23
687.862318,6.539999999999999e-23
687.862372,6.259999999999999e-23
687.864962,1.2e-25
687.864965,1.2e-25
687.870628,2.4199999999999998e-24
687.870647,2.2899999999999998e-24
687.870648,2.35e-24
687.877198,1.154e-23
687.877545,1.84e-25
687.877579,1.84e-25
687.878559,1.05e-23
687.878568,9.7e-24
687.878575,1.01e-23
687.880163,8.13e-23
687.880193,7.379999999999999e-23
687.880198,7.729999999999999e-23
687.882812,1.81e-25
687.882816,1.81e-25
687.886525,1.35e-25
687.886589,1.3399999999999999e-25
687.889166,7.169999999999999e-23
687.88917,6.839999999999999e-23
687.889219,6.539999999999999e-23
687.890464,2.596e-24
687.891801,1.38e-25
687.891812,1.38e-25
687.898801,2.07e-25
687.898844,2.08e-25
687.90143,8.359999999999999e-23
687.901455,7.57e-23
687.901461,7.949999999999999e-23
687.904071,2.05e-25
687.90409,2.05e-25
687.912335,1.54e-25
687.912411,1.54e-25
687.914974,7.469999999999999e-23
687.91498,7.11e-23
687.915025,6.779999999999999e-23
687.917594,1.57e-25
687.917619,1.57e-25
687.919028,2.34e-25
687.919081,2.34e-25
687.921668,8.549999999999999e-23
687.921687,7.700000000000001e-23
687.921694,8.1e-23
687.924301,2.31e-25
687.924335,2.31e-25
687.924495,2.36e-24
687.924496,2.3e-24
687.924515,2.24e-24
687.937571,1.75e-25
687.937659,1.75e-25
687.938017,2.63e-25
687.93808,2.63e-25
687.940208,7.72e-23
687.940215,7.339999999999999e-23
687.940257,6.98e-23
687.940668,8.67e-23
687.940682,7.76e-23
687.940691,8.2e-23
687.942813,1.79e-25
687.942852,1.79e-25
687.943292,2.6e-25
687.943342,2.6e-25
687.951212,1.02e-23
687.95122,9.75e-24
687.951243,9.37e-24
687.955808,2.95e-25
687.955883,2.95e-25
687.95847,8.729999999999999e-23
687.958478,7.76e-23
687.958489,8.22e-23
687.961084,2.92e-25
687.961151,2.93e-25
687.961895,2e-25
687.961995,2e-25
687.964529,7.929999999999999e-23
687.964537,7.509999999999999e-23
687.964577,7.139999999999999e-23
687.967119,2.03e-25
687.967171,2.03e-25
687.97227,3.31e-25
687.972357,3.31e-25
687.974944,8.7e-23
687.974945,7.68e-23
687.974958,8.159999999999999e-23
687.977547,3.28e-25
687.977632,3.28e-25
687.985532,2.27e-25
687.985644,2.27e-25
687.987362,3.7e-25
687.987462,3.69e-25
687.988162,8.09e-23
687.988172,7.639999999999999e-23
687.988209,7.229999999999999e-23
687.990042,7.509999999999999e-23
687.990048,8.589999999999999e-23
687.990058,8.02e-23
687.990737,2.31e-25
687.990802,2.31e-25
687.992638,3.66e-25
687.992743,3.67e-25
687.993649,2.485e-24
688.000966,4.12e-25
688.00108,4.11e-25
688.003651,7.26e-23
688.003664,8.379999999999999e-23
688.003669,7.789999999999999e-23
688.006239,4.08e-25
688.006366,4.09e-25
688.008339,2.58e-25
688.008465,2.58e-25
688.010965,8.179999999999999e-23
688.010977,7.689999999999999e-23
688.011012,7.26e-23
688.012976,4.57e-25
688.013105,4.56e-25
688.013524,2.61e-25
688.013603,2.61e-25
688.015663,6.92e-23
688.015686,7.769999999999999e-23
688.018244,4.53e-25
688.018395,4.54e-25
688.019365,5.24e-24
688.020972,1.06e-23
688.023228,5.04e-25
688.023374,5.04e-25
688.023577,4.88e-25
688.023869,4.86e-25
688.024086,2.51e-23
688.025918,6.48e-23
688.025944,7.019999999999999e-23
688.025951,7.669999999999999e-23
688.026035,1.83e-23
688.026112,1.41e-23
688.026242,1.6499999999999998e-23
688.026367,1.98e-23
688.028485,4.84e-25
688.028488,5e-25
688.028667,5.01e-25
688.029032,4.86e-25
688.029039,1.3799999999999998e-23
688.030434,2.92e-25
688.030574,2.92e-25
688.030921,1.3799999999999998e-23
688.031517,5.54e-25
688.031681,5.53e-25
688.033055,8.2e-23
688.033069,7.68e-23
688.033103,7.22e-23
688.033934,1.83e-23
688.034205,5.929999999999999e-23
688.034238,6.469999999999999e-23
688.034252,7.13e-23
688.035598,2.96e-25
688.035689,2.95e-25
688.035795,6.39e-25
688.036059,6.37e-25
688.036172,2.28e-23
688.036762,5.5e-25
688.036974,5.51e-25
688.037538,6.03e-25
688.037723,6.02e-25
688.038409,2.5900000000000002e-23
688.038501,2.98e-23
688.038583,3.48e-23
688.038989,1.0699999999999998e-23
688.040222,5.27e-23
688.040263,5.81e-23
688.040287,6.469999999999999e-23
688.040408,1.03e-25
688.040604,5.26e-24
688.040689,6.67e-25
688.04084,6.45e-25
688.040851,6.34e-25
688.040924,6.6499999999999995e-25
688.041048,6.43e-25
688.041288,6.36e-25
688.042763,5.98e-25
688.043013,5.99e-25
688.043343,3.62e-23
688.043411,4.09e-23
688.043466,4.6800000000000006e-23
688.043514,4.52e-23
688.043566,5.02e-23
688.043603,5.66e-23
688.045584,1.02e-25
688.04583,6.62e-25
688.046032,6.399999999999998e-25
688.046188,6.63e-25
688.046329,6.41e-25
688.050838,9.84e-26
688.051788,3.29e-25
688.051943,3.29e-25
688.054402,8.139999999999999e-23
688.054419,7.59e-23
688.054453,7.11e-23
688.056928,3.3299999999999998e-25
688.057033,3.3299999999999998e-25
688.072491,3.71e-25
688.072663,3.71e-25
688.073229,1.16e-25
688.075096,7.989999999999999e-23
688.075117,7.409999999999999e-23
688.075151,6.909999999999999e-23
688.077605,3.75e-25
688.077722,3.75e-25
688.078388,1.16e-25
688.083651,1.13e-25
688.092598,4.17e-25
688.09279,4.17e-25
688.095194,7.749999999999999e-23
688.095218,7.149999999999999e-23
688.095254,6.63e-23
688.097683,4.21e-25
688.097814,4.2e-25
688.106145,1.3e-25
688.111286,1.3e-25
688.112242,4.67e-25
688.112455,4.67e-25
688.114825,7.409999999999999e-23
688.114855,6.79e-23
688.114893,6.259999999999999e-23
688.116556,1.28e-25
688.117292,4.7099999999999995e-25
688.117438,4.7e-25
688.125736,6.274e-24
688.131592,5.19e-25
688.13183,5.2e-25
688.134158,6.969999999999999e-23
688.134194,6.33e-23
688.134236,5.8e-23
688.1366,5.23e-25
688.13676,5.23e-25
688.139145,1.45e-25
688.144267,1.47e-25
688.149544,1.45e-25
688.150921,5.76e-25
688.151188,5.76e-25
688.153464,6.42e-23
688.15351,5.77e-23
688.153557,5.23e-23
688.155879,5.8e-25
688.156053,5.79e-25
688.158659,6.052e-24
688.170655,6.3299999999999995e-25
688.170956,6.3299999999999995e-25
688.172519,1.62e-25
688.173166,5.74e-23
688.173224,5.1e-23
688.17328,4.59e-23
688.175548,6.36e-25
688.175736,6.36e-25
688.177619,1.65e-25
688.182902,1.65e-25
688.191505,6.83e-25
688.191849,6.84e-25
688.193971,4.95e-23
688.194047,4.32e-23
688.194115,3.83e-23
688.196314,6.86e-25
688.196513,6.86e-25
688.20645,1.79e-25
688.211527,1.83e-25
688.21475,7.14e-25
688.215148,7.14e-25
688.216814,1.85e-25
688.217147,4.0000000000000004e-23
688.217251,3.4099999999999995e-23
688.217339,2.98e-23
688.219441,7.16e-25
688.219648,7.16e-25
688.241308,1.98e-25
688.242976,6.9e-25
688.243445,6.9e-25
688.245259,2.8799999999999995e-23
688.245409,2.39e-23
688.24553,2.03e-23
688.246357,2.04e-25
688.247494,6.91e-25
688.247693,6.92e-25
688.251648,2.08e-25
688.27751,2.18e-25
688.2825,5.28e-25
688.282527,2.27e-25
688.283072,5.26e-25
688.284577,1.56e-23
688.284814,1.24e-23
688.284996,1.02e-23
688.286738,5.27e-25
688.286891,5.29e-25
688.28782,2.33e-25
688.315674,2.38e-25
688.320654,2.51e-25
688.324389,1.56e-25
688.325946,2.6e-25
688.329255,3.84e-25
688.34144,9.02e-24
688.342509,8.379999999999999e-24
688.342734,8.36e-24
688.344287,5.793e-24
688.356635,2.59e-25
688.36157,2.75e-25
688.365629,5.595e-24
688.366858,2.88e-25
688.3832,8.2e-23
688.38322,7.13e-23
688.383227,7.65e-23
688.385829,3.76e-25
688.385888,3.76e-25
688.401608,2.78e-25
688.406487,2.99e-25
688.406519,8.39e-24
688.40657,8.3e-24
688.406773,8.419999999999999e-24
688.411766,3.17e-25
688.420027,3.88e-25
688.420929,2.44e-25
688.420952,2.3649999999999997e-25
688.424865,1.58e-25
688.440685,3.79e-25
688.440828,3.79e-25
688.443318,7.72e-23
688.44333,7.169999999999999e-23
688.443367,6.649999999999999e-23
688.452393,2.93e-25
688.457201,3.19e-25
688.462462,3.43e-25
688.465864,2.3699999999999997e-25
688.465883,2.3e-25
688.485384,1.22e-23
688.485417,1.31e-23
688.485419,1.4000000000000002e-23
688.511105,1.029e-24
688.511803,3e-25
688.516518,3.31e-25
688.521748,3.62e-25
688.535123,1.5999999999999998e-25
688.540235,1.5999999999999998e-25
688.545529,1.55e-25
688.574458,1.003e-24
688.58452,2.9e-25
688.589109,3.27e-25
688.594283,3.64e-25
688.615917,1.3299999999999998e-23
688.615957,1.24e-23
688.616013,1.15e-23
688.650428,1.265e-23
688.665045,2.1599999999999998e-24
688.665066,2.06e-24
688.665067,2.11e-24
688.679087,2.49e-25
688.683493,2.87e-25
688.688563,3.28e-25
688.690445,1.01e-23
688.690456,9.37e-24
688.690462,9.71e-24
688.712636,2.688e-24
688.717528,2.12e-24
688.71753,2.06e-24
688.717549,2.01e-24
688.736091,1.16e-23
688.760145,9.78e-24
688.760152,9.41e-24
688.760175,9.06e-24
688.809492,2.577e-24
688.813526,1.55e-25
688.817641,1.84e-25
688.822508,2.17e-25
688.91448,2.52e-23
688.914583,2.74e-23
688.916003,3.44e-23
688.925424,6.819999999999999e-24
688.930179,5.7499999999999995e-24
688.931484,5.7299999999999996e-24
688.936239,6.8e-24
688.945512,3.09e-23
688.94708,2.7499999999999995e-23
688.947183,2.5300000000000003e-23
689.178002,1.95e-24
689.197445,2.05e-25
689.197469,2.01e-25
689.19747,1.97e-25
689.240599,8.459999999999999e-23
689.240609,7.29e-23
689.240617,7.859999999999999e-23
689.241322,1.898e-24
689.241605,1.98e-25
689.241606,2.02e-25
689.241625,1.94e-25
689.243214,4.45e-25
689.2433,4.45e-25
689.301967,4.54e-25
689.302132,4.54e-25
689.304594,7.949999999999999e-23
689.30461,7.33e-23
689.304641,6.76e-23
689.305481,9.501e-25
689.316637,1.36e-23
689.316663,1.55e-23
689.316665,1.4499999999999998e-23
689.367014,9.267e-25
689.407391,1.88e-25
689.412474,1.9e-25
689.417783,1.87e-25
689.436419,1.48e-23
689.436452,1.3799999999999998e-23
689.436502,1.29e-23
689.458101,1.93e-24
689.458122,1.83e-24
689.458123,1.88e-24
689.471256,1.61e-23
689.471299,1.6399999999999998e-23
689.474009,3.16e-23
689.479491,1.35e-23
689.479543,1.43e-23
689.483547,1.43e-23
689.483606,1.35e-23
689.489345,2.85e-23
689.49179,1.6399999999999998e-23
689.491841,1.61e-23
689.500932,9.63e-24
689.500946,8.98e-24
689.500951,9.3e-24
689.501704,1.275e-23
689.509282,1.8899999999999998e-24
689.509283,1.84e-24
689.509303,1.79e-24
689.533167,2.748e-24
689.567926,9.35e-24
689.567932,9.02e-24
689.567956,8.69e-24
689.594611,1.158e-23
689.624452,2.639e-24
689.881494,6.976e-24
689.906314,6.719e-24
689.954586,7.512e-24
689.972565,1.72e-25
689.972591,1.69e-25
689.972592,1.67e-25
689.988962,7.225e-24
690.01599,1.67e-25
690.015991,1.69e-25
690.016011,1.64e-25
690.057303,1.3e-25
690.057379,1.28e-25
690.057398,1.26e-25
690.081017,1.29e-25
690.081133,1.31e-25
690.081245,1.33e-25
690.096046,7.409999999999999e-23
690.096047,8.7e-23
690.096056,8.039999999999999e-23
690.097743,8.714000000000001e-25
690.098644,5.29e-25
690.09876,5.3e-25
690.145899,1.49e-23
690.145916,1.67e-23
690.145922,1.5799999999999998e-23
690.157611,8.506e-25
690.161847,5.48e-25
690.162034,5.48e-25
690.164467,8.139999999999999e-23
690.164485,7.449999999999999e-23
690.16451,6.819999999999999e-23
690.249802,1.71e-24
690.249825,1.63e-24
690.249826,1.67e-24
690.256599,1.6000000000000002e-23
690.256626,1.5e-23
690.256671,1.41e-23
690.279936,2.24e-25
690.284985,2.29e-25
690.290308,2.29e-25
690.299757,1.655e-24
690.299779,1.5999999999999999e-24
690.31004,9.14e-24
690.310056,8.54e-24
690.31006,8.83e-24
690.331711,5.913e-25
690.35126,1.28e-23
690.352123,2.779e-24
690.374548,8.88e-24
690.374553,8.58e-24
690.374576,8.289999999999999e-24
690.438467,2.6719999999999998e-24
690.452592,1.15e-23
690.628935,5.533e-25
690.746295,1.45e-25
690.746322,1.4199999999999999e-25
690.746323,1.39e-25
690.768832,3.2799999999999995e-23
690.76907,3.29e-23
690.770363,4.22e-23
690.780972,7.85e-24
690.785479,6.2699999999999995e-24
690.785766,6.2499999999999996e-24
690.78902,1.4e-25
690.789021,1.4199999999999999e-25
690.789043,1.37e-25
690.790272,7.88e-24
690.800755,3.77e-23
690.802174,3.29e-23
690.802412,3.29e-23
690.887797,7.94e-25
690.946145,7.757e-25
690.950768,7.48e-23
690.950781,8.54e-23
690.953359,6.35e-25
690.953508,6.36e-25
690.968129,1.7099999999999998e-23
690.969021,2.39e-23
690.971276,3.9e-23
690.973325,1.5899999999999998e-23
690.973336,1.7699999999999998e-23
690.973345,1.68e-23
690.975028,2.03e-23
690.978978,1.2299999999999998e-23
690.981988,1.2299999999999998e-23
690.98593,2.04e-23
690.989915,3.49e-23
690.991945,2.4e-23
690.992829,1.7199999999999998e-23
691.021625,6.67e-25
691.021838,6.6799999999999985e-25
691.024235,8.289999999999999e-23
691.024257,7.529999999999999e-23
691.024277,6.83e-23
691.040158,1.51e-24
691.040183,1.4599999999999999e-24
691.076255,1.7e-23
691.076278,1.61e-23
691.076319,1.5099999999999998e-23
691.088955,1.48e-24
691.088956,1.45e-24
691.088978,1.41e-24
691.117788,8.62e-24
691.117806,8.079999999999999e-24
691.11781,8.339999999999999e-24
691.154605,2.69e-25
691.159613,2.79e-25
691.16495,2.8399999999999998e-25
691.166106,2.1e-25
691.166222,2.07e-25
691.166279,2.03e-25
691.169559,2.781e-24
691.180002,8.379999999999999e-24
691.180006,8.11e-24
691.18003,7.84e-24
691.187506,1.019e-24
691.188336,2.07e-25
691.188462,2.1e-25
691.188581,2.14e-25
691.199087,1.283e-23
691.251491,2.678e-24
691.310169,1.134e-23
691.42961,9.502e-25
691.444159,2.72e-25
691.448946,7.22e-25
691.456829,8.227e-24
691.459573,1.28e-23
691.460747,1.1699999999999998e-23
691.460886,1.18e-23
691.485297,7.899e-24
691.518639,1.2e-25
691.518667,1.18e-25
691.518669,1.16e-25
691.520504,1.18e-23
691.52062,1.1699999999999998e-23
691.520673,1.18e-23
691.532473,7.29e-25
691.53723,2.76e-25
691.560697,1.16e-25
691.560698,1.18e-25
691.560722,1.14e-25
691.675513,7.188e-25
691.73248,7.028e-25
691.758848,8.796e-24
691.795189,8.431e-24
691.799037,1.67e-23
691.799042,1.86e-23
691.799053,1.7599999999999997e-23
691.803888,7.5e-23
691.803903,8.26e-23
691.803913,9.09e-23
691.806468,7.71e-25
691.806654,7.72e-25
691.829176,1.32e-24
691.829203,1.28e-24
691.87688,1.2999999999999998e-24
691.876881,1.2699999999999999e-24
691.876905,1.24e-24
691.880572,8.23e-25
691.880814,8.24e-25
691.883169,8.39e-23
691.883195,7.55e-23
691.883209,6.779999999999999e-23
691.895244,1.7799999999999998e-23
691.895264,1.68e-23
691.895302,1.6000000000000002e-23
691.924192,8.079999999999999e-24
691.924212,7.58e-24
691.924215,7.819999999999999e-24
691.984285,7.859999999999999e-24
691.984288,7.61e-24
691.984313,7.36e-24
691.985518,2.757e-24
692.031368,3.27e-25
692.035695,1.477e-24
692.036329,3.45e-25
692.041676,3.58e-25
692.045053,1.284e-23
692.063488,2.658e-24
692.167084,1.112e-23
692.199407,2.684e-24
692.237862,3.34e-25
692.237996,3.28e-25
692.238066,3.23e-25
692.240232,1.378e-24
692.258895,2.606e-24
692.26009,3.29e-25
692.260224,3.34e-25
692.260355,3.4e-25
692.289601,9.91e-26
692.289632,9.74e-26
692.331027,9.76e-26
692.46075,6.465e-25
692.506608,1.21e-23
692.508695,2.63e-23
692.511196,4.71e-23
692.513351,3.31e-23
692.516368,1.7e-23
692.516473,6.326e-25
692.527858,1.7099999999999998e-23
692.530867,3.33e-23
692.532401,9.8e-26
692.533223,4.18e-23
692.53553,2.64e-23
692.53761,1.21e-23
692.594737,3.23e-23
692.59551,3.8e-23
692.596947,5.0700000000000006e-23
692.602795,1.6399999999999998e-23
692.607197,8.7e-24
692.616866,1.16e-24
692.616894,1.13e-24
692.616895,1.0999999999999998e-24
692.618502,8.75e-24
692.622904,1.6499999999999998e-23
692.623126,1.8249999999999997e-23
692.62314,1.82e-23
692.627166,1.07e-25
692.628363,9.83e-26
692.628645,4.49e-23
692.63019,3.81e-23
692.630962,3.24e-23
692.655745,7.469999999999999e-23
692.655763,8.309999999999999e-23
692.655786,9.24e-23
692.658311,9.47e-25
692.658541,9.48e-25
692.663535,1.11e-24
692.663536,1.13e-24
692.663561,1.0799999999999999e-24
692.713461,1.84e-23
692.713478,1.74e-23
692.713514,1.66e-23
692.729269,7.52e-24
692.729291,7.07e-24
692.729294,7.29e-24
692.739169,1.03e-24
692.739443,1.03e-24
692.741746,8.469999999999999e-23
692.741778,7.52e-23
692.741787,6.669999999999999e-23
692.787394,7.32e-24
692.787397,7.09e-24
692.787423,6.87e-24
692.800046,2.709e-24
692.874438,2.616e-24
692.878682,1.939e-24
692.889337,1.292e-23
692.911821,4.06e-25
692.916722,4.34e-25
692.922078,4.61e-25
693.022038,1.082e-23
693.050909,1.2999999999999998e-24
693.051107,1.52e-24
693.05123,1.7699999999999998e-24
693.0559,1.813e-24
693.064712,9.497e-24
693.097088,9.085e-24
693.17117,1.61e-25
693.171185,1.59e-25
693.171193,1.56e-25
693.172293,1.59e-25
693.172301,1.625e-25
693.243304,5.776e-25
693.277376,5.2e-25
693.277523,5.11e-25
693.277601,5.02e-25
693.297918,5.6570000000000005e-25
693.299822,5.11e-25
693.299965,5.2e-25
693.300107,5.3e-25
693.403234,9.97e-25
693.403264,9.78e-25
693.403265,9.57e-25
693.404066,1.7e-24
693.404422,1.42e-24
693.404765,1.17e-24
693.445663,1.96e-23
693.445667,1.7699999999999998e-23
693.44568,1.86e-23
693.448923,9.59e-25
693.448924,9.81e-25
693.448951,9.37e-25
693.505982,7.379999999999999e-23
693.506004,8.319999999999999e-23
693.506042,9.37e-23
693.50853,1.19e-24
693.508811,1.19e-24
693.530831,1.88e-23
693.530845,1.79e-23
693.53088,1.7e-23
693.533034,6.949999999999999e-24
693.533058,6.5499999999999995e-24
693.533061,6.74e-24
693.541904,1.007e-23
693.580821,9.612e-24
693.589329,6.77e-24
693.589332,6.57e-24
693.589359,6.37e-24
693.597242,1.32e-24
693.597554,1.32e-24
693.599793,8.509999999999999e-23
693.599831,7.44e-23
693.599833,6.48e-23
693.613172,2.64e-24
693.684317,2.552e-24
693.717792,2.391e-24
693.733205,1.321e-23
693.797519,5.14e-25
693.802344,5.61e-25
693.807702,6.099999999999999e-25
693.866717,1.035e-23
693.874229,2.241e-24
693.91736,3.4e-24
693.917497,3.9e-24
693.917568,4.47e-24
694.022967,5.125e-25
694.076609,5.0250000000000005e-25
694.081245,5.82e-24
694.084875,1.94e-23
694.088617,5.559999999999999e-23
694.089778,4.75e-23
694.090984,1.09e-25
694.091356,3.16e-23
694.092367,1.01e-25
694.111263,3.17e-23
694.112834,4.77e-23
694.114168,4.9e-23
694.114793,1.29e-25
694.117744,1.94e-23
694.121367,5.82e-24
694.18829,8.63e-25
694.188322,8.44e-25
694.188323,8.27e-25
694.190413,4.22e-24
694.19063,3.599999999999999e-24
694.190857,3.0699999999999998e-24
694.23305,8.29e-25
694.233051,8.46e-25
694.233079,8.11e-25
694.266713,1.98e-23
694.266722,1.8e-23
694.266733,1.88e-23
694.289047,7.959999999999999e-25
694.289205,7.82e-25
694.289289,7.68e-25
694.311685,7.83e-25
694.311837,7.969999999999999e-25
694.311991,8.12e-25
694.335503,6.39e-24
694.335529,6.0299999999999995e-24
694.335531,6.199999999999999e-24
694.347296,1.9e-23
694.347308,1.81e-23
694.347342,1.7199999999999998e-23
694.354601,7.249999999999999e-23
694.354626,8.309999999999999e-23
694.354684,9.51e-23
694.357122,1.5299999999999999e-24
694.357467,1.5299999999999999e-24
694.390092,6.2299999999999996e-24
694.390094,6.05e-24
694.390122,5.87e-24
694.394871,1.6499999999999998e-23
694.397223,3.47e-23
694.399494,5.96e-23
694.401836,4.05e-23
694.401912,1.26e-25
694.404723,1.97e-23
694.418047,5.508e-25
694.424938,2.553e-24
694.427839,1.98e-23
694.429676,4.95e-25
694.430724,4.07e-23
694.432451,1.57e-25
694.432978,5.2100000000000006e-23
694.434339,1.44e-24
694.435059,1.16e-25
694.435339,3.47e-23
694.43769,1.66e-23
694.443219,1.7599999999999997e-23
694.444564,1.5699999999999997e-23
694.444575,1.61e-23
694.45493,1.73e-24
694.455285,1.73e-24
694.45744,8.529999999999999e-23
694.457479,6.22e-23
694.457486,7.29e-23
694.493124,2.4709999999999998e-24
694.500257,1.61e-23
694.500298,1.5799999999999998e-23
694.500466,1.61e-23
694.510523,1.45e-24
694.515156,5e-25
694.553824,2.817e-24
694.691547,6.76e-25
694.693915,2.649e-24
694.696269,7.54e-25
694.699506,1.072e-23
694.701619,8.43e-25
694.736183,1.021e-23
694.769965,9.64e-26
694.772588,5.98e-24
694.772687,6.74e-24
694.772729,7.599999999999999e-24
694.799412,4.516e-25
694.804652,2.11e-25
694.804669,2.08e-25
694.804683,2.05e-25
694.805627,2.01e-25
694.805645,2.05e-25
694.805662,2.08e-25
694.852225,4.432e-25
694.913814,2.6799999999999998e-25
694.913832,2.64e-25
694.913842,2.6e-25
694.915146,2.64e-25
694.915155,2.6799999999999998e-25
694.915157,2.73e-25
694.972041,7.42e-25
694.972075,7.26e-25
694.972076,7.11e-25
694.995768,7.14e-24
694.995914,6.2299999999999996e-24
694.996077,5.43e-24
694.99818,1.12e-25
694.998311,1.12e-25
695.015918,7.12e-25
695.01592,7.28e-25
695.01595,6.97e-25
695.086329,1.97e-23
695.086342,1.8e-23
695.086351,1.89e-23
695.087223,3.596e-24
695.136688,5.8399999999999996e-24
695.136717,5.51e-24
695.136718,5.67e-24
695.143237,3.483e-24
695.162816,1.9e-23
695.162826,1.81e-23
695.16286,1.73e-23
695.189684,5.69e-24
695.189685,5.53e-24
695.189715,5.37e-24
695.201472,7.059999999999999e-23
695.201502,8.269999999999999e-23
695.201585,9.68e-23
695.203953,2.0199999999999998e-24
695.20438,2.0299999999999998e-24
695.23536,2.451e-24
695.27761,1.2e-24
695.277777,1.18e-24
695.277865,1.15e-24
695.300328,1.18e-24
695.300487,1.2e-24
695.300655,1.22e-24
695.300838,2.374e-24
695.306736,1.126e-23
695.312004,2.38e-24
695.312406,2.38e-24
695.314448,8.529999999999999e-23
695.314478,5.85e-23
695.314501,7.079999999999999e-23
695.348981,1.0699999999999998e-23
695.387285,3.2099999999999997e-24
695.508678,3.082e-25
695.514181,3.028e-24
695.533315,3.022e-25
695.572336,3.95e-25
695.599142,9.34e-25
695.603718,1.07e-24
695.609039,1.25e-24
695.61825,1.12e-25
695.618436,1.12e-25
695.620902,8.79e-24
695.620976,9.79e-24
695.620999,1.09e-23
695.624468,3.88e-25
695.631865,3.901e-25
695.655537,3.977e-25
695.669705,4.542e-25
695.686682,2.57e-24
695.691357,7.98e-24
695.694634,4.451e-25
695.698114,6.449999999999999e-23
695.698777,5.889999999999999e-23
695.699356,5.0700000000000006e-23
695.700564,1.48e-25
695.701388,1.44e-25
695.726031,5.09e-23
695.726603,5.92e-23
695.727411,5.600000000000001e-23
695.731194,1.3399999999999999e-25
695.73403,7.94e-24
695.738698,2.56e-24
695.754497,6.34e-25
695.754533,6.21e-25
695.754535,6.08e-25
695.797535,6.09e-25
695.797537,6.22e-25
695.797569,5.96e-25
695.809848,1.03e-23
695.809952,9.07e-24
695.810077,8.05e-24
695.812275,1.26e-25
695.812418,1.26e-25
695.814078,6.577000000000001e-25
695.839403,6.439e-25
695.904552,1.95e-23
695.904568,1.79e-23
695.904576,1.87e-23
695.936606,5.3e-24
695.936638,5.09e-24
695.943701,9.351e-25
695.96954,9.147e-25
695.977358,1.88e-23
695.977367,1.8e-23
695.977402,1.7199999999999998e-23
695.98811,5.18e-24
695.988111,5.03e-24
695.988143,4.899999999999999e-24
696.044485,2.336e-24
696.046757,6.819999999999999e-23
696.046789,8.24e-23
696.046908,9.94e-23
696.049173,2.85e-24
696.049707,2.85e-24
696.060365,1.306e-24
696.086845,1.276e-24
696.107476,2.265e-24
696.165729,1.79e-24
696.167343,3.47e-24
696.167785,3.48e-24
696.169665,5.33e-23
696.169668,8.54e-23
696.169719,6.77e-23
696.171598,4.5e-24
696.175954,1.35e-23
696.181337,6.85e-23
696.182301,6.07e-23
696.183211,4.87e-23
696.183824,1.69e-25
696.18492,1.61e-25
696.192988,1.747e-24
696.213639,9.73e-26
696.215375,4.88e-23
696.216285,6.1e-23
696.217177,5.909999999999999e-23
696.218528,3.563e-24
696.219841,1.71e-25
696.222633,1.35e-23
696.224342,1.08e-25
696.226988,4.49e-24
696.248112,1.7599999999999998e-24
696.248288,1.73e-24
696.248378,1.69e-24
696.261307,2.409e-24
696.270768,1.73e-24
696.270933,1.7599999999999998e-24
696.271114,1.7999999999999997e-24
696.284943,1.35e-25
696.285076,1.28e-25
696.285465,1.46e-25
696.289492,2.349e-24
696.33455,3.369e-24
696.341193,3.427e-25
696.348456,3.1819999999999998e-24
696.355692,1.184e-23
696.37516,1.22e-25
696.37572,1.26e-25
696.375862,1.33e-25
696.377727,3.099e-24
696.392814,3.37e-25
696.397257,1.121e-23
696.42837,4.125e-24
696.458902,4.011e-24
696.461773,1.21e-25
696.461942,1.21e-25
696.464441,1.1699999999999998e-23
696.464499,1.29e-23
696.464509,1.42e-23
696.502072,5.245e-24
696.530896,1.41e-24
696.534059,5.092e-24
696.535246,1.67e-24
696.535664,5.39e-25
696.535703,5.28e-25
696.535705,5.17e-25
696.540489,2.04e-24
696.548226,5.555e-25
696.570417,6.54e-24
696.574237,5.631000000000001e-25
696.577905,5.18e-25
696.577907,5.29e-25
696.577941,5.08e-25
696.604077,6.338e-24
696.628382,1.34e-23
696.628459,1.2e-23
696.62856,1.08e-23
696.630828,1.33e-25
696.630971,1.33e-25
696.634091,7.994e-24
696.641638,4.4e-25
696.64166,4.33e-25
696.641673,4.25e-25
696.643204,4.33e-25
696.643216,4.4e-25
696.643219,4.48e-25
696.669602,3.5e-25
696.66962,3.44e-25
696.669636,3.39e-25
696.669675,7.732e-24
696.670804,3.3299999999999998e-25
696.670824,3.39e-25
696.670843,3.44e-25
696.693617,9.574e-24
696.701056,4.67e-24
696.706133,5.878e-24
696.709609,3.639e-24
696.721423,1.91e-23
696.721443,1.7599999999999997e-23
696.72145,1.84e-23
696.722089,7.254e-24
696.729931,4.537e-24
696.731418,9.238e-24
696.734795,2.783e-24
696.735268,4.8e-24
696.735302,4.55e-24
696.735303,4.67e-24
696.736454,3.541e-24
696.737125,5.701e-24
696.74643,8.776e-24
696.749362,1.123e-23
696.755324,7.023999999999999e-24
696.759662,2.712e-24
696.77693,1.0399999999999998e-23
696.779841,2.089e-24
696.78209,8.478e-24
696.785372,4.6899999999999996e-24
696.785373,4.5599999999999996e-24
696.785406,4.44e-24
696.789733,1.08e-23
696.790906,1.85e-23
696.790913,1.7699999999999998e-23
696.790948,1.7e-23
696.801551,1.288e-23
696.802752,2.038e-24
696.811613,1.206e-23
696.815254,1.002e-23
696.84492,1.236e-23
696.848148,1.5399999999999999e-24
696.848743,1.368e-23
696.850271,1.445e-23
696.852312,2.2109999999999998e-24
696.852924,1.159e-23
696.869101,1.504e-24
696.8868,1.517e-23
696.891581,6.53e-23
696.891607,8.28e-23
696.891777,1.05e-22
696.893464,1.31e-23
696.893879,4.34e-24
696.894557,4.35e-24
696.895485,1.582e-23
696.897173,1.381e-23
696.91301,2.1459999999999998e-24
696.924455,1.639e-23
696.935491,1.446e-23
696.937038,1.687e-23
696.943231,1.115e-24
696.946603,1.505e-23
696.960532,1.725e-23
696.962206,1.09e-24
696.97466,1.75e-23
696.977862,1.556e-23
696.99327,1.597e-23
696.993973,1.761e-23
697.007954,1.758e-23
697.012313,1.14e-25
697.013973,5.5e-24
697.014384,5.52e-24
697.015905,4.5500000000000006e-23
697.016044,6.259999999999999e-23
697.016053,8.52e-23
697.019669,1.627e-23
697.02377,1.738e-23
697.036357,1.7e-23
697.037221,1.644e-23
697.047786,3.869e-24
697.04887,1.6449999999999998e-23
697.052121,3.669e-24
697.055933,1.2299999999999998e-23
697.059037,1.5699999999999997e-23
697.060251,1.648e-23
697.067975,1.475e-23
697.068625,7.925e-25
697.069855,6.423e-24
697.074634,1.3589999999999998e-23
697.078032,8.676e-24
697.078549,1.6369999999999998e-23
697.07908,1.221e-23
697.080494,1.058e-23
697.085593,7.755e-25
697.099229,1.61e-23
697.102472,1.161e-23
697.105561,2.947e-25
697.117493,1.565e-23
697.136607,1.503e-23
697.154631,1.422e-23
697.154692,3.669e-24
697.156845,2.903e-25
697.173029,1.321e-23
697.191353,1.201e-23
697.205807,2.56e-24
697.205991,2.51e-24
697.206083,2.46e-24
697.210548,1.06e-23
697.227782,5.536e-25
697.228253,2.51e-24
697.228423,2.56e-24
697.228619,2.61e-24
697.231292,8.975e-24
697.242703,5.422e-25
697.255434,7.123e-24
697.285811,9.55e-25
697.28674,5.022e-24
697.290257,3.09e-24
697.297207,2.37e-23
697.298652,2.11e-23
697.298861,1.98e-23
697.301722,1.25e-25
697.301873,1.24e-25
697.304397,1.4599999999999998e-23
697.304443,1.5899999999999998e-23
697.304444,1.73e-23
697.315554,4.57e-25
697.315595,4.48e-25
697.315598,4.39e-25
697.317543,1.2099999999999999e-24
697.322621,2.77e-24
697.334193,7.319999999999999e-23
697.334602,6.83e-23
697.334799,6.319999999999999e-23
697.33603,2.64e-24
697.336708,1.98e-25
697.337222,1.97e-25
697.350467,1.99e-23
697.350644,2.12e-23
697.350991,2.1400000000000003e-23
697.357034,4.4e-25
697.357036,4.49e-25
697.357073,4.31e-25
697.35907,3.12e-24
697.363486,9.66e-25
697.36411,1.24e-25
697.364403,1.48e-25
697.366861,6.339999999999999e-23
697.367051,6.859999999999999e-23
697.36758,6.259999999999999e-23
697.376288,1.36e-25
697.37904,2.74e-24
697.381462,9.81e-26
697.38411,1.19e-24
697.423929,3.8e-25
697.436765,3.725e-25
697.441711,5.449e-25
697.449257,1.6399999999999998e-23
697.449317,1.49e-23
697.449401,1.35e-23
697.451723,1.3399999999999999e-25
697.45186,1.3399999999999999e-25
697.463373,7.773e-25
697.512257,2.46e-24
697.513917,2.07e-25
697.514555,2.16e-25
697.516215,3.09e-24
697.518296,2.03e-25
697.519165,2.15e-25
697.521246,4.11e-24
697.532693,4.31e-24
697.532729,4.145e-24
697.536972,1.86e-23
697.536995,1.7199999999999998e-23
697.537001,1.79e-23
697.581481,4.1550000000000005e-24
697.581517,3.99e-24
697.603437,1.8e-23
697.603444,1.73e-23
697.603479,1.67e-23
697.603807,1.81e-25
697.604803,1.79e-25
697.605579,1.78e-25
697.658907,2.0789999999999998e-24
697.665641,2.2e-25
697.665643,2.17e-25
697.665796,2.14e-25
697.717483,2.0199999999999998e-24
697.77916,1.9899999999999999e-25
697.779288,1.9e-25
697.779663,2.15e-25
697.847467,4.6859999999999996e-24
697.86233,1.83e-25
697.862925,1.88e-25
697.863063,1.97e-25
697.87526,4.128e-24
697.900422,4.526e-24
697.914391,3.62e-25
697.914559,3.56e-25
697.914611,3.5e-25
697.928887,1.4699999999999999e-24
697.933502,3.51e-25
697.933508,3.56e-25
697.933555,3.45e-25
697.933902,3.17e-24
697.945416,7.700000000000001e-23
697.945919,7.149999999999999e-23
697.946183,6.59e-23
697.947959,2.29e-25
697.948543,2.27e-25
697.974415,3.923e-24
697.980888,1.46e-25
697.981214,1.71e-25
697.983605,6.61e-23
697.983867,7.189999999999999e-23
697.984315,6.539999999999999e-23
697.99317,1.57e-25
697.995886,3.13e-24
697.998246,1.16e-25
698.000899,1.45e-24
698.028012,1.276e-23
698.075338,1.2e-23
698.094172,3.85e-25
698.094216,3.77e-25
698.094219,3.7e-25
698.134927,3.71e-25
698.13493,3.78e-25
698.13497,3.63e-25
698.138814,1.24e-25
698.13895,1.24e-25
698.141493,1.7199999999999998e-23
698.141524,2.03e-23
698.14153,1.87e-23
698.153676,5.74e-25
698.15384,5.64e-25
698.153851,5.55e-25
698.156031,3.6499999999999996e-24
698.15622,3.57e-24
698.156312,3.5e-24
698.174807,5.64e-25
698.174811,5.54e-25
698.174887,5.46e-25
698.178147,3.58e-24
698.17832,3.6499999999999996e-24
698.178531,3.73e-24
698.27131,1.91e-23
698.271357,1.75e-23
698.271429,1.61e-23
698.273794,1.32e-25
698.273923,1.32e-25
698.328887,3.85e-24
698.328926,3.7099999999999994e-24
698.351238,1.8e-23
698.351265,1.67e-23
698.351269,1.73e-23
698.353242,7.08e-25
698.353267,6.96e-25
698.353283,6.84e-25
698.355055,6.97e-25
698.35507,7.08e-25
698.355076,7.2e-25
698.370113,8.94e-25
698.370288,8.63e-25
698.370296,8.769999999999999e-25
698.376435,3.6699999999999995e-24
698.376436,3.77e-24
698.376474,3.58e-24
698.382557,1.069e-24
698.391749,8.759999999999999e-25
698.391766,8.62e-25
698.391864,8.48e-25
698.396387,1.088e-24
698.414953,1.74e-23
698.414958,1.67e-23
698.414995,1.62e-23
698.464236,1.943e-24
698.520845,1.889e-24
698.53961,5.6799999999999995e-25
698.53963,5.59e-25
698.539649,5.5e-25
698.541064,5.3999999999999985e-25
698.541086,5.49e-25
698.541108,5.59e-25
698.564534,1.37e-24
698.564721,1.32e-24
698.56475,1.3399999999999999e-24
698.586404,1.3399999999999999e-24
698.586437,1.32e-24
698.586564,1.2999999999999998e-24
698.701053,4.335e-24
698.738759,2.05e-24
698.738974,1.97e-24
698.739029,2e-24
698.760821,2e-24
698.760879,1.97e-24
698.761043,1.94e-24
698.791691,1.311e-23
698.793539,4.13e-24
698.843817,1.228e-23
698.87153,3.22e-25
698.871578,3.16e-25
698.871582,3.1e-25
698.894729,3.03e-24
698.89499,2.9e-24
698.895086,2.9399999999999998e-24
698.911594,3.11e-25
698.911597,3.17e-25
698.91164,3.05e-25
698.917001,2.9399999999999998e-24
698.9171,2.9e-24
698.917319,2.86e-24
698.968347,6.09e-25
698.97351,1.22e-25
698.973566,1.09e-24
698.97363,1.22e-25
698.976189,1.98e-23
698.976207,2.3e-23
698.976219,2.13e-23
698.991463,8.119999999999999e-23
698.991728,7.61e-23
698.991793,7.13e-23
698.99403,2.6799999999999998e-25
698.994351,2.6799999999999998e-25
699.026356,2.06e-25
699.026443,2.21e-25
699.029039,7.149999999999999e-23
699.029096,7.65e-23
699.029461,6.83e-23
699.03436,4.399999999999999e-24
699.034699,4.1899999999999995e-24
699.034872,4.22e-24
699.044583,1.51e-25
699.047266,1.05e-24
699.049824,1.23e-25
699.052477,5.89e-25
699.056861,4.22e-24
699.057037,4.18e-24
699.057341,4.14e-24
699.093842,2.18e-23
699.093879,2.0100000000000003e-23
699.093944,1.85e-23
699.096343,1.28e-25
699.096462,1.28e-25
699.104074,5.11e-24
699.104268,5e-24
699.104357,4.89e-24
699.123873,3.42e-24
699.123915,3.34e-24
699.123917,3.26e-24
699.125858,5e-24
699.126031,5.11e-24
699.126258,5.22e-24
699.144632,1.09e-25
699.149514,3.2e-25
699.159498,6.2499999999999996e-24
699.159979,5.89e-24
699.160325,5.8e-24
699.162607,1.1e-25
699.162852,1.08e-25
699.163121,1.07e-25
699.164237,1.7199999999999998e-23
699.164266,1.61e-23
699.16427,1.67e-23
699.170252,3.27e-24
699.170253,3.35e-24
699.170294,3.1799999999999998e-24
699.182176,5.8e-24
699.182523,5.8799999999999995e-24
699.182977,5.87e-24
699.192986,3.21e-25
699.19787,1.1e-25
699.219473,2.74e-25
699.219594,2.62e-25
699.219978,2.95e-25
699.225433,1.67e-23
699.225438,1.62e-23
699.225476,1.56e-23
699.227015,1.05e-25
699.227188,1.07e-25
699.227457,1.08e-25
699.261479,3.92e-25
699.265855,1.41e-24
699.268403,1.804e-24
699.271892,8.74e-24
699.272667,7.989999999999999e-24
699.273489,7.16e-24
699.294408,7.15e-24
699.295232,7.97e-24
699.295985,8.18e-24
699.297499,2.55e-25
699.298154,2.6e-25
699.298287,2.72e-25
699.302042,1.41e-24
699.306419,3.94e-25
699.310779,1.444e-24
699.323171,1.755e-24
699.325807,1.478e-24
699.366983,1.7699999999999998e-24
699.369989,5.44e-24
699.373168,1.2e-23
699.374689,9.7e-24
699.376834,6.2899999999999995e-24
699.394355,6.2699999999999995e-24
699.396501,9.68e-24
699.398005,1.12e-23
699.401199,5.4499999999999996e-24
699.404207,1.7699999999999998e-24
699.46171,7.29e-24
699.462875,1.14e-23
699.464819,1.62e-23
699.468482,8.15e-24
699.47239,4.47e-24
699.482978,4.4499999999999995e-24
699.486888,8.119999999999999e-24
699.490537,1.5099999999999998e-23
699.492493,1.14e-23
699.493659,7.29e-24
699.525334,4.492e-24
699.54635,1.5099999999999998e-23
699.546605,1.67e-23
699.548188,2.1400000000000003e-23
699.55605,5.3399999999999996e-24
699.560723,4.22e-24
699.562408,4.2e-24
699.567082,5.3199999999999996e-24
699.574936,1.98e-23
699.576526,1.67e-23
699.576783,1.5e-23
699.61202,4.2879999999999996e-24
699.622812,2.12e-23
699.622973,2.15e-23
699.624457,2.78e-23
699.634409,5.78e-24
699.637678,4.85e-24
699.639185,4.83e-24
699.642452,5.8e-24
699.647634,2.69e-25
699.647686,2.64e-25
699.64769,2.59e-25
699.652399,2.56e-23
699.653889,2.1400000000000003e-23
699.65405,2.12e-23
699.669659,6e-25
699.67484,9.88e-25
699.687037,2.59e-25
699.687041,2.64e-25
699.687088,2.54e-25
699.692406,2.26e-23
699.693096,2.68e-23
699.694288,8.459999999999999e-23
699.694591,7.91e-23
699.694648,3.5399999999999995e-23
699.69469,7.39e-23
699.69688,3.12e-25
699.697214,3.11e-25
699.700405,1.18e-23
699.704842,6.589999999999999e-24
699.711562,1.342e-23
699.713775,6.62e-24
699.718211,1.19e-23
699.723965,3.25e-23
699.725522,2.68e-23
699.72621,2.25e-23
699.734131,2.48e-25
699.734225,2.63e-25
699.736783,7.42e-23
699.73688,7.96e-23
699.737144,7.039999999999999e-23
699.753981,1.68e-25
699.755403,1.41e-23
699.756633,9.52e-25
699.757439,2.78e-23
699.759157,1.4199999999999999e-25
699.759616,4.42e-23
699.761811,5.76e-25
699.762159,2.8799999999999995e-23
699.764101,9.89e-26
699.765332,1.3899999999999998e-23
699.765962,1.251e-23
699.784798,1.4000000000000002e-23
699.787969,2.8899999999999995e-23
699.790511,4.04e-23
699.79269,2.77e-23
699.794725,1.41e-23
699.806131,1.17e-25
699.806238,1.17e-25
699.808808,2.21e-23
699.808816,2.54e-23
699.808834,2.37e-23
699.81169,4.8399999999999995e-24
699.815683,1.5699999999999997e-23
699.820052,5.409999999999999e-23
699.821154,4.76e-23
699.822409,3.52e-23
699.848645,8.54e-25
699.8504,3.52e-23
699.851654,4.77e-23
699.852757,4.9199999999999993e-23
699.853803,6.87e-25
699.857126,1.56e-23
699.857954,5.53e-25
699.861118,4.8e-24
699.862597,1.81e-24
699.867472,4.74e-24
699.874841,1.01e-25
699.876487,6.5e-23
699.877072,6.1e-23
699.877465,5.600000000000001e-23
699.893004,1.95e-23
699.893159,1.42e-23
699.893641,2.32e-23
699.89492,2.57e-23
699.895325,3.1499999999999995e-23
699.897021,3.97e-23
699.899822,2.44e-23
699.900943,1.11e-23
699.902474,5.83e-24
699.903238,1.18e-23
699.905364,6.5499999999999995e-24
699.905484,1.7599999999999997e-23
699.905576,1.7699999999999998e-23
699.906062,1.84e-23
699.907335,2.45e-23
699.909053,8.45e-25
699.909696,4.91e-23
699.910294,5.59e-23
699.910686,6.1e-23
699.910983,4.18e-23
699.911273,5.86e-23
699.911327,6.58e-24
699.912628,2.77e-23
699.914182,1.67e-24
699.915746,1.12e-23
699.916291,6.18e-24
699.916421,2.41e-23
699.916452,2.24e-23
699.916511,2.08e-23
699.917654,3.03e-24
699.917699,2.9499999999999997e-24
699.917701,2.88e-24
699.917737,5.51e-24
699.918859,2.2799999999999998e-24
699.918919,1.18e-23
699.91894,1.22e-25
699.919048,1.22e-25
699.920287,4.66e-24
699.920962,5.48e-24
699.92142,2.8899999999999995e-23
699.922334,2.44e-23
699.922405,6.199999999999999e-24
699.92305,2.32e-23
699.923569,6.68e-24
699.923685,1.95e-23
699.925162,1.7799999999999994e-24
699.925181,3.63e-23
699.927146,1.15e-25
699.927182,1.22e-25
699.927237,2.56e-23
699.928997,1.41e-23
699.929299,7.639999999999999e-23
699.92966,7.279999999999999e-23
699.929811,6.94e-23
699.930878,5.949999999999999e-23
699.931429,2.26e-23
699.93156,5.519999999999999e-23
699.931813,1.03e-25
699.932111,4.91e-23
699.932289,1.03e-25
699.933123,1.7699999999999998e-23
699.933212,1.7599999999999997e-23
699.93361,1.1e-23
699.934125,1.3299999999999998e-23
699.936021,1.87e-23
699.937055,2.78e-23
699.938698,4.18e-23
699.940024,4.47e-23
699.940554,8.46e-25
699.940623,1.07e-24
699.941563,6.85e-24
699.94362,1.83e-23
699.945695,2.33e-24
699.94585,7.16e-25
699.945956,4.96e-24
699.947207,5.78e-24
699.948131,4.94e-24
699.950306,6.09e-25
699.951368,4.56e-25
699.952526,6.819999999999999e-24
699.95628,1.01e-25
699.95635,1.09e-25
699.956583,7.51e-25
699.958145,1.73e-23
699.95836,7.07e-23
699.958775,6.709999999999999e-23
699.958978,6.359999999999999e-23
699.959962,1.3299999999999998e-23
699.960479,1.1e-23
699.962266,4.91e-23
699.962815,5.53e-23
699.962928,2.89e-24
699.962929,2.96e-24
699.962973,2.82e-24
699.963529,5.38e-23
699.965938,5.67e-25
699.965978,6.929999999999999e-23
699.966127,7.279999999999999e-23
699.966492,6.83e-23
699.970808,6.6e-24
699.971133,1.0099999999999999e-24
699.975517,2.25e-24
699.976016,1.6499999999999998e-23
699.976049,1.54e-23
699.976052,1.5899999999999998e-23
699.976405,1.51e-25
699.976419,1.46e-25
699.978723,8.78e-23
699.978967,8.4e-23
699.979035,8.059999999999999e-23
699.980154,3.77e-24
699.981271,1.35e-25
699.981598,1.35e-25
699.981607,1.63e-24
699.982056,8.05e-24
699.984571,1.41e-23
699.986734,8.16e-25
699.986852,9.62e-24
699.987917,1.35e-25
699.987928,1.29e-25
699.989546,2.69e-25
699.990028,5.65e-24
699.990183,8.22e-23
699.99046,7.859999999999999e-23
699.990547,7.529999999999999e-23
699.992715,1.18e-25
699.992903,6.35e-23
699.993039,3.32e-25
699.99309,1.18e-25
699.993104,6.72e-23
699.993546,6.35e-23
699.994796,3.9e-25
699.998104,7.44e-25
699.998282,5.09e-25
699.999176,5.63e-24
700.002354,9.6e-24
700.003455,6.51e-25
700.004725,1.31e-23
700.006185,2.2799999999999998e-24
700.007148,8.05e-24
700.008101,5.76e-25
700.009052,3.77e-24
700.011256,1.04e-24
700.015693,1.01e-25
700.015818,1.07e-25
700.018347,2.04e-24
700.018402,8.039999999999999e-23
700.018469,8.4e-23
700.018718,7.8e-23
700.020278,2.06e-25
700.021053,1.21e-25
700.021428,1.21e-25
700.022235,1.68e-25
700.022262,1.65e-25
700.02237,7.29e-24
700.022439,1.89e-25
700.022459,1.86e-25
700.023374,1.68e-25
700.024628,9.35e-23
700.024825,8.93e-23
700.024861,9.88e-23
700.024865,8.569999999999999e-23
700.025036,9.44e-23
700.025068,9.05e-23
700.025541,2.8399999999999998e-25
700.027191,1.55e-25
700.027303,3.1e-23
700.027438,1.75e-25
700.027455,1.55e-25
700.027665,1.76e-25
700.027806,7.509999999999999e-23
700.027892,7.859999999999999e-23
700.028191,7.319999999999999e-23
700.028373,9.64e-26
700.028638,2.22e-25
700.02893,2.67e-23
700.029563,2.26e-23
700.030457,1.03e-25
700.030922,1.04e-25
700.031426,1.09e-25
700.034899,1.6000000000000002e-23
700.034902,1.54e-23
700.034943,1.49e-23
700.036319,6.399999999999998e-25
700.038145,9.87e-26
700.040854,7.11e-25
700.041691,5.75e-25
700.043496,9.87e-26
700.046068,4.28e-25
700.046112,1.35e-25
700.046466,5.25e-25
700.047131,1.12e-24
700.047161,1.0999999999999998e-24
700.047181,1.0799999999999999e-24
700.04722,9.66e-25
700.048253,7.57e-25
700.048757,1.03e-25
700.049189,1.0999999999999998e-24
700.049208,1.12e-24
700.049217,1.1399999999999999e-24
700.049792,1.15e-25
700.051382,1.69e-25
700.051986,2.84e-24
700.052414,5.39e-25
700.05242,1.11e-25
700.054132,1.23e-25
700.055065,1.19e-25
700.055085,7.03e-24
700.055281,6.87e-24
700.055364,6.72e-24
700.056334,1.0399999999999998e-23
700.057275,9.12e-24
700.057688,1.35e-25
700.057727,2.13e-25
700.057747,2.1e-25
700.058724,7.26e-24
700.060192,1.04e-22
700.060338,9.92e-23
700.060356,9.49e-23
700.060403,1.38e-25
700.062286,5.5e-25
700.062783,2e-25
700.062898,1.22e-25
700.062966,2e-25
700.062974,1.27e-25
700.065209,2.4e-25
700.065218,2.37e-25
700.065268,1.44e-25
700.065319,1.48e-25
700.065588,8.54e-23
700.065626,8.93e-23
700.065842,8.249999999999999e-23
700.066393,1.33e-25
700.067665,5.04e-25
700.067691,1.09e-22
700.067821,1.04e-22
700.067836,9.89e-23
700.067939,9.02e-23
700.06797,9.44e-23
700.068152,8.67e-23
700.068239,1.4e-25
700.068532,1.4e-25
700.070295,2.27e-25
700.070448,2.27e-25
700.070591,1.62e-25
700.070823,1.62e-25
700.071323,1.666e-24
700.071682,1.36e-25
700.072002,7.24e-24
700.072535,4.73e-25
700.073342,1.54e-25
700.073453,9.099999999999998e-24
700.074302,1.06e-25
700.074498,9.64e-24
700.076836,2.26e-23
700.076986,1.55e-25
700.077106,6.859999999999999e-24
700.077275,7.02e-24
700.077437,2.68e-23
700.07752,7.19e-24
700.078015,2.77e-23
700.078642,1.56e-25
700.07874,2.84e-24
700.079692,4.75e-25
700.082475,7.58e-25
700.083912,1.73e-25
700.084029,7.35e-24
700.084801,1.77e-25
700.085069,4.43e-25
700.08802,2.06e-24
700.089481,1.08e-25
700.090013,4.23e-25
700.090115,1.78e-25
700.090366,2.03e-25
700.091023,4.1e-25
700.092171,4.74e-25
700.093055,2.69e-25
700.093057,2.67e-25
700.095353,1.93e-25
700.095541,1.2e-25
700.095563,1.13e-22
700.095673,1.08e-22
700.09568,1.0300000000000001e-22
700.09569,2.03e-25
700.096396,3.88e-25
700.09689,2.34e-25
700.097292,3.56e-25
700.097412,3.06e-25
700.098179,2.57e-25
700.098212,3.56e-25
700.098298,2.57e-25
700.099239,2.69e-25
700.100226,3.09e-25
700.100809,1.08e-25
700.100895,2.17e-25
700.101399,3.79e-25
700.102226,2.31e-25
700.102289,1.68e-25
700.102308,1.72e-25
700.102656,3.41e-25
700.10346,2.43e-25
700.104549,3.01e-25
700.104559,3.03e-25
700.104585,2.63e-25
700.104942,9.45e-23
700.104959,9.91e-23
700.105121,9.06e-23
700.105582,3e-25
700.107079,1.17e-22
700.107177,1.11e-22
700.107182,1.05e-22
700.107398,2.42e-25
700.107594,1.85e-25
700.10771,3.39e-25
700.107775,1.85e-25
700.109707,2.91e-25
700.10972,2.71e-25
700.1098,2.91e-25
700.110679,3.03e-25
700.11212,1.9899999999999999e-25
700.112122,1.96e-25
700.114757,9.84e-23
700.11477,1.04e-22
700.11491,9.41e-23
700.117408,2.13e-25
700.117545,2.13e-25
700.124422,1.622e-24
700.12703,3.38e-25
700.12705,3.4e-25
700.129586,1.2e-22
700.12967,1.1e-22
700.132226,3.29e-25
700.13229,3.28e-25
700.137104,1.33e-25
700.139757,2.52e-25
700.140196,3.8e-25
700.14023,3.82e-25
700.142114,2.3e-25
700.142141,2.27e-25
700.142367,1.22e-25
700.142421,1.67e-25
700.142774,1.22e-22
700.142846,1.09e-22
700.142848,1.15e-22
700.144759,1.02e-22
700.144764,1.07e-22
700.144891,9.7e-23
700.145018,1.81e-25
700.145425,3.7e-25
700.145465,3.7e-25
700.147086,5.95e-25
700.147409,2.43e-25
700.147464,1.03e-25
700.147509,2.43e-25
700.15132,1.48e-25
700.153955,1.91e-25
700.15476,7.46e-24
700.155212,6.989999999999999e-24
700.1558,6.71e-24
700.156292,2.64e-25
700.156337,2.62e-25
700.156567,1.37e-25
700.158625,4.27e-25
700.158671,4.28e-25
700.158937,1.05e-22
700.15894,1.11e-22
700.159052,9.93e-23
700.159218,1.44e-25
700.161225,1.23e-22
700.161283,1.09e-22
700.161289,1.15e-22
700.161585,2.78e-25
700.161652,2.78e-25
700.161691,1.19e-25
700.163889,4.17e-25
700.163902,4.16e-25
700.169736,6.7e-24
700.170326,6.97e-24
700.170897,6.989999999999999e-24
700.171786,4.78e-25
700.171846,4.79e-25
700.174406,1.23e-22
700.174454,1.08e-22
700.174462,1.15e-22
700.17707,4.68e-25
700.177082,4.68e-25
700.17845,5.97e-25
700.181494,3.03e-25
700.181561,3.01e-25
700.183117,1.68e-25
700.184141,1.13e-22
700.184144,1.07e-22
700.184245,1.01e-22
700.186439,1.64e-25
700.18679,3.17e-25
700.186827,3.17e-25
700.186863,5.34e-25
700.186938,5.35e-25
700.189057,1.4e-25
700.189504,1.22e-22
700.18954,1.06e-22
700.189551,1.14e-22
700.191676,1.55e-25
700.192154,5.24e-25
700.192192,5.24e-25
700.194325,1.1e-25
700.196831,1.36e-25
700.197884,3.47e-25
700.197969,3.45e-25
700.198789,5.98e-25
700.19888,5.98e-25
700.200528,1.15e-22
700.200533,1.08e-22
700.200622,1.02e-22
700.20145,1.2e-22
700.201476,1.04e-22
700.201489,1.11e-22
700.203177,3.61e-25
700.203186,3.61e-25
700.204085,5.87e-25
700.204151,5.88e-25
700.205831,1.81e-25
700.208431,1.06e-25
700.210733,6.6799999999999985e-25
700.210842,6.67e-25
700.211049,1.73e-25
700.213415,1.16e-22
700.213429,9.92e-23
700.213446,1.07e-22
700.216034,6.57e-25
700.216128,6.58e-25
700.216227,1.57e-25
700.216549,9.72e-25
700.216913,9.64e-25
700.219185,1.82e-23
700.21933,2.21e-23
700.219467,2.79e-23
700.219783,3.95e-25
700.219888,3.94e-25
700.220429,7.46e-25
700.220558,7.44e-25
700.221602,9.57e-25
700.222247,9.63e-25
700.222424,1.15e-22
700.222433,1.08e-22
700.222513,1.02e-22
700.223133,1.1200000000000001e-22
700.223136,9.39e-23
700.223156,1.02e-22
700.225059,4.1e-25
700.225074,4.09e-25
700.225734,7.34e-25
700.22586,7.35e-25
700.229011,8.3e-25
700.229162,8.29e-25
700.231727,8.74e-23
700.231738,1.05e-22
700.231752,9.54e-23
700.232268,1.19e-24
700.232586,1.19e-24
700.234317,8.18e-25
700.234479,8.2e-25
700.23497,3.4e-23
700.235067,3.98e-23
700.235146,4.8100000000000006e-23
700.235448,9.21e-25
700.235623,9.19e-25
700.236929,2.02e-25
700.236981,4.5e-25
700.237105,4.49e-25
700.237451,1.18e-24
700.237945,1.18e-24
700.238172,7.96e-23
700.238199,9.75e-23
700.238203,8.76e-23
700.239443,1.19e-24
700.239619,1.15e-22
700.239629,1.07e-22
700.239702,9.97e-23
700.239717,1.18e-24
700.239839,1.02e-24
700.240043,1.02e-24
700.240752,9.09e-25
700.240955,9.11e-25
700.24142,1.12e-24
700.241656,1.11e-24
700.242132,1.95e-25
700.242168,4.77e-23
700.242226,4.64e-25
700.242238,5.46e-23
700.242267,4.64e-25
700.242284,6.400000000000001e-23
700.242569,7.039999999999999e-23
700.242609,7.83e-23
700.242617,8.819999999999999e-23
700.244152,5.969999999999999e-23
700.244204,6.74e-23
700.244228,7.72e-23
700.24469,1.17e-24
700.245079,1.18e-24
700.245135,1.0099999999999999e-24
700.245387,1.0099999999999999e-24
700.246699,1.0999999999999998e-24
700.247011,1.0999999999999998e-24
700.247334,1.78e-25
700.252722,1.918e-24
700.256586,5.099999999999998e-25
700.256732,5.099999999999998e-25
700.259219,1.13e-22
700.259234,1.05e-22
700.259301,9.79e-23
700.259556,2.24e-25
700.261803,5.25e-25
700.261867,5.24e-25
700.264739,2.1899999999999998e-25
700.267226,1.967e-24
700.26996,2.03e-25
700.271699,1.3e-25
700.273796,5.79e-25
700.273963,5.79e-25
700.276423,1.11e-22
700.276441,1.02e-22
700.276503,9.46e-23
700.278981,5.93e-25
700.279068,5.93e-25
700.283305,5.3e-24
700.283533,5.04e-24
700.283829,5.0599999999999996e-24
700.288444,2.49e-25
700.291868,6.56e-25
700.29206,6.56e-25
700.293608,2.46e-25
700.294488,1.07e-22
700.29451,9.77e-23
700.294569,9.000000000000001e-23
700.296703,5.05e-24
700.297002,5.03e-24
700.29702,6.6999999999999985e-25
700.29713,6.6999999999999985e-25
700.297364,4.98e-24
700.298849,2.32e-25
700.308833,1.3e-25
700.308851,7.42e-25
700.30907,7.43e-25
700.311461,1.02e-22
700.311489,9.21e-23
700.311546,8.429999999999999e-23
700.313261,2.76e-25
700.313964,7.57e-25
700.314098,7.56e-25
700.318401,2.76e-25
700.323658,2.64e-25
700.32619,8.37e-25
700.32644,8.38e-25
700.328786,9.49e-23
700.328821,8.529999999999999e-23
700.328879,7.749999999999999e-23
700.33126,8.52e-25
700.331418,8.51e-25
700.341443,3.06e-25
700.343406,9.439999999999999e-25
700.343693,9.449999999999999e-25
700.345984,8.7e-23
700.346028,7.729999999999999e-23
700.346089,6.94e-23
700.346559,3.08e-25
700.3481,4.598e-24
700.348424,9.58e-25
700.348606,9.57e-25
700.351833,2.99e-25
700.361395,1.06e-24
700.361727,1.06e-24
700.363946,7.76e-23
700.364005,6.779999999999999e-23
700.364072,6e-23
700.366349,1.07e-24
700.366555,1.07e-24
700.368259,3.38e-25
700.373346,3.45e-25
700.378634,3.39e-25
700.380745,1.18e-24
700.381133,1.18e-24
700.383254,6.649999999999999e-23
700.383334,5.68e-23
700.383412,4.96e-23
700.385613,1.19e-24
700.385844,1.19e-24
700.397319,3.72e-25
700.402375,3.84e-25
700.403115,1.28e-24
700.403577,1.28e-24
700.405559,5.36e-23
700.405671,4.45e-23
700.405771,3.79e-23
700.407676,3.84e-25
700.407865,1.29e-24
700.408115,1.29e-24
700.415985,9.07e-25
700.416007,8.92e-25
700.416029,8.769999999999999e-25
700.417717,8.61e-25
700.417741,8.759999999999999e-25
700.417767,8.91e-25
700.422498,2.23e-25
700.422553,2.1899999999999998e-25
700.422558,2.15e-25
700.426972,4.09e-25
700.429698,4.398e-24
700.43181,1.2999999999999998e-24
700.431989,4.27e-25
700.432373,1.2999999999999998e-24
700.434135,3.86e-23
700.434307,3.06e-23
700.434445,2.52e-23
700.436379,1.2999999999999998e-24
700.436632,1.31e-24
700.437302,4.33e-25
700.445315,3.7e-24
700.445417,3.5399999999999995e-24
700.445603,3.59e-24
700.456798,3.59e-24
700.456987,3.5399999999999995e-24
700.457241,3.48e-24
700.459206,4.47e-25
700.461268,2.15e-25
700.461273,2.1899999999999998e-25
700.461324,2.11e-25
700.464178,4.73e-25
700.469501,4.87e-25
700.476034,1.07e-24
700.476751,1.06e-24
700.478115,2.08e-23
700.478411,1.54e-23
700.478631,1.21e-23
700.480291,1.07e-24
700.480491,1.07e-24
700.4869,5.937e-24
700.494247,4.85e-25
700.499163,5.2e-25
700.504492,5.45e-25
700.515796,1.362e-23
700.534105,5.18e-25
700.53727,5.715e-24
700.538949,5.66e-25
700.544278,6.05e-25
700.575327,1.263e-23
700.581097,5.42e-25
700.585846,6.04e-25
700.591164,6.6e-25
700.597806,3.52e-25
700.597912,3.36e-25
700.59834,3.79e-25
700.63365,3.2e-25
700.636889,1.12e-25
700.636983,1.12e-25
700.638919,4.73e-25
700.639562,2.7499999999999995e-23
700.639563,2.41e-23
700.639584,2.58e-23
700.639838,5.3999999999999985e-25
700.643893,2.5299999999999998e-24
700.643914,2.44e-24
700.644052,2.48e-24
700.644454,6.18e-25
700.649739,6.94e-25
700.653299,2.48e-24
700.65344,2.43e-24
700.65363,2.39e-24
700.664774,8.809999999999999e-23
700.664952,8.229999999999999e-23
700.664967,7.689999999999999e-23
700.667388,3.6499999999999998e-25
700.667573,3.6499999999999998e-25
700.672189,3.32e-25
700.672941,3.3299999999999998e-25
700.67306,3.4899999999999998e-25
700.705259,3.23e-25
700.705285,3.13e-25
700.707906,7.72e-23
700.707912,8.289999999999999e-23
700.708174,7.24e-23
700.710259,2.6599999999999998e-24
700.710308,2.6e-24
700.71031,2.5399999999999998e-24
700.719108,4.84e-25
700.723524,5.72e-25
700.728727,6.6599999999999995e-25
700.731333,1.8e-25
700.733954,4.43e-25
700.736561,1.59e-25
700.73875,2.61e-23
700.738775,2.44e-23
700.738831,2.2700000000000003e-23
700.739214,2.99e-25
700.741285,1.15e-25
700.741381,1.15e-25
700.741651,1.22e-25
700.754487,2.5399999999999998e-24
700.75449,2.61e-24
700.754536,2.48e-24
700.758548,1.83e-25
700.758798,1.81e-25
700.759069,1.78e-25
700.78657,1.56e-23
700.786607,1.4599999999999998e-23
700.78661,1.5099999999999998e-23
700.822008,1.75e-25
700.822182,1.78e-25
700.822454,1.81e-25
700.839861,3.12e-25
700.843321,1.5099999999999998e-23
700.843323,1.4599999999999998e-23
700.843366,1.41e-23
700.843938,3.89e-25
700.848936,4.76e-25
700.873167,1.5289999999999999e-24
700.881706,1.65e-24
700.881743,1.7e-24
700.881822,1.67e-24
700.888975,1.67e-24
700.889093,1.65e-24
700.889242,1.62e-24
700.924659,1.489e-24
700.962295,2.74e-24
700.966008,2.96e-24
700.970349,3.46e-24
700.977412,1.77e-25
700.982759,2.22e-25
700.997645,3.45e-25
700.999453,3.21e-25
701.014246,9.06e-24
701.014396,9.15e-24
701.014569,8.95e-24
701.064556,6.39e-24
701.065918,6.32e-24
701.06779,6.28e-24
701.160926,1.0999999999999998e-24
701.161008,1.1399999999999999e-24
701.161031,1.12e-24
701.166005,1.11e-24
701.166113,1.09e-24
701.166235,1.0799999999999999e-24
701.169569,4.656e-24
701.196124,1.84e-25
701.196184,1.81e-25
701.19619,1.78e-25
701.212712,2.503e-24
701.226095,2.571e-24
701.232639,3.888e-25
701.234289,1.78e-25
701.234295,1.81e-25
701.23435,1.75e-25
701.241338,1.02e-25
701.241434,1.01e-25
701.241536,9.9e-26
701.246665,4.462e-24
701.258054,9.74e-26
701.258139,9.89e-26
701.258261,1.01e-25
701.395775,2.78e-25
701.40101,3.82e-25
701.401839,1.375e-23
701.430127,9.08e-23
701.43032,8.439999999999999e-23
701.430362,7.87e-23
701.432764,4.27e-25
701.43294,4.26e-25
701.465328,1.267e-23
701.465972,1.06e-25
701.466054,1.06e-25
701.468634,2.92e-23
701.468642,2.5900000000000002e-23
701.46866,2.7499999999999995e-23
701.475312,3.87e-25
701.475337,3.78e-25
701.477928,7.9e-23
701.477966,8.52e-23
701.478137,7.37e-23
701.482985,7.13e-25
701.483086,7.25e-25
701.483104,7.38e-25
701.485838,7.25e-25
701.485942,7.12e-25
701.486044,7e-25
701.501681,2.33e-24
701.501734,2.27e-24
701.501737,2.22e-24
701.504689,2.03e-25
701.50728,3.5e-25
701.509857,1.83e-25
701.512511,2.54e-25
701.514955,1.46e-25
701.544918,2.23e-24
701.544921,2.2799999999999998e-24
701.544971,2.18e-24
701.560657,2.78e-23
701.560678,2.61e-23
701.560732,2.44e-23
701.563207,1.07e-25
701.563292,1.07e-25
701.595969,1.47e-23
701.59601,1.37e-23
701.596012,1.42e-23
701.600732,3.593e-25
701.650747,1.42e-23
701.650749,1.3799999999999998e-23
701.650795,1.3299999999999998e-23
701.673758,1.3949999999999999e-24
701.721749,1.73e-24
701.721785,1.7e-24
701.72181,1.67e-24
701.723756,1.36e-24
701.724011,1.7e-24
701.724033,1.73e-24
701.724045,1.7699999999999998e-24
701.848413,4.58e-25
701.848512,4.65e-25
701.848561,4.73e-25
701.849038,4.65e-25
701.84914,4.57e-25
701.849228,4.5e-25
701.906008,4.22e-25
701.906074,4.01e-25
701.906613,4.58e-25
701.96853,1.53e-25
701.968595,1.5e-25
701.968602,1.47e-25
701.977977,4.05e-25
701.978893,3.9799999999999998e-25
701.978973,4.19e-25
701.985316,1.27e-23
701.985519,1.24e-23
701.985619,1.21e-23
701.989593,4.668e-24
701.999851,1.2299999999999998e-23
702.000087,1.26e-23
702.000406,1.3e-23
702.006115,1.47e-25
702.006122,1.5e-25
702.006183,1.45e-25
702.062682,4.48e-24
702.102833,9.715e-25
702.194698,3.208e-24
702.206603,3.301e-24
702.229572,1.379e-23
702.255154,2.93e-25
702.255256,2.88e-25
702.255334,2.83e-25
702.256723,2.88e-25
702.256823,2.93e-25
702.256896,2.98e-25
702.291964,2.0299999999999998e-24
702.292021,1.98e-24
702.292025,1.94e-24
702.293469,9.86e-26
702.29354,9.85e-26
702.296121,3.06e-23
702.296135,2.73e-23
702.29615,2.8899999999999995e-23
702.299209,1.26e-23
702.300161,1.43e-24
702.300186,1.3999999999999999e-24
702.300211,1.38e-24
702.302194,1.35e-24
702.302222,1.38e-24
702.302252,1.3999999999999999e-24
702.308075,1.7e-25
702.313357,2.17e-25
702.322577,3.03e-25
702.322832,2.98e-25
702.323105,2.93e-25
702.334258,1.94e-24
702.334262,1.99e-24
702.334317,1.8999999999999998e-24
702.349328,9.34e-23
702.34944,8.029999999999999e-23
702.349446,8.65e-23
702.351564,3.401e-25
702.351987,5.01e-25
702.352062,5e-25
702.37509,8.877e-25
702.381973,2.92e-23
702.381991,2.7499999999999995e-23
702.382043,2.5900000000000002e-23
702.384538,9.91e-26
702.384611,9.9e-26
702.385029,2.89e-25
702.385203,2.93e-25
702.385477,2.98e-25
702.396481,4.7e-25
702.396587,4.64e-25
702.399132,8.729999999999999e-23
702.399147,8.059999999999999e-23
702.399322,7.449999999999999e-23
702.404175,1.37e-23
702.404221,1.3e-23
702.43267,2.28e-25
702.43523,1.89e-25
702.437852,2.13e-25
702.440503,1.49e-25
702.443043,1.78e-25
702.457123,1.3299999999999998e-23
702.457124,1.29e-23
702.457173,1.25e-23
702.473385,1.2659999999999999e-24
702.521978,1.234e-24
702.633749,5.0799999999999996e-24
702.636905,1.7e-23
702.640022,3.95e-23
702.64205,3.13e-23
702.643547,2.08e-23
702.685619,2.08e-23
702.687083,3.14e-23
702.68811,3.5e-23
702.692261,1.7199999999999998e-23
702.695384,5.12e-24
702.702619,1.81e-25
702.702723,1.78e-25
702.702792,1.76e-25
702.706308,1.79e-25
702.706409,1.81e-25
702.706503,1.84e-25
702.739714,1.25e-25
702.739786,1.23e-25
702.739794,1.21e-25
702.776743,1.21e-25
702.776752,1.23e-25
702.776819,1.19e-25
702.808548,4.636e-24
702.859042,1.55e-25
702.859219,1.53e-25
702.859362,1.51e-25
702.878041,4.457e-24
702.903172,1.48e-25
702.903239,1.51e-25
702.903386,1.53e-25
702.959439,1.646e-24
702.973469,1.66e-23
702.973668,1.61e-23
702.973758,1.5699999999999997e-23
702.987812,1.61e-23
702.988015,1.66e-23
702.988335,1.69e-23
703.012802,7.307e-24
703.061125,7.007999999999999e-24
703.081082,1.75e-24
703.081143,1.72e-24
703.081149,1.68e-24
703.094702,1.373e-23
703.108238,1.37e-25
703.113489,1.64e-25
703.122186,3.16e-23
703.122208,2.84e-23
703.12222,2.99e-23
703.122482,1.68e-24
703.122486,1.72e-24
703.122545,1.65e-24
703.136053,4.39e-25
703.136106,4.73e-25
703.136856,5.23e-25
703.154707,9.53e-23
703.154829,8.78e-23
703.154844,8.1e-23
703.157388,5.91e-25
703.15744,5.9e-25
703.170502,1.244e-23
703.176556,1.504e-24
703.202245,4.039e-24
703.202668,3.0199999999999995e-23
703.202682,2.86e-23
703.202735,2.7e-23
703.20671,4.67e-25
703.206783,5.66e-25
703.206895,5.61e-25
703.207906,4.7e-25
703.207944,4.35e-25
703.209423,8.13e-23
703.209432,8.87e-23
703.209552,7.46e-23
703.211298,1.27e-23
703.211348,1.2099999999999999e-23
703.212395,4.1619999999999996e-24
703.24825,2.62e-25
703.250778,1.3399999999999999e-25
703.253374,2.5e-25
703.256023,1.13e-25
703.258582,2.16e-25
703.262543,1.2149999999999999e-23
703.262596,1.16e-23
703.271721,1.142e-24
703.318995,1.115e-24
703.345898,3.391e-25
703.349296,3.326e-25
703.37554,2.64e-24
703.375583,2.59e-24
703.375613,2.5399999999999998e-24
703.377868,2.6e-24
703.377896,2.65e-24
703.377911,2.7e-24
703.509701,1.02e-25
703.50978,9.97e-26
703.50979,9.81e-26
703.546196,9.82e-26
703.546206,9.97e-26
703.54628,9.66e-26
703.592128,1.67e-25
703.592231,1.64e-25
703.592343,1.61e-25
703.607883,1.59e-25
703.607981,1.61e-25
703.608118,1.64e-25
703.626027,4.566e-24
703.692285,4.396e-24
703.784823,2.57e-25
703.785002,2.53e-25
703.785143,2.49e-25
703.808315,2.356e-24
703.827021,2.45e-25
703.827082,2.49e-25
703.827224,2.53e-25
703.852656,4.92e-25
703.852916,4.84e-25
703.853192,4.76e-25
703.869102,1.52e-24
703.869169,1.49e-24
703.869175,1.4599999999999999e-24
703.909649,1.4599999999999999e-24
703.909655,1.49e-24
703.909719,1.43e-24
703.914041,4.68e-25
703.914214,4.76e-25
703.914491,4.84e-25
703.933755,1.36e-23
703.946815,3.23e-23
703.946842,2.91e-23
703.946853,3.07e-23
703.982297,2.12e-23
703.982489,2.06e-23
703.982575,2.0000000000000002e-23
703.989248,2.161e-24
703.99142,1.01e-25
703.995361,2.06e-23
703.995549,2.11e-23
703.995886,2.18e-23
703.999941,6.035e-25
704.012248,6.243000000000001e-25
704.017244,1.1699999999999998e-23
704.017298,1.14e-23
704.017299,1.1e-23
704.017783,1.217e-23
704.022582,3.09e-23
704.022593,2.93e-23
704.022647,2.77e-23
704.040719,9.69e-23
704.040775,8.119999999999999e-23
704.040791,8.859999999999999e-23
704.043396,7.02e-25
704.043423,7.03e-25
704.0669,1.1e-23
704.066901,1.14e-23
704.066958,1.0699999999999998e-23
704.069249,1.025e-24
704.096367,6.91e-25
704.096545,6.88e-25
704.099011,8.969999999999999e-23
704.099038,8.159999999999999e-23
704.099151,7.409999999999999e-23
704.115276,1.001e-24
704.1459,3.03e-25
704.151014,2.97e-25
704.15629,2.6799999999999998e-25
704.193676,2.19e-24
704.193704,2.1499999999999998e-24
704.193733,2.11e-24
704.196033,2.07e-24
704.196064,2.1e-24
704.196099,2.14e-24
704.238535,4.993e-24
704.246686,5.155e-24
704.280062,4.02e-25
704.280512,4.86e-25
704.281571,5.6799999999999995e-25
704.288297,1.31e-25
704.344485,1.29e-25
704.350726,5.099999999999998e-25
704.352287,4.83e-25
704.352719,3.99e-25
704.407398,2.06e-24
704.407607,2.49e-24
704.407705,3.01e-24
704.442737,4.46e-24
704.506056,4.2999999999999996e-24
704.65201,3.066e-24
704.655972,1.31e-24
704.656045,1.28e-24
704.656053,1.25e-24
704.66223,4.19e-25
704.662408,4.12e-25
704.662547,4.06e-25
704.695705,1.25e-24
704.695713,1.28e-24
704.695783,1.23e-24
704.701192,4e-25
704.701251,4.06e-25
704.701388,4.13e-25
704.742582,2.82e-24
704.742998,2.23e-24
704.74341,1.7599999999999998e-24
704.74507,1.16e-25
704.745079,1.16e-25
704.770232,3.26e-23
704.770265,2.96e-23
704.770274,3.11e-23
704.786214,1.3379999999999998e-23
704.80729,2.826e-24
704.822196,1.0699999999999998e-23
704.822255,1.0399999999999998e-23
704.822257,1.01e-23
704.837206,3.556e-25
704.841823,3.13e-23
704.841833,2.97e-23
704.841888,2.82e-23
704.865393,9.149e-25
704.869356,9.78e-23
704.869422,8.059999999999999e-23
704.869424,8.87e-23
704.870365,1.01e-23
704.870367,1.05e-23
704.870428,9.82e-24
704.872021,8.4e-25
704.872084,8.42e-25
704.879742,1.18e-23
704.910247,8.939e-25
704.930799,8.47e-25
704.930994,8.46e-25
704.933438,9.000000000000001e-23
704.933449,8.1e-23
704.933527,7.279999999999999e-23
704.988311,3.56e-25
704.993365,3.57e-25
704.998663,3.3299999999999998e-25
705.007124,3.95e-24
705.007176,3.87e-24
705.007213,3.7999999999999995e-24
705.009097,3.89e-24
705.00913,3.97e-24
705.009149,4.0399999999999996e-24
705.015336,2.67e-23
705.015519,2.5900000000000002e-23
705.015602,2.52e-23
705.026716,2.5900000000000002e-23
705.02689,2.67e-23
705.027249,2.7599999999999995e-23
705.031666,1.35e-25
705.03702,1.14e-25
705.041598,1.01e-25
705.091996,1.52e-25
705.092329,1.49e-25
705.092692,1.47e-25
705.138774,1.4499999999999998e-23
705.140529,3.2000000000000003e-23
705.142411,4.89e-23
705.143335,1.23e-25
705.145434,3.03e-23
705.148323,1.48e-23
705.171423,1.45e-25
705.171664,1.47e-25
705.172039,1.5e-25
705.183463,1.48e-23
705.186317,3.03e-23
705.186356,1.05e-25
705.188387,4.2799999999999993e-23
705.191256,3.22e-23
705.192978,1.4499999999999998e-23
705.257804,4.323e-24
705.260818,5.117e-25
705.263974,5.0120000000000005e-25
705.273005,1.57e-25
705.273282,1.56e-25
705.275666,5.3399999999999996e-24
705.275803,6.2699999999999995e-24
705.275845,7.339999999999999e-24
705.306387,6.0589999999999996e-24
705.312301,6.268e-24
705.318458,4.173e-24
705.330371,2.14e-25
705.332113,4.17e-25
705.333937,5.88e-25
705.337042,3.39e-25
705.340181,1.54e-25
705.346754,7.84e-25
705.34702,7.699999999999998e-25
705.347297,7.57e-25
705.397376,1.52e-25
705.400496,3.35e-25
705.403064,5.31e-25
705.405443,4.15e-25
705.407013,7.44e-25
705.407167,2.13e-25
705.407185,7.57e-25
705.407464,7.71e-25
705.432723,8.731e-24
705.441793,1.11e-24
705.441874,1.09e-24
705.441883,1.07e-24
705.475759,6.31e-25
705.475814,6.54e-25
705.475841,6.42e-25
705.479618,8.336e-24
705.480749,1.07e-24
705.480758,1.09e-24
705.480836,1.05e-24
705.492182,3.755e-24
705.509755,2.918e-25
705.525247,6.8e-24
705.525477,5.63e-24
705.52559,6.38e-25
705.525599,6.49e-25
705.525721,6.6e-25
705.525737,4.67e-24
705.527671,1.9e-25
705.527803,1.9e-25
705.539252,4.667000000000001e-25
705.540967,5.493e-25
705.592267,3.26e-23
705.592306,2.97e-23
705.592313,3.11e-23
705.60044,8.934e-25
705.609182,9.16e-25
705.625963,9.75e-24
705.626026,9.48e-24
705.62603,9.21e-24
705.62821,1.311e-23
705.628292,3.478e-24
705.660138,3.14e-23
705.660146,2.99e-23
705.660204,2.84e-23
705.66095,8.124e-25
705.672739,9.23e-24
705.672742,9.51e-24
705.672808,8.97e-24
705.704688,7.942e-25
705.733909,1.133e-23
705.734911,9.82e-23
705.73492,7.94e-23
705.734941,8.819999999999999e-23
705.737529,1.02e-24
705.737665,1.03e-24
705.801998,1.06e-24
705.802254,1.06e-24
705.804628,8.979999999999999e-23
705.804665,7.969999999999999e-23
705.804733,7.07e-23
705.870259,4.26e-25
705.875279,4.37e-25
705.880632,4.24e-25
705.923919,1.62e-25
705.929303,1.4199999999999999e-25
705.934034,1.28e-25
705.976536,2.65e-25
705.976675,2.61e-25
705.976794,2.57e-25
706.005458,2.54e-25
706.005516,2.49e-25
706.005641,2.45e-25
706.058645,1.4e-25
706.072551,4.16e-24
706.075748,3.3e-23
706.075917,3.21e-23
706.076001,3.11e-23
706.085171,3.21e-23
706.085329,3.3e-23
706.085709,3.42e-23
706.098153,3.31e-24
706.098185,3.25e-24
706.098218,3.1799999999999998e-24
706.100846,3.12e-24
706.100881,3.1799999999999998e-24
706.100922,3.24e-24
706.102432,1.37e-25
706.111378,8.073e-25
706.129021,1.9899999999999999e-25
706.129268,1.98e-25
706.130753,4.02e-24
706.131719,9.31e-24
706.131815,1.0699999999999998e-23
706.131828,1.2299999999999998e-23
706.138476,8.01e-25
706.22647,9.439999999999999e-25
706.226559,9.24e-25
706.22657,9.06e-25
706.258822,1.06e-24
706.258992,1.04e-24
706.259077,1.02e-24
706.264682,9.07e-25
706.264694,9.26e-25
706.26478,8.89e-25
706.284147,2.17e-25
706.287989,5.81e-25
706.289664,4.81e-25
706.290925,3.48e-25
706.300325,1.0099999999999999e-24
706.300348,1.02e-24
706.300469,1.04e-24
706.329217,4.404e-24
706.331374,1.13e-23
706.331519,9.65e-24
706.331704,8.24e-24
706.333799,2.31e-25
706.333963,2.3e-25
706.355313,3.44e-25
706.356554,4.76e-25
706.357639,5.28e-25
706.362091,2.16e-25
706.408275,7.213e-24
706.411709,7.48e-24
706.413318,3.24e-23
706.413364,2.96e-23
706.413369,3.09e-23
706.428854,8.84e-24
706.428924,8.59e-24
706.428928,8.36e-24
706.450462,4.098e-24
706.454952,7.177e-25
706.472239,1.283e-23
706.474319,8.379999999999999e-24
706.474323,8.62e-24
706.474395,8.159999999999999e-24
706.477848,3.11e-23
706.477855,2.97e-23
706.477916,2.84e-23
706.497639,7.02e-25
706.574847,9.82e-23
706.574848,7.729999999999999e-23
706.574863,8.709999999999999e-23
706.577437,1.26e-24
706.577628,1.26e-24
706.592961,1.076e-23
706.616073,5.699999999999999e-24
706.616112,5.82e-24
706.616132,5.94e-24
706.616379,5.76e-24
706.616431,5.64e-24
706.61647,5.52e-24
706.649599,1.3399999999999999e-24
706.649889,1.3399999999999999e-24
706.652215,8.89e-23
706.652247,7.769999999999999e-23
706.652288,6.779999999999999e-23
706.658156,1.168e-24
706.688594,1.146e-24
706.730346,5.19e-25
706.735293,5.46e-25
706.740674,5.5e-25
706.800472,1.71e-25
706.802865,1.23e-24
706.803137,1.2099999999999999e-24
706.803416,1.19e-24
706.805865,1.54e-25
706.810705,1.43e-25
706.861941,1.17e-24
706.862112,1.19e-24
706.862393,1.2099999999999999e-24
706.885277,3.9749999999999996e-24
706.935784,4.412e-25
706.941248,3.846e-24
706.978026,2.22e-25
706.978243,2.22e-25
706.980739,1.36e-23
706.980804,1.7199999999999998e-23
706.980809,1.54e-23
706.986182,1.63e-24
706.986365,1.5999999999999999e-24
706.986453,1.58e-24
706.993525,4.33e-25
707.01016,7.99e-25
707.010258,7.82e-25
707.010272,7.67e-25
707.02572,1.5499999999999998e-24
707.025734,1.58e-24
707.025847,1.6099999999999997e-24
707.047658,7.68e-25
707.047672,7.84e-25
707.047768,7.53e-25
707.138757,5.51e-25
707.139948,4.97e-25
707.140295,4.64e-25
707.147408,1.6000000000000002e-23
707.147507,1.4000000000000002e-23
707.14765,1.22e-23
707.149852,2.49e-25
707.150017,2.48e-25
707.151617,2.02e-25
707.161475,1.645e-24
707.164433,5.001e-24
707.166328,4.0199999999999993e-23
707.166482,3.89e-23
707.166572,3.76e-23
707.17114,1.288e-24
707.173566,3.89e-23
707.173704,4.01e-23
707.174102,4.17e-23
707.178979,1.319e-24
707.188415,1.97e-25
707.18881,7.577000000000001e-25
707.191304,7.41e-25
707.192739,1.6099999999999997e-24
707.194605,2.54e-25
707.194948,2.5e-25
707.195321,2.46e-25
707.208493,4.6e-25
707.208818,4.92e-25
707.209368,5.0299999999999995e-25
707.230516,7.97e-24
707.230592,7.76e-24
707.230599,7.55e-24
707.23294,3.18e-23
707.232992,2.92e-23
707.232996,3.05e-23
707.24869,6.3070000000000005e-25
707.271937,2.42e-25
707.272189,2.46e-25
707.272579,2.5e-25
707.273791,4.6739999999999996e-24
707.274749,7.57e-24
707.274755,7.78e-24
707.274833,7.37e-24
707.290368,6.172e-25
707.294462,3.06e-23
707.294467,2.93e-23
707.294533,2.8000000000000003e-23
707.311505,1.261e-23
707.428047,7.46e-23
707.428076,8.54e-23
707.428095,9.79e-23
707.430632,1.5899999999999999e-24
707.430907,1.5899999999999999e-24
707.450471,1.007e-23
707.511591,1.73e-24
707.511949,1.74e-24
707.514188,8.76e-23
707.514242,7.489999999999999e-23
707.51427,6.389999999999999e-23
707.540052,3.35e-23
707.540571,4.61e-23
707.541807,5.86e-23
707.54235,1.58e-25
707.543439,1.71e-25
707.546352,8.419e-24
707.547043,8.755e-24
707.547228,1.97e-23
707.551337,9.82e-24
707.577668,9.79e-24
707.581741,1.96e-23
707.584268,1.53e-25
707.586255,5.0599999999999993e-23
707.586623,9.72e-26
707.588434,4.63e-23
707.588918,3.36e-23
707.608987,6.51e-25
707.613865,7.06e-25
707.619293,7.41e-25
707.621082,2.27e-24
707.652504,2.218e-24
707.66406,2.47e-24
707.664252,2.4199999999999998e-24
707.664334,2.38e-24
707.666523,1.72e-25
707.671915,1.58e-25
707.676837,1.5e-25
707.678032,3.749e-25
707.698383,3.773e-24
707.702303,2.34e-24
707.702305,2.38e-24
707.70241,2.4199999999999998e-24
707.752273,3.654e-24
707.754238,1.012e-23
707.792699,6.72e-25
707.792808,6.58e-25
707.792826,6.45e-25
707.800429,9.61e-24
707.82228,2.33e-25
707.822469,2.32e-25
707.824996,1.79e-23
707.825031,2.22e-23
707.825049,1.99e-23
707.829512,6.46e-25
707.82953,6.59e-25
707.829637,6.34e-25
707.882338,5.01e-25
707.883327,4.65e-25
707.883354,4.62e-25
707.953924,4.58e-25
707.953926,4.6e-25
707.954225,4.6e-25
707.968183,2.06e-23
707.968255,1.83e-23
707.968374,1.6299999999999997e-23
707.970651,2.53e-25
707.970806,2.52e-25
707.99687,5.536e-24
708.015254,4.91e-24
708.01529,4.81e-24
708.015329,4.72e-24
708.018275,4.62e-24
708.018316,4.7099999999999995e-24
708.018363,4.81e-24
708.031468,7.15e-24
708.031553,6.96e-24
708.031561,6.779999999999999e-24
708.038262,3.072e-24
708.040579,5.515e-25
708.051888,3.1e-23
708.051947,2.85e-23
708.051949,2.97e-23
708.069647,2.998e-24
708.074534,6.79e-24
708.074542,6.98e-24
708.074627,6.62e-24
708.081311,5.3999999999999985e-25
708.096537,5.195e-24
708.110673,2.99e-23
708.110676,2.87e-23
708.110747,2.7499999999999995e-23
708.148171,5.41e-24
708.148977,1.267e-23
708.149997,5.67e-24
708.151735,5.93e-24
708.197238,8.209999999999999e-24
708.197282,8.379999999999999e-24
708.197352,8.56e-24
708.219028,1.8899999999999998e-24
708.219306,1.85e-24
708.219586,1.82e-24
708.271062,7.11e-23
708.271091,8.329999999999999e-23
708.271139,9.75e-23
708.273621,2.06e-24
708.273986,2.06e-24
708.276863,1.7799999999999994e-24
708.277032,1.82e-24
708.277048,2.47e-25
708.277314,1.85e-24
708.278826,2.58e-24
708.281701,2.48e-24
708.285284,2.44e-24
708.289525,4.7899999999999993e-23
708.289664,4.63e-23
708.289777,4.47e-23
708.293448,3.68e-24
708.293651,3.599999999999999e-24
708.293723,3.5399999999999995e-24
708.294374,4.64e-23
708.294495,4.7899999999999993e-23
708.294894,4.99e-23
708.299847,9.048e-24
708.306973,2.4e-25
708.316382,6.55e-25
708.3308,3.5399999999999995e-24
708.330813,3.48e-24
708.330894,3.61e-24
708.365891,2.35e-24
708.366308,2.35e-24
708.368455,8.589999999999999e-23
708.368514,7.119999999999999e-23
708.368517,5.88e-23
708.371833,6.429e-25
708.392006,4.16e-25
708.392143,4.09e-25
708.392272,4.02e-25
708.414438,3.94e-25
708.414501,4.01e-25
708.414622,4.08e-25
708.41474,4.078e-24
708.446077,3.973e-24
708.485417,8.48e-25
708.490182,9.499999999999999e-25
708.495641,1.05e-24
708.508765,3.558e-24
708.515906,4.39e-25
708.516686,4.17e-25
708.516797,4.12e-25
708.525309,1.67e-25
708.530696,1.56e-25
708.535683,1.5e-25
708.560765,3.449e-24
708.57433,5.63e-25
708.574452,5.51e-25
708.574474,5.3999999999999985e-25
708.589078,4.07e-25
708.589219,4.12e-25
708.589229,4.03e-25
708.610482,5.41e-25
708.610504,5.52e-25
708.610625,5.32e-25
708.650351,8.736000000000001e-25
708.663297,2.34e-25
708.663462,2.34e-25
708.66601,2.22e-23
708.666024,2.7e-23
708.666052,2.45e-23
708.712655,1.818e-24
708.720133,1.005e-23
708.720406,1.862e-24
708.722485,9.63e-24
708.752466,5.307e-24
708.783835,5.163e-24
708.791601,2.51e-23
708.791655,2.26e-23
708.791759,2.03e-23
708.794094,2.48e-25
708.794233,2.48e-25
708.828916,6.005e-24
708.83109,6.37e-24
708.831183,6.21e-24
708.831194,6.05e-24
708.832674,4.798e-25
708.869214,3e-23
708.869281,2.825e-23
708.872489,4.7e-25
708.873056,6.06e-24
708.873066,6.2299999999999996e-24
708.873161,5.91e-24
708.875075,5.37e-24
708.875295,5.25e-24
708.875353,5.15e-24
708.912156,5.16e-24
708.91219,5.0599999999999996e-24
708.912239,5.26e-24
708.920481,5.654e-24
708.925517,2.9e-23
708.925518,2.78e-23
708.925595,2.67e-23
709.037677,3.7e-25
709.038331,3.56e-25
709.038516,3.5e-25
709.053538,6.771e-24
709.08508,6.576e-24
709.112242,3.45e-25
709.112289,3.4e-25
709.11247,3.51e-25
709.116198,6.669999999999999e-23
709.116239,8.069999999999999e-23
709.116339,9.74e-23
709.11873,2.8099999999999998e-24
709.119223,2.82e-24
709.131541,1.07e-24
709.131619,1.101e-24
709.22492,3.35e-24
709.225426,3.37e-24
709.227426,8.39e-23
709.227485,5.24e-23
709.227509,6.649999999999999e-23
709.289712,4.22e-25
709.290094,4.15e-25
709.290475,4.08e-25
709.320166,8.466e-24
709.320629,3.334e-24
709.352068,8.208e-24
709.354783,4.7e-25
709.354921,4.6e-25
709.35495,4.51e-25
709.370834,3.235e-24
709.376898,1.17e-24
709.378249,1.5999999999999998e-25
709.379171,3.9e-25
709.379197,3.96e-25
709.37939,4.03e-25
709.381512,1.37e-24
709.383627,1.5e-25
709.387003,1.6099999999999997e-24
709.388668,1.47e-25
709.390299,4.52e-25
709.390328,4.61e-25
709.390464,4.44e-25
709.408602,7.65e-24
709.408859,7.469999999999999e-24
709.40891,7.33e-24
709.437012,1.72e-25
709.445112,1.27e-25
709.445728,1.1e-25
709.446828,3.01e-25
709.447403,2.92e-25
709.447437,5.61e-23
709.447507,7.39e-24
709.447571,7.249999999999999e-24
709.447573,7.54e-24
709.447588,5.4e-23
709.447636,2.86e-25
709.44776,5.1899999999999993e-23
709.449747,5.409999999999999e-23
709.449877,5.61e-23
709.450213,5.85e-23
709.460303,1.65e-25
709.501386,2.3e-25
709.501529,2.29e-25
709.50409,3.14e-23
709.504094,2.64e-23
709.504127,2.8799999999999995e-23
709.521377,2.74e-25
709.521441,2.78e-25
709.521761,2.83e-25
709.55464,1.037e-23
709.587131,1.004e-23
709.593347,2.87e-24
709.593631,2.8099999999999998e-24
709.593913,2.76e-24
709.616012,2.94e-23
709.616053,2.67e-23
709.616148,2.42e-23
709.618529,2.39e-25
709.618649,2.39e-25
709.622454,4.154e-25
709.630241,5.65e-24
709.630345,5.51e-24
709.630358,5.37e-24
709.64988,2.7e-24
709.650046,2.75e-24
709.65033,2.8099999999999998e-24
709.651341,9.506e-25
709.657463,6.3999999999999995e-24
709.661413,4.071e-25
709.671156,5.38e-24
709.67117,5.52e-24
709.671274,5.25e-24
709.686338,2.8799999999999995e-23
709.686412,2.77e-23
709.686413,2.67e-23
709.702538,9.378e-25
709.739964,1.13e-23
709.740008,1.16e-23
709.740022,1.18e-23
709.740352,2.7350000000000003e-23
709.740436,2.58e-23
709.742225,6.046e-24
709.743389,2.37e-25
709.743886,2.32e-25
709.744154,2.27e-25
709.751404,1.16e-23
709.751457,1.19e-23
709.751505,1.22e-23
709.759299,1.244e-23
709.782137,1.28e-25
709.784028,1.31e-25
709.786096,1.37e-25
709.792654,1.201e-23
709.811924,3.17e-24
709.81556,3.24e-24
709.81854,3.36e-24
709.844655,5.73e-23
709.844706,5.04e-23
709.845591,6.839999999999999e-23
709.846987,2.23e-25
709.847607,2.32e-25
709.855212,1.09e-23
709.859859,7.429999999999999e-24
709.875826,7.37e-24
709.880435,1.08e-23
709.887264,2.2e-25
709.888663,1.85e-25
709.889192,5.8e-23
709.89094,5.0599999999999993e-23
709.891029,5.77e-23
709.919645,9.77e-26
709.92813,1.81e-25
709.928637,1.76e-25
709.928929,1.73e-25
709.932529,1.129e-23
709.936509,1.461e-23
709.938276,1.078e-23
709.938282,1.02e-23
709.938415,1.0399999999999998e-23
709.938532,1.06e-23
709.945473,7.71e-24
709.94663,7.14e-24
709.946671,6.989999999999999e-24
709.946716,6.85e-24
709.947264,7.4e-24
709.949194,7.06e-24
709.949928,6.7e-24
709.949975,6.84e-24
709.950031,6.989999999999999e-24
709.956807,6.149999999999999e-23
709.956853,7.8e-23
709.957024,9.85e-23
709.95928,4.11e-24
709.95995,4.13e-24
709.9682,9.66e-26
709.971052,1.407e-23
709.984715,1.137e-23
710.002437,1.35e-25
710.002916,1.31e-25
710.003228,1.29e-25
710.018382,1.71e-25
710.018441,1.75e-25
710.018738,1.78e-25
710.031073,1.072e-23
710.080524,1.07e-25
710.082415,5.22e-24
710.083005,5.24e-24
710.084802,8.189999999999999e-23
710.084814,4.36e-23
710.084895,6.01e-23
710.088627,1.679e-23
710.092532,1.28e-25
710.092617,1.3e-25
710.092929,1.32e-25
710.124747,1.6109999999999998e-23
710.128572,3.105e-24
710.134434,3.9e-25
710.134591,3.82e-25
710.134628,3.74e-25
710.169331,3.75e-25
710.169367,3.82e-25
710.169522,3.69e-25
710.177159,3.016e-24
710.21798,1.885e-23
710.224564,2.517e-24
710.227313,1.49e-25
710.232564,2.579e-24
710.232682,1.4199999999999999e-25
710.237769,1.41e-25
710.256148,1.802e-23
710.287312,1.7699999999999998e-24
710.289203,1.2e-25
710.289785,1.54e-25
710.291675,2.19e-24
710.294063,1.08e-25
710.294772,1.49e-25
710.29716,2.82e-24
710.326824,2.066e-23
710.337819,2.22e-25
710.337942,2.22e-25
710.340502,3.55e-23
710.340519,3.0199999999999995e-23
710.340546,3.27e-23
710.358948,1.5e-23
710.359323,1.4599999999999998e-23
710.359419,1.43e-23
710.367624,1.967e-23
710.385736,1.43e-23
710.385767,1.47e-23
710.38583,1.41e-23
710.413121,3.579e-25
710.417321,2.208e-23
710.427873,5e-24
710.427989,4.87e-24
710.428006,4.76e-24
710.441482,3.33e-23
710.441514,3.05e-23
710.441605,2.79e-23
710.444024,2.27e-25
710.444124,2.26e-25
710.451238,3.508e-25
710.461494,2.091e-23
710.467799,4.76e-24
710.467816,4.89e-24
710.467933,4.65e-24
710.487659,6.721e-24
710.491495,2.296e-23
710.501423,2.7499999999999995e-23
710.501505,2.65e-23
710.501508,2.55e-23
710.540011,2.161e-23
710.551185,2.317e-23
710.553352,2.56e-23
710.553354,2.66e-23
710.553445,2.4700000000000003e-23
710.566526,6.3679999999999996e-24
710.59799,2.257e-23
710.605372,2.161e-23
710.633158,2.111e-23
710.637461,1.16e-25
710.639091,4.722e-24
710.639765,1.83e-25
710.640474,1.52e-25
710.641578,6.18e-23
710.641733,6.46e-23
710.641866,6.46e-23
710.641888,6.74e-23
710.642045,6.18e-23
710.642378,5.909999999999999e-23
710.657387,1.87e-23
710.659747,2.083e-23
710.660419,8.092e-24
710.668873,1.086e-23
710.670314,1.532e-23
710.672408,2.197e-23
710.674183,2.003e-23
710.675734,1.324e-23
710.676341,2.301e-23
710.677103,1.714e-23
710.690474,2.321e-23
710.705382,1.917e-23
710.719425,2.269e-23
710.732271,2.136e-23
710.73782,2.013e-23
710.739059,2.175e-23
710.742844,1.71e-25
710.74487,1.661e-23
710.752591,1.8009999999999998e-23
710.762037,2.142e-23
710.763308,2.03e-23
710.763719,1.96e-23
710.763735,1.93e-23
710.767932,2.156e-23
710.774791,1.498e-23
710.782003,1.311e-23
710.791732,1.97e-23
710.791738,1.93e-23
710.791889,1.89e-23
710.795786,5.49e-23
710.795833,7.57e-23
710.796134,1.0300000000000001e-22
710.798144,6.81e-24
710.799094,6.84e-24
710.801405,1.45e-25
710.805486,2.047e-23
710.805645,1.101e-23
710.812608,1.75e-25
710.825146,8.659e-24
710.835273,6.399999999999998e-25
710.835421,6.29e-25
710.835558,6.18e-25
710.840753,1.997e-23
710.857431,6.06e-25
710.85751,6.17e-25
710.857628,6.04e-24
710.857653,6.28e-25
710.873872,1.905e-23
710.887318,9.357e-25
710.912853,3.22e-25
710.912905,3.1189999999999998e-24
710.913034,3.15e-25
710.913081,3.09e-25
710.924014,4.27e-24
710.924307,4.18e-24
710.924589,4.1e-24
710.931569,3.81e-25
710.9331,9.26e-24
710.933653,9.31e-24
710.934943,2.94e-23
710.935184,4.96e-23
710.935186,7.859999999999999e-23
710.939704,2.875e-24
710.942489,1.806e-23
710.94715,3.09e-25
710.947197,3.15e-25
710.947376,3.05e-25
710.971613,1.73e-23
710.979175,4.02e-24
710.979338,4.1e-24
710.979622,4.18e-24
710.984063,1.343e-24
710.986717,2.7939999999999998e-24
711.005904,4.943e-25
711.019485,4.3770000000000005e-25
711.072055,1.38e-25
711.077381,1.597e-23
711.077413,1.33e-25
711.082541,1.3399999999999999e-25
711.09088,1.569e-24
711.102828,1.535e-23
711.108054,1.94e-25
711.11309,4.39e-25
711.12934,2.7e-23
711.129804,2.55e-23
711.129861,2.5900000000000002e-23
711.138071,1.04e-24
711.157992,2.5900000000000002e-23
711.15806,2.55e-23
711.158287,2.5e-23
711.171605,2.12e-25
711.171709,2.11e-25
711.174266,3.91e-23
711.174297,3.37e-23
711.174318,3.63e-23
711.174763,4.46e-25
711.17981,1.98e-25
711.185524,1.242e-23
711.195104,1.181e-23
711.200757,3.068e-25
711.225382,4.39e-24
711.225513,4.28e-24
711.225535,4.18e-24
711.238097,3.009e-25
711.248108,3.1899999999999998e-24
711.249072,1.3819999999999998e-23
711.249639,5.66e-25
711.250466,5.99e-25
711.251997,4.399999999999999e-24
711.254083,5.51e-25
711.255258,5.96e-25
711.257344,6.64e-24
711.264352,4.18e-24
711.264374,4.29e-24
711.264505,4.09e-24
711.266316,3.68e-23
711.266342,3.4e-23
711.266431,3.13e-23
711.267748,1.6399999999999998e-23
711.267787,1.61e-23
711.267795,1.5699999999999997e-23
711.268881,2.13e-25
711.268961,2.12e-25
711.271085,1.332e-23
711.277486,1.61e-23
711.277549,1.6499999999999998e-23
711.277602,1.68e-23
711.312306,6.965e-24
711.31705,2.61e-23
711.31714,2.51e-23
711.317145,2.43e-23
711.367027,2.43e-23
711.367031,2.52e-23
711.36713,2.35e-23
711.371308,6.89e-25
711.371692,6.77e-25
711.372082,6.6499999999999995e-25
711.386158,6.617e-24
711.441015,4.85e-25
711.445931,1.2699999999999999e-24
711.452781,6.52e-25
711.452991,6.63e-25
711.453362,6.75e-25
711.457895,3.53e-23
711.458453,3.3e-23
711.458636,3.31e-23
711.460367,1.173e-23
711.47915,1.133e-23
711.486451,3.31e-23
711.48664,3.29e-23
711.486987,3.25e-23
711.499156,1.29e-24
711.504078,4.92e-25
711.690611,2.64e-25
711.690821,2.59e-25
711.690883,2.53e-25
711.706617,3.415e-24
711.713012,9.755e-24
711.715016,3.503e-24
711.724314,2.54e-25
711.724377,2.59e-25
711.724585,2.51e-25
711.728751,9.445e-24
711.738443,1.3999999999999999e-24
711.743053,4.49e-24
711.744982,2.646e-24
711.750804,4.51e-23
711.751562,4.13e-23
711.752047,3.94e-23
711.779018,3.93e-23
711.779507,4.12e-23
711.780075,4.14e-23
711.788013,4.52e-24
711.790603,2.574e-24
711.792626,1.42e-24
711.863357,1.69e-24
711.866013,4.46e-24
711.870908,2.09e-25
711.871465,7.6e-23
711.871679,6.76e-23
711.872436,2.66e-25
711.872805,6.819999999999999e-23
711.873214,6.81e-23
711.873509,2.1e-25
711.874367,6.749999999999999e-23
711.875227,6.59e-23
711.880006,4.51e-24
711.882689,1.71e-24
711.893846,1.02e-23
711.893891,9.97e-24
711.893943,9.76e-24
711.897241,9.54e-24
711.897297,9.75e-24
711.897364,9.97e-24
711.91514,1.27e-25
711.920488,1.23e-25
711.925653,1.27e-25
712.002281,5.07e-24
712.005113,2e-25
712.0052,2e-25
712.005985,1.7799999999999998e-23
712.007506,7.963e-24
712.007754,4.22e-23
712.007796,3.67e-23
712.007814,3.94e-23
712.010149,5.64e-23
712.011388,4.82e-23
712.012764,3.7e-23
712.020387,7.724e-24
712.021056,3.83e-24
712.021204,3.74e-24
712.021233,3.6499999999999996e-24
712.037291,3.69e-23
712.03867,4.8100000000000006e-23
712.039737,5.15e-23
712.04407,1.79e-23
712.047776,5.0999999999999995e-24
712.059126,3.66e-24
712.059154,3.75e-24
712.059303,3.58e-24
712.060126,6.6e-23
712.060403,6.12e-23
712.060954,7.729999999999999e-23
712.062652,2.98e-25
712.063201,3.14e-25
712.076298,7.249999999999999e-24
712.081111,6.76e-24
712.085234,6.66e-24
712.090007,7.16e-24
712.092324,3.99e-23
712.092345,3.7e-23
712.092436,3.43e-23
712.094914,1.98e-25
712.094972,1.97e-25
712.102685,3.19e-25
712.103655,2.95e-25
712.104528,6.42e-23
712.105901,6.129999999999999e-23
712.106219,6.64e-23
712.129871,2.45e-23
712.129972,2.37e-23
712.12998,2.29e-23
712.131094,1.236e-23
712.142047,7.135e-24
712.156029,1.919e-24
712.178075,2.3e-23
712.178082,2.38e-23
712.17819,2.22e-23
712.178723,1.156e-23
712.209345,6.2299999999999996e-24
712.209646,6.0999999999999996e-24
712.20993,5.98e-24
712.211389,6.795e-24
712.214965,1.889e-24
712.23412,2.16e-23
712.235945,4.44e-23
712.238135,6.929999999999999e-23
712.239047,1.05e-25
712.24079,4.36e-23
712.244013,2.28e-23
712.26251,2.26e-23
712.263029,5.85e-24
712.263188,5.9699999999999996e-24
712.263472,6.0999999999999996e-24
712.265733,4.34e-23
712.267899,9.72e-26
712.268236,6.29e-23
712.270578,4.45e-23
712.272404,2.16e-23
712.342962,6.382e-24
712.353189,6.201e-24
712.435043,5.36e-23
712.43553,6.539999999999999e-23
712.437029,8.329999999999999e-23
712.437526,1.21e-25
712.438741,1.27e-25
712.443278,2.43e-23
712.447777,1.53e-23
712.457282,1.5099999999999998e-23
712.459785,1.02e-25
712.461782,2.41e-23
712.46388,1.02e-25
712.465795,1.1e-25
712.467042,2.16e-25
712.467288,2.11e-25
712.467373,2.07e-25
712.467894,7.52e-23
712.46953,6.539999999999999e-23
712.470017,5.36e-23
712.480175,1.336e-23
712.494149,1.263e-23
712.500163,2.07e-25
712.500248,2.11e-25
712.500493,2.05e-25
712.556052,2.422e-24
712.600267,2.357e-24
712.607798,7.6e-23
712.607811,8.029999999999999e-23
712.609137,9.81e-23
712.610217,1.45e-25
712.611198,1.56e-25
712.620766,1.55e-23
712.624711,1.43e-23
712.625612,1.4399999999999997e-23
712.627151,1.24e-25
712.629558,1.53e-23
712.631554,1.03e-25
712.639069,1.53e-25
712.640085,1.37e-25
712.641066,8.78e-23
712.642512,8.029999999999999e-23
712.642525,7.579999999999999e-23
712.71704,5.024e-24
712.724837,4.888e-24
712.753026,1.04e-25
712.753797,1.16e-25
712.755292,8.93e-23
712.755563,9.02e-23
712.756762,1.13e-22
712.75783,1.68e-25
712.759011,1.95e-25
712.759133,1.13e-25
712.764333,1.18e-25
712.765184,1.48e-25
712.765383,2.23e-23
712.765444,2.17e-23
712.765471,2.12e-23
712.767432,1.92e-23
712.769721,1.63e-25
712.772259,1.43e-23
712.774084,1.14e-25
712.774726,1.4499999999999998e-23
712.774956,2.18e-23
712.775028,2.23e-23
712.775089,2.28e-23
712.779552,1.94e-23
712.788292,2.14e-25
712.789132,2.07e-25
712.790117,1.01e-22
712.791421,8.989999999999999e-23
712.791692,8.919999999999999e-23
712.793246,1.27e-25
712.793981,1.21e-25
712.817114,3.33e-24
712.817282,3.25e-24
712.81732,3.17e-24
712.835217,1.87e-25
712.835289,1.88e-25
712.837837,4.48e-23
712.837892,3.93e-23
712.837905,4.2e-23
712.8543,3.1799999999999998e-24
712.854338,3.26e-24
712.854508,3.12e-24
712.878209,1.09e-25
712.880012,8.269999999999999e-23
712.880798,9.7e-23
712.88218,1.2800000000000001e-22
712.882601,1.71e-25
712.884547,2.47e-25
712.885703,2.51e-25
712.88807,3.93e-23
712.889897,2.32e-25
712.892485,1.99e-23
712.893964,1.33e-25
712.907185,2.0100000000000003e-23
712.911601,3.96e-23
712.915922,3.06e-25
712.916126,4.25e-23
712.916136,9.97e-26
712.916141,3.96e-23
712.916235,3.7e-23
712.917047,3.05e-25
712.917401,1.1200000000000001e-22
712.918738,1.83e-25
712.918774,1.82e-25
712.918873,9.65e-23
712.919659,8.249999999999999e-23
712.920352,1.83e-25
712.921485,1.5999999999999998e-25
712.94441,2.3e-23
712.944522,2.22e-23
712.944534,2.15e-23
712.962182,7.232e-24
712.983015,4.01e-23
712.985372,8.319999999999999e-23
712.98753,4.1e-25
712.987606,1.4000000000000002e-22
712.989981,9.35e-23
712.990057,3.14e-25
712.990261,3.76e-25
712.99092,2.15e-23
712.990931,2.23e-23
712.99105,2.08e-23
712.992592,2.26e-25
712.992872,4.46e-23
712.993398,1.59e-25
713.020045,4.49e-23
713.022936,9.4e-23
713.02471,4.46e-25
713.025236,1.22e-22
713.027265,3.75e-25
713.027545,8.249999999999999e-23
713.027707,6.901999999999999e-24
713.028072,2.52e-25
713.029902,3.97e-23
713.029977,1.4e-25
713.030181,1.69e-25
713.065451,1.06e-23
713.068027,2.194e-24
713.069807,3.08e-23
713.073639,4.95e-25
713.074401,1.93e-25
713.074445,5.52e-25
713.075163,1.5100000000000001e-22
713.076154,1.33e-22
713.077065,1.05e-22
713.077677,3.97e-25
713.078774,3.73e-25
713.079143,2.126e-24
713.080271,1.5999999999999999e-24
713.08323,1.4199999999999999e-25
713.085711,1.2e-24
713.088022,1.37e-25
713.089831,9.02e-25
713.112311,1.89e-25
713.114048,1.05e-22
713.114959,1.33e-22
713.11589,1.29e-22
713.116695,2.65e-25
713.118554,5.08e-25
713.118641,3.39e-25
713.121305,3.0199999999999995e-23
713.123014,3.61e-25
713.125662,1.03e-23
713.125939,3.886e-24
713.127185,1.9e-25
713.12777,1.05e-25
713.130337,3.33e-24
713.13156,3.786e-24
713.13535,7.01e-24
713.135699,1.41e-23
713.135762,1.68e-23
713.138778,2.36e-25
713.14024,8.39e-23
713.14152,2.86e-25
713.142161,6.559999999999999e-23
713.142488,5.9e-23
713.143473,3.36e-25
713.14478,5.88e-23
713.144802,5.77e-25
713.145009,6.22e-25
713.145076,6.59e-23
713.146249,2.9e-25
713.146842,1.57e-22
713.147369,1.45e-22
713.147632,1.34e-22
713.147679,7.18e-23
713.149409,5e-25
713.149992,4.93e-25
713.151506,1.69e-23
713.151539,1.42e-23
713.152146,1.39e-24
713.155071,1.08e-25
713.15766,1.1399999999999999e-24
713.159058,4.542e-24
713.160087,1.02e-25
713.162147,9.46e-25
713.167906,4.664e-24
713.177242,1.8e-25
713.179856,1.3299999999999999e-24
713.182414,1.74e-25
713.185035,2.13e-24
713.188048,2.9e-25
713.188141,2.77e-25
713.188433,3.39e-25
713.190823,1.33e-22
713.191085,1.46e-22
713.191568,1.32e-22
713.191902,1.1399999999999999e-24
713.193476,4.28e-25
713.19425,4.48e-25
713.19741,9.76e-25
713.200422,4.72e-25
713.202109,8.71e-25
713.202174,6.93e-25
713.202264,7.18e-25
713.203105,6.66e-24
713.204464,1.6000000000000002e-22
713.204788,1.48e-22
713.204885,1.39e-22
713.205465,3.81e-25
713.207078,6.3e-25
713.207409,6.26e-25
713.208117,3.13e-24
713.210158,2.54e-25
713.212624,2.69e-25
713.215282,6.14e-25
713.217898,2.6799999999999998e-25
713.220237,9.29e-25
713.220513,8.23e-25
713.223314,3.57e-25
713.225734,8.3e-25
713.230585,7.8e-25
713.231292,7.69e-25
713.234104,1.1e-25
713.234397,3.83e-25
713.236753,7.07e-25
713.2371,3.11e-25
713.239308,1.07e-25
713.239741,3.77e-25
713.241707,6.94e-25
713.24178,5.39e-25
713.242346,3.6499999999999998e-25
713.243004,1.76e-25
713.243298,1.72e-25
713.243415,1.67e-25
713.244533,1.71e-25
713.245002,4.43e-25
713.247169,8.47e-25
713.247183,5.16e-25
713.24725,8.6e-25
713.249613,1.57e-22
713.249771,1.81e-25
713.249827,1.45e-22
713.249865,1.35e-22
713.25037,6.42e-25
713.251402,4.65e-25
713.251465,4.97e-25
713.252271,7.93e-25
713.252304,5.51e-25
713.252443,7.9e-25
713.253151,1.31e-25
713.254023,1.3800000000000001e-22
713.254118,1.49e-22
713.254415,1.31e-22
713.255818,6.03e-25
713.256676,5.78e-25
713.257036,5.85e-25
713.258392,1.33e-25
713.260871,6.17e-25
713.266431,4.55e-25
713.269159,2.17e-25
713.271252,4.92e-25
713.27183,4.43e-25
713.273873,1.8999999999999998e-24
713.274427,2.4e-25
713.275534,1.67e-25
713.275652,1.72e-25
713.275945,1.67e-25
713.276397,4.3799999999999995e-25
713.277034,4.93e-25
713.278594,3.24e-25
713.27905,1.17e-24
713.280988,1.05e-24
713.281095,1.06e-24
713.281275,3.88e-25
713.28134,3.36e-25
713.283547,1.48e-22
713.283692,1.35e-22
713.2837,1.2500000000000001e-22
713.283941,3.22e-25
713.286251,9.97e-25
713.286297,9.94e-25
713.286553,4.84e-25
713.289287,3.96e-25
713.289532,1.94e-24
713.290018,1.91e-24
713.292329,2.09e-23
713.292491,2.67e-23
713.292628,3.63e-23
713.293429,2.27e-25
713.294802,1.88e-24
713.295588,1.91e-24
713.296066,7.25e-25
713.298713,2.27e-25
713.301332,1.04e-24
713.302426,9.67e-25
713.302586,9.49e-25
713.302731,9.32e-25
713.303688,6.83e-25
713.303743,6.6599999999999995e-25
713.304221,3.2e-25
713.304346,1.31e-24
713.3045,1.31e-24
713.306303,1.34e-22
713.306339,1.45e-22
713.306544,1.2500000000000001e-22
713.307005,1.33e-22
713.307087,1.08e-22
713.307099,1.19e-22
713.308738,2.1599999999999998e-24
713.308954,7.58e-25
713.309104,7.61e-25
713.309132,2.13e-24
713.309686,1.26e-24
713.309759,1.26e-24
713.311559,3.98e-23
713.311664,4.82e-23
713.311723,6.09e-23
713.314091,2.1e-24
713.314648,2.11e-24
713.316193,2.0299999999999998e-24
713.316381,1.53e-25
713.316519,2.01e-24
713.316986,1.65e-24
713.317209,1.64e-24
713.318974,1.41e-24
713.319009,5.66e-23
713.319077,6.64e-23
713.319088,8.029999999999999e-23
713.319751,1.11e-22
713.319765,8.529999999999999e-23
713.319798,9.62e-23
713.319965,9.38e-25
713.320024,9.47e-25
713.321078,1.17e-24
713.321185,1.17e-24
713.321568,1.97e-24
713.321569,1.47e-25
713.321972,1.98e-24
713.322354,1.5899999999999999e-24
713.322505,1.53e-22
713.322511,1.83e-24
713.322563,1.5999999999999999e-24
713.322635,1.31e-22
713.322646,1.4100000000000001e-22
713.322772,1.82e-24
713.323651,1.4699999999999999e-24
713.32371,1.4100000000000001e-22
713.323783,1.17e-22
713.323806,1.2800000000000001e-22
713.323823,1.4599999999999999e-24
713.324193,2.44e-24
713.324731,7.6e-25
713.324742,9.14e-25
713.324761,7.76e-25
713.324829,9.31e-25
713.324985,9.48e-25
713.325186,8.89e-25
713.325257,8.86e-25
713.325302,7.18e-23
713.325342,9.65e-23
713.325357,8.24e-23
713.326374,1.23e-22
713.326397,9.74e-23
713.326403,1.12e-24
713.326432,1.09e-22
713.326437,1.12e-24
713.327167,1.59e-22
713.327298,2.59e-25
713.327368,1.48e-22
713.327381,1.3800000000000001e-22
713.327887,1.7799999999999994e-24
713.328189,1.79e-24
713.329006,1.42e-24
713.329155,1.42e-24
713.329804,7.08e-25
713.329987,7.05e-25
713.333095,5.52e-25
713.335655,6.46e-25
713.338233,5.23e-25
713.3387,2.665e-24
713.339762,6.19e-25
713.339796,6.46e-25
713.340884,4.76e-25
713.342064,1.6000000000000002e-22
713.342355,1.49e-22
713.34242,1.39e-22
713.343328,4.42e-25
713.344656,5.63e-25
713.344978,5.6e-25
713.347323,9.17e-25
713.34747,9.09e-25
713.349963,1.23e-22
713.349968,1.35e-22
713.350127,1.13e-22
713.352608,9.86e-25
713.35262,9.88e-25
713.355079,2.9e-24
713.358265,2.204e-24
713.36016,6.45e-24
713.363631,2.11e-25
713.369594,5.09e-25
713.369715,5.51e-25
713.3717,1.55e-22
713.372138,1.44e-22
713.372339,1.33e-22
713.374244,4.48e-25
713.374762,4.43e-25
713.375603,5.94e-25
713.375659,5.74e-25
713.37825,1.37e-22
713.378256,1.48e-22
713.378547,1.29e-22
713.37982,7.9799999999999985e-25
713.379958,7.87e-25
713.380903,6.6499999999999995e-25
713.381138,6.6799999999999985e-25
713.382469,1.4100000000000001e-22
713.382487,1.29e-22
713.382693,1.19e-22
713.383483,4e-25
713.38354,4.34e-25
713.384871,1.23e-24
713.38511,1.23e-24
713.385135,8.65e-25
713.385221,8.67e-25
713.386135,1.39e-22
713.386194,1.49e-22
713.386589,1.32e-22
713.387501,1.19e-22
713.387521,1.06e-22
713.387643,9.47e-23
713.38879,5.07e-25
713.388825,6.44e-25
713.389241,5.13e-25
713.390054,1.29e-24
713.390151,1.29e-24
713.391318,2.2e-25
713.3931,1.07e-24
713.393316,1.06e-24
713.393915,6.38e-25
713.393938,2.6069999999999998e-24
713.395738,1.2800000000000001e-22
713.395771,1.15e-22
713.395922,1.05e-22
713.396559,1.87e-25
713.398377,1.13e-24
713.39841,1.13e-24
713.399118,5.78e-25
713.401283,2.147e-24
713.401707,5.05e-25
713.401711,4.47e-25
713.404298,8.63e-25
713.404363,2.21e-24
713.406905,4.68e-25
713.406921,3.87e-25
713.407147,2.46e-25
713.407406,3.03e-25
713.409305,6.45e-24
713.409558,5.92e-25
713.409575,1.2699999999999999e-24
713.409863,1.33e-22
713.410058,1.44e-22
713.410618,1.31e-22
713.411877,2.91e-25
713.411994,3.84e-25
713.412516,3.77e-25
713.413334,3.92e-25
713.41358,1.42e-24
713.41389,1.42e-24
713.413988,1.93e-23
713.416041,5.89e-25
713.416197,1.09e-22
713.416248,9.45e-23
713.416368,8.37e-23
713.418205,1.72e-25
713.418569,3.35e-25
713.418727,1.48e-24
713.418865,1.48e-24
713.418912,4.24e-25
713.419326,4.15e-25
713.419368,4.79e-25
713.419893,1.64e-24
713.420249,1.64e-24
713.4207,1.47e-22
713.421191,5.72e-25
713.4214,1.33e-22
713.421988,1.14e-22
713.422042,6.15e-24
713.42249,9.59e-23
713.422541,8.2e-23
713.422648,7.139999999999999e-23
713.423187,3.55e-25
713.42384,2.66e-25
713.424019,3.44e-25
713.424465,3.27e-25
713.42494,1.69e-24
713.425138,1.69e-24
713.42638,5.04e-25
713.427117,2.74e-24
713.429224,2.18e-25
713.432589,1.11e-24
713.432987,1.09e-24
713.433384,1.07e-24
713.442175,1.88e-24
713.442427,7.61e-25
713.442619,1.88e-24
713.442671,6.96e-25
713.444739,8.179999999999999e-23
713.444825,6.779999999999999e-23
713.444941,5.77e-23
713.445126,1.13e-25
713.447146,1.93e-24
713.44739,1.93e-24
713.447437,7.88e-25
713.447747,7.06e-25
713.447845,8.95e-24
713.448157,8.75e-24
713.448443,8.56e-24
713.450385,1.03e-25
713.450618,1.02e-25
713.451346,1.93e-25
713.452726,7.61e-25
713.453017,6.62e-25
713.45341,1.14e-22
713.453992,1.34e-22
713.454835,1.26e-22
713.456056,2.56e-25
713.457626,2.95e-25
713.458618,4.11e-25
713.460059,2.1499999999999998e-24
713.4606,2.1499999999999998e-24
713.461409,1.88e-23
713.462565,6.559999999999999e-23
713.462683,5.2e-23
713.462808,4.29e-23
713.463441,2.86e-25
713.464891,2.19e-24
713.465189,2.2e-24
713.466086,6.26e-24
713.467874,1.62e-25
713.481894,8.26e-25
713.48637,1.53e-23
713.486862,8.75e-25
713.489894,2.36e-24
713.490018,4.95e-23
713.490593,2.35e-24
713.492202,8.71e-25
713.492281,4.7e-23
713.492483,3.47e-23
713.492486,3.51e-25
713.492652,2.71e-23
713.493691,1.35e-22
713.493893,3.78e-25
713.494542,2.38e-24
713.49487,2.4e-24
713.494903,1.14e-22
713.495874,1.43e-25
713.496109,2.8e-25
713.496499,7.429999999999999e-23
713.49751,2.55e-25
713.499839,8.379999999999999e-24
713.499994,8.56e-24
713.500278,8.75e-24
713.500706,8.93e-25
713.505587,9.72e-25
713.510949,9.97e-25
713.512389,1.05e-24
713.512611,1.07e-24
713.513,1.09e-24
713.519593,9.83e-26
713.520635,7.449999999999999e-23
713.522224,1.14e-22
713.523265,1.3399999999999999e-25
713.523603,1.18e-22
713.524228,3.87e-25
713.52649,2.18e-25
713.527115,4.9e-23
713.528126,2.6e-25
713.530757,1.5099999999999998e-23
713.531962,1.17e-25
713.539394,2.17e-24
713.539658,9.52e-25
713.540344,2.14e-24
713.54148,2.51e-23
713.541875,1.61e-23
713.542153,1.15e-23
713.543684,2.1599999999999998e-24
713.543961,2.2e-24
713.544448,1.07e-24
713.549844,1.1399999999999999e-24
713.564456,2.954e-24
713.568183,2.882e-24
713.579709,9.81e-25
713.584351,1.15e-24
713.589751,1.28e-24
713.590626,3.34e-23
713.592752,7.16e-23
713.593239,1.05e-25
713.595045,2.73e-25
713.595139,1.22e-22
713.597369,8.339999999999999e-23
713.597464,2.21e-25
713.597848,2.55e-25
713.598564,1.03e-25
713.599945,1.68e-25
713.600425,4.07e-23
713.601247,1.19e-25
713.603798,1.1e-25
713.610832,2.88e-24
713.611027,2.8099999999999998e-24
713.611077,2.74e-24
713.615745,4.09e-23
713.618794,8.37e-23
713.620393,2.96e-25
713.621215,1.08e-22
713.622937,2.33e-25
713.623417,7.119999999999999e-23
713.624239,1.57e-25
713.625537,3.32e-23
713.626016,1.08e-25
713.642065,9.21e-25
713.646486,1.1399999999999999e-24
713.647189,2.75e-24
713.647239,2.82e-24
713.647435,2.7e-24
713.651858,1.3399999999999999e-24
713.667063,1.75e-25
713.66712,1.75e-25
713.669663,4.69e-23
713.669728,4.1499999999999993e-23
713.669739,4.4099999999999993e-23
713.726113,5.1e-23
713.727103,7.169999999999999e-23
713.729132,1.08e-22
713.730823,1.85e-25
713.73132,1.75e-25
713.733012,5.23e-23
713.734555,1.76e-25
713.735517,1.01e-25
713.73706,2.8000000000000003e-23
713.738486,1.03e-25
713.742491,4.45e-23
713.742504,4.17e-23
713.742604,3.91e-23
713.743511,2.82e-23
713.744651,6.27e-25
713.745129,1.68e-25
713.745141,1.67e-25
713.747553,5.26e-23
713.748655,8.43e-25
713.750224,2.1e-25
713.75165,9.57e-23
713.751925,1.8e-25
713.753468,7.13e-23
713.753838,1.09e-24
713.754452,5.08e-23
713.754843,2.1400000000000003e-23
713.754894,1.06e-25
713.75497,2.07e-23
713.754987,2.0000000000000002e-23
713.793254,7.259e-24
713.799828,2.0000000000000002e-23
713.799844,2.07e-23
713.799977,1.94e-23
713.817314,1.4029999999999998e-23
713.836437,1.316e-23
713.855171,6.942e-24
713.85829,1.43e-23
713.85834,1.4000000000000002e-23
713.8584,1.37e-23
713.861017,1.3299999999999998e-23
713.861085,1.37e-23
713.861165,1.4000000000000002e-23
713.896691,5.389999999999999e-23
713.896967,5.909999999999999e-23
713.899146,9.27e-23
713.901113,1.41e-25
713.902968,1.19e-25
713.904935,3.55e-23
713.907002,1.31e-25
713.907911,2.7499999999999995e-23
713.909317,2.73e-23
713.912287,3.57e-23
713.916593,1.5e-25
713.918195,1.17e-25
713.918319,8.329999999999999e-23
713.920261,5.889999999999999e-23
713.920531,5.38e-23
713.988004,6.3240000000000005e-25
714.017484,1.43e-25
714.017842,1.39e-25
714.018012,1.35e-25
714.026098,2.208e-24
714.028243,2.156e-24
714.049415,1.35e-25
714.049585,1.4e-25
714.049942,1.36e-25
714.104768,3.58e-23
714.105334,4.48e-23
714.107812,7.85e-23
714.109362,1.14e-25
714.11203,3.78e-23
714.115284,3.11e-23
714.116076,3.13e-23
714.117607,1.06e-25
714.119337,3.76e-23
714.121915,1.07e-25
714.123816,7.1e-23
714.126026,4.48e-23
714.126599,3.58e-23
714.17016,1.995e-24
714.193808,7.139999999999999e-23
714.194225,6.749999999999999e-23
714.19469,8.469999999999999e-23
714.196406,3.96e-25
714.197092,4.28e-25
714.199704,1.298e-23
714.211897,1.945e-24
714.212686,7.57e-24
714.217281,6.31e-24
714.21746,6.18e-24
714.222099,7.72e-24
714.234053,2.97e-23
714.23413,2.8899999999999995e-23
714.23417,2.82e-23
714.237559,4.65e-25
714.238339,4.49e-25
714.239267,6.859999999999999e-23
714.240515,6.76e-23
714.240977,7.189999999999999e-23
714.243818,2.9e-23
714.243901,2.97e-23
714.243972,3.05e-23
714.250091,1.201e-23
714.320062,5.58e-25
714.351308,1.06e-23
714.353508,2.7e-23
714.356693,6.519999999999999e-23
714.358243,5.0700000000000006e-23
714.360939,3.62e-23
714.36516,3.61e-23
714.367863,5.049999999999999e-23
714.369695,5.929999999999999e-23
714.372591,2.7e-23
714.374798,1.06e-23
714.405671,2.48e-24
714.405897,2.4199999999999998e-24
714.405965,2.36e-24
714.437156,1.01e-25
714.441194,2.36e-24
714.441261,2.4199999999999998e-24
714.44149,2.33e-24
714.443879,1.29e-23
714.445887,3.49e-23
714.449271,9.08e-23
714.450615,7.279999999999999e-23
714.451207,3.51e-25
714.452873,3.58e-25
714.453189,4.6e-23
714.456335,4.62e-23
714.456585,1.16e-25
714.458873,7.33e-23
714.45998,3.97e-25
714.460906,7.619999999999999e-23
714.463321,1.66e-25
714.463636,3.49e-23
714.465609,1.29e-23
714.466734,3.618e-24
714.493432,1.63e-25
714.493478,1.63e-25
714.49601,4.85e-23
714.49609,4.32e-23
714.496096,4.57e-23
714.503239,1.622e-24
714.50414,1.585e-24
714.519831,3.531e-24
714.564201,4.61e-23
714.564208,4.34e-23
714.564316,4.08e-23
714.566849,1.54e-25
714.566861,1.54e-25
714.568827,1.97e-23
714.568969,1.91e-23
714.568991,1.85e-23
714.5828,5.919e-24
714.592081,6.087e-24
714.607586,7.22e-24
714.612311,1.85e-23
714.612332,1.92e-23
714.612482,1.8e-23
714.637122,2.04e-24
714.63861,1.26e-23
714.638931,1.2299999999999998e-23
714.639221,1.21e-23
714.640994,8.52e-24
714.64611,5.31e-23
714.646645,4.82e-23
714.647847,4.31e-23
714.654233,4.3e-23
714.655442,4.8e-23
714.656279,4.87e-23
714.661086,8.54e-24
714.664965,2.05e-24
714.666549,6.918e-24
714.688133,1.18e-23
714.688286,1.21e-23
714.68857,1.24e-23
714.791761,1.16e-25
714.792205,1.12e-25
714.792461,1.07e-25
714.823042,1.07e-25
714.823297,1.12e-25
714.823742,1.1e-25
714.857053,1.524e-24
714.962169,4.19e-25
714.966839,1.62e-24
714.968676,1.796e-24
714.975007,4.25e-23
714.975155,3.99e-23
714.975683,3.98e-23
714.981533,3.97e-23
714.982067,3.98e-23
714.982533,3.91e-23
714.987309,1.171e-24
714.987326,1.146e-24
714.990376,1.63e-24
714.995053,4.24e-25
715.009388,1.751e-24
715.064178,3.007e-24
715.07332,2.9259999999999998e-24
715.089813,1.3399999999999999e-24
715.197397,2.12e-24
715.19755,1.435e-23
715.197665,2.07e-24
715.197759,2.01e-24
715.222889,1.334e-23
715.232136,2.01e-24
715.232229,2.07e-24
715.2325,1.99e-24
715.32498,1.5e-25
715.325012,1.51e-25
715.327536,4.95e-23
715.327628,4.43e-23
715.327632,4.6800000000000006e-23
715.329365,2.79e-25
715.340864,3.17e-23
715.340898,3.34e-23
715.341154,3.23e-23
715.345401,3.22e-23
715.345697,3.16e-23
715.345993,3.09e-23
715.350522,3.527e-25
715.35719,2.8399999999999998e-25
715.37661,1.81e-23
715.376773,1.7599999999999997e-23
715.376804,1.7e-23
715.391529,4.72e-23
715.391535,4.46e-23
715.391654,4.21e-23
715.394179,1.4e-25
715.394218,1.4e-25
715.418769,1.7099999999999998e-23
715.418799,1.7599999999999997e-23
715.418969,1.67e-23
715.44243,7.122e-24
715.466069,1.75e-24
715.466482,1.72e-24
715.466885,1.69e-24
715.46851,8.137e-25
715.469001,8.312e-25
715.498381,6.836e-24
715.540242,4.814e-24
715.544546,1.67e-24
715.544768,1.69e-24
715.545166,1.72e-24
715.591647,4.689e-24
715.674699,3.88e-23
715.674792,3.78e-23
715.674842,3.67e-23
715.684754,3.78e-23
715.684848,3.88e-23
715.684931,3.99e-23
715.706412,5e-24
715.709668,5.44e-24
715.713411,6.08e-24
715.716397,2.517e-24
715.721528,1.21e-25
715.726419,1.24e-25
715.739732,2.45e-23
715.739864,2.58e-23
715.739928,2.51e-23
715.742363,2.51e-23
715.742566,2.45e-23
715.742771,2.39e-23
715.782565,1.608e-24
715.788981,1.44e-24
715.789154,1.41e-24
715.789305,1.38e-24
715.792114,7.93e-24
715.795576,3.1499999999999995e-23
715.799398,9.6e-23
715.80024,8.2e-23
715.801633,4.43e-25
715.801847,5.27e-23
715.802737,4.35e-25
715.808672,1.16e-23
715.809578,1.15e-23
715.810684,2.94e-25
715.810852,1.14e-23
715.811594,1.36e-24
715.811685,1.38e-24
715.811852,1.41e-24
715.811855,2.02e-25
715.81188,1.26e-23
715.812012,3.06e-25
715.81282,5.3e-23
715.812974,1.25e-23
715.8142,1.25e-23
715.814386,8.26e-23
715.815927,7.87e-23
715.815973,5.12e-25
715.819091,3.14e-23
715.819981,2.46e-25
715.822085,1.57e-24
715.822511,7.89e-24
715.82658,1.6299999999999997e-23
715.827128,1.6399999999999998e-23
715.827435,1.67e-23
715.829317,2.16e-25
715.829725,1.9899999999999999e-25
715.841069,1.96e-23
715.841216,1.91e-23
715.84128,1.86e-23
715.896883,2.232e-24
715.909321,6.58e-24
715.912884,6.0099999999999995e-24
715.916461,5.52e-24
715.937887,5.679e-25
715.979534,7.559e-24
715.989178,7.785e-24
715.991303,1.81e-24
715.991624,1.7599999999999998e-24
715.991757,1.7e-24
716.025221,1.71e-24
716.025354,1.7599999999999998e-24
716.025678,1.7e-24
716.146977,1.38e-25
716.146999,1.39e-25
716.149507,5e-23
716.149617,4.75e-23
716.149619,4.51e-23
716.166435,1.87e-23
716.166589,1.91e-23
716.166623,1.96e-23
716.167303,1.91e-23
716.167462,1.86e-23
716.167615,1.82e-23
716.19074,1.67e-23
716.190927,1.62e-23
716.190968,1.5699999999999997e-23
716.196071,1.314e-23
716.209967,4.5299999999999993e-23
716.209968,4.78e-23
716.210099,4.29e-23
716.212613,1.27e-25
716.212681,1.27e-25
716.231539,1.5699999999999997e-23
716.231579,1.62e-23
716.231774,1.53e-23
716.248821,6.969e-24
716.251381,1.197e-23
716.25179,7.07e-23
716.252423,6.909999999999999e-23
716.253002,8.979999999999999e-23
716.254411,5.07e-25
716.25552,5.9e-25
716.264366,1.22e-23
716.268971,7.339999999999999e-24
716.284738,7.53e-24
716.289392,1.25e-23
716.293123,1.41e-25
716.298505,6.93e-25
716.299302,6.87e-25
716.299962,7.019999999999999e-23
716.301286,6.909999999999999e-23
716.301968,7.119999999999999e-23
716.302484,6.7e-24
716.38535,3.893e-25
716.385683,3.971e-25
716.48775,2.2e-25
716.493298,1.66e-25
716.497669,1.37e-25
716.558613,6.279e-24
716.559834,3.536e-24
716.57644,1.432e-24
716.608552,6.106e-24
716.61377,1.43e-23
716.613907,1.4000000000000002e-23
716.614027,1.37e-23
716.614429,1.4000000000000002e-23
716.614561,1.4399999999999997e-23
716.614648,1.47e-23
716.615096,1.3989999999999999e-24
716.621251,1.427e-23
716.644342,2.14e-25
716.644771,2.12e-25
716.647082,3.1e-24
716.647302,3.9299999999999995e-24
716.647327,4.9699999999999995e-24
716.654394,1.31e-23
716.707905,3.168e-24
716.780945,1.5399999999999999e-24
716.781339,1.49e-24
716.781535,1.44e-24
716.814077,1.44e-24
716.814274,1.49e-24
716.814671,1.45e-24
716.8621,2.36e-23
716.862414,2.3e-23
716.862628,2.24e-23
716.914003,2.2e-23
716.914113,2.25e-23
716.914386,2.31e-23
716.94896,4.51e-24
716.949462,3.31e-24
716.949991,2.4e-24
716.951522,2.92e-25
716.951548,2.91e-25
716.954626,1.23e-25
716.959796,1.15e-25
716.964491,1.12e-25
716.971157,1.02e-25
716.979994,1.27e-25
716.980004,1.28e-25
716.9825,5e-23
716.982622,4.76e-23
716.982626,4.5299999999999993e-23
716.995422,1.5199999999999998e-23
716.995641,1.47e-23
716.995698,1.42e-23
717.035059,1.43e-23
717.035116,1.47e-23
717.035341,1.3899999999999998e-23
717.039578,4.5500000000000006e-23
717.039581,4.7899999999999993e-23
717.039727,4.33e-23
717.042226,1.14e-25
717.042328,1.14e-25
717.059599,1.01e-25
717.074199,1.05e-23
717.074324,1.03e-23
717.074423,1.01e-23
717.076094,1.03e-23
717.076214,1.05e-23
717.076328,1.08e-23
717.080013,4.039e-24
717.088691,3.931e-24
717.088887,4.97e-23
717.088995,4.83e-23
717.089055,4.69e-23
717.090808,6.769e-24
717.099218,4.83e-23
717.099323,4.97e-23
717.099418,5.11e-23
717.141838,6.517e-24
717.181232,4.35e-24
717.185774,1.7199999999999998e-23
717.19124,9.9e-23
717.191753,8.74e-23
717.192442,6.8e-23
717.193653,5.73e-25
717.194325,5.64e-25
717.208922,1.45e-25
717.209812,3.43e-25
717.211783,6.839999999999999e-23
717.212422,8.819999999999999e-23
717.213646,7.879999999999999e-23
717.21559,5.8e-25
717.218451,1.7e-23
717.220334,3.13e-25
717.222943,4.28e-24
717.224843,1.38e-25
717.334505,6.57e-25
717.351791,9.456e-24
717.361685,9.755e-24
717.387285,3.13e-25
717.392834,2.54e-25
717.393869,1.2689999999999999e-24
717.39747,2.23e-25
717.401457,6.38e-25
717.413661,4.543e-24
717.431385,1.241e-24
717.463734,2.75e-24
717.464164,2.69e-24
717.464571,2.64e-24
717.511577,3.47e-25
717.511943,3.45e-25
717.51437,7.94e-24
717.514471,1.16e-23
717.514502,9.6e-24
717.521236,8.028e-24
717.539011,4.109e-24
717.540118,7.58e-24
717.540235,7.429999999999999e-24
717.540319,7.28e-24
717.540951,2.59e-24
717.541169,2.64e-24
717.541573,2.69e-24
717.542921,7.44e-24
717.543033,7.59e-24
717.543158,7.75e-24
717.569872,7.792e-24
717.574279,1.2999999999999998e-24
717.574771,1.25e-24
717.575073,1.19e-24
717.606524,1.19e-24
717.606826,1.25e-24
717.607322,1.23e-24
717.727421,1.05e-23
717.727657,8.27e-24
717.727975,6.5099999999999996e-24
717.729865,4.24e-25
717.730045,4.22e-25
717.754313,9.72e-26
717.759205,1.01e-25
717.759741,1.16e-25
717.789694,1.35e-25
717.79631,1.16e-25
717.796314,1.17e-25
717.798784,4.97e-23
717.798926,4.74e-23
717.798939,4.52e-23
717.810635,1.37e-23
717.81089,1.3299999999999998e-23
717.810968,1.29e-23
717.842886,2.63e-23
717.842961,2.57e-23
717.843039,2.51e-23
717.848998,1.29e-23
717.849075,1.3299999999999998e-23
717.849339,1.26e-23
717.851684,2.43e-23
717.851695,2.49e-23
717.851731,2.56e-23
717.853118,4.5299999999999993e-23
717.853131,4.76e-23
717.853288,4.33e-23
717.855768,1.03e-25
717.855906,1.03e-25
717.870272,1.3399999999999999e-25
717.886032,6.526e-24
717.892317,1.09e-25
717.900008,3.16e-23
717.900363,3.07e-23
717.900599,2.99e-23
717.93533,6.291e-24
717.949381,2.92e-23
717.949483,2.99e-23
717.949752,3.07e-23
718.00236,5.38e-24
718.002469,5.27e-24
718.002543,5.17e-24
718.005719,5.28e-24
718.005824,5.38e-24
718.005949,5.4899999999999995e-24
718.08847,1.375e-23
718.124693,1.278e-23
718.127424,3.171e-25
718.131962,1.24e-23
718.139482,3.1330000000000003e-25
718.181753,1.119e-24
718.188403,1.139e-23
718.218563,1.094e-24
718.238664,4.91e-23
718.239787,5.508e-24
718.240161,6.11e-23
718.241289,4.86e-25
718.241318,9.22e-23
718.243937,8.3e-25
718.246198,3.46e-23
718.248823,3.4899999999999998e-25
718.249945,1.49e-23
718.268186,3.4e-25
718.273721,2.91e-25
718.278533,2.67e-25
718.284745,1.53e-23
718.288548,3.55e-23
718.289869,2.08e-24
718.290057,2.04e-24
718.290213,2e-24
718.291889,1.0799999999999999e-24
718.292665,6.839999999999999e-23
718.293407,1.02e-24
718.293821,2.32e-25
718.294529,6.09e-23
718.296082,4.9299999999999993e-23
718.313103,1.96e-24
718.313195,2e-24
718.313371,2.04e-24
718.34916,5.023e-24
718.35372,1.05e-25
718.361671,1.0999999999999998e-24
718.362309,1.04e-24
718.362806,9.46e-25
718.370459,4.14e-25
718.370759,4.11e-25
718.373249,1.37e-23
718.373291,1.87e-23
718.373344,1.6000000000000002e-23
718.392988,9.47e-25
718.393485,1.04e-24
718.394127,1.03e-24
718.402074,1.05e-25
718.427609,1.005e-23
718.451285,3.75e-24
718.451388,3.68e-24
718.451456,3.61e-24
718.454835,3.69e-24
718.454934,3.76e-24
718.45505,3.83e-24
718.475091,9.738e-24
718.478972,6.22e-23
718.479094,6.03e-23
718.479163,5.85e-23
718.489495,6.039999999999999e-23
718.489613,6.229999999999999e-23
718.48972,6.42e-23
718.538849,1.68e-23
718.538994,1.4000000000000002e-23
718.539232,1.16e-23
718.541315,4.7099999999999995e-25
718.5415,4.69e-25
718.588769,9.97e-26
718.593938,1.88e-25
718.595771,1.11e-25
718.601032,1.51e-25
718.61151,1.2299999999999998e-23
718.611539,2.3e-24
718.611819,1.19e-23
718.611932,1.15e-23
718.616678,6.819999999999999e-24
718.625183,9.95e-23
718.62548,8.879999999999999e-23
718.625642,7.669999999999999e-23
718.627724,7.639999999999999e-25
718.628078,7.54e-25
718.63322,1.07e-25
718.633227,1.05e-25
718.635672,4.9e-23
718.63583,4.6699999999999993e-23
718.635847,4.46e-23
718.648837,1.15e-23
718.648949,1.19e-23
718.649264,1.14e-23
718.651111,4e-25
718.651267,5.51e-25
718.653808,7.709999999999999e-23
718.653908,8.979999999999999e-23
718.654933,7.59e-23
718.660074,6.03e-25
718.662771,6.6e-24
718.665207,3.96e-25
718.66683,1.87e-25
718.667849,2.21e-24
718.670093,2.16e-25
718.671999,9.94e-26
718.687152,4.48e-23
718.687167,4.7e-23
718.687348,4.29e-23
718.70296,1.159e-23
718.712951,1.198e-23
718.721966,1.44e-25
718.727227,1.05e-25
718.739768,6.2499999999999996e-24
718.786643,6.034e-24
718.848864,1.11e-25
718.877008,2.57e-24
718.877104,2.52e-24
718.877167,2.47e-24
718.880373,2.52e-24
718.880465,2.57e-24
718.880569,2.62e-24
718.884099,4.13e-23
718.884485,4.0000000000000004e-23
718.884721,3.9e-23
718.931858,3.8e-23
718.931942,3.9e-23
718.932204,4.01e-23
718.967825,1.19e-25
719.004752,9.819e-25
719.040437,9.604e-25
719.101998,6.416e-24
719.115649,5.318e-24
719.124227,5.17e-24
719.128539,3.36e-25
719.134034,2.97e-25
719.138963,2.85e-25
719.149172,1.7e-25
719.154887,9.14e-25
719.155741,8.44e-25
719.156589,7.1e-25
719.184987,7.11e-25
719.185835,8.45e-25
719.186694,8.63e-25
719.192405,1.7e-25
719.198252,5.894e-24
719.214234,4.41e-25
719.214491,4.39e-25
719.216998,2.5900000000000002e-23
719.217021,1.97e-23
719.21708,2.25e-23
719.26961,1.72e-24
719.269697,1.69e-24
719.269757,1.67e-24
719.272416,1.7e-24
719.2725,1.72e-24
719.272587,1.7599999999999998e-24
719.277358,1.233e-23
719.30464,9.958e-25
719.323845,1.191e-23
719.353041,2.35e-23
719.353125,2.0000000000000002e-23
719.353318,1.7099999999999998e-23
719.355524,4.76e-25
719.355689,4.75e-25
719.373595,9.742e-25
719.408814,1.47e-25
719.409341,1.29e-25
719.414063,2.1e-25
719.414457,2.66e-25
719.417231,4.23e-24
719.417679,4.14e-24
719.418088,4.07e-24
719.42905,1.1e-23
719.429419,1.06e-23
719.429582,1.02e-23
719.441707,9.78e-26
719.444115,4.78e-23
719.444304,4.57e-23
719.444335,4.37e-23
719.46512,1.02e-23
719.465283,1.0699999999999998e-23
719.465662,1.02e-23
719.480245,2.65e-25
719.485361,1.28e-25
719.493444,3.98e-24
719.493464,4.38e-23
719.493495,4.59e-23
719.493656,4.05e-24
719.493695,4.21e-23
719.494061,4.13e-24
719.51921,5.944e-24
719.523736,2.02e-25
719.528984,1.41e-25
719.564857,5.745e-24
719.598757,1.279e-23
719.619341,1.1399999999999999e-24
719.61942,1.12e-24
719.619476,1.11e-24
719.62122,1.13e-24
719.621296,1.15e-24
719.621362,1.16e-24
719.657075,1.122e-23
719.778667,1.21e-25
719.78353,2.03e-25
719.784763,8.565e-25
719.814314,5.28e-23
719.814737,5.11e-23
719.814964,4.98e-23
719.819906,8.382e-25
719.84814,7.65e-23
719.848276,7.4e-23
719.848355,7.16e-23
719.858724,7.409999999999999e-23
719.858854,7.65e-23
719.858975,7.9e-23
719.860737,4.84e-23
719.860798,4.97e-23
719.861048,5.11e-23
719.863913,3.48e-23
719.863996,3.39e-23
719.864085,3.3e-23
719.871811,3.2000000000000003e-23
719.871859,3.29e-23
719.871934,3.38e-23
719.892255,2.14e-25
719.897095,1.29e-25
719.905503,7.243e-24
719.916806,7.39e-25
719.916875,7.27e-25
719.916929,7.15e-25
719.917401,7.28e-25
719.917469,7.399999999999998e-25
719.917512,7.52e-25
719.935863,2.65e-25
719.939767,7.62e-25
719.94098,6.6599999999999995e-25
719.942482,4.69e-25
719.968327,4.69e-25
719.969829,6.6599999999999995e-25
719.971046,7.2e-25
719.974945,2.65e-25
719.988633,1.19e-23
719.992644,6.697e-24
719.995274,3.19e-25
720.000753,2.9e-25
720.005788,2.88e-25
720.037232,1.3899999999999998e-23
720.04713,1.4399999999999997e-23
720.067094,1.022e-23
720.068555,4.45e-25
720.068758,4.44e-25
720.070238,1.479e-23
720.071279,3.29e-23
720.071314,2.58e-23
720.071367,2.91e-23
720.082695,1.18e-24
720.088117,2.4199999999999998e-24
720.101315,9.74e-23
720.10137,7.619999999999999e-23
720.101454,8.63e-23
720.103964,1.06e-24
720.104058,1.05e-24
720.115911,1.426e-23
720.137206,8.769999999999999e-25
720.137462,7.81e-25
720.139861,8.76e-23
720.140024,7.659999999999999e-23
720.140754,6.98e-23
720.150715,6.58e-25
720.152087,4.63e-25
720.152144,4.7e-25
720.152163,4.78e-25
720.153114,4.7e-25
720.153172,4.62e-25
720.153224,4.55e-25
720.153277,2.22e-24
720.155198,8.7e-24
720.155965,5.21e-25
720.157814,1.29e-25
720.15862,1.07e-24
720.159347,1.91e-23
720.161131,3.44e-25
720.164084,9.13e-23
720.165538,7.229999999999999e-23
720.166612,5.27e-23
720.166801,1.22e-24
720.168153,1.09e-24
720.186472,3e-23
720.186542,2.62e-23
720.186728,2.28e-23
720.189021,4.62e-25
720.189139,4.6e-25
720.208554,1.79e-25
720.213572,4.19e-25
720.218654,3.69e-25
720.219625,6.99e-25
720.221158,5.34e-23
720.222298,7.4e-23
720.223022,6.27e-23
720.225081,9.8e-24
720.225547,9.37e-24
720.225805,8.89e-24
720.22592,1.2999999999999998e-24
720.228423,1.86e-23
720.229964,9.37e-25
720.232637,8.45e-24
720.233901,3.96e-25
720.256684,1.84e-25
720.260167,8.899999999999999e-24
720.260424,9.39e-24
720.260897,9.08e-24
720.261927,2.79e-25
720.2724,4.18e-25
720.277417,1.78e-25
720.28826,4.64e-23
720.288471,4.43e-23
720.28851,4.24e-23
720.317028,2.88e-25
720.317069,2.97e-25
720.317074,2.93e-25
720.319997,2.92e-25
720.320043,2.88e-25
720.320094,2.83e-25
720.33507,4.25e-23
720.335109,4.45e-23
720.335343,4.1e-23
720.361653,2.71e-25
720.366895,1.78e-25
720.390881,5.6199999999999995e-24
720.434175,5.437e-24
720.615979,7.444e-25
720.649975,7.288e-25
720.659165,2.1899999999999998e-25
720.664015,3.92e-25
720.6677,4.571e-25
720.683496,4.476e-25
720.690222,6.64e-23
720.690699,6.389999999999999e-23
720.690908,6.209999999999999e-23
720.727874,1.27e-25
720.730681,3.3299999999999998e-25
720.733441,6.31e-25
720.735229,4.94e-25
720.735482,6.03e-23
720.735509,6.2e-23
720.735741,6.389999999999999e-23
720.73764,2.75e-25
720.759888,2.76e-25
720.762298,4.94e-25
720.762425,4.11e-25
720.764092,5.97e-25
720.766847,3.3299999999999998e-25
720.767252,2.31e-25
720.769654,1.27e-25
720.78977,7.995e-24
720.798548,2.9499999999999997e-24
720.798768,2.89e-24
720.798936,2.84e-24
720.806125,1.735e-23
720.824185,2.8099999999999998e-24
720.824271,2.86e-24
720.824453,2.9199999999999998e-24
720.833242,2.94e-25
720.838674,2.72e-25
720.843781,2.8e-25
720.851199,1.667e-23
720.867874,7.431e-24
720.895808,4.37e-25
720.89599,4.37e-25
720.898468,3.94e-23
720.898565,3.18e-23
720.89859,3.5399999999999995e-23
720.99907,3.62e-23
720.999104,3.21e-23
720.999278,2.85e-23
721.001637,4.3799999999999995e-25
721.001721,4.36e-25
721.032767,2.45e-25
721.037634,6.52e-25
721.046589,8.67e-24
721.047172,8.22e-24
721.047573,7.61e-24
721.058281,2.56e-25
721.063496,4.17e-25
721.080034,3.01e-25
721.080308,7.62e-24
721.08048,2.94e-25
721.080685,2.9e-25
721.080708,8.24e-24
721.081303,8.07e-24
721.085621,4.46e-23
721.085881,4.26e-23
721.085948,4.08e-23
721.090246,6.52e-25
721.095113,2.44e-25
721.130802,4.09e-23
721.130869,4.2799999999999993e-23
721.131138,3.97e-23
721.14819,5.276e-24
721.150585,1.146e-23
721.153254,4.08e-25
721.158468,2.5e-25
721.170518,6.858e-24
721.171456,2.35e-25
721.172206,2.36e-25
721.173177,2.37e-25
721.179091,6.659e-24
721.190745,5.11e-24
721.198066,1.16e-25
721.198396,1.15e-25
721.20038,9.19e-23
721.200531,8.87e-23
721.200618,8.569999999999999e-23
721.20989,1.486e-24
721.210852,8.89e-23
721.210994,9.19e-23
721.21113,9.51e-23
721.213312,1.01e-25
721.213804,9.97e-26
721.232759,9.562e-24
721.277961,1.455e-24
721.318077,6.4199999999999995e-24
721.318547,6.2699999999999995e-24
721.318955,6.15e-24
721.359507,1.633e-23
721.369089,1.696e-23
721.385556,6.428e-25
721.394997,5.96e-24
721.395205,6.08e-24
721.395617,6.21e-24
721.419186,6.296000000000001e-25
721.484996,1.988e-23
721.485105,4.17e-25
721.489928,8.06e-25
721.511458,8.159999999999999e-23
721.511552,1.88e-25
721.512015,7.81e-23
721.512193,7.6e-23
721.513344,3.47e-25
721.515418,5.2e-25
721.51822,3.23e-25
721.52162,1.56e-25
721.529738,1.904e-23
721.539394,1.56e-25
721.542794,3.23e-25
721.545601,4.94e-25
721.547671,3.47e-25
721.549462,1.88e-25
721.553377,9.81e-26
721.553578,9.77e-26
721.555686,7.579999999999999e-23
721.555709,7.37e-23
721.555887,7.81e-23
721.557817,1.1e-25
721.558197,1.16e-25
721.558836,8.637e-24
721.577974,8.37e-25
721.582774,4.37e-25
721.593167,5.44e-25
721.598727,7.9799999999999985e-25
721.619056,6.98e-23
721.619249,9.27e-23
721.619254,8.039999999999999e-23
721.62185,1.5399999999999999e-24
721.622009,1.5499999999999998e-24
721.631605,8.068e-24
721.669044,1.4599999999999999e-24
721.669588,1.41e-24
721.671699,8.22e-23
721.672008,7.000000000000001e-23
721.672504,6.01e-23
721.689917,7.9799999999999985e-25
721.692337,6.13e-25
721.695131,7.39e-25
721.697786,4.15e-25
721.700542,5.79e-25
721.70408,2.69e-25
721.709505,2.53e-25
721.714699,2.7e-25
721.758728,4.21e-25
721.75886,4.22e-25
721.761359,4.56e-23
721.761448,3.75e-23
721.761481,4.13e-23
721.788418,1.063e-23
721.825415,3.81e-25
721.829962,1.18e-24
721.836306,7.65e-24
721.837097,7.079999999999999e-24
721.837811,6.11e-24
721.849801,4.21e-23
721.849843,3.78e-23
721.850038,3.4e-23
721.852449,4.09e-25
721.852472,4.07e-25
721.868864,6.1199999999999996e-24
721.869578,7.1e-24
721.870376,7.119999999999999e-24
721.876714,1.18e-24
721.881259,3.81e-25
721.895484,8.474e-24
721.903673,4.5000000000000003e-23
721.903766,4.37e-23
721.903866,4.26e-23
721.911504,4.13e-23
721.911568,4.24e-23
721.911663,4.37e-23
721.917392,3.24e-25
721.922587,5.6799999999999995e-25
721.94162,4.27e-23
721.941913,4.08e-23
721.942,3.9e-23
721.984406,3.91e-23
721.984492,4.09e-23
721.984812,3.81e-23
722.002991,1.28e-24
722.00382,5.59e-25
722.007885,1.62e-24
722.009014,3.18e-25
722.024378,8.749999999999999e-23
722.024988,7.35e-23
722.025264,6.22e-23
722.027208,1.8999999999999998e-24
722.027581,1.86e-24
722.045957,4.928e-24
722.086098,4.778e-24
722.094119,1.68e-24
722.094158,1.74e-24
722.096459,6.24e-23
722.096738,5.25e-23
722.096816,7.579999999999999e-23
722.106917,2.223e-23
722.111499,1.0799999999999999e-24
722.113839,1.28e-24
722.116155,1.03e-24
722.118813,1.03e-24
722.121033,7.38e-25
722.151663,2.12e-23
722.228421,5.533e-25
722.256244,8.48e-25
722.260842,5.422e-25
722.261011,1.83e-24
722.263698,1.2e-25
722.275081,1.09e-25
722.276145,1.09e-25
722.277768,9.82e-23
722.278459,9.28e-23
722.278578,9.05e-23
722.307479,2.27e-25
722.30855,3.16e-25
722.310282,4.28e-25
722.314496,1.92e-25
722.318767,1.36e-25
722.319064,1.36e-25
722.321077,9.03e-23
722.321177,8.789999999999999e-23
722.321221,9.28e-23
722.323191,1.55e-25
722.323531,1.66e-25
722.331539,9.68e-26
722.335625,1.93e-25
722.338668,1.88e-24
722.339847,4.06e-25
722.341572,3.16e-25
722.342642,2.27e-25
722.343412,8.82e-25
722.435346,5.08e-25
722.435692,5e-25
722.435886,4.92e-25
722.482076,4.84e-25
722.482174,4.91e-25
722.482425,4.99e-25
722.482641,9.2e-24
722.517387,2.39e-25
722.520115,1.31e-25
722.522755,2.28e-25
722.525353,1.5e-25
722.52801,2.54e-25
722.538076,1.59e-25
722.538439,1.58e-25
722.540391,1.09e-22
722.540556,1.05e-22
722.540652,1.01e-22
722.548201,8.63e-24
722.550542,1.05e-22
722.550695,1.09e-22
722.550846,1.13e-22
722.553014,1.36e-25
722.553548,1.35e-25
722.563978,4.03e-25
722.56411,4.05e-25
722.566537,5.1e-23
722.566706,4.6699999999999993e-23
722.566707,4.27e-23
722.646695,4.74e-23
722.646696,4.3e-23
722.646898,3.92e-23
722.649335,3.77e-25
722.649353,3.78e-25
722.655334,5.64e-25
722.659391,1.85e-24
722.663937,6.7e-24
722.664992,5.98e-24
722.666184,4.54e-24
722.672017,2.422e-23
722.675236,1.877e-23
722.684251,1.954e-23
722.688051,1.18e-25
722.693286,1.02e-25
722.694648,4.55e-24
722.69584,5.9899999999999996e-24
722.696908,6.2499999999999996e-24
722.701442,1.85e-24
722.703046,4.89e-25
722.705498,5.64e-25
722.708176,9.53e-25
722.717202,2.297e-23
722.723274,4.05e-23
722.723653,3.86e-23
722.723805,3.67e-23
722.739345,1.002e-23
722.764849,3.68e-23
722.765,3.87e-23
722.765386,3.63e-23
722.772632,4.57e-24
722.780478,9.439999999999999e-25
722.785607,4.83e-25
722.812549,4.435e-24
722.867385,7.356e-24
722.947422,4.559e-25
722.972458,1.93e-24
722.974772,1.36e-25
722.977098,4.88e-24
722.979817,1.83e-25
722.984138,4.73e-25
722.986295,1.48e-25
722.987649,1.43e-25
722.989014,1.16e-22
722.989954,1.05e-22
722.989963,1.07e-22
722.992267,1.16e-25
723.01639,4.637000000000001e-25
723.029238,1.85e-25
723.029687,1.86e-25
723.031548,1.05e-22
723.031564,1.06e-22
723.031779,1.0300000000000001e-22
723.03364,2.17e-25
723.033874,2.41e-25
723.040761,1.21e-25
723.042122,2.182e-24
723.044429,4.99e-24
723.049043,1.99e-24
723.086669,2.33e-25
723.087262,2.72e-25
723.088803,3.5e-25
723.094943,1.11e-25
723.108278,2.136e-24
723.111813,1.11e-25
723.11796,3.32e-25
723.119494,2.73e-25
723.120087,2.33e-25
723.138165,2.03e-25
723.143797,2.07e-25
723.157885,9.59e-24
723.15833,9.36e-24
723.158738,9.17e-24
723.177212,5.88e-23
723.177464,7.11e-23
723.177608,8.61e-23
723.180032,2.52e-24
723.180467,2.565e-23
723.180503,2.5499999999999998e-24
723.183509,6.15e-24
723.185578,6.45e-24
723.187786,6.75e-24
723.199515,9.63e-24
723.214458,6.428e-25
723.22642,1.16e-24
723.226671,2.418e-23
723.230003,1.2099999999999999e-24
723.231127,6.28e-25
723.233123,1.26e-24
723.243264,8.662e-24
723.249599,2.74e-24
723.25044,2.74e-24
723.251814,8.398e-24
723.252231,7.39e-23
723.252664,5.85e-23
723.252988,4.61e-23
723.262305,9.069e-24
723.283855,1.12e-24
723.288899,1.2e-24
723.29457,1.15e-24
723.314163,2.82e-24
723.317282,2.71e-24
723.321336,2.63e-24
723.339654,3.94e-24
723.339965,4.02e-24
723.340222,4.1e-24
723.359969,3.0499999999999998e-24
723.361707,2.9e-24
723.363778,2.77e-24
723.407434,2.16e-25
723.410137,1.69e-25
723.412804,2.08e-25
723.415409,2.06e-25
723.418144,2.41e-25
723.4392,9.93e-25
723.442305,2.7999999999999998e-24
723.445315,5.8399999999999996e-24
723.446922,4.72e-24
723.448805,3.81e-25
723.448887,3.85e-25
723.449052,2.77e-24
723.451345,5.600000000000001e-23
723.451492,4.75e-23
723.451508,5.14e-23
723.474059,2.78e-24
723.476187,4.73e-24
723.477803,5.4499999999999996e-24
723.480806,2.7999999999999998e-24
723.48391,9.94e-25
723.518214,9.597e-24
723.523005,5.2100000000000006e-23
723.523027,4.78e-23
723.523268,4.39e-23
723.525671,3.46e-25
723.525762,3.48e-25
723.55911,1.72e-25
723.564376,1.41e-25
723.57959,6.24e-25
723.584664,1.35e-24
723.597308,3.82e-23
723.597742,3.63e-23
723.597947,3.43e-23
723.632129,1.12e-25
723.632445,2.635e-23
723.6337,5.27e-24
723.636011,2.06e-25
723.63646,3.44e-23
723.636663,3.64e-23
723.637128,3.44e-23
723.637979,1.66e-23
723.640737,3e-25
723.642406,1.96e-25
723.644418,1.73e-25
723.645164,1.33e-22
723.646363,1.17e-22
723.64673,1.11e-22
723.648675,1.3e-25
723.649743,1.3399999999999999e-24
723.654816,6.18e-25
723.680469,2.464e-23
723.680546,5.473e-24
723.684063,8.43e-25
723.684415,8.27e-25
723.68459,8.15e-25
723.684726,2.47e-25
723.685463,2.53e-25
723.686693,1.11e-22
723.687034,1.17e-22
723.687528,1.17e-22
723.689002,3.58e-25
723.689099,3.1e-25
723.69112,1.56e-25
723.695444,1.68e-23
723.699697,5.38e-24
723.707071,4.22e-24
723.72945,8.03e-25
723.729498,8.15e-25
723.729699,8.27e-25
723.744379,4.099e-24
723.778034,2.11e-25
723.782917,1.66e-25
723.822917,8.22e-23
723.823139,6.48e-23
723.823286,5.11e-23
723.825679,3.47e-24
723.825904,3.51e-24
723.836726,1.329e-24
723.843066,4.034e-25
723.871122,2.15e-25
723.87152,2.12e-25
723.873437,1.2500000000000001e-22
723.873615,1.2e-22
723.873719,1.15e-22
723.874004,3.956e-25
723.883027,1.2e-22
723.883191,1.2500000000000001e-22
723.883357,1.3e-22
723.883981,2.1e-25
723.884303,2.25e-25
723.88551,1.8e-25
723.885782,2.8399999999999998e-25
723.886092,1.78e-25
723.914319,2.7e-25
723.91579,2.25e-25
723.916111,2.1e-25
723.919144,4.03e-24
723.919414,4.08e-24
723.92135,3.63e-23
723.921487,5.01e-23
723.921742,6.819999999999999e-23
723.954269,3.374e-25
723.959783,1.4599999999999999e-24
723.960934,5.68e-23
723.961038,5.519999999999999e-23
723.96115,5.36e-23
723.962176,1.12e-25
723.964249,1.7e-24
723.968814,5.1899999999999993e-23
723.96889,5.35e-23
723.969001,5.51e-23
723.969613,1.75e-24
723.990245,2.11e-23
723.995961,3.3160000000000003e-25
723.998415,2.205e-23
724.028098,2.616e-23
724.079095,2.42e-23
724.185727,9.996e-24
724.185801,1.86e-25
724.188482,2.72e-25
724.191098,1.79e-25
724.193709,3.57e-25
724.196509,2.23e-25
724.220346,3.61e-25
724.220449,3.67e-25
724.22279,6.019999999999999e-23
724.223027,5.55e-23
724.223061,5.14e-23
724.238967,1.45e-25
724.239825,1.92e-23
724.240603,1.16e-25
724.241959,9.444e-24
724.242132,3.43e-25
724.24291,6.149999999999999e-23
724.243467,2.57e-25
724.245716,4.88e-25
724.246273,1.49e-22
724.247395,1.49e-25
724.248148,1.17e-22
724.249701,8.079999999999999e-23
724.250455,9.84e-26
724.277331,1.45e-24
724.27956,3.11e-24
724.28187,5.07e-24
724.284173,3.51e-24
724.285065,3e-25
724.285843,8.029999999999999e-23
724.286401,2.02e-25
724.286511,3.42e-25
724.287157,1.74e-24
724.287369,1.16e-22
724.288147,4.88e-25
724.288542,1.3e-22
724.2894,4.5e-25
724.289643,5.169999999999999e-23
724.289676,5.62e-23
724.289915,4.8100000000000006e-23
724.292291,3.15e-25
724.292443,3.17e-25
724.292635,6.2e-23
724.295692,1.95e-23
724.307921,1.74e-24
724.310905,3.5199999999999996e-24
724.313224,4.75e-24
724.315519,3.11e-24
724.317747,1.45e-24
724.318994,3.18e-25
724.324221,2.4e-25
724.343022,1.0799999999999999e-24
724.3479,2.74e-24
724.35689,3.59e-23
724.357498,3.36e-23
724.357894,3.07e-23
724.367475,2.494e-23
724.39201,3.868e-24
724.395108,3.08e-23
724.395503,3.37e-23
724.396115,3.24e-23
724.405101,2.73e-24
724.409979,1.07e-24
724.423204,2.274e-23
724.42966,3.76e-24
724.580422,3.415e-25
724.611415,3.35e-25
724.650403,2.265e-23
724.65848,1.8e-25
724.658594,1.82e-25
724.660084,2.3e-25
724.688279,2.1899999999999998e-25
724.689761,1.82e-25
724.689875,1.8e-25
724.713754,2.022e-23
724.77151,4.29e-23
724.771783,5.909999999999999e-23
724.772213,8.079999999999999e-23
724.774266,5.38e-24
724.775316,5.43e-24
724.777799,1.17e-25
724.788579,2.65e-25
724.789596,3.32e-25
724.789891,7.44e-23
724.790876,1.19e-22
724.79136,1.83e-25
724.792189,5.6799999999999995e-25
724.792464,1.64e-22
724.793744,5.98e-25
724.793811,3.152e-24
724.796617,7.319999999999999e-23
724.800254,3.61e-23
724.824356,1.38e-24
724.824711,1.35e-24
724.824866,1.3299999999999999e-24
724.826277,1.02e-23
724.826693,2.65e-25
724.827973,3.55e-23
724.829286,2.34e-25
724.830268,5e-25
724.83158,7.22e-23
724.83305,4.59e-25
724.833567,5.53e-25
724.835037,1.4000000000000002e-22
724.836012,2.37e-25
724.837351,1.2e-22
724.838306,7.449999999999999e-23
724.839645,1.53e-25
724.857508,3.082e-24
724.866747,1.31e-24
724.866768,1.3299999999999999e-24
724.866942,1.35e-24
724.876201,1.925e-23
724.881813,9.671e-24
724.884768,2.86e-25
724.886589,7.169999999999999e-24
724.887945,7.27e-24
724.88908,6.33e-23
724.889766,3.99e-23
724.889861,2.36e-23
724.890705,5.257e-25
724.9286,1.41e-23
724.928819,5.162e-25
724.929094,1.3799999999999998e-23
724.929495,1.35e-23
724.952465,1.662e-23
724.956534,1.95e-24
724.958355,1.79e-25
724.959289,3.45e-25
724.96111,2.6e-24
724.963601,1.24e-25
724.964643,3.16e-25
724.967134,3.47e-24
724.989879,1.32e-23
724.990158,1.35e-23
724.990647,1.3799999999999998e-23
725.042812,1.478e-23
725.049143,2.13e-24
725.050404,3.17e-24
725.052186,4.38e-24
725.055973,2.14e-24
725.059897,1.03e-24
725.075514,1.03e-24
725.079438,2.1499999999999998e-24
725.083233,4.1e-24
725.085007,3.17e-24
725.086268,2.14e-24
725.095142,3.07e-25
725.112914,1.67e-25
725.115573,3.3299999999999998e-25
725.11822,1.62e-25
725.120835,4.69e-25
725.123724,2.09e-25
725.143064,9.098e-24
725.143493,1.199e-23
725.144216,3.37e-25
725.144268,3.46e-25
725.146652,6.38e-23
725.146875,5.92e-23
725.146884,5.5e-23
725.155702,3.838e-25
725.202859,2.9e-25
725.203293,2.85e-25
725.205171,1.4100000000000001e-22
725.205361,1.35e-22
725.205474,1.29e-22
725.206625,5.53e-23
725.206629,5.98e-23
725.206954,5.169999999999999e-23
725.209277,2.87e-25
725.209514,2.89e-25
725.213936,1.35e-22
725.214109,1.4100000000000001e-22
725.214289,1.47e-22
725.216425,2.38e-25
725.217064,2.34e-25
725.232674,4.29e-25
725.235739,5.51e-24
725.237931,3.02e-25
725.245116,1.38e-24
725.24983,3.92e-24
725.257113,3.34e-23
725.257818,3.1e-23
725.258373,2.74e-23
725.280605,3.92e-25
725.28095,4.21e-25
725.282863,1.27e-22
725.282886,1.45e-22
725.283902,1.73e-22
725.285144,6.86e-25
725.285837,6.88e-25
725.289654,2.28e-25
725.292652,2.74e-23
725.293206,3.11e-23
725.293311,2.84e-23
725.293947,3.03e-23
725.29788,1.96e-23
725.300832,1.62e-25
725.301195,3.92e-24
725.303219,6.337e-24
725.305907,1.37e-24
725.310537,2.319e-23
725.31212,3.53e-25
725.314056,1.9e-23
725.316314,1.18e-25
725.316333,5.22e-25
725.317557,2.432e-23
725.318592,2.77e-23
725.320519,4.98e-25
725.325383,6.13e-25
725.326762,5.18e-25
725.32731,1.46e-22
725.32904,1.27e-22
725.32905,1.45e-22
725.330967,2.78e-25
725.331328,3.3299999999999998e-25
725.331685,1.071e-23
725.340121,1.037e-23
725.351141,3.575e-25
725.353307,1.2299999999999998e-23
725.376592,3.533e-24
725.411305,3.437e-24
725.458744,1.43e-25
725.458807,1.48e-25
725.460353,1.85e-25
725.468049,9.439e-24
725.474214,3.142e-24
725.48791,1.76e-25
725.489445,1.48e-25
725.489508,1.43e-25
725.490406,1.7699999999999998e-23
725.508295,3.13e-25
725.554196,5.169999999999999e-23
725.554251,1.5564549999999998e-23
725.554688,8.26e-23
725.556567,1.01e-23
725.557958,1.02e-23
725.560329,4.33e-25
725.565453,1.488e-23
725.660568,2.223e-23
725.700781,1.85e-24
725.701954,1.55e-23
725.70208,1.5199999999999998e-23
725.703253,1.97e-23
725.70418,5.34e-23
725.714884,1.955e-23
725.716028,8.017e-25
725.717676,5.13e-25
725.71769,5.2e-25
725.719925,1.5400000000000001e-22
725.720173,1.44e-22
725.720765,1.79e-22
725.722422,7.94e-25
725.723001,8.23e-25
725.734299,2.74e-25
725.737417,1.54e-23
725.739666,1.25e-25
725.742196,1.5e-23
725.742798,4.8e-25
725.745033,1.4399999999999997e-23
725.745272,2.86e-25
725.747279,6.02e-25
725.749776,1.48e-23
725.750643,7.866000000000001e-25
725.751619,4.89e-25
725.760587,8.869e-25
725.763902,8.22e-25
725.764774,7.8e-25
725.765745,1.48e-22
725.76702,1.43e-22
725.767305,1.5400000000000001e-22
725.768862,5.13e-25
725.76955,5.21e-25
725.777098,8.652000000000001e-25
725.839186,2.5499999999999998e-24
725.839635,1.37e-25
725.840485,1.7999999999999997e-24
725.84072,5.79e-24
725.841014,5.66e-24
725.841278,5.53e-24
725.841502,1.97e-24
725.842272,6.17e-25
725.842801,4.8399999999999995e-24
725.844829,1.29e-25
725.844901,1.72e-24
725.846563,1.99e-24
725.847449,9.71e-25
725.848663,1.0399999999999998e-23
725.850462,1.91e-25
725.854332,5.41e-24
725.854453,5.54e-24
725.854654,5.66e-24
725.855453,2.18e-24
725.85581,2.13e-24
725.855944,2.1e-24
725.864092,2.592e-23
725.864566,3.21e-25
725.864679,3.34e-25
725.866856,6.649999999999999e-23
725.867203,6.169999999999999e-23
725.867299,5.74e-23
725.894509,2.1e-24
725.894511,2.07e-24
725.894657,2.13e-24
725.898851,2.2799999999999998e-24
725.899659,2.86e-24
725.90127,3.77e-24
725.904184,1.038e-23
725.90539,2.339e-23
725.9064,1.41e-24
725.910735,7.44e-25
725.921621,7.46e-25
725.924367,5.77e-23
725.924462,6.229999999999999e-23
725.924788,5.47e-23
725.925956,1.41e-24
725.92702,2.57e-25
725.92738,2.61e-25
725.931105,3.53e-24
725.932698,2.86e-24
725.933506,2.2799999999999998e-24
725.944216,9.21e-25
725.949394,5.81e-25
725.953067,9.863e-24
725.977783,2.9e-24
725.981782,9.19e-24
725.986118,3.1e-23
725.987247,2.71e-23
725.988508,1.98e-23
726.005588,3.201e-24
726.020479,1.99e-23
726.02174,2.72e-23
726.022872,2.82e-23
726.027205,9.19e-24
726.031204,2.9e-24
726.033641,7.039999999999999e-23
726.033756,6.83e-23
726.033881,6.619999999999999e-23
726.041286,3.1169999999999998e-24
726.041517,6.400000000000001e-23
726.041605,6.61e-23
726.041731,6.819999999999999e-23
726.097858,2.871e-23
726.099922,6.099999999999999e-25
726.100155,6.38e-25
726.102335,1.52e-22
726.102727,1.44e-22
726.103206,1.79e-22
726.104907,9.409999999999999e-25
726.105619,1.0099999999999999e-24
726.1188,6.81e-25
726.121213,1.4599999999999998e-23
726.123389,7.51e-25
726.123785,9.79e-26
726.125874,3.12e-25
726.125961,1.14e-23
726.127669,5.32e-25
726.128736,1.2e-23
726.130141,2.636e-23
726.130916,1.75e-25
726.133525,1.54e-23
726.13681,4.34e-25
726.149109,1.12e-24
726.149794,1.11e-24
726.150817,1.43e-22
726.15197,1.43e-22
726.152403,1.52e-22
726.153678,7.629999999999999e-25
726.15458,7.37e-25
726.227575,1.08e-25
726.227857,1.19e-25
726.229411,1.5e-25
726.256698,1.43e-25
726.258242,1.19e-25
726.258525,1.08e-25
726.357036,3.057e-23
726.382718,2.841e-23
726.427559,6.13e-25
726.428111,7.3299999999999985e-25
726.430099,1.37e-22
726.43071,1.34e-22
726.43129,1.72e-22
726.432317,1.197e-24
726.432698,1.0999999999999998e-24
726.43383,1.26e-24
726.43724,1.037e-23
726.440135,1.07e-24
726.442676,2.15e-23
726.444659,1.02e-24
726.445274,1.8e-25
726.447258,1.24e-23
726.448714,6.14e-25
726.458261,4.473e-24
726.463554,1.173e-24
726.465142,3.05e-25
726.467839,1.3299999999999998e-23
726.469827,1.47e-25
726.472469,2.28e-23
726.4762,6.22e-25
726.48169,1.5499999999999998e-24
726.482403,1.6099999999999997e-24
726.483147,1.32e-22
726.484387,1.31e-22
726.485045,1.36e-22
726.485844,1.07e-24
726.487028,9.9e-25
726.487348,9.88e-24
726.510063,1.26e-25
726.519156,4.37e-24
726.539133,3.89e-25
726.539609,3.8e-25
726.541441,1.56e-22
726.541643,1.48e-22
726.541764,1.4100000000000001e-22
726.549091,1.49e-22
726.549272,1.56e-22
726.549465,1.63e-22
726.551584,3.11e-25
726.552289,3.05e-25
726.622729,2.03e-23
726.623248,1.98e-23
726.623639,1.94e-23
726.635598,3.149e-23
726.642094,2.487e-23
726.647632,2.622e-23
726.655072,2.33e-24
726.655482,2.5499999999999998e-24
726.656307,2.953e-23
726.656935,3.22e-24
726.664461,8.21e-25
726.669136,5.3599999999999995e-25
726.674454,5.37e-25
726.679129,8.23e-25
726.683555,1.9e-23
726.683774,1.94e-23
726.684211,1.98e-23
726.686664,3.02e-24
726.688108,2.5499999999999998e-24
726.688517,2.33e-24
726.699605,2.16e-25
726.701127,6.07e-25
726.702255,8.579999999999999e-23
726.703731,1.06e-22
726.704025,1.16e-25
726.704337,1.14e-25
726.704539,1.12e-25
726.704859,9.54e-25
726.704878,1.59e-22
726.707139,1.98e-24
726.707527,1.5999999999999999e-24
726.709789,5.669999999999999e-23
726.710911,1.64e-24
726.712393,6.47e-25
726.713515,2.3400000000000003e-23
726.714291,7.319999999999999e-25
726.727528,1.1e-25
726.727607,1.12e-25
726.727798,1.14e-25
726.753076,1.36e-25
726.755638,2.48e-23
726.758293,2.79e-25
726.759421,5.92e-23
726.76286,2.2899999999999998e-24
726.763636,1.14e-22
726.7643,2.37e-24
726.764694,8.779999999999999e-25
726.765422,1.0300000000000001e-22
726.766198,1.48e-24
726.766955,8.4e-23
726.768077,1.2099999999999999e-24
726.777564,3.4099999999999995e-24
726.777921,3.33e-24
726.778032,3.28e-24
726.813196,3.28e-24
726.813218,3.23e-24
726.813319,3.33e-24
726.826557,1.23e-25
726.829171,6.79e-25
726.831766,1.16e-25
726.834387,1.15e-24
726.837493,1.79e-25
726.849938,2.97e-25
726.849994,3.12e-25
726.852239,6.879999999999999e-23
726.852552,6.400000000000001e-23
726.852615,5.969999999999999e-23
726.903375,6e-23
726.903433,6.46e-23
726.903859,5.72e-23
726.906028,2.32e-25
726.90648,2.36e-25
726.911764,1.72e-25
726.914525,1.4399999999999997e-23
726.915901,3.5599999999999995e-24
726.917121,2.37e-25
726.918653,3.04e-23
726.919496,1.11e-23
726.921602,1.0999999999999998e-24
726.922103,2.78e-24
726.923021,8.99e-25
726.923092,2.86e-23
726.923323,2.9399999999999998e-24
726.923367,1.3800000000000001e-22
726.924409,2.41e-23
726.924864,1.06e-22
726.925919,7.59e-23
726.926062,1.5899999999999998e-23
726.926127,2.07e-24
726.926549,3.151e-23
726.926814,6.46e-25
726.92746,1.82e-24
726.943477,2.976e-23
726.954213,1.5899999999999998e-23
726.955865,2.42e-23
726.957226,2.6e-23
726.960779,1.11e-23
726.964374,3.5599999999999995e-24
726.989514,4.13e-25
726.990402,9.48e-25
726.991934,7.619999999999999e-23
726.993057,1.08e-22
726.993882,8.949999999999999e-23
726.994589,1.51e-24
726.996302,2.05e-24
726.996779,2.82e-24
726.9992,2.68e-23
727.000741,2.3e-24
727.001855,5.53e-25
727.003396,1.25e-23
727.004659,1.25e-24
727.034446,1.2e-25
727.042303,1.747e-24
727.057208,2.894e-24
727.060681,8.74e-25
727.061063,1.14e-25
727.063576,2.26e-24
727.065877,6.91e-25
727.068444,2.76e-24
727.07031,1.711e-24
727.071063,1.1399999999999999e-24
727.082678,3.25e-24
727.083257,3.29e-24
727.084898,1.09e-22
727.085573,8.729999999999999e-23
727.085824,7.37e-23
727.087793,2.76e-24
727.08814,2.6799999999999998e-24
727.089496,2.82e-24
727.135113,2e-24
727.138216,7.3299999999999985e-25
727.140559,1.5299999999999999e-24
727.143042,6.55e-25
727.144979,1.41e-24
727.175011,2.31e-24
727.175088,2.21e-24
727.177312,7.009999999999999e-23
727.177643,8.879999999999999e-23
727.177707,5.869999999999999e-23
727.179931,2.9499999999999997e-24
727.179943,2.88e-24
727.180218,4.09e-24
727.180928,3.98e-24
727.182984,6.94e-23
727.183321,5.04e-23
727.183412,3.96e-23
727.185804,3.64e-24
727.186087,3.73e-24
727.192467,2.19e-24
727.194691,1.35e-24
727.196418,2.97e-24
727.197008,2.27e-24
727.199639,1.1399999999999999e-24
727.199688,6.43e-25
727.20186,1.83e-24
727.202865,1.93e-24
727.205236,5.89e-25
727.207152,1.29e-24
727.22209,3.07e-23
727.236178,2.916e-23
727.27094,4.1699999999999996e-24
727.271454,3.98e-24
727.273825,1.94e-23
727.27421,2.73e-23
727.274473,4.32e-23
727.27658,3.7999999999999995e-24
727.277743,3.9299999999999995e-24
727.327544,3.96e-24
727.328066,3.95e-24
727.329886,3.25e-23
727.330002,2.29e-23
727.330035,5.049999999999999e-23
727.331823,4.29e-24
727.332378,4.36e-24
727.343786,1.4599999999999999e-24
727.346774,6.19e-25
727.349838,1.2099999999999999e-24
727.352379,6.29e-25
727.354927,1.26e-24
727.368435,1.94e-24
727.372649,2.51e-24
727.377905,2.73e-24
727.383086,3.5399999999999995e-24
727.383254,3.5e-24
727.385794,5.94e-23
727.386073,7.209999999999999e-23
727.386125,9.18e-23
727.388614,3.22e-24
727.389113,3.27e-24
727.432705,1.296e-23
727.440884,1.252e-23
727.480963,1.6099999999999997e-24
727.485977,3.3e-24
727.487884,3.31e-24
727.488294,4.63e-24
727.488876,3.3e-24
727.489287,8.05e-25
727.489404,1.62e-25
727.490171,4.35e-24
727.490394,2.6e-23
727.490482,7.269999999999999e-23
727.490949,5.369999999999999e-23
727.491423,4.2e-23
727.49147,1.12e-23
727.492087,5.66e-24
727.492117,1.2e-24
727.493386,4.48e-24
727.493496,3.63e-24
727.493547,3.64e-24
727.49357,4.83e-24
727.495081,6.95e-25
727.495403,2.88e-25
727.495635,3.15e-25
727.497443,7.000000000000001e-23
727.497674,1.64e-24
727.497995,6.449999999999999e-23
727.498259,5.909999999999999e-23
727.50059,9.9e-25
727.51378,2.917e-23
727.515374,2.71e-24
727.51541,2.76e-24
727.518003,9.34e-23
727.518129,1.2800000000000001e-22
727.518204,1.08e-22
727.520797,2.4199999999999998e-24
727.520959,2.46e-24
727.52143,2.07e-24
727.521662,2.1599999999999998e-24
727.522291,1.92e-24
727.523141,2.74e-24
727.525809,2.783e-23
727.527183,2.23e-24
727.532132,6.099999999999999e-25
727.532821,2.25e-24
727.536895,4.69e-25
727.537758,4.7e-25
727.54252,6.11e-25
727.54792,5.929999999999999e-23
727.548184,6.5e-23
727.548695,5.889999999999999e-23
727.549276,2.494e-24
727.550574,2.01e-25
727.551347,2.11e-25
727.551534,2.58e-24
727.552991,2.1599999999999998e-24
727.553222,2.07e-24
727.55876,1.26e-24
727.560059,2.52e-25
727.560201,3.23e-24
727.562815,2.0199999999999998e-24
727.564915,1.78e-25
727.565216,1.57e-24
727.568448,2.78e-24
727.574229,2.44e-24
727.583284,2.1599999999999998e-24
727.583909,2.07e-24
727.585942,1.09e-22
727.586248,9.01e-23
727.586825,7.729999999999999e-23
727.588906,2.5e-24
727.589164,2.5299999999999998e-24
727.591773,5.199999999999999e-24
727.592131,5.0799999999999996e-24
727.592218,5e-24
727.604238,1.7799999999999994e-24
727.606239,8.58e-24
727.606577,8.01e-25
727.608287,1.67e-23
727.609371,1.7799999999999994e-24
727.610415,2.61e-23
727.612029,5.66e-25
727.6124,2.593e-24
727.612995,1.68e-23
727.614785,1.5299999999999999e-24
727.616179,7.87e-24
727.624022,5e-24
727.624064,4.92e-24
727.624119,5.0799999999999996e-24
727.639279,7.899999999999999e-24
727.639458,1.02e-24
727.642463,1.68e-23
727.64335,1.038e-23
727.645044,2.39e-23
727.646419,2.528e-24
727.647172,1.67e-23
727.649219,8.59e-24
727.661204,4.62e-25
727.663921,2.49e-24
727.66674,3.63e-25
727.669355,4.8e-24
727.672647,8.01e-25
727.679963,2.1599999999999998e-24
727.679992,2.2799999999999998e-24
727.682474,1.58e-22
727.682608,1.21e-22
727.68268,1.37e-22
727.685191,1.91e-24
727.685296,1.87e-24
727.686158,9.909e-24
727.728348,1.4599999999999999e-24
727.728662,1.2699999999999999e-24
727.731021,1.39e-22
727.731166,1.19e-22
727.731954,1.09e-22
727.733839,1.7699999999999998e-24
727.734457,1.83e-24
727.741915,1.65e-24
727.744419,3.72e-24
727.747106,1.45e-24
727.74978,1.84e-24
727.752291,1.0799999999999999e-24
727.792707,2.705e-23
727.803352,2.591e-23
727.855624,1.04e-25
727.861012,1.76e-25
727.862992,2.5e-25
727.865611,5.15e-24
727.868152,1.27e-25
727.870777,1.42e-23
727.874599,6.6799999999999985e-25
727.876933,1.7699999999999998e-24
727.877116,1.96e-24
727.879177,1.8000000000000001e-22
727.879552,1.59e-22
727.879741,1.36e-22
727.881796,1.5299999999999999e-24
727.882176,1.4999999999999998e-24
727.885795,5.19e-25
727.886316,5.04e-25
727.888093,1.6700000000000001e-22
727.888306,1.59e-22
727.888439,1.5100000000000001e-22
727.894314,1.59e-22
727.894502,1.6700000000000001e-22
727.894705,1.76e-22
727.896804,4.04e-25
727.897591,3.92e-25
727.910048,8.158000000000001e-25
727.912721,6.6599999999999995e-25
727.91282,9.79e-25
727.915361,1.36e-22
727.915495,1.61e-22
727.916543,1.35e-22
727.918036,1.26e-24
727.919183,1.37e-24
727.921685,1.6099999999999997e-24
727.924324,1.28e-23
727.92676,1.2099999999999999e-24
727.927,1.26e-25
727.929436,4.49e-24
727.93168,7.75e-25
727.957039,3.48e-24
727.979138,3.401e-24
727.990707,2.601e-23
727.994387,2.759e-23
728.029808,6.2339999999999996e-24
728.030045,1.017e-23
728.049684,2.449e-23
728.059546,2.354e-23
728.076022,9.73e-24
728.087675,6.082e-24
728.092657,1.09e-25
728.095176,1.06e-23
728.099769,3.86e-23
728.103179,1.49e-24
728.103814,1.67e-24
728.104493,5.74e-25
728.105079,1.98e-22
728.105698,1.71e-22
728.106436,1.31e-22
728.107597,1.25e-24
728.108319,1.2099999999999999e-24
728.11889,8.54e-23
728.119018,8.269999999999999e-23
728.119155,8.000000000000001e-23
728.12442,9.91e-26
728.1245,9.81e-26
728.126631,7.72e-23
728.12673,7.989999999999999e-23
728.126872,8.26e-23
728.129303,2.12e-25
728.130113,6.29e-25
728.132084,1.31e-22
728.132779,1.73e-22
728.134027,1.55e-22
728.13475,8.08e-25
728.13597,1.58e-24
728.136808,1.03e-24
728.138751,3.68e-23
728.140634,1.04e-24
728.141417,2.4e-25
728.1433,9.88e-24
728.1452,5.62e-25
728.203503,1.29e-25
728.233564,2.9e-23
728.234108,2.81e-23
728.234486,2.7499999999999995e-23
728.25797,1.84e-24
728.257996,1.81e-24
728.2595,2.32e-24
728.269881,4.7469999999999996e-24
728.271258,4.31e-25
728.271427,4.13e-25
728.275452,2.166e-23
728.276085,4.13e-25
728.276254,4.31e-25
728.285072,2.087e-23
728.288022,2.18e-24
728.289347,4.633e-24
728.289516,1.81e-24
728.289541,1.84e-24
728.292205,2.69e-23
728.292392,2.7499999999999995e-23
728.292806,2.82e-23
728.29994,7.79e-24
728.300296,7.59e-24
728.300358,7.469999999999999e-24
728.300474,1.2009999999999999e-24
728.316254,1.171e-24
728.323411,1.31e-25
728.328901,7.46e-24
728.328962,7.339999999999999e-24
728.328972,7.59e-24
728.348278,2.16e-23
728.34836,7.88e-24
728.348636,7.689999999999999e-24
728.348859,7.509999999999999e-24
728.350875,1.1e-25
728.35184,7.839999999999999e-23
728.354001,1.25e-24
728.355395,2.0900000000000002e-22
728.355513,1.32e-24
728.356403,1.73e-22
728.357797,1.04e-24
728.358064,5.11e-25
728.358111,1.04e-22
728.359,9.68e-25
728.363156,7.32e-24
728.36327,7.49e-24
728.363473,7.67e-24
728.373931,3.59e-25
728.374896,1.05e-22
728.376568,1.74e-22
728.377533,4.46e-25
728.378164,1.69e-22
728.37821,1.42e-24
728.38112,7.61e-25
728.381166,7.659999999999999e-23
728.382056,8.97e-25
728.383804,3.52e-25
728.384694,2.09e-23
728.386087,4.02e-25
728.460881,1.871e-23
728.470752,1.808e-23
728.492586,6.326e-24
728.509666,6.167e-24
728.556529,1.4599999999999999e-24
728.561609,3.15e-24
728.56508,1.53e-25
728.571021,2.62e-25
728.571165,2.88e-25
728.573127,7.1e-23
728.573588,6.579999999999999e-23
728.573788,6.05e-23
728.593776,8.78e-24
728.595553,1.5899999999999998e-23
728.597154,1.579e-23
728.597596,2.39e-23
728.600439,1.4499999999999998e-23
728.603871,6.689999999999999e-24
728.607725,1.529e-23
728.617082,6.079999999999999e-23
728.617277,6.619999999999999e-23
728.61787,6.03e-23
728.618856,1.54e-25
728.619106,4.18e-23
728.619735,1.81e-25
728.620553,1.89e-25
728.621383,1.08e-22
728.621633,1.77e-25
728.622911,6.71e-24
728.623595,1.0099999999999999e-24
728.624187,2.14e-22
728.625842,1.6000000000000002e-22
728.626157,9.8e-25
728.626342,1.4499999999999998e-23
728.626434,8.74e-25
728.628369,7.68e-25
728.628684,8.249999999999999e-23
728.629236,2.19e-23
728.629261,3.09e-24
728.629611,4.79e-25
728.630466,8.237e-24
728.631229,1.5899999999999998e-23
728.633005,8.79e-24
728.634336,1.42e-24
728.637277,8.339999999999999e-23
728.637527,1.67e-25
728.639841,2.43e-25
728.640091,1.61e-22
728.641363,1.13e-24
728.64229,1.77e-22
728.644263,7.54e-25
728.644578,1.06e-22
728.645433,8.018e-24
728.645506,5.3599999999999995e-25
728.646827,4.11e-23
728.647142,3.58e-25
728.647419,2.74e-25
728.675923,1.301e-23
728.687601,1.263e-23
728.68941,1.048e-23
728.702565,1.018e-23
728.707953,2.335e-24
728.751939,2.321e-24
728.781916,2.264e-24
728.875785,1.916e-24
728.899526,1.91e-25
728.900775,6.66e-23
728.901857,1.09e-22
728.903106,2.5e-25
728.904579,2.13e-22
728.904588,1.14e-23
728.904942,1.11e-23
728.904978,1.09e-23
728.90522,7.55e-25
728.906596,7.48e-25
728.907237,1.35e-22
728.908543,7.54e-25
728.909568,6.2e-25
728.910875,8.229999999999999e-23
728.912305,4.83e-25
728.912363,8.329999999999999e-23
728.914729,1.58e-25
728.915978,1.36e-22
728.917704,8.53e-25
728.919134,1.8000000000000001e-22
728.920074,5.49e-25
728.921381,1.08e-22
728.921799,1.67e-25
728.92244,6.619999999999999e-23
728.92281,3.28e-25
728.923747,2.81e-25
728.930396,1.09e-23
728.93044,1.11e-23
728.930476,1.0699999999999998e-23
729.102987,5.2099999999999996e-24
729.107347,1.5e-23
729.111146,2.67e-25
729.111941,1.36e-25
729.111981,3.09e-25
729.112669,7.079999999999999e-23
729.11369,6.2e-23
729.114605,4.89e-23
729.146916,1.4599999999999999e-24
729.147059,1.5499999999999998e-24
729.148625,1.95e-24
729.15705,4.9199999999999993e-23
729.157871,4.3e-25
729.157966,6.24e-23
729.158927,6.059999999999999e-23
729.159703,1.3e-25
729.161602,3.78e-25
729.161644,1.67e-25
729.162629,3.79e-25
729.164308,1.49e-23
729.16636,4.29e-25
729.168669,5.17e-24
729.175633,1.84e-24
729.177172,1.5499999999999998e-24
729.177316,1.4599999999999999e-24
729.183778,1.73e-25
729.184025,1.17e-25
729.185556,7.78e-23
729.185656,7.9e-23
729.187435,2.75e-25
729.188919,2.0600000000000001e-22
729.190551,6.5e-25
729.191226,5.24e-25
729.192733,1.11e-22
729.192858,1.18e-22
729.194544,1.31e-25
729.194636,5.7e-25
729.194788,6.23e-25
729.196422,1.19e-22
729.196566,1.1e-22
729.198285,5.19e-25
729.199092,6.46e-25
729.200811,1.78e-22
729.201812,2.81e-25
729.203623,7.879999999999999e-23
729.203743,7.74e-23
729.205461,1.24e-25
729.205553,1.74e-25
729.211233,2.056e-24
729.222298,1.35e-25
729.226846,1.42e-23
729.227561,1.67e-23
729.227755,2.49e-25
729.229034,2.16e-23
729.234846,6.899999999999999e-24
729.239308,3.66e-24
729.243816,2.007e-24
729.245534,3.627e-24
729.248514,6.94e-25
729.249089,6.6999999999999985e-25
729.250795,1.76e-22
729.251019,1.66e-22
729.251168,1.56e-22
729.251559,3.6699999999999995e-24
729.255243,1.6700000000000001e-22
729.255437,1.75e-22
729.255642,1.86e-22
729.256021,6.92e-24
729.257723,5.18e-25
729.258612,4.99e-25
729.261831,1.98e-23
729.263306,1.67e-23
729.26402,1.42e-23
729.361822,2.646e-23
729.363208,2.827e-23
729.378783,3.075e-24
729.388756,1.12e-25
729.408729,1.004e-23
729.40882,1.6299999999999997e-23
729.409169,1.5899999999999998e-23
729.409179,1.56e-23
729.431638,1.56e-23
729.431654,1.5899999999999998e-23
729.431737,1.53e-23
729.446307,9.627e-24
729.452067,1.13e-25
729.463279,1.22e-25
729.46383,3.1e-23
729.464589,1.49e-25
729.465513,6.649999999999999e-23
729.466064,2.24e-25
729.468934,1.95e-22
729.469858,5.6e-25
729.470491,1.49e-22
729.471073,1.36e-25
729.472724,1.01e-25
729.473206,3.58e-25
729.473306,1.22e-22
729.47413,1.21e-22
729.474681,5.33e-25
729.47641,5.44e-25
729.476961,1.48e-22
729.476999,4.91e-25
729.478865,5e-25
729.478903,1.7000000000000002e-22
729.481923,6.649999999999999e-23
729.483621,3.1e-23
729.495162,1.84e-25
729.495479,1.81e-25
729.49567,1.78e-25
729.503983,8.524e-24
729.517522,1.75e-25
729.517595,1.78e-25
729.517783,1.8e-25
729.542421,1.535e-23
729.550152,1.479e-23
729.55868,8.304e-24
729.601903,9.659e-24
729.637373,5.77e-25
729.640643,1.7e-25
729.642986,3.72e-25
729.644723,9.276e-24
729.645357,1.49e-25
729.647293,3.2e-25
729.682478,6.399999999999998e-25
729.683355,6.17e-25
729.685244,8.27e-24
729.685726,4.31e-24
729.685748,5.95e-24
729.723415,1.31e-25
729.72826,9.25e-24
729.72857,2.34e-25
729.730695,1.63e-25
729.731539,3.67e-23
729.731898,1.51e-25
729.735543,4.45e-25
729.735746,1.52e-25
729.735902,1.81e-22
729.736561,1.58e-22
729.738181,1.3800000000000001e-22
729.738996,1.3e-25
729.74112,4.25e-25
729.741965,1.37e-22
729.742323,2.46e-25
729.742559,3.71e-25
729.743597,1.57e-22
729.744441,4.64e-25
729.744592,1.6000000000000002e-22
729.745629,3.94e-25
729.748606,3.69e-23
729.751898,9.3e-24
729.755384,4.05e-23
729.755955,3.92e-23
729.756316,3.83e-23
729.797356,1.66e-25
729.811292,3.75e-23
729.811452,3.83e-23
729.811845,3.93e-23
729.816252,2.2700000000000003e-23
729.816579,2.17e-23
729.816598,2.21e-23
729.836257,2.21e-23
729.83627,2.17e-23
729.836388,2.12e-23
729.83923,2.39e-25
729.844353,1.3399999999999999e-25
729.855499,1.68e-25
729.857746,1.12e-24
729.858154,1.29e-24
729.859735,1.65e-24
729.866618,4.62e-25
729.871231,3.23e-25
729.875639,3.23e-25
729.880253,4.61e-25
729.887146,1.56e-24
729.888716,1.29e-24
729.889125,1.12e-24
729.931348,6.94e-24
729.931591,4.38e-24
729.932228,2.61e-24
729.933527,8.26e-25
729.933691,8.16e-25
729.970592,3.22e-24
729.973147,1.22e-25
729.974856,1.48e-23
729.977069,1.36e-25
729.978632,3.11e-25
729.979494,1.49e-25
729.980846,1.64e-22
729.981175,1.49e-22
729.982049,1.43e-22
729.983729,1.26e-25
729.985624,3.15e-25
729.986703,2.8e-25
729.987334,1.43e-22
729.988217,1.48e-22
729.98883,1.46e-22
729.989547,1.71e-25
729.989926,3.54e-25
729.990344,2.93e-25
729.994527,1.49e-23
729.9988,3.26e-24
730.107754,9.87e-26
730.113227,2.4e-25
730.130993,3.11e-23
730.131286,2.96e-23
730.131333,3.0199999999999995e-23
730.148378,3.0199999999999995e-23
730.148421,2.96e-23
730.148557,2.9e-23
730.166485,2.44e-25
730.171953,1.01e-25
730.182095,1.42e-24
730.186857,6e-24
730.190471,2.09e-25
730.19112,1.15e-25
730.192831,1.27e-25
730.194734,1.45e-22
730.194936,1.34e-22
730.19546,1.34e-22
730.197565,1.08e-25
730.199435,2.3e-25
730.200332,2.09e-25
730.201568,1.33e-22
730.202099,1.33e-22
730.202531,1.3e-22
730.204232,2.55e-25
730.204297,2.16e-25
730.20583,1.2e-25
730.210171,6.06e-24
730.212959,1.02e-22
730.213099,9.79e-23
730.213248,9.45e-23
730.21494,1.45e-24
730.215562,1.11e-25
730.215785,1.1e-25
730.218179,1.35e-25
730.218266,1.3399999999999999e-25
730.22038,9.09e-23
730.220489,9.43e-23
730.220646,9.78e-23
730.281034,1.25e-23
730.281705,1.49e-23
730.283293,1.95e-23
730.288973,6.5499999999999995e-24
730.293429,3.63e-24
730.302385,3.64e-24
730.303158,3.33e-24
730.306839,6.57e-24
730.307842,9.73e-24
730.312058,1.29e-25
730.31258,1.79e-23
730.312738,2.33e-25
730.313221,2.72e-25
730.314108,1.49e-23
730.314525,7.07e-23
730.314778,1.25e-23
730.315252,6.389999999999999e-23
730.315841,5.429999999999999e-23
730.335551,1.3399999999999999e-25
730.340996,3.42e-25
730.352082,5.449999999999999e-23
730.352666,6.429999999999999e-23
730.353547,6.1e-23
730.353937,7.6e-25
730.35473,1.28e-25
730.356298,1.49e-25
730.357634,4.16e-23
730.357894,3.95e-23
730.357972,4.0199999999999993e-23
730.358964,2.86e-24
730.360081,9.66e-24
730.362456,1.43e-25
730.36476,3.3e-24
730.366512,1.01e-25
730.368677,1.2500000000000001e-22
730.368836,1.16e-22
730.36919,1.18e-22
730.372634,4.0199999999999993e-23
730.372708,3.94e-23
730.372864,3.86e-23
730.373717,1.67e-25
730.374504,1.55e-25
730.376067,1.18e-22
730.376426,1.16e-22
730.37676,1.13e-22
730.378682,1.5999999999999998e-25
730.378777,1.82e-25
730.386293,2.91e-24
730.389609,3.48e-25
730.391325,7.78e-25
730.395051,1.37e-25
730.464141,1.8229999999999998e-24
730.477537,4.74e-25
730.480406,1.77e-25
730.482722,1.6099999999999997e-24
730.485814,4.83e-25
730.486118,9.8e-26
730.491873,1.7799999999999994e-24
730.49411,1.05e-22
730.494264,9.8e-23
730.494523,9.97e-23
730.499899,1.21e-25
730.500608,1.13e-25
730.50129,5.42e-23
730.501516,5.13e-23
730.501627,5.23e-23
730.502376,9.97e-23
730.502637,9.77e-23
730.502909,9.52e-23
730.504938,1.17e-25
730.505113,1.3e-25
730.51416,5.23e-23
730.514176,1.64e-24
730.514269,5.12e-23
730.514445,5.01e-23
730.519364,4.86e-25
730.529973,4.92e-25
730.535379,1.82e-25
730.544585,5.091e-24
730.544761,3.26e-25
730.548035,2.37e-25
730.550049,1.02e-24
730.553393,6.88e-25
730.562937,8.6e-23
730.563107,8.1e-23
730.563303,8.26e-23
730.567632,6.909999999999999e-23
730.567827,6.53e-23
730.567977,6.66e-23
730.572417,8.249999999999999e-23
730.572614,8.079999999999999e-23
730.572845,7.879999999999999e-23
730.578654,6.649999999999999e-23
730.578803,6.51e-23
730.579003,6.359999999999999e-23
730.585671,1.04e-24
730.590959,3.34e-25
730.593237,7e-25
730.598595,2.43e-25
730.6058,1.14e-25
730.610106,1.76e-25
730.615637,3.6e-25
730.632632,9.33e-25
730.633275,8.92e-25
730.634881,1.8000000000000001e-22
730.635122,1.68e-22
730.635299,1.58e-22
730.637173,1.68e-22
730.637378,1.8000000000000001e-22
730.637566,1.92e-22
730.639632,6.62e-25
730.640659,6.23e-25
730.641852,4.404e-24
730.703854,7.06e-25
730.705638,2.03e-23
730.706956,2.06e-25
730.708003,4.17e-23
730.710021,5.28e-25
730.710116,2.44e-25
730.710192,6.909999999999999e-23
730.712504,2.01e-25
730.712604,4.56e-23
730.712883,2.35e-25
730.715052,5.11e-25
730.715503,2.12e-23
730.716029,1.13e-25
730.743153,8.769999999999999e-25
730.743436,8.65e-25
730.74592,1.12e-23
730.746192,1.81e-23
730.746256,1.42e-23
730.747424,2.1400000000000003e-23
730.750325,4.59e-23
730.752659,6e-23
730.754924,4.17e-23
730.755451,1.31e-25
730.75729,2.03e-23
730.75899,2.814e-23
730.760436,2.608e-23
730.76785,6.175e-24
730.776413,7.6e-25
730.777228,1.02e-24
730.779023,1.38e-24
730.783719,5.62e-25
730.787976,3.3299999999999998e-25
730.795696,3.3299999999999998e-25
730.799953,5.62e-25
730.800607,1.597e-24
730.80468,1.2999999999999998e-24
730.806444,1.02e-24
730.807259,7.61e-25
730.829008,1.598e-24
730.831973,1.56e-24
730.839444,1.3799999999999998e-23
730.839666,1.41e-23
730.841003,1.74e-23
730.843652,1.555e-24
730.846998,1.05e-23
730.847282,1.02e-23
730.847493,9.97e-24
730.851042,3.3e-24
730.855877,2.52e-24
730.857352,2.52e-24
730.860843,5.4499999999999996e-24
730.861262,9.7e-24
730.861374,9.95e-24
730.861579,1.02e-23
730.862187,3.31e-24
730.87222,1.62e-23
730.873564,1.41e-23
730.873784,1.3799999999999998e-23
730.877639,1.142e-23
730.898775,1.54e-23
730.899348,1.13e-23
730.900075,8.209999999999999e-24
730.90184,9.72e-25
730.901896,9.83e-25
730.929096,1.111e-23
731.149622,8.91e-24
731.154685,2.23e-25
731.159849,4.25e-25
731.183623,5.539999999999999e-23
731.184227,5.35e-23
731.184565,5.22e-23
731.190046,8.583e-24
731.205883,9.438e-24
731.236543,5.11e-23
731.236674,5.23e-23
731.237042,5.36e-23
731.2388,9.075e-24
731.26142,4.35e-25
731.266554,2.29e-25
731.269198,5.05e-25
731.272186,7.01e-25
731.274486,3.76e-25
731.277027,8.15e-25
731.279646,5.28e-25
731.291194,1.03e-24
731.291866,1.04e-24
731.293415,2.73e-23
731.294182,2.19e-23
731.294406,1.79e-23
731.415596,1.82e-23
731.415894,2.32e-23
731.416142,1.49e-23
731.418194,9.1e-25
731.418215,9.439999999999999e-25
731.432976,5.58e-25
731.43789,4.92e-25
731.453843,4.47e-25
731.455324,7.77e-25
731.457387,1.1399999999999999e-24
731.460485,6.53e-25
731.464136,3.44e-25
731.477018,3.44e-25
731.480671,6.53e-25
731.483779,1.0799999999999999e-24
731.485831,7.78e-25
731.487313,4.47e-25
731.656187,1.779e-23
731.663239,1.709e-23
731.981429,1.1699999999999998e-23
731.981609,1.2e-23
731.983178,1.5699999999999997e-23
731.992236,3.5599999999999995e-24
731.996313,2.85e-24
731.996995,2.84e-24
732.00107,3.57e-24
732.010201,1.4499999999999998e-23
732.011699,1.2e-23
732.011877,1.1699999999999998e-23
732.019808,1.37e-25
732.023946,2.33e-25
732.029546,5.47e-25
732.043045,1.28e-24
732.043788,1.2e-24
732.044936,1.6700000000000001e-22
732.045169,1.79e-22
732.045228,1.79e-22
732.045291,1.92e-22
732.045505,1.66e-22
732.04574,1.53e-22
732.047357,8.39e-25
732.048585,7.55e-25
732.074515,8.14e-24
732.078167,2.57e-23
732.080597,2.08e-25
732.081803,6.81e-23
732.082037,2.37e-25
732.083048,5.689999999999999e-23
732.084023,1.08e-25
732.084648,3.66e-23
732.112841,3.68e-23
732.114435,5.72e-23
732.115861,5.949999999999999e-23
732.118697,1.15e-25
732.119322,2.56e-23
732.122969,8.11e-24
732.149017,1.4989999999999998e-23
732.186028,2.71e-23
732.19103,2.478e-23
732.197227,1.4549999999999998e-23
732.197496,1.403e-24
732.222502,8.382e-24
732.223014,1.372e-24
732.256479,2.89e-25
732.256801,2.8399999999999998e-25
732.256985,2.79e-25
732.277128,2.74e-25
732.277198,2.78e-25
732.277382,2.83e-25
732.285137,4.32e-23
732.285941,5.049999999999999e-23
732.287255,6.53e-23
732.290777,1.67e-25
732.293195,1.94e-23
732.295022,1.55e-25
732.296676,7.585e-24
732.297628,9.43e-24
732.31139,1.18e-22
732.311542,1.14e-22
732.311704,1.1e-22
732.314017,1.49e-25
732.314261,1.46e-25
732.316073,1.82e-25
732.316171,1.79e-25
732.316557,9.51e-24
732.318262,1.05e-22
732.318384,1.09e-22
732.318556,1.14e-22
732.320991,1.95e-23
732.326836,5.74e-23
732.328244,5.049999999999999e-23
732.329049,4.33e-23
732.329723,9.83e-26
732.378757,1.215e-24
732.40911,1.189e-24
732.410708,2.06e-25
732.412076,7.744e-24
732.413131,5.2e-25
732.415806,9.449999999999999e-25
732.417733,7.05e-25
732.420474,4.08e-25
732.435427,4.08e-25
732.438169,7.05e-25
732.440132,8.94e-25
732.442769,5.21e-25
732.443594,1.0699999999999998e-23
732.443678,1.13e-23
732.445104,1.3899999999999998e-23
732.445194,2.06e-25
732.455754,2.48e-24
732.459481,2.25e-24
732.460599,2.26e-24
732.464326,2.48e-24
732.474967,1.29e-23
732.476402,1.13e-23
732.476487,1.0699999999999998e-23
732.478946,6.914e-24
732.488913,3.77e-25
732.494081,7.629999999999999e-25
732.515006,7.449999999999999e-23
732.515649,7.16e-23
732.515958,6.989999999999999e-23
732.549807,5.7e-25
732.552702,4.56e-25
732.555666,4.68e-25
732.558234,5.88e-25
732.56115,5.83e-25
732.564812,6.83e-23
732.564909,6.989999999999999e-23
732.565247,7.169999999999999e-23
732.575894,9.69e-25
732.575995,9.89e-25
732.578563,2.67e-23
732.578649,3.75e-23
732.578789,3.16e-23
732.586816,7.81e-25
732.591954,3.88e-25
732.666768,3.2799999999999995e-23
732.667101,2.7e-23
732.667793,2.26e-23
732.669602,7.998e-24
732.669733,8.779999999999999e-25
732.670017,8.95e-25
732.68743,4.02e-25
732.692856,3.07e-25
732.708251,7.725e-24
732.810645,1.7e-25
732.813475,4.98e-24
732.8176,1.02e-23
732.820984,1.16e-24
732.821968,5.05e-25
732.822247,4.48e-23
732.822273,1.26e-24
732.823814,3.4099999999999995e-23
732.824865,2.39e-23
732.906174,2.4600000000000002e-23
732.9073,3.5399999999999995e-23
732.908202,2.92e-23
732.908832,5.6e-25
732.910542,7.84e-25
732.91344,9.63e-24
732.916098,2.2e-25
732.917639,4.7e-24
733.040272,8.632999999999999e-24
733.048544,3.11e-25
733.05209,7.78e-25
733.053409,6.56e-25
733.055252,4.54e-25
733.068916,8.325e-24
733.074374,4.54e-25
733.076218,6.56e-25
733.077547,7.37e-25
733.081082,3.11e-25
733.317746,1.923e-23
733.330941,1.37e-23
733.331237,1.34e-23
733.331442,1.3e-23
733.341444,2.087e-24
733.344055,1.27e-23
733.344166,1.3e-23
733.344371,1.34e-23
733.354622,2.028e-24
733.362761,1.863e-23
733.46433,1.61e-25
733.465811,3.05e-25
733.468168,3.27e-25
733.470175,7.66e-25
733.473773,9.22e-25
733.482815,1.58e-22
733.483049,1.87e-22
733.48316,1.71e-22
733.484114,1.7699999999999998e-24
733.485037,1.64e-24
733.485173,1.05e-24
733.48612,1.71e-22
733.486518,1.57e-22
733.486758,8.23e-25
733.486891,1.43e-22
733.499106,8.85e-25
733.503523,3.58e-25
733.610316,1.01e-23
733.647921,2.509e-23
733.657562,2.25e-23
733.6742,9.301e-24
733.698628,8.45e-24
733.698874,9.27e-24
733.700577,1.2299999999999998e-23
733.708329,3.2099999999999997e-24
733.71288,2.6799999999999998e-24
733.712992,2.69e-24
733.717544,3.2099999999999997e-24
733.724201,6.27e-25
733.72538,1.14e-23
733.726998,9.29e-24
733.727245,8.46e-24
733.729365,1.37e-24
733.747614,9.79e-23
733.748308,9.35e-23
733.74858,9.15e-23
733.768762,2.014e-23
733.774863,1.928e-23
733.791895,9.7e-26
733.794267,8.93e-23
733.794326,9.15e-23
733.794627,9.37e-23
733.796558,9.97e-26
733.797058,1.04e-25
733.813571,1.3999999999999999e-24
733.818705,6.46e-25
733.839311,4.84e-23
733.83962,4.91e-23
733.840705,6e-23
733.849126,1.05e-25
733.851451,9.37e-24
733.85374,1.1e-25
733.856316,6.459999999999999e-24
733.862613,6.52e-24
733.867478,9.44e-24
733.875902,1.82e-23
733.87804,3.85e-23
733.878109,5.33e-23
733.879308,4.9199999999999993e-23
733.879618,4.85e-23
733.880277,1.77e-25
733.880372,6.37e-23
733.882644,4.3e-23
733.883124,1.74e-25
733.885713,2.02e-23
733.904428,2.03e-23
733.90749,4.32e-23
733.909972,5.629999999999999e-23
733.9121,3.85e-23
733.914233,1.82e-23
733.943616,9.064e-25
733.95599,1.059e-24
733.973148,8.876e-25
733.979288,1.036e-24
734.037654,6.729999999999999e-24
734.038252,8.33e-24
734.039855,1.08e-23
734.045607,3.49e-24
734.050082,2.1499999999999998e-24
734.055624,1.46e-25
734.058355,2.14e-24
734.060637,6.39e-25
734.061516,5.76e-25
734.062643,4.82e-25
734.062832,3.49e-24
734.06857,9.97e-24
734.070186,8.33e-24
734.070785,6.74e-24
734.081585,4.83e-25
734.082713,5.77e-25
734.083633,6.06e-25
734.088604,1.46e-25
734.157834,6.995e-24
734.195229,6.771999999999999e-24
734.282354,2.06e-25
734.283481,3.27e-23
734.284969,3.97e-23
734.286037,5.929999999999999e-23
734.288298,1.04e-24
734.291015,2.06e-23
734.292137,8.779999999999999e-25
734.294753,8.209999999999999e-24
734.295529,4.42e-25
734.318424,1.012e-23
734.34678,8.62e-24
734.349453,1.11e-25
734.350581,2.1400000000000003e-23
734.354836,4.27e-23
734.356563,3.95e-23
734.357339,6.2e-25
734.358115,3.2799999999999995e-23
734.359237,5.099999999999998e-25
734.367763,9.227e-24
734.36955,1.07e-25
734.384783,2.412e-23
734.409129,1.34e-22
734.409291,1.29e-22
734.409464,1.24e-22
734.411776,1.95e-25
734.412049,1.91e-25
734.413011,2.43e-25
734.413121,2.4e-25
734.415186,1.18e-22
734.415319,1.23e-22
734.415506,1.29e-22
734.420487,4.08e-25
734.423248,1.04e-24
734.426066,3.19e-25
734.426707,2.331e-23
734.428662,1.88e-24
734.431953,5.49e-25
734.439246,9.17e-25
734.439318,9.84e-25
734.441757,5.539999999999999e-23
734.441914,4.18e-23
734.442006,4.82e-23
734.50178,4.9299999999999993e-23
734.501943,4.21e-23
734.502814,3.82e-23
734.504598,7.07e-25
734.505234,7.36e-25
734.515195,1.65e-24
734.520538,8.82e-25
734.643345,5.2e-25
734.644035,4.83e-25
734.644745,4.43e-25
734.666537,4.43e-25
734.667248,4.83e-25
734.667948,4.95e-25
734.860027,1.04e-24
734.865174,2.45e-24
734.867945,1.24e-25
734.878134,1.19e-25
734.879219,1.18e-25
734.880906,1.26e-22
734.881665,1.2e-22
734.881888,1.17e-22
734.884333,9.85e-26
734.917073,7.702e-24
734.922001,1.43e-25
734.922206,1.4199999999999999e-25
734.924434,1.15e-22
734.92445,1.17e-22
734.924702,1.2e-22
734.926678,1.49e-25
734.92715,1.57e-25
734.928406,1.126e-23
734.941193,2.51e-24
734.941713,7.445e-24
734.943267,1.81e-25
734.944156,3.77e-24
734.94631,1.07e-24
734.946403,5.71e-25
734.947691,1.36e-23
734.951546,1.92e-24
734.954396,1.76e-22
734.954607,1.4000000000000002e-22
734.95556,1.46e-22
734.956854,1.19e-24
734.959415,4.75e-25
734.959501,2.52e-24
734.960789,1.45e-22
734.96092,2.3e-24
734.961809,1.3800000000000001e-22
734.962641,1.26e-22
734.968658,1.42e-23
734.97226,3.99e-24
734.983297,4.47e-25
734.983622,4.37e-25
734.983799,4.3e-25
734.986347,1.049e-23
735.001903,4.22e-25
735.001971,4.29e-25
735.00215,4.37e-25
735.147454,2.209e-23
735.163588,1.922e-23
735.352273,2.952e-23
735.365794,4.5299999999999993e-23
735.365881,4.38e-23
735.366993,5.369999999999999e-23
735.382289,6.2699999999999995e-24
735.382695,6.58e-24
735.387235,6.62e-24
735.38764,6.2299999999999996e-24
735.391261,2.845e-23
735.402801,4.82e-23
735.404048,4.38e-23
735.404135,4.5399999999999993e-23
735.435896,4.1e-24
735.437063,6.3599999999999996e-24
735.439136,9.42e-24
735.442668,4.899999999999999e-24
735.446578,2.84e-24
735.454183,2.84e-24
735.458096,4.89e-24
735.461726,8.78e-24
735.463698,6.37e-24
735.464867,4.11e-24
735.4928,6.6290000000000005e-25
735.521696,6.497e-25
735.609885,5.967e-24
735.619275,2.45e-24
735.621213,5.14e-24
735.623494,8.159999999999999e-24
735.625973,5.33e-24
735.629185,2.82e-24
735.645579,2.82e-24
735.646482,5.789e-24
735.648793,5.33e-24
735.651252,7.61e-24
735.653551,5.15e-24
735.655491,2.46e-24
735.681553,2.36e-25
735.682183,3.02e-25
735.684172,5.62e-23
735.684808,5.449999999999999e-23
735.685284,7.039999999999999e-23
735.694129,6.34e-25
735.696748,8.199999999999999e-24
735.698731,5.91e-25
735.701356,4.5e-24
735.702813,3.76e-25
735.712573,2.87e-23
735.713596,4.0199999999999993e-23
735.715387,4.24e-25
735.715532,5.81e-23
735.715869,4e-25
735.71633,3.88e-25
735.717223,1.32e-25
735.719472,2.73e-23
735.721015,1.27e-25
735.723553,1.37e-23
735.729392,4.74e-24
735.732758,1.3799999999999998e-23
735.734056,8.549999999999999e-24
735.736047,3.88e-25
735.736508,4.01e-25
735.736832,2.74e-23
735.737038,4.03e-25
735.741012,5.179999999999999e-23
735.742715,4.03e-23
735.743731,2.87e-23
735.743869,7.838000000000001e-25
735.744757,5.38e-23
735.74594,5.449999999999999e-23
735.746632,5.669999999999999e-23
735.747397,4.81e-25
735.748615,4.47e-25
735.764916,7.677e-25
735.79567,1.75e-23
735.79598,1.7e-23
735.79618,1.67e-23
735.807251,1.62e-23
735.807363,1.66e-23
735.807567,1.7e-23
735.833397,2.676e-24
735.844816,2.596e-24
735.874483,2.227e-23
735.879326,2.125e-23
735.897184,1.69e-24
735.899644,1.41e-25
735.902295,4.4299999999999996e-24
735.905106,1.87e-25
735.912841,1.68e-25
735.91404,1.66e-25
735.915652,1.59e-22
735.9165,1.49e-22
735.916656,1.47e-22
735.919116,1.37e-25
735.91931,1.12e-25
735.953643,2.05e-25
735.953923,2.05e-25
735.956108,1.46e-22
735.956145,1.43e-22
735.956295,1.49e-22
735.95833,2.17e-25
735.95876,2.33e-25
735.970499,4.53e-24
735.975581,1.74e-24
736.172167,1.184e-23
736.223373,3.523e-23
736.22675,1.113e-23
736.230506,3.42e-25
736.230933,3.26e-25
736.231251,3.22e-25
736.253579,3.22e-25
736.253898,3.26e-25
736.254334,3.25e-25
736.259625,3.384e-23
736.265628,1.213e-23
736.303253,1.121e-23
736.326552,2.7e-25
736.329202,2.2799999999999998e-24
736.331743,1.5999999999999998e-25
736.334347,5.96e-24
736.338169,4.98e-25
736.340492,8.45e-25
736.340706,9.7e-25
736.342736,7.119999999999999e-23
736.343142,6.229999999999999e-23
736.343311,5.26e-23
736.386254,5.31e-23
736.386368,6.33e-23
736.387514,5.28e-23
736.388909,5.35e-25
736.390076,5.91e-25
736.395217,5.66e-24
736.400308,2.12e-24
736.458098,4.43e-23
736.458891,6.76e-23
736.460096,1.91e-25
736.460153,1.7e-24
736.460542,9.69e-26
736.462093,1.59e-22
736.463133,3.4099999999999995e-24
736.464993,7.749999999999999e-23
736.465853,1.38e-25
736.467047,5.73e-25
736.468299,7.24e-23
736.46953,7.03e-23
736.470792,2.6799999999999998e-24
736.47293,7.5e-23
736.474928,3.4099999999999995e-24
736.476462,1.0300000000000001e-22
736.477686,1.26e-24
736.478939,6.89e-23
736.479824,4.44e-23
736.500692,1.49e-22
736.500862,1.42e-22
736.501047,1.36e-22
736.503353,2.55e-25
736.503475,3.23e-25
736.5036,3.17e-25
736.503668,2.48e-25
736.505631,1.3e-22
736.505779,1.36e-22
736.50598,1.42e-22
736.6863,1.816e-23
736.712749,1.4939999999999998e-23
736.835546,1.3e-25
736.837658,2.77e-24
736.84013,2.04e-25
736.840984,6.712e-24
736.842706,8.119999999999999e-24
736.84556,2.85e-25
736.850964,2.35e-25
736.85232,2.28e-25
736.853818,1.94e-22
736.854792,1.79e-22
736.854857,1.77e-22
736.857329,1.84e-25
736.857645,1.4e-25
736.860754,3.56e-23
736.860922,3.91e-23
736.861814,6.5019999999999996e-24
736.862166,4.69e-23
736.871698,8.27e-24
736.876518,6.26e-24
736.882674,6.2299999999999996e-24
736.887493,8.23e-24
736.888836,2.93e-25
736.889203,2.93e-25
736.891315,1.77e-22
736.891411,1.79e-22
736.891416,1.73e-22
736.893528,3.15e-25
736.893891,3.43e-25
736.896867,4.24e-23
736.89827,3.92e-23
736.898437,3.56e-23
736.89967,1.11e-25
736.903497,8.289999999999999e-24
736.908514,2.85e-24
737.002023,4.095e-23
737.013761,2.65e-25
737.014099,2.86e-25
737.01628,6.649999999999999e-23
737.016721,6.279999999999999e-23
737.017045,7.76e-23
737.020892,4.968e-24
737.023597,4.754e-25
737.032638,4.25e-25
737.035157,5.5e-24
737.03578,3.919e-23
737.037334,4.41e-25
737.039955,4e-24
737.041663,3.18e-25
737.049036,4.16e-24
737.052037,4.663000000000001e-25
737.053883,5.7099999999999996e-24
737.057098,4.829e-24
737.071198,6.18e-23
737.07227,6.29e-23
737.07276,6.7e-23
737.073978,3.63e-25
737.074937,3.5e-25
737.18608,5.52e-25
737.189821,1.94e-24
737.193962,6.069999999999999e-24
737.195102,5.25e-24
737.19646,9.61e-25
737.196559,4e-24
737.199482,3.02e-24
737.202795,7.1e-24
737.204166,5.82e-24
737.206326,3.92e-24
737.218374,4e-24
737.219499,3.92e-24
737.219833,5.26e-24
737.220945,5.68e-24
737.22166,5.82e-24
737.223147,6.64e-24
737.225112,1.95e-24
737.226343,3.03e-24
737.228855,5.54e-25
737.229366,9.64e-25
737.33589,1.184e-23
737.382148,2.76e-25
737.382442,2.64e-25
737.382677,2.65e-25
737.388828,1.122e-23
737.401839,2.65e-25
737.402075,2.64e-25
737.402424,2.62e-25
737.565575,5.691e-25
737.584317,5.579e-25
737.589919,3.1499999999999995e-23
737.590286,3.5399999999999995e-23
737.59228,5.169999999999999e-23
737.598162,1.84e-23
737.602636,1.28e-23
737.603253,1.29e-23
737.60772,1.85e-23
737.613873,4.6599999999999993e-23
737.615603,3.5399999999999995e-23
737.615964,3.1499999999999995e-23
737.671255,6.77e-25
737.671582,6.63e-25
737.671751,6.51e-25
737.682437,1.76e-25
737.684454,4.5799999999999995e-24
737.686936,2.94e-25
737.687565,6.38e-25
737.687633,6.5e-25
737.687807,6.62e-25
737.68939,1.53e-23
737.692292,4.32e-25
737.692707,4.629e-23
737.695486,3.24e-25
737.697065,3.07e-25
737.698387,2.33e-22
737.699477,2.1e-22
737.699547,2.08e-22
737.701959,2.42e-25
737.702449,1.61e-25
737.724251,4.4099999999999993e-23
737.730602,4.12e-25
737.731078,4.13e-25
737.733056,2.08e-22
737.733094,2.1e-22
737.733277,2.0600000000000001e-22
737.735293,4.51e-25
737.735549,5e-25
737.739151,1.66e-25
737.743213,1.56e-23
737.748117,4.7099999999999995e-24
737.812768,2.2e-25
737.813061,2.12e-25
737.813233,2.13e-25
737.835424,2.13e-25
737.835597,2.12e-25
737.835899,2.1e-25
737.9021,1.3399999999999999e-25
737.902865,1.31e-25
737.90342,1.29e-25
737.967467,2.403e-23
737.970701,2.282e-23
738.005136,7.07e-23
738.005721,7.169999999999999e-23
738.007432,2.97e-24
738.007839,1.36e-22
738.009996,4.67e-24
738.013882,4.08e-23
738.016177,1.93e-24
738.018014,2.0100000000000003e-23
738.018324,1.72e-25
738.021054,2.22e-23
738.022765,1.24e-25
738.023923,1.28e-25
738.024172,1.29e-25
738.024746,1.31e-25
738.025043,4.4099999999999993e-23
738.028781,1.03e-25
738.029903,7.55e-25
738.030617,5.57e-24
738.03151,4.78e-24
738.031875,7.16e-23
738.033347,6.969999999999999e-23
738.033788,7.139999999999999e-23
738.237166,2.21e-23
738.237488,2.1400000000000003e-23
738.237682,2.09e-23
738.246909,2.02e-23
738.247024,2.08e-23
738.247225,2.1400000000000003e-23
738.25404,1.368e-23
738.263929,1.34e-23
738.270946,1.57e-25
738.273486,4.92e-24
738.273687,2.39e-25
738.273839,2.43e-25
738.276089,7.059999999999999e-23
738.276437,6.63e-23
738.276762,8.079999999999999e-23
738.278055,1.7099999999999998e-23
738.281467,7.79e-25
738.282124,9.409999999999999e-25
738.28278,4.5e-25
738.28309,1.278e-23
738.283367,8.41e-23
738.284008,7.269999999999999e-23
738.284723,5.429999999999999e-23
738.298795,3e-25
738.299492,4.74e-24
738.300205,5.082e-23
738.300847,3.366e-24
738.301197,5.05e-24
738.303443,3.42e-25
738.304379,5.1899999999999996e-24
738.30604,4.61e-24
738.30747,4.31e-25
738.307882,2.7e-25
738.310235,3.261e-24
738.311431,9.641e-24
738.315185,5.48e-23
738.315855,7.35e-23
738.317212,6.559999999999999e-23
738.317826,3.6e-25
738.319523,2.28e-23
738.319909,4.66e-25
738.320308,3.08e-23
738.321852,1.68e-23
738.32186,3.99e-23
738.324494,1.14e-25
738.326377,4.76e-24
738.326785,1.47e-23
738.327981,6.64e-23
738.329095,6.649999999999999e-23
738.329488,7.11e-23
738.329866,4.815e-23
738.330938,2.64e-25
738.331049,7.8e-24
738.331733,2.62e-25
738.346873,7.78e-24
738.351137,1.47e-23
738.35588,3.63e-23
738.357614,3.09e-23
738.358399,2.28e-23
738.385559,4.039e-24
738.413042,1.136e-23
738.421742,3.933e-24
738.439482,2.36e-25
738.44137,7.68e-24
738.44386,4.23e-25
738.446113,2.93e-23
738.449068,6.56e-25
738.450183,4.3799999999999995e-25
738.4521,3.97e-25
738.453138,2.72e-22
738.454306,2.41e-22
738.454589,2.3000000000000003e-22
738.456796,3.06e-25
738.457545,1.5999999999999998e-25
738.465575,1.083e-23
738.482754,5.7e-25
738.483368,5.74e-25
738.485007,2.3000000000000003e-22
738.485256,2.4e-22
738.485548,2.38e-22
738.487437,6.37e-25
738.48751,7.2e-25
738.489077,2.41e-25
738.493483,2.98e-23
738.498193,7.88e-24
738.53295,3.343e-25
738.544617,1.19e-25
738.549996,1.78e-25
738.56111,3.2810000000000004e-25
738.580364,1.61e-22
738.580536,1.5400000000000001e-22
738.580733,1.46e-22
738.581715,4.27e-25
738.581856,4.18e-25
738.58303,3.29e-25
738.583404,3.17e-25
738.583844,1.3800000000000001e-22
738.584009,1.46e-22
738.584226,1.53e-22
738.73676,1.43e-25
738.741413,4.69e-25
738.748893,4.44e-24
738.749551,4.11e-24
738.750127,3.88e-24
738.774074,3.88e-24
738.774651,4.11e-24
738.775275,4.1699999999999996e-24
738.782788,4.7e-25
738.787442,1.44e-25
738.816041,5.721e-24
738.829374,5.406e-23
738.833208,5.552e-24
738.85754,5.087e-23
738.985158,1.96e-25
738.989561,7.319999999999999e-25
738.995739,5.24e-24
738.996345,4.8399999999999995e-24
738.997195,4.41e-24
739.012211,4.41e-24
739.013062,4.8399999999999995e-24
739.013801,4.93e-24
739.019845,7.35e-25
739.02425,1.97e-25
739.063246,1.76e-25
739.063433,1.7e-25
739.063578,1.72e-25
739.081705,1.72e-25
739.081851,1.7e-25
739.082101,1.68e-25
739.111056,3.12e-25
739.112764,1.3299999999999998e-23
739.114671,1.22e-25
739.115256,6.08e-25
739.117164,5.72e-23
739.119392,5.82e-25
739.120181,9.93e-25
739.121848,4.81e-25
739.12241,3.0800000000000003e-22
739.123704,2.67e-22
739.124341,2.37e-22
739.126196,3.68e-25
739.127358,1.17e-25
739.149652,7.77e-25
739.150454,7.9e-25
739.151559,2.36e-22
739.152161,2.66e-22
739.152609,2.66e-22
739.153788,3.48e-25
739.154069,1.02e-24
739.154317,8.93e-25
739.158736,5.81e-23
739.163101,1.37e-23
739.268437,2.26e-25
739.269221,2.2e-25
739.269763,2.17e-25
739.284937,5.558e-23
739.312084,5.184e-23
739.385871,2.15e-25
739.386103,2.18e-25
739.386665,2.21e-25
739.38915,1.4e-25
739.389365,1.35e-25
739.389471,1.37e-25
739.396478,1.049e-23
739.411331,1.37e-25
739.411438,1.35e-25
739.411661,1.3399999999999999e-25
739.425661,4.055e-25
739.442027,3.978e-25
739.449564,1.005e-23
739.455832,1.96e-25
739.455866,2e-25
739.458113,7.009999999999999e-23
739.458358,6.5e-23
739.458817,8.029999999999999e-23
739.474253,6.63e-24
739.479098,5.74e-24
739.487036,2.15e-25
739.489283,5.63e-24
739.49156,2.71e-25
739.494087,6.5099999999999996e-24
739.496015,2.35e-25
739.508694,6.749999999999999e-23
739.509982,6.519999999999999e-23
739.510268,7.059999999999999e-23
739.511909,1.77e-25
739.512509,2.48e-23
739.512546,1.87e-25
739.512808,2.7599999999999995e-23
739.515123,4.5000000000000003e-23
739.520743,1.7199999999999998e-23
739.522758,1.5899999999999998e-23
739.525056,1.6000000000000002e-23
739.527078,1.7199999999999998e-23
739.532993,4.07e-23
739.535006,2.77e-23
739.535312,2.49e-23
739.553116,1.79e-25
739.588144,4.78e-23
739.589429,4.87e-23
739.590547,4.7099999999999995e-24
739.59126,1.07e-22
739.594008,7.88e-24
739.595852,3.01e-23
739.596411,1.85e-25
739.598255,3.04e-24
739.599631,7.66e-24
739.623911,9.71e-26
739.625884,1.05e-23
739.627001,4.16e-25
739.629351,3.68e-23
739.632737,7.03e-25
739.632866,2.74e-25
739.634113,1.14e-23
739.634709,1.1e-23
739.634939,3.08e-23
739.635215,2.6699999999999998e-24
739.636086,4.23e-23
739.637059,4.64e-23
739.671322,5.5e-23
739.698067,5.0700000000000006e-23
739.698155,3.209e-24
739.701863,4.03e-25
739.703295,2.42e-23
739.70461,2.72e-25
739.705785,8.84e-25
739.7071,1.07e-22
739.707766,7.62e-25
739.710189,1.4599999999999999e-24
739.710855,3.4000000000000003e-22
739.711106,5.24e-25
739.712363,2.8200000000000003e-22
739.713596,2.16e-22
739.714853,4.05e-25
739.73465,3.129e-24
739.735956,1.04e-24
739.736591,8.14e-24
739.737035,1.0799999999999999e-24
739.737271,2.15e-22
739.737937,4.97e-25
739.738467,2.8000000000000004e-22
739.738883,1.97e-23
739.739158,2.89e-22
739.739782,1.37e-24
739.740589,1.25e-24
739.741289,3.31e-23
739.743526,2.3e-23
739.743767,1.08e-22
739.746315,1.24e-23
739.747535,2.4700000000000003e-23
739.77019,1.24e-23
739.772979,2.3e-23
739.775007,3.03e-23
739.777621,1.98e-23
739.779914,8.17e-24
739.869492,8.135e-24
739.9925,5.206e-23
740.011186,4.082e-24
740.019723,4.722e-23
740.041805,2.527e-23
740.043029,2.386e-23
740.216711,5.12e-25
740.217681,4.7e-23
740.218078,5.39e-25
740.220045,9.82e-25
740.220162,1.31e-24
740.220559,1.72e-22
740.22322,3.64e-22
740.223734,1.98e-24
740.224788,5.0299999999999995e-25
740.225119,2.77e-22
740.227268,1.7000000000000002e-22
740.227599,3.71e-25
740.24626,7.05e-25
740.246377,1.32e-24
740.246774,1.69e-22
740.247913,1.4699999999999999e-24
740.248883,2.74e-22
740.24928,1.71e-24
740.249993,3.03e-22
740.250963,1.7e-24
740.251848,4.668e-23
740.253483,1.74e-22
740.253815,2.16e-25
740.255989,1.69e-25
740.25632,4.78e-23
740.256805,1.0399999999999998e-23
740.260341,3.65e-23
740.262517,7.16e-25
740.263911,9.4e-23
740.26404,8.33e-25
740.26493,7.729999999999999e-23
740.266566,4.12e-25
740.266612,4.5299999999999993e-23
740.267143,3.816e-25
740.274179,1.24e-25
740.278643,9.354e-24
740.280947,4.134e-23
740.283329,1.474e-23
740.285595,3.1799999999999998e-24
740.286042,3e-24
740.28631,2.99e-24
740.28635,4.58e-23
740.287995,7.81e-23
740.28896,2.03e-25
740.289714,7.6e-23
740.292575,3.55e-25
740.292621,3.62e-23
740.295231,1.67e-25
740.296121,1.03e-23
740.305703,1.388e-23
740.310871,2.99e-24
740.311141,3e-24
740.311544,2.99e-24
740.316226,1.0099999999999999e-24
740.316549,9.89e-25
740.316712,9.71e-25
740.323001,1.24e-25
740.330022,9.51e-25
740.330092,9.69e-25
740.330261,9.87e-25
740.333061,8.992e-24
740.451926,3.894e-23
740.462366,3.323e-25
740.475062,5.358e-25
740.485502,3.314e-23
740.510146,3.77e-25
740.510949,3.66e-25
740.511475,3.61e-25
740.553654,1.52e-25
740.553936,1.62e-25
740.555952,6.53e-23
740.555986,5.77e-23
740.556803,7.659999999999999e-23
740.566491,1.15e-23
740.571155,7.42e-24
740.591033,1.55e-25
740.593049,7.339999999999999e-24
740.593921,2.909e-23
740.595344,2.2e-25
740.597675,1.14e-23
740.599663,2.14e-25
740.60109,5.112e-25
740.606366,9.91e-26
740.606492,6.559999999999999e-23
740.608181,5.79e-23
740.608253,6.57e-23
740.610168,9.96e-26
740.610547,1.24e-25
740.610766,1.43e-25
740.616229,2.34e-25
740.623062,3.58e-25
740.623276,3.63e-25
740.623824,3.68e-25
740.630896,8.118e-25
740.638064,2.287e-23
740.641936,5.63e-25
740.642095,5.47e-25
740.642392,1.69e-22
740.642554,1.61e-22
740.642765,1.53e-22
740.644022,1.44e-22
740.644214,1.52e-22
740.644448,1.61e-22
740.645046,4.2e-25
740.645506,4.02e-25
740.651812,2.74e-23
740.65214,2.65e-23
740.652328,2.57e-23
740.659438,2.48e-23
740.659563,2.56e-23
740.659704,8.999999999999998e-25
740.659761,2.64e-23
740.660327,6.39e-25
740.66044,9.34e-23
740.660854,1.25e-24
740.662163,2.28e-22
740.6629,1.94e-24
740.664135,3.77e-22
740.665444,2.52e-24
740.666809,2.36e-22
740.667621,4.51e-25
740.669268,2.14e-25
740.67008,1.2500000000000001e-22
740.673361,1.16e-25
740.674965,1.74e-23
740.678926,9.698e-25
740.683379,9.97e-25
740.684688,1.22e-22
740.685425,1.52e-24
740.687179,2.0199999999999998e-24
740.687802,1.97e-24
740.687915,2.33e-22
740.689826,3.06e-22
740.68994,2.21e-24
740.691794,5.8e-25
740.692606,2.3000000000000003e-22
740.694284,9.43e-23
740.695096,5.099999999999998e-25
740.740146,4.1539999999999996e-24
740.747233,4.018e-24
740.74835,1.4609999999999999e-24
740.752312,1.078e-23
740.812202,1.48e-25
740.822336,3.81e-24
740.822627,3.599999999999999e-24
740.823012,3.58e-24
740.837205,3.58e-24
740.837592,3.61e-24
740.838035,3.58e-24
740.845473,4.774e-24
740.848016,1.49e-25
740.859098,4.641e-24
740.952522,2.49e-24
740.989633,2.432e-24
741.033938,1.3299999999999999e-24
741.034532,1.5499999999999998e-24
741.035678,1.63e-22
741.03636,2.57e-22
741.037205,7.83e-25
741.037948,3.76e-22
741.0381,2.71e-24
741.039776,3.11e-24
741.042164,1.61e-22
741.043992,4.15e-25
741.046414,9.14e-23
741.04983,3.94e-25
741.051789,8.063e-24
741.053631,1.44e-24
741.055459,8.839999999999999e-23
741.057199,1.48e-24
741.057918,2.38e-24
741.059659,1.57e-22
741.061185,2.6699999999999998e-24
741.06161,2.5499999999999998e-24
741.063137,2.95e-22
741.063685,1.43e-24
741.065513,2.59e-22
741.066144,1.63e-22
741.067972,1.03e-24
741.068096,4.59e-25
741.10695,2.22e-24
741.108199,7.778e-24
741.110833,7.87e-24
741.11525,2.69e-23
741.116473,2.32e-23
741.117686,1.82e-23
741.146799,1.82e-23
741.148014,2.32e-23
741.148999,2.4700000000000003e-23
741.153652,7.899999999999999e-24
741.157537,2.24e-24
741.198926,2.73e-23
741.20126,2.3400000000000003e-23
741.202498,7.81e-23
741.206268,2.4700000000000003e-23
741.208602,3.23e-24
741.325706,2.58e-24
741.326901,2.48e-23
741.333047,2.28e-23
741.334243,2.74e-23
741.344806,1.81e-24
741.344975,1.88e-24
741.34716,2.0900000000000002e-22
741.347163,2.57e-22
741.348573,3.6000000000000003e-22
741.349517,3.4099999999999995e-24
741.350761,3.83e-24
741.351512,9.36e-25
741.355492,9.15e-23
741.357952,4.2e-25
741.360309,7.209999999999999e-23
741.36092,2.09e-24
741.363108,6.83e-23
741.363907,8.42e-25
741.365463,1.29e-24
741.365513,2.89e-24
741.367867,8.679999999999999e-23
741.369721,2.64e-24
741.37222,3.66e-24
741.373795,2.78e-24
741.374074,2.68e-22
741.376199,2.08e-22
741.376255,2.59e-22
741.378053,1.39e-24
741.378659,1.74e-24
741.402646,3.796e-25
741.483259,8.91e-24
741.485008,1.84e-23
741.487901,3.82e-23
741.48993,2.7e-23
741.493076,1.86e-23
741.49666,1.86e-23
741.499814,2.7e-23
741.499829,3.733e-25
741.502169,3.49e-23
741.504728,1.84e-23
741.506485,8.939999999999999e-24
741.560246,1.09e-25
741.560921,1.27e-25
741.562025,4.11e-23
741.562553,5.600000000000001e-23
741.563727,7.03e-23
741.569201,2.3e-23
741.573319,1.11e-23
741.595489,2.21e-24
741.595711,2.4e-24
741.597958,2.32e-22
741.598364,2.11e-22
741.599344,3.28e-22
741.600611,4.1e-24
741.601813,4.8e-24
741.603855,1.1e-25
741.605487,1.1e-23
741.607075,1.09e-24
741.60779,1.85e-25
741.608587,3.17e-24
741.609568,2.29e-23
741.610463,5.22e-23
741.611056,5.66e-23
741.6116,2.03e-25
741.61271,1.67e-25
741.613247,4.82e-25
741.613364,3.6699999999999995e-24
741.613709,1.25e-24
741.614126,6.11e-23
741.615494,6.18e-23
741.616017,4.75e-23
741.616252,5.64e-23
741.616745,4.13e-23
741.617738,2.73e-24
741.619349,1.5399999999999999e-24
741.622172,6.18e-25
741.622995,5.99e-25
741.623504,5.9e-25
741.624728,5.11e-24
741.625808,4.63e-24
741.626449,2.2700000000000003e-22
741.628117,2.07e-22
741.628592,2.33e-22
741.629838,2.72e-24
741.6309,2.75e-24
741.708213,6.729999999999999e-24
741.730464,5.86e-25
741.730659,5.93e-25
741.73119,6.02e-25
741.767182,6.512e-24
741.788573,2.45e-24
741.789244,3.16e-24
741.791299,1.87e-22
741.792029,1.78e-22
741.792816,2.7900000000000003e-22
741.794083,4.98e-24
741.795542,6.2299999999999996e-24
741.799213,5.0999999999999995e-24
741.801046,2.23e-24
741.801385,2.12e-24
741.801527,2.14e-24
741.801938,4.97e-23
741.804076,4.9499999999999996e-24
741.804722,1.51e-24
741.80686,2.7e-23
741.807549,1.22e-24
741.808394,3e-24
741.810525,3.24e-23
741.81258,2.53e-25
741.81348,6.47e-25
741.815535,5.72e-23
741.819777,2.6699999999999998e-24
741.822381,7.429999999999999e-24
741.823219,7.45e-24
741.823915,1.7000000000000002e-22
741.825356,1.7000000000000002e-22
741.826174,1.86e-22
741.826296,2.1499999999999998e-24
741.82644,2.13e-24
741.826725,2.1e-24
741.82689,4.66e-24
741.828312,4.29e-24
741.925385,2.39e-24
741.926695,4.27e-24
741.928406,1.2800000000000001e-22
741.929518,1.26e-22
741.930245,2.15e-22
741.931229,6.2499999999999996e-24
741.933267,8.59e-24
741.934131,9.02e-24
741.937152,4.2e-23
741.938989,7.22e-24
741.939975,2.2899999999999998e-24
741.941811,1.41e-23
741.943068,3.5e-24
741.957374,1.23e-24
741.959957,2.07e-23
741.961668,1.5999999999999998e-25
741.963025,1.07e-24
741.964737,5.42e-23
741.969597,4.899999999999999e-24
741.969667,1.16e-23
741.970414,1.26e-23
741.970925,1.01e-22
741.97225,1.1e-22
741.973482,1.23e-22
741.973507,7.98e-24
741.975319,7.03e-24
742.003289,1.75e-24
742.005698,6.54e-24
742.006816,6.489999999999999e-23
742.008464,5.94e-23
742.009153,1.36e-22
742.009581,8.98e-24
742.010997,1.88e-23
742.01268,1.3299999999999998e-23
742.014524,2.12e-23
742.0159,1.15e-23
742.017289,3.69e-24
742.018666,2.4e-24
742.019491,3.7999999999999995e-24
742.029523,5.76e-25
742.069108,8.47e-25
742.071042,1.0699999999999998e-23
742.074231,2.37e-24
742.075348,4.26e-23
742.079311,1.91e-23
742.079867,2.35e-23
742.080136,1.92e-23
742.081213,1.11e-23
742.081244,2.94e-23
742.082069,1.48e-23
742.083056,4.8100000000000006e-23
742.084433,1.34e-23
742.090491,2.421e-23
742.091753,2.583e-23
742.121755,5.6570000000000005e-25
742.14211,1.889e-24
742.180094,1.847e-24
742.240508,5.448e-24
742.278905,2.03e-23
742.281153,5.16e-23
742.283406,6.41e-25
742.283998,1.01e-22
742.285641,7.429999999999999e-23
742.285956,6.82e-25
742.288454,3.73e-23
742.289381,3.91e-25
742.298396,3.76e-23
742.300927,1.12e-25
742.301177,7.489999999999999e-23
742.30253,5.286e-24
742.303507,8.339999999999999e-23
742.305697,5.15e-23
742.306624,2.48e-25
742.307912,2.02e-23
742.308228,1.67e-25
742.352778,1.531e-23
742.369719,1.451e-23
742.394415,3.575e-24
742.398376,6.846e-25
742.425987,7.39e-25
742.430608,2.35e-24
742.438125,2.13e-23
742.438973,1.94e-23
742.439452,1.83e-23
742.468616,1.89e-23
742.470376,4.16e-23
742.471128,1.84e-23
742.471612,1.94e-23
742.472187,1.96e-23
742.47221,6.24e-23
742.475276,3.84e-23
742.47817,1.82e-23
742.479972,2.37e-24
742.484598,7.45e-25
742.505479,8.553e-25
742.51909,1.82e-23
742.521398,1.59e-25
742.52195,3.84e-23
742.524015,1.71e-25
742.524053,5.49e-23
742.526884,4.18e-23
742.52861,1.91e-23
742.54007,2.12e-24
742.592825,8.39e-25
742.599984,9.97e-25
742.600825,9.62e-25
742.601315,9.49e-25
742.641804,4.282e-24
742.649049,1.11e-25
742.653373,1.65e-25
742.658953,3.11e-25
742.678481,7.48e-25
742.678652,7.18e-25
742.680495,1.45e-22
742.680727,1.5400000000000001e-22
742.680986,1.65e-22
742.681171,1.74e-22
742.681298,1.65e-22
742.681528,1.55e-22
742.683778,5.32e-25
742.684373,5.02e-25
742.687042,2.71e-24
742.687169,2.59e-24
742.687393,2.62e-24
742.699765,2.62e-24
742.699992,2.59e-24
742.70029,2.5499999999999998e-24
742.703568,9.419999999999999e-25
742.703742,9.54e-25
742.704255,9.67e-25
742.707308,4.164e-24
742.829974,1.241e-24
742.905996,3.27e-24
742.912542,1.216e-24
742.914325,1.49e-24
742.914636,1.4599999999999999e-24
742.914794,1.43e-24
742.925405,1.3999999999999999e-24
742.925482,1.43e-24
742.925646,1.45e-24
742.931593,3.904e-24
742.941787,3.7999999999999995e-24
742.975352,3.187e-24
743.003558,1.759e-24
743.027934,2.43e-24
743.036364,3.32e-23
743.036683,3.21e-23
743.036868,3.11e-23
743.041602,2.99e-23
743.041747,3.1e-23
743.041944,3.2000000000000003e-23
743.0815,1.72e-24
743.101455,2.373e-24
743.14801,5.027e-24
743.152523,4.851e-24
743.26002,1.3999999999999999e-24
743.268467,7.169999999999999e-24
743.271625,2.36e-23
743.274702,5.35e-23
743.276768,4.24e-23
743.278266,2.78e-23
743.291888,1.5399999999999999e-24
743.292168,1.48e-24
743.292247,1.4999999999999998e-24
743.299057,1.371e-24
743.317153,1.4999999999999998e-24
743.317235,1.48e-24
743.317447,1.4599999999999999e-24
743.326091,2.79e-23
743.327556,4.24e-23
743.328401,1.29e-25
743.328611,4.77e-23
743.329648,1.2e-25
743.332732,2.38e-23
743.335857,7.23e-24
743.439633,1.58e-24
743.440495,1.52e-24
743.440962,1.4999999999999998e-24
743.505132,1.5399999999999999e-24
743.508832,6.11e-24
743.513638,3.18e-23
743.514238,2.85e-23
743.515611,2.48e-23
743.522071,2.48e-23
743.523452,2.85e-23
743.524407,2.92e-23
743.528849,6.1399999999999995e-24
743.532557,1.5499999999999998e-24
743.538454,1.49e-24
743.538605,1.51e-24
743.539096,1.5299999999999999e-24
743.688111,2.96e-25
743.693013,7.99e-25
743.703922,1.6499999999999998e-23
743.70461,1.54e-23
743.704802,1.53e-23
743.724731,1.22e-25
743.727383,1.8999999999999998e-24
743.7285,1.7199999999999998e-23
743.729717,1.24e-23
743.730595,3.07e-23
743.732438,8.85e-24
743.733815,1.16e-24
743.736208,2.8099999999999998e-24
743.737585,4.26e-24
743.737915,1.54e-23
743.738117,1.55e-23
743.73841,9.84e-25
743.738491,1.54e-23
743.740744,1.28e-24
743.749704,8.05e-25
743.754615,2.99e-25
743.854162,7.46e-25
743.855358,5.65e-25
743.856476,6.71e-24
743.864184,1.3899999999999998e-23
743.864364,6.899999999999999e-24
743.86519,5.92e-24
743.86556,5.24e-24
743.866385,7.04e-25
743.954797,3.0699999999999998e-24
743.95882,1.08e-23
743.96372,4.46e-23
743.96538,3.83e-23
743.966012,3.22e-23
744.019029,3.23e-23
744.01963,3.84e-23
744.02023,4.0000000000000004e-23
744.026222,1.09e-23
744.030213,3.1e-24
744.10755,2.375e-23
744.111892,2.557e-23
744.13784,2.44e-24
744.138723,2.34e-24
744.139164,2.32e-24
744.156781,1.053e-23
744.16395,4.736e-25
744.207491,8.23e-24
744.231869,2.3e-24
744.231996,2.33e-24
744.232462,2.36e-24
744.299119,1.013e-24
744.339005,3.19e-23
744.339215,9.944e-25
744.340014,5.23e-23
744.34289,1.04e-22
744.343531,5.33e-25
744.345467,6.63e-23
744.346774,5.67e-25
744.349032,4.07e-23
744.350461,3.99e-25
744.350462,4.1e-23
744.353999,6.68e-23
744.357252,8.789999999999999e-23
744.35948,5.23e-23
744.360461,3.19e-23
744.360909,1.31e-25
744.361768,1.21e-25
744.461384,1.54e-23
744.473761,1.467e-23
744.520722,1.52e-24
744.525167,4.83e-24
744.532089,3.59e-23
744.533564,3.2000000000000003e-23
744.533771,2.99e-23
744.591126,3e-23
744.591303,3.21e-23
744.591667,3.25e-23
744.594297,1.8899999999999998e-24
744.594321,1.81e-24
744.594481,1.84e-24
744.59973,4.87e-24
744.604145,1.5399999999999999e-24
744.604616,1.84e-24
744.604778,1.81e-24
744.604996,1.7799999999999994e-24
744.662914,1.14e-25
744.664931,1.18e-25
744.667112,1.73e-25
744.669599,2.2e-25
744.672883,4.19e-25
744.685989,1.0099999999999999e-24
744.686148,9.48e-25
744.687856,1.4000000000000002e-22
744.688166,1.5100000000000001e-22
744.688477,1.63e-22
744.691403,1.74e-22
744.691431,1.63e-22
744.691708,1.52e-22
744.692082,3.72e-24
744.692989,3.5599999999999995e-24
744.693401,3.51e-24
744.693888,6.6999999999999985e-25
744.694715,6.21e-25
744.710309,1.89e-25
744.714942,9.97e-26
744.754428,1.04e-24
744.754674,9.97e-25
744.754715,1.02e-24
744.779782,1.02e-24
744.779828,9.97e-25
744.77999,9.84e-25
744.781325,3.49e-24
744.781425,3.53e-24
744.781863,3.58e-24
744.887196,1.35e-25
744.892215,3.18e-25
744.906403,1.25e-23
744.907029,1.18e-23
744.907078,1.19e-23
744.941104,1.19e-23
744.941175,1.18e-23
744.941431,1.1699999999999998e-23
744.955966,3.22e-25
744.959674,8.29e-25
744.961008,1.37e-25
744.964335,2.36e-24
744.97319,2.81e-23
744.97456,2.49e-23
744.974573,2.55e-23
745.036018,2.56e-23
745.036061,2.5e-23
745.036241,2.56e-23
745.046286,2.38e-24
745.050917,8.39e-25
745.075745,3.131e-24
745.082619,3.0519999999999998e-24
745.084656,1.38e-25
745.100697,5.53e-24
745.101631,5.26e-24
745.10201,5.2099999999999996e-24
745.185198,5.17e-24
745.185267,5.2299999999999995e-24
745.185672,5.29e-24
745.202647,1.39e-25
745.252302,7.161e-25
745.265785,4.8e-25
745.270569,1.25e-24
745.281175,2.1400000000000003e-23
745.28237,1.95e-23
745.282512,1.96e-23
745.293006,7.049e-25
745.343184,1.08e-25
745.347916,1.97e-23
745.348044,1.96e-23
745.348087,1.96e-23
745.348142,2.35e-25
745.359888,1.2699999999999999e-24
745.362985,8.06e-24
745.363955,7.62e-24
745.364294,7.55e-24
745.364642,4.87e-25
745.387933,3.94e-23
745.388205,3.8e-23
745.388402,3.68e-23
745.3905,3.53e-23
745.390689,3.66e-23
745.390901,3.8e-23
745.434121,2.88e-25
745.438984,6.99e-25
745.442829,7.5e-24
745.442863,7.59e-24
745.443229,7.66e-24
745.45115,1.5899999999999998e-23
745.452238,1.48e-23
745.452466,1.47e-23
745.459043,2.37e-25
745.460822,1.75e-25
745.461953,2.14e-24
745.462241,2.09e-24
745.462396,2.05e-24
745.463973,1.09e-25
745.46574,4.02e-25
745.470129,2e-24
745.470219,2.05e-24
745.470381,2.09e-24
745.479306,1.15e-23
745.480324,1.08e-23
745.480615,1.0699999999999998e-23
745.486361,6.56e-25
745.487397,1.67e-24
745.489108,4.9199999999999993e-23
745.4898,4.61e-23
745.491221,8.1e-23
745.495106,6.15e-24
745.496943,2.14e-25
745.497854,1.4599999999999998e-23
745.499691,4.8199999999999996e-24
745.500948,2e-25
745.502094,4.14e-24
745.503351,2.5399999999999998e-24
745.521512,5.96e-24
745.522067,1.48e-23
745.522128,1.47e-23
745.522324,1.48e-23
745.523158,5.738e-24
745.526255,5.8599999999999996e-24
745.528605,4.36e-25
745.530316,1.8e-23
745.535578,7.06e-25
745.537833,3.51e-23
745.538548,4.31e-23
745.539061,4.84e-23
745.539806,3.77e-24
745.540413,2.91e-25
745.540898,3.28e-24
745.554618,1.08e-23
745.554626,1.06e-23
745.554936,1.08e-23
745.56952,4.07e-25
745.57441,1.77e-25
745.581432,2.49e-25
745.586093,9.28e-25
745.59445,2.6e-23
745.594551,2.43e-23
745.595088,2.43e-23
745.600787,2.44e-23
745.601331,2.43e-23
745.601816,2.39e-23
745.609781,9.37e-25
745.61445,2.53e-25
745.945315,1.7069999999999998e-23
745.955755,3.379e-25
745.975036,1.449e-23
746.022619,1.39e-25
746.039826,9.19e-24
746.040421,8.85e-24
746.04049,8.71e-24
746.073992,8.769999999999999e-24
746.073996,8.899999999999999e-24
746.074166,8.63e-24
746.089049,2.238e-23
746.091798,1.4199999999999999e-25
746.097273,2.44e-23
746.113676,4.909e-25
746.152694,4.883e-25
746.184659,6.88e-25
746.18489,6.63e-25
746.184903,6.73e-25
746.210134,6.74e-25
746.210156,6.63e-25
746.210282,6.53e-25
746.435395,2.77e-23
746.435961,3.31e-23
746.439576,1.04e-22
746.441882,4.13e-25
746.442121,6.66e-23
746.443162,6.579999999999999e-23
746.445093,5.04e-25
746.445339,6.619999999999999e-23
746.446405,6.63e-23
746.448124,4.27e-25
746.449593,8.949999999999999e-23
746.45254,3.31e-23
746.453131,2.78e-23
746.475964,3.2840000000000003e-25
746.483779,3.208e-25
746.548346,1.25e-24
746.548393,1.2999999999999998e-24
746.548478,1.28e-24
746.556139,1.28e-24
746.556273,1.25e-24
746.556441,1.23e-24
746.607895,1.506e-23
746.616346,1.4399999999999997e-23
746.645012,7.75e-25
746.647001,1.26e-25
746.649455,2.08e-24
746.653186,5.75e-25
746.659577,1.42e-24
746.659618,1.28e-24
746.661075,1.3e-22
746.66156,1.4100000000000001e-22
746.662031,1.53e-22
746.667967,1.53e-22
746.668245,1.6700000000000001e-22
746.668395,1.43e-22
746.670383,8.31e-25
746.671698,7.58e-25
746.680543,1.96e-24
746.684943,7.22e-25
746.910492,3.3050000000000003e-25
746.994518,1.94e-24
746.998353,1.96e-24
747.00133,2.04e-24
747.128067,4.75e-24
747.129542,6.26e-24
747.129613,6.3799999999999996e-24
747.129727,6.5099999999999996e-24
747.130057,4.57e-24
747.131984,4.35e-24
747.27374,9.56e-25
747.273843,1.36e-24
747.275897,7.989999999999999e-23
747.276138,7.5e-23
747.277982,1.2500000000000001e-22
747.27831,2.464e-24
747.281981,2.405e-24
747.284379,4.01e-24
747.286536,2.6e-23
747.288674,4.05e-24
747.29097,1.5099999999999998e-23
747.291471,1.69e-23
747.292504,2.73e-24
747.293749,3.76e-25
747.295804,2.86e-23
747.305107,7.42e-23
747.306303,7.379999999999999e-23
747.306443,8.049999999999999e-23
747.307837,2e-24
747.308581,1.83e-24
747.578379,4.47e-25
747.578599,4.39e-25
747.578611,4.32e-25
747.603792,4.39e-25
747.603796,4.32e-25
747.603895,4.26e-25
747.703556,4.08e-23
747.703843,4.24e-23
747.703967,4.59e-23
747.704076,4.42e-23
747.70413,4.4099999999999993e-23
747.704346,4.25e-23
747.718951,1.01e-25
747.731378,1.97e-23
747.731499,2.08e-23
747.731656,2.0100000000000003e-23
747.734987,2.02e-23
747.735272,1.97e-23
747.735561,1.92e-23
747.747692,1.04e-25
747.76987,2.312e-23
747.789368,2.044e-23
747.856518,6.641e-24
747.85806,6.918e-24
747.95587,3.04e-24
747.956118,2.97e-24
747.956276,2.91e-24
747.960964,2.84e-24
747.961078,2.9e-24
747.961242,2.97e-24
748.030246,2.005e-23
748.043548,2.224e-23
748.051114,4.68e-24
748.051563,4.54e-24
748.051629,4.46e-24
748.100052,4.51e-24
748.100134,4.59e-24
748.100165,4.44e-24
748.55324,8.43e-25
748.553343,8.74e-25
748.553359,8.58e-25
748.558381,8.58e-25
748.558503,8.43e-25
748.558638,8.29e-25
748.564882,4.1e-24
748.567893,1.35e-23
748.572796,1.02e-22
748.573205,8.859999999999999e-23
748.574685,8.35e-23
748.576511,8.329999999999999e-23
748.577068,3.1e-25
748.578012,8.829999999999999e-23
748.57879,4.39e-25
748.579058,8.829999999999999e-23
748.579916,3.34e-25
748.583302,1.36e-23
748.586335,4.15e-24
748.586807,6.2699999999999995e-24
748.59033,2.18e-23
748.594747,1.7599999999999998e-24
748.595468,2.0199999999999998e-24
748.595523,1.14e-22
748.595602,8.14e-25
748.59659,1.2e-22
748.597864,1.19e-22
748.605799,1.2e-22
748.60702,1.22e-22
748.607431,1.55e-22
748.608147,8.759999999999999e-25
748.611072,9.1e-25
748.613333,2.13e-23
748.615681,1.93e-25
748.616803,6.1399999999999995e-24
748.790802,1.436e-23
748.79582,1.378e-23
748.929673,3.25e-24
748.930082,3.16e-24
748.930172,3.11e-24
748.932038,2.8399999999999998e-25
748.932262,2.79e-25
748.93232,2.75e-25
748.955974,2.76e-25
748.955986,2.8e-25
748.956045,2.71e-25
748.978421,3.12e-24
748.978493,3.0699999999999998e-24
748.978536,3.1799999999999998e-24
748.991811,4.66e-25
748.996322,4.548e-25
749.094643,8.92e-25
749.09585,1.04e-24
749.095905,5.31e-23
749.09689,8.39e-23
749.099705,1.65e-22
749.102799,7.700000000000001e-23
749.104051,5.72e-25
749.106298,6.31e-23
749.108948,2.77e-24
749.109988,6.07e-23
749.112296,3.9099999999999996e-24
749.113558,7.42e-23
749.115279,3.5e-24
749.117277,1.1200000000000001e-22
749.119396,8.529999999999999e-23
749.120452,5.36e-23
749.121704,5.27e-25
749.122174,1.86e-25
749.538753,1.904e-24
749.539346,1.86e-24
749.62999,2.851e-23
749.632078,1.31e-25
749.632277,1.29e-25
749.632292,1.27e-25
749.643116,2.582e-23
749.68938,1.29e-25
749.689565,1.31e-25
749.689942,1.3399999999999999e-25
749.706058,2.19e-24
749.706455,2.14e-24
749.706574,2.1e-24
749.756915,2.11e-24
749.756957,2.08e-24
749.757056,2.1499999999999998e-24
749.924761,1.56e-23
749.924952,1.6000000000000002e-23
749.925004,1.6399999999999998e-23
749.925479,1.6000000000000002e-23
749.925677,1.56e-23
749.925868,1.5199999999999998e-23
749.92671,1.674e-23
749.947128,1.908e-23
749.967339,3.35e-25
749.971597,1.17e-24
749.9772,1.09e-25
749.978489,4.6e-23
749.979027,4.76e-23
749.979655,4.89e-23
749.981753,4.9e-23
749.982227,5.2100000000000006e-23
749.982362,4.78e-23
749.989811,1.17e-24
749.99405,3.38e-25
750.150278,7.513e-24
750.15538,7.852e-24
750.194121,1.44e-25
750.195174,1.4199999999999999e-25
750.19596,1.4199999999999999e-25
750.26144,1.72e-25
750.261449,1.74e-25
750.261608,1.7e-25
750.273197,2.1899999999999998e-25
750.273371,2.12e-25
750.273374,2.15e-25
750.326823,2.15e-25
750.326987,2.18e-25
750.327359,2.23e-25
750.374316,1.45e-24
750.37471,1.42e-24
750.374855,1.3999999999999999e-24
750.393283,4.25e-24
750.393461,4.15e-24
750.393633,4.0599999999999995e-24
750.395128,3.95e-24
750.395279,4.05e-24
750.395458,4.15e-24
750.428077,1.3999999999999999e-24
750.428095,1.38e-24
750.428242,1.42e-24
750.482527,5.85e-25
750.482702,8.06e-25
750.484235,5.28e-23
750.484995,7.429999999999999e-23
750.486894,9.15e-23
750.489792,1.7599999999999998e-24
750.4915,5.179999999999999e-23
750.493041,1.92e-24
750.495334,4.5399999999999993e-23
750.496597,1.2e-24
750.497734,4.6599999999999993e-23
750.499966,4.52e-25
750.501499,5.34e-23
750.505429,1.36e-22
750.508073,7.4e-23
750.508764,5.33e-23
750.509336,1.07e-24
750.510305,9.11e-25
750.612581,5.59e-25
750.612697,5.6799999999999995e-25
750.61273,5.78e-25
750.614951,5.69e-25
750.615069,5.59e-25
750.615182,5.49e-25
750.728211,3.73e-25
750.732613,1.15e-24
750.738929,9.76e-26
750.740874,8.829999999999999e-23
750.741044,9.62e-23
750.741364,9.13e-23
750.743039,9.11e-23
750.743548,8.809999999999999e-23
750.744009,8.489999999999999e-23
750.745516,2.97e-25
750.74558,2.35e-25
750.747466,2.35e-25
750.751789,1.19e-24
750.756211,3.88e-25
750.927547,9.34e-25
750.927943,9.13e-25
750.928112,8.98e-25
750.945691,6.31e-24
750.946978,1.74e-25
750.949335,2.2e-23
750.952185,9.97e-25
750.954847,1.07e-24
750.955784,1.99e-22
750.956142,1.59e-22
750.957204,1.6000000000000002e-22
750.965281,1.59e-22
750.966398,1.57e-22
750.967362,1.47e-22
750.967685,3.33e-24
750.968131,2e-24
750.968252,2.6699999999999998e-24
750.97315,2.3e-23
750.975555,1.25e-25
750.976849,6.729999999999999e-24
750.978703,2.61e-25
750.984707,8.87e-25
750.984709,9.01e-25
750.984897,9.16e-25
751.008342,1.337e-23
751.010323,1.287e-23
751.028913,3.59e-25
751.029044,3.47e-25
751.029068,3.53e-25
751.079193,3.52e-25
751.079333,3.58e-25
751.079704,3.67e-25
751.35909,5.88e-25
751.359492,5.75e-25
751.359682,5.66e-25
751.42002,5.6e-25
751.420042,5.6799999999999995e-25
751.420251,5.77e-25
751.448846,6.498e-25
751.449884,6.335e-25
751.523032,3.305e-23
751.531667,3.042e-23
751.662828,3.62e-25
751.663238,3.55e-25
751.66345,3.4899999999999998e-25
751.727857,3.45e-25
751.727895,3.5e-25
751.728125,3.56e-25
751.773796,1.252e-23
751.80552,1.495e-23
751.83338,2.18e-25
751.833801,2.13e-25
751.834033,2.1e-25
751.853354,1.414e-24
751.855704,1.446e-24
751.866246,1.29e-25
751.866677,1.26e-25
751.866929,1.24e-25
751.892305,5.73e-25
751.892387,5.54e-25
751.892435,5.63e-25
751.902787,2.08e-25
751.902841,2.11e-25
751.90309,2.14e-25
751.939591,5.63e-25
751.939707,5.73e-25
751.940082,5.88e-25
751.940267,1.23e-25
751.940336,1.25e-25
751.940605,1.27e-25
752.171774,1.24e-23
752.17194,1.21e-23
752.172077,1.18e-23
752.173974,1.21e-23
752.174133,1.24e-23
752.174292,1.27e-23
752.207148,4.15e-24
752.209656,1.16e-23
752.212759,1.25e-25
752.213285,5.04e-23
752.214368,1.32e-25
752.214648,4.88e-23
752.216621,4.38e-23
752.218132,4.39e-23
752.220084,4.9e-23
752.220767,5.8e-23
752.225098,1.1699999999999998e-23
752.227584,4.1699999999999996e-24
752.327318,1.88e-24
752.3281,2.09e-24
752.329432,6.96e-23
752.329618,6.449999999999999e-23
752.330718,6.389999999999999e-23
752.339834,2.4e-23
752.341866,3.32e-25
752.344167,1.3299999999999998e-23
752.345479,1.11e-24
752.346998,1.2299999999999998e-23
752.349314,1.8999999999999998e-24
752.351428,2.2700000000000003e-23
752.353649,1.87e-24
752.359747,1.09e-22
752.361546,6.66e-23
752.36183,6.989999999999999e-23
752.363862,1.44e-24
752.364051,1.18e-24
752.402385,8.295e-24
752.411493,8.704e-24
752.728897,3.7e-25
752.729016,3.64e-25
752.729113,3.58e-25
752.729395,3.64e-25
752.729511,3.7e-25
752.729583,3.76e-25
752.770384,5.39e-24
752.770602,5.53e-24
752.770825,5.67e-24
752.77195,5.82e-24
752.771998,5.68e-24
752.772213,5.54e-24
752.826443,9.51e-25
752.830872,2.5399999999999998e-24
752.840148,9.16e-25
752.841436,1.05e-24
752.843448,1.9300000000000001e-22
752.843565,2.28e-22
752.843857,2.08e-22
752.849971,2.07e-22
752.850424,1.91e-22
752.850894,1.77e-22
752.852375,1.91e-24
752.852431,2.18e-24
752.856043,8.96e-25
752.85607,8.65e-25
752.856147,8.799999999999999e-25
752.859247,1.4999999999999998e-24
752.862956,2.8099999999999998e-24
752.865416,5.5e-25
752.867428,1.09e-24
752.86938,4.57e-25
752.900717,8.799999999999999e-25
752.900804,8.95e-25
752.901192,9.2e-25
752.942061,8.6e-23
752.942198,8.289999999999999e-23
752.942328,8.28e-23
752.942449,8.6e-23
752.942557,8.93e-23
752.942594,7.96e-23
752.944455,1.72e-25
752.944654,1.9899999999999999e-25
752.951258,1.8e-25
753.257746,1.175e-23
753.258468,1.217e-23
753.445279,3.659e-23
753.450533,3.407e-23
753.563762,7.502e-24
753.618537,9.895e-24
753.842267,8.667e-25
753.844863,8.899e-25
753.91252,1.32e-24
753.91256,1.37e-24
753.912632,1.35e-24
753.955043,1.35e-24
753.955098,1.37e-24
753.955511,1.41e-24
754.015115,2.88e-24
754.015476,2.85e-24
754.015507,2.8099999999999998e-24
754.0523,1.55e-25
754.066993,4.27e-24
754.067291,4.1899999999999995e-24
754.067305,4.24e-24
754.091869,2.84e-24
754.092203,2.87e-24
754.093133,3.03e-24
754.101643,1.8899999999999998e-24
754.102044,1.86e-24
754.10211,1.84e-24
754.116669,3.1899999999999998e-24
754.11777,3.63e-24
754.118474,4.36e-23
754.119011,3.9e-23
754.119707,3.19e-23
754.127102,1.67e-23
754.128783,4.15e-25
754.131126,5.24e-24
754.139358,4.23e-24
754.139641,4.26e-24
754.140623,4.54e-24
754.154335,1.53e-25
754.15814,9.55e-25
754.159381,4.39e-24
754.161774,2.3e-24
754.163579,1.49e-23
754.166345,3.11e-24
754.170043,7.57e-23
754.171495,4.27e-23
754.172207,4.49e-23
754.173888,1.97e-24
754.174973,1.18e-24
754.18292,1.86e-24
754.183293,1.88e-24
754.184187,1.98e-24
754.221921,1.056e-24
754.227066,1.079e-24
754.237572,1.19e-25
754.242407,2.88e-25
754.255645,6.15e-24
754.255823,6.069999999999999e-24
754.255892,6.13e-24
754.323791,6.13e-24
754.324009,6.1399999999999995e-24
754.325067,6.61e-24
754.327051,1.22e-24
754.327485,1.2e-24
754.327583,1.18e-24
754.337248,2.86e-25
754.342111,1.18e-25
754.403284,2.3300000000000002e-23
754.403455,2.3e-23
754.406169,5.389999999999999e-23
754.408833,1.11e-25
754.410541,3.35e-23
754.410631,3.68e-23
754.41225,1.36e-25
754.412944,1.2e-24
754.413351,1.2099999999999999e-24
754.414157,3.67e-23
754.414217,1.2699999999999999e-24
754.414223,3.36e-23
754.415681,1.12e-25
754.417909,6.29e-23
754.421334,2.31e-23
754.421481,2.3400000000000003e-23
754.472466,9.36e-24
754.472622,9.15e-24
754.472727,8.95e-24
754.477523,9.15e-24
754.477673,9.36e-24
754.477892,9.58e-24
754.561856,2.13e-25
754.566604,5.59e-25
754.578256,8.57e-24
754.578268,8.58e-24
754.578411,8.639999999999999e-24
754.611026,8.919e-24
754.624692,9.405e-24
754.642383,8.63e-24
754.642508,8.549999999999999e-24
754.643684,9.39e-24
754.65416,5.56e-25
754.658938,2.11e-25
754.690727,7.61e-25
754.691189,7.5e-25
754.691314,7.399999999999998e-25
754.72479,4.645000000000001e-25
754.725643,6.908000000000001e-25
754.735699,1.8e-25
754.740341,3.52e-25
754.756087,8.15e-25
754.756921,8.999999999999998e-25
754.75911,2.17e-22
754.759368,2.5000000000000002e-22
754.759381,2.33e-22
754.762866,2.33e-22
754.763174,2.16e-22
754.763482,2.01e-22
754.765198,1.4699999999999999e-24
754.765357,1.5899999999999999e-24
754.778612,1.15e-24
754.781291,7.49e-25
754.781727,7.59e-25
754.781906,4.35e-25
754.782569,7.9e-25
754.784397,6.08e-25
754.786585,2.31e-25
754.788609,4.66e-25
754.79955,7.088e-25
754.802822,4.758e-25
754.819434,1.19e-25
754.819561,1.21e-25
754.819693,1.23e-25
754.822081,1.25e-25
754.822135,1.23e-25
754.822264,1.21e-25
754.867016,3.048e-25
754.867702,1.002e-24
754.902593,2.36e-25
754.902715,2.33e-25
754.902801,2.29e-25
754.90603,2.33e-25
754.906149,2.36e-25
754.906252,2.4e-25
754.937694,1.029e-24
754.949333,3.1180000000000004e-25
755.0163,4e-25
755.020909,1.16e-24
755.030621,1.18e-23
755.030858,1.15e-23
755.030869,1.18e-23
755.054076,1.96e-24
755.054202,2.0299999999999998e-24
755.054234,2e-24
755.085161,7.24e-24
755.085505,7.41e-24
755.08585,7.57e-24
755.090065,7.58e-24
755.090289,7.85e-24
755.090403,7.429999999999999e-24
755.091151,1.15e-23
755.09117,1.18e-23
755.092527,1.3e-23
755.095032,1.99e-24
755.095044,2.0299999999999998e-24
755.095501,2.1e-24
755.1011,1.16e-24
755.105739,3.97e-25
755.147874,1.415e-24
755.172322,7.83e-23
755.172532,7.559999999999999e-23
755.172717,7.29e-23
755.174731,1.29e-25
755.174862,7.57e-23
755.174985,1.4199999999999999e-25
755.175058,7.83e-23
755.175295,8.119999999999999e-23
755.186391,1.4199999999999999e-25
755.19106,4.67e-25
755.191546,4.6e-25
755.191696,4.54e-25
755.214217,1.457e-24
755.237261,2.038e-24
755.286315,4.6e-25
755.286776,4.66e-25
755.287598,4.83e-25
755.392249,3.902e-23
755.394869,3.665e-23
755.397228,3.913e-24
755.535702,1.05e-23
755.538832,1.085e-23
755.561882,1.943e-24
755.59584,8.07e-25
755.600194,2.62e-24
755.607781,1.5799999999999998e-23
755.60819,1.55e-23
755.608438,1.43e-23
755.6249,2.006e-24
755.664807,1.43e-23
755.665085,1.55e-23
755.666554,1.74e-23
755.67305,2.61e-24
755.677435,8.02e-25
755.797825,6.95e-25
755.798638,5.09e-24
755.798998,5.72e-24
755.799811,6.5499999999999995e-24
755.799983,1.31e-23
755.807668,6.5299999999999995e-24
755.808756,5.61e-25
755.809929,7.25e-25
755.825553,2.81e-25
755.826061,2.77e-25
755.826233,2.73e-25
755.925486,2.76e-25
755.92597,2.8e-25
755.926773,2.9e-25
755.93623,4.32e-25
755.937043,3.06e-25
755.938546,3.26e-25
755.939359,2.13e-24
755.940704,4.63e-24
755.943121,4.4e-25
755.944466,4.79e-24
755.946221,3.31e-23
755.947161,1.24e-23
755.948389,1.6399999999999998e-23
755.949477,2.6699999999999998e-24
755.95215,8.83e-25
756.104346,2.594e-24
756.164425,2.684e-24
756.171962,1.164e-24
756.178348,1.197e-24
756.266857,3.18e-25
756.273124,2.86e-24
756.273347,2.9e-24
756.27337,2.9399999999999998e-24
756.294421,1.82e-24
756.298251,6.47e-24
756.303687,2.03e-23
756.304378,1.93e-23
756.305149,1.56e-23
756.313592,2.9399999999999998e-24
756.313639,2.9e-24
756.314128,3.0599999999999998e-24
756.357259,1.56e-23
756.358063,1.93e-23
756.359764,2.2700000000000003e-23
756.364158,6.45e-24
756.36802,1.82e-24
756.551179,1.12e-25
756.552138,1.4e-25
756.552494,2.22e-23
756.553569,3.67e-23
756.555565,5.600000000000001e-23
756.55899,4.06e-23
756.562638,2.26e-23
756.565851,2.25e-23
756.568211,1.64e-25
756.569526,4.06e-23
756.571566,1.81e-25
756.572232,6.64e-23
756.574919,3.7e-23
756.576023,2.23e-23
756.590923,1.66e-25
756.591449,1.64e-25
756.591642,1.62e-25
756.642345,7.756e-25
756.650128,7.918e-25
756.695492,1.64e-25
756.695595,7.09e-25
756.695995,1.66e-25
756.696207,7.639999999999999e-25
756.696781,1.7e-25
756.698462,2.34e-22
756.698688,2.49e-22
756.69877,2.64e-22
756.699881,2.49e-22
756.700137,2.33e-22
756.700371,2.19e-22
756.702217,1.15e-24
756.702387,1.22e-24
756.721811,8.85e-25
756.727409,5.5e-25
756.731743,4.22e-25
756.768932,3.362e-24
756.774584,9.313e-24
756.793531,9.88e-24
756.825421,6.98e-24
756.825576,6.84e-24
756.825662,6.689999999999999e-24
756.826521,3.488e-24
756.833231,6.84e-24
756.83338,6.98e-24
756.833635,7.14e-24
757.030929,1.141e-23
757.034715,1.001e-24
757.064006,1.89e-25
757.06416,1.92e-25
757.064298,1.96e-25
757.069801,1.96e-25
757.069803,2e-25
757.069936,1.93e-25
757.105102,4.88e-24
757.107867,1.49e-23
757.110966,1.574e-24
757.111502,2.55e-23
757.112775,2.17e-23
757.11461,1.29e-23
757.114752,1.7069999999999998e-23
757.136327,2.351e-23
757.137648,1.49e-25
757.137774,1.47e-25
757.137851,1.45e-25
757.143181,5.195e-25
757.144069,1.47e-25
757.144193,1.49e-25
757.144322,1.52e-25
757.161287,1.3e-23
757.163155,2.18e-23
757.165389,2.8799999999999995e-23
757.168029,1.49e-23
757.170828,4.87e-24
757.176573,8.651e-25
757.183426,2.918e-23
757.272155,3.384e-23
757.28214,3.407e-25
757.297307,5.759e-25
757.307293,3.929e-23
757.327516,1.71e-25
757.331998,6.82e-25
757.338653,9.52e-24
757.339263,9.62e-24
757.339997,9.39e-24
757.346582,9.4e-24
757.347308,9.64e-24
757.347486,1.0399999999999998e-23
757.354581,6.83e-25
757.358844,4.032e-23
757.359055,1.71e-25
757.359391,3.812e-23
757.431657,6.98e-23
757.431855,6.749999999999999e-23
757.432003,6.53e-23
757.434366,1.04e-25
757.436454,6.76e-23
757.43664,6.98e-23
757.436916,7.22e-23
757.450527,1.13e-25
757.45319,4.211e-23
757.469792,4.149e-25
757.476615,4.627e-25
757.483003,4.721e-23
757.511541,4.715e-25
757.528893,1.18e-24
757.532302,1.2099999999999999e-24
757.537054,1.5899999999999999e-24
757.544009,2.14e-25
757.546308,3.11e-25
757.547809,2.31e-25
757.54854,4.224e-24
757.549053,3.6499999999999998e-25
757.562211,4.08e-24
757.562925,3.89e-24
757.563059,3.85e-24
757.584851,1.42e-23
757.586197,5.1899999999999993e-23
757.587215,1.55e-23
757.587951,7.79e-24
757.588028,3.17e-23
757.589131,2.0100000000000003e-23
757.589373,2.21e-23
757.589944,1.91e-23
757.593624,9.87e-26
757.593881,4.26e-23
757.59497,2.34e-24
757.597058,2.26e-25
757.598146,9.7e-24
757.600063,3.04e-25
757.604161,4.397e-24
757.631153,2.7899999999999998e-24
757.632212,2.7e-24
757.634495,2.7899999999999998e-24
757.646218,1.21e-25
757.655804,5.63e-24
757.656617,1.72e-24
757.657962,3.46e-24
757.659372,1.54e-23
757.660718,1.94e-23
757.662472,1.28e-23
757.664251,2.42e-23
757.665647,8.8e-24
757.666006,1.34e-22
757.666736,5.96e-23
757.668402,6.579999999999999e-23
757.669491,5.53e-24
757.671935,7.53e-25
757.684256,4.806e-23
757.685409,7.1e-24
757.687214,1.26e-22
757.687232,8.07e-24
757.688473,1.14e-22
757.68978,1.04e-22
757.690279,1.16e-23
757.690912,3.17e-24
757.691021,1.12e-23
757.69501,3.107e-25
757.695843,5.48e-23
757.697523,1.05e-24
757.700588,1.98e-23
757.703136,5.3599999999999995e-25
757.711568,5.273e-23
757.720648,5.15e-24
757.721889,1.32e-23
757.723694,2.21e-24
757.724708,9.86e-24
757.726514,4.17e-23
757.729553,1.2299999999999998e-23
757.730211,8.289999999999999e-24
757.732323,6.0099999999999995e-24
757.733251,2.16e-22
757.734003,1.27e-22
757.735142,1.2800000000000001e-22
757.736823,3.73e-24
757.738181,1.6099999999999997e-24
757.769041,4.252e-24
757.816443,4.25e-24
757.817889,4.63e-24
757.818557,1.9e-22
757.819408,1.75e-22
757.820805,1.73e-22
757.821522,7.06e-24
757.822324,7.19e-24
757.824656,1.68e-24
757.828959,5.75e-23
757.830992,6.2e-25
757.833956,3.06e-23
757.836872,6.04e-25
757.838218,4.31e-24
757.839737,2.52e-23
757.841494,9.187e-24
757.841851,1.43e-24
757.842531,6.819999999999999e-24
757.844645,4.96e-23
757.846762,9.479e-24
757.8474,7.249999999999999e-24
757.850743,5.95e-24
757.852253,4.7e-24
757.853498,2.81e-22
757.854285,1.82e-22
757.855047,1.89e-22
757.857079,2.85e-24
757.857802,1.93e-24
757.925221,8.476e-24
757.969098,5.158e-23
757.991425,2.6699999999999998e-24
757.992535,2.65e-24
757.993718,2.38e-22
757.994243,2.14e-22
757.995427,5.575e-23
757.995827,2.3000000000000003e-22
757.996536,4.5e-24
757.997535,4.98e-24
758.00255,9.35e-25
758.005788,3.7799999999999996e-24
758.006456,6.11e-23
758.007496,4.34e-23
758.008689,4.52e-25
758.009788,1.1399999999999999e-24
758.010184,5.0799999999999996e-24
758.011507,4.8e-23
758.012476,5.579999999999999e-23
758.014798,5.85e-25
758.014987,4.6899999999999996e-24
758.020048,1.3899999999999998e-23
758.021309,4.53e-24
758.021319,2.56e-23
758.022527,3.7799999999999996e-24
758.02382,3.3100000000000003e-22
758.023836,3.1e-23
758.02476,2.17e-22
758.025215,2.36e-22
758.026529,1.85e-23
758.027447,2.21e-24
758.027726,1.87e-24
758.029853,8.33e-24
758.069151,8.36e-24
758.072509,1.86e-23
758.076114,3.5399999999999995e-23
758.077684,2.55e-23
758.07899,1.3899999999999998e-23
758.214882,1.65e-24
758.215579,1.2999999999999998e-24
758.217277,2.65e-22
758.217422,2.2e-22
758.219402,2.72e-22
758.219818,2.7899999999999998e-24
758.221245,3.58e-24
758.224543,3.5e-24
758.226386,7.81e-23
758.228781,1.1399999999999999e-24
758.228822,4e-24
758.229105,4.9e-25
758.231217,6.619999999999999e-23
758.232746,7.009999999999999e-23
758.233461,3.1999999999999998e-24
758.235094,3.86e-25
758.237635,8.249999999999999e-23
758.241457,5.28e-25
758.243046,3.5599999999999995e-24
758.244251,3.0499999999999998e-24
758.24529,3.64e-22
758.246599,2.21e-22
758.246687,2.62e-22
758.248931,1.67e-24
758.249035,1.7e-24
758.311545,5.273e-23
758.332761,2.86e-23
758.333934,2.38e-23
758.337834,5.637999999999999e-23
758.340131,2.56e-23
758.341304,2.71e-24
758.435533,5.138e-24
758.438254,1.533e-24
758.448579,1.579e-24
758.471167,3.32e-24
758.473483,2.55e-23
758.477244,8.119999999999999e-23
758.478536,2.43e-23
758.480852,2.85e-23
758.489789,5.37e-24
758.490387,9.2e-25
758.490416,3.6e-25
758.492358,1.78e-22
758.492842,2.67e-22
758.494812,1.4999999999999998e-24
758.49514,2.99e-22
758.497083,2.95e-24
758.499026,1.45e-22
758.500909,3.28e-24
758.50148,1.3299999999999999e-24
758.503363,8.509999999999999e-23
758.505263,2.27e-24
758.5079,2.04e-25
758.511353,8.809999999999999e-23
758.51377,3.78e-25
758.515741,1.49e-22
758.518422,2.84e-24
758.519992,2.35e-24
758.520322,3.8e-22
758.520465,4.57e-25
758.521875,2.64e-22
758.522408,1.77e-22
758.523775,1.41e-24
758.524291,1.26e-24
758.653667,6.07e-25
758.654146,6.42e-25
758.655451,1.4199999999999999e-25
758.655848,1.53e-23
758.65595,2.57e-22
758.656179,2.43e-22
758.656371,2.29e-22
758.656432,2.44e-22
758.656636,2.57e-22
758.656756,2.72e-22
758.657039,2.1e-25
758.658009,3.68e-23
758.658302,9.14e-25
758.658461,9.499999999999999e-25
758.660052,5.600000000000001e-23
758.662557,4.86e-23
758.665446,2.3e-23
758.677859,2.3e-23
758.680383,2.26e-25
758.68078,4.86e-23
758.682555,6.8e-23
758.683069,2.7e-25
758.683837,6.87e-25
758.685296,3.72e-23
758.687489,1.54e-23
758.689318,4.68e-25
758.693727,3.63e-25
758.715725,5.174e-23
758.742637,5.487999999999999e-23
758.757526,6.581000000000001e-25
758.793769,6.741e-25
758.821581,3.9799999999999998e-25
758.822546,1.05e-22
758.824069,2.39e-22
758.825034,6.14e-25
758.826753,3.1e-22
758.826799,2.75e-24
758.828771,1.94e-24
758.828817,2.2700000000000003e-22
758.829707,2.75e-24
758.831304,1.45e-24
758.832194,1.18e-22
758.833588,1.65e-24
758.845901,1.21e-22
758.846866,3.01e-25
758.848358,4.13e-25
758.849323,2.31e-22
758.850714,2.26e-24
758.852107,3.81e-22
758.853136,1.6099999999999997e-24
758.854026,2.36e-22
758.85542,1.15e-24
758.855547,3.82e-25
758.855593,1.0300000000000001e-22
758.856483,8.68e-25
758.891599,9.407e-24
758.899178,1.31e-25
758.904026,3.7e-25
758.914137,5.66e-24
758.914564,5.68e-24
758.914833,5.59e-24
758.916812,1.006e-23
758.947142,5.5799999999999996e-24
758.947373,5.67e-24
758.948126,6.0999999999999996e-24
758.957949,3.68e-25
758.962759,1.3e-25
759.0308,2.79e-23
759.031043,3.47e-23
759.032982,3.64e-23
759.038799,1.0399999999999998e-23
759.043138,5.37e-24
759.07327,5.41e-24
759.077645,1.0399999999999998e-23
759.084328,4.2e-23
759.085364,3.47e-23
759.085645,2.79e-23
759.111416,5.603000000000001e-25
759.121668,5.715e-25
759.186078,4.898e-23
759.212103,5.03e-23
759.214116,5.162e-23
759.214608,2.18e-25
759.214858,1.8000000000000001e-22
759.217329,2.04e-24
759.218257,3.07e-22
759.219089,2.2799999999999998e-24
759.219404,2.7600000000000002e-22
759.220331,1.45e-24
759.221594,1.6700000000000001e-22
759.221909,1.29e-24
759.222186,1.22e-24
759.227912,5.12e-24
759.22807,5.01e-24
759.228145,4.92e-24
759.238342,5.02e-24
759.238495,5.12e-24
759.238771,5.2299999999999995e-24
759.240028,4.65e-25
759.240278,1.69e-22
759.242508,2.78e-22
759.242758,4.73e-25
759.243811,1.73e-24
759.244403,3.69e-22
759.247014,1.77e-22
759.247329,1.02e-24
759.247606,9.16e-25
759.249375,2.97e-25
759.249494,5.21e-25
759.249568,3.03e-25
759.249722,3.08e-25
759.249809,4.95e-23
759.250736,3.12e-25
759.25818,3.08e-25
759.258261,3.15e-25
759.258332,3.03e-25
759.287416,1.46e-25
759.287558,1.49e-25
759.287593,1.51e-25
759.312247,1.51e-25
759.312263,1.49e-25
759.312486,1.54e-25
759.338404,3.85e-23
759.339477,4.049e-23
759.421976,6.041e-24
759.466763,9.989e-24
759.47055,1.083e-24
759.47557,6.343e-24
759.518472,1.4729999999999998e-23
759.524333,1.2099999999999999e-24
759.527451,4.16e-24
759.53091,1.2299999999999998e-23
759.532226,1.15e-23
759.534207,8.859999999999999e-24
759.540705,8.88e-24
759.542678,1.15e-23
759.54359,1.35e-23
759.547461,4.1699999999999996e-24
759.550571,1.22e-24
759.663517,1.4e-25
759.665636,2.48e-23
759.669397,1.1e-22
759.672535,1.4599999999999999e-24
759.673347,1.7699999999999998e-24
759.673965,2.93e-22
759.674654,2.84e-22
759.675218,8.96e-25
759.675859,2.18e-22
759.676084,1.07e-24
759.677166,1.03e-24
759.697425,4.81e-25
759.698674,2.19e-22
759.699916,2.86e-22
759.701165,5.05e-25
759.701381,3.45e-22
759.702022,1.23e-24
759.704495,7.17e-25
759.705136,1.08e-22
759.706442,6.6e-25
759.707627,2.57e-25
759.708934,2.41e-23
759.710363,2.49e-25
759.717444,6.09e-23
759.717642,5.909999999999999e-23
759.717771,5.73e-23
759.724286,5.909999999999999e-23
759.724475,6.09e-23
759.724759,6.29e-23
759.72726,4.488e-23
759.756834,4.705e-23
760.027151,4.59e-23
760.028149,4.3e-23
760.028906,6.859999999999999e-24
760.029272,3.19e-23
760.029494,1.4499999999999998e-23
760.030085,1.32e-23
760.031249,6.6999999999999985e-25
760.031431,1.03e-24
760.034836,4.14e-23
760.038267,1.26e-23
760.039115,1.17e-25
760.040204,8.31e-25
760.068518,8.11e-24
760.069863,3.38e-24
760.071618,2.16e-25
760.072256,3.27e-23
760.074011,8.96e-24
760.076777,1.18e-22
760.077548,5.33e-24
760.078637,5.34e-23
760.079941,5.23e-23
760.102264,9.145e-25
760.118975,2.31e-25
760.129509,4.19e-23
760.129668,3.78e-23
760.131148,4.11e-23
760.138677,9.388e-25
760.141846,5.52e-24
760.146568,3.94e-24
760.166088,3.98e-24
760.170848,5.57e-24
760.172092,7.884e-24
760.179237,8.119999999999999e-24
760.182367,4.82e-23
760.183026,3.79e-23
760.183147,4.18e-23
760.185253,1.07e-25
760.185449,1.01e-25
760.185671,1.74e-25
760.187824,1.32e-23
760.192214,5.629999999999999e-23
760.196681,1.03e-24
760.196904,1.28e-24
760.197108,6.6599999999999995e-25
760.1984,2.7e-22
760.198834,2.7e-22
760.199415,2.42e-22
760.200553,7.86e-25
760.201345,7.73e-25
760.222582,1.73e-25
760.223742,4.23e-25
760.225621,2.42e-22
760.226237,2.71e-22
760.227476,3.12e-22
760.228115,4.68e-25
760.229783,7.9999999999999985e-25
760.230516,5.51e-25
760.232822,5.519999999999999e-23
760.234752,4.42e-25
760.235317,1.11e-25
760.237247,1.28e-23
760.238966,1.95e-25
760.310991,3.83e-25
760.315442,1.2999999999999998e-24
760.322024,7.689999999999999e-24
760.322714,7.52e-24
760.323381,6.819999999999999e-24
760.344009,3.99e-23
760.355248,6.83e-24
760.355903,7.52e-24
760.356834,8.33e-24
760.363187,1.2999999999999998e-24
760.367626,3.83e-25
760.375461,4.164e-23
760.499867,6.852e-24
760.553646,7.235e-24
760.624819,5.13e-25
760.625212,5.35e-25
760.625521,2.58e-22
760.625732,2.45e-22
760.625898,2.33e-22
760.627515,2.46e-22
760.627705,2.58e-22
760.627836,2.71e-22
760.627888,7.299999999999999e-25
760.628031,7.51e-25
760.641314,1.98e-24
760.655725,2.042e-24
760.659214,5.32e-25
760.664609,3.85e-25
760.669068,3.04e-25
760.712265,8.56e-24
760.713002,1.47e-25
760.715505,2.86e-25
760.715618,2.83e-23
760.718305,5.38e-23
760.719371,1.47e-25
760.720183,5.389999999999999e-23
760.721986,2.98e-23
760.74497,2.98e-23
760.746811,5.389999999999999e-23
760.747547,3.34e-25
760.747946,6.72e-23
760.749255,3.6499999999999998e-25
760.751338,2.86e-23
760.754728,8.679999999999999e-24
760.781113,1.74e-25
760.783292,7.379999999999999e-24
760.785525,1.08e-25
760.78803,2.78e-23
760.792375,4.97e-25
760.794142,8.779999999999999e-25
760.794243,7.28e-25
760.796147,2.41e-22
760.796422,2.44e-22
760.796647,2.36e-22
760.798326,5.71e-25
760.798927,5.6799999999999995e-25
760.822869,2.07e-25
760.823612,3.44e-25
760.825845,2.36e-22
760.826103,2.45e-22
760.827215,2.75e-22
760.828337,3.86e-25
760.83019,4.16e-25
760.831486,5.09e-25
760.834462,2.72e-23
760.836742,3.02e-25
760.839234,7.14e-24
760.841138,1.5e-25
760.9102,2.32e-25
760.910385,2.36e-25
760.910448,2.4e-25
760.935776,2.4e-25
760.935831,2.36e-25
760.936061,2.46e-25
760.960702,9.136e-24
760.993592,9.864e-24
761.040946,3.448e-23
761.047061,1.696e-23
761.053914,5.9860000000000005e-25
761.074568,3.585e-23
761.075653,2.105e-23
761.306902,1.41e-25
761.307567,1.39e-25
761.309184,4.7e-23
761.309498,4.37e-23
761.310672,4.46e-23
761.325907,3.784e-23
761.327725,3.599999999999999e-24
761.328214,3.962e-23
761.330283,9.83e-26
761.332565,3.33e-24
761.340041,3.38e-24
761.344922,3.6499999999999996e-24
761.362754,5.319999999999999e-23
761.36315,4.39e-23
761.363422,4.7e-23
761.365708,1.39e-25
761.365723,1.43e-25
761.378872,4.59e-25
761.379127,4.67e-25
761.37932,4.75e-25
761.390576,4.75e-25
761.390766,4.68e-25
761.390779,4.87e-25
761.454298,1.59e-25
761.456496,4.3199999999999995e-24
761.458931,1.29e-25
761.461426,1.42e-23
761.46543,3.7e-25
761.469357,5.99e-25
761.469635,5.12e-25
761.471667,2.0900000000000002e-22
761.471833,2.13e-22
761.471852,2.13e-22
761.473866,4.12e-25
761.474329,4.12e-25
761.501005,1.94e-25
761.50149,2.67e-25
761.503839,1.242e-24
761.503925,2.13e-22
761.503975,2.13e-22
761.505009,2.36e-22
761.50641,2.98e-25
761.507929,3.08e-25
761.51143,3.27e-25
761.51435,1.3799999999999998e-23
761.516827,2.07e-25
761.519312,4.1699999999999996e-24
761.521344,1.13e-25
761.540399,1.277e-24
761.612626,8.059999999999999e-23
761.613121,8.02e-23
761.614499,8.13e-23
761.614926,7.05e-24
761.61574,7.16e-24
761.616324,2.83e-24
761.617545,1.63e-25
761.618624,1.14e-25
761.621254,5.09e-23
761.625236,2.45e-23
761.625516,3.981e-25
761.627854,9.92e-25
761.630501,2.1e-23
761.632306,2.25e-24
761.634622,4.59e-23
761.63832,5.8599999999999996e-24
761.640541,1.57e-22
761.640935,3.82e-24
761.642615,8.459999999999999e-23
761.643251,8.26e-23
761.659692,6.4899999999999996e-24
761.66079,9.88e-24
761.661354,7.473e-24
761.662896,1.55e-23
761.666418,9.5e-24
761.670254,6.63e-24
761.67259,6.64e-24
761.676419,9.52e-24
761.676728,3.7e-24
761.676891,3.63e-24
761.67696,3.5599999999999995e-24
761.679566,1.7e-23
761.682054,9.89e-24
761.683145,6.5099999999999996e-24
761.689624,3.63e-24
761.689782,3.7e-24
761.690069,3.7799999999999996e-24
761.716367,7.947e-24
761.772322,1.39e-24
761.775704,4.5799999999999995e-24
761.779365,1.02e-23
761.78064,9.099999999999998e-24
761.782367,6.22e-24
761.811324,6.2299999999999996e-24
761.813046,9.11e-24
761.814518,1.11e-23
761.817987,4.5799999999999995e-24
761.821364,1.39e-24
761.822363,2.9e-23
761.858405,3.006e-23
762.026692,5.22e-23
762.026892,5.0700000000000006e-23
762.027012,4.9299999999999993e-23
762.035336,5.0700000000000006e-23
762.035531,5.22e-23
762.035811,5.38e-23
762.209326,1.38e-25
762.211539,2.59e-24
762.214093,1.27e-25
762.216576,7.429999999999999e-24
762.220352,2.77e-25
762.226571,4.09e-25
762.226951,3.59e-25
762.229054,1.83e-22
762.229077,1.76e-22
762.229164,1.8000000000000001e-22
762.23129,2.93e-25
762.231646,2.93e-25
762.261157,1.63e-25
762.261473,2.01e-25
762.263948,1.8000000000000001e-22
762.264028,1.82e-22
762.264934,1.97e-22
762.266503,2.21e-25
762.267804,2.24e-25
762.273635,2.11e-25
762.276506,7.23e-24
762.279098,1.44e-25
762.281573,2.49e-24
762.524111,6.637e-24
762.532864,6.824e-24
762.558917,3.64e-25
762.55916,3.69e-25
762.559267,3.74e-25
762.560499,2e-25
762.5613,2.04e-25
762.562749,4.97e-23
762.563147,4.6599999999999993e-23
762.564188,4.61e-23
762.567544,2.324e-23
762.57753,4.064e-25
762.584737,2.702e-23
762.584914,3.74e-25
762.585017,3.7e-25
762.585285,3.86e-25
762.587771,3.32e-24
762.589195,2.84e-24
762.591801,1.25e-25
762.592673,2.9e-24
762.594051,3.27e-24
762.596487,1.04e-25
762.602728,2.5300000000000003e-22
762.602923,2.41e-22
762.603069,2.3000000000000003e-22
762.603236,4.28e-25
762.603571,4.43e-25
762.605103,5.82e-25
762.605231,5.95e-25
762.605883,2.42e-22
762.60606,2.5300000000000003e-22
762.606192,2.64e-22
762.618417,5.649999999999999e-23
762.618721,4.6800000000000006e-23
762.619073,4.98e-23
762.621327,1.84e-25
762.621509,1.83e-25
762.64213,4.11e-25
762.647457,3.09e-25
762.651949,2.48e-25
762.691988,2.378e-23
762.72043,4.37e-24
762.72217,1.11e-25
762.724811,1.5199999999999998e-23
762.726337,3.78e-25
762.728656,2.71e-25
762.728994,4.91e-23
762.730484,5.409999999999999e-23
762.730651,2.458e-23
762.731296,3.84e-23
762.766165,3.86e-23
762.767021,5.409999999999999e-23
762.767692,1.03e-25
762.767752,6.359999999999999e-23
762.768762,4.74e-25
762.76958,4.62e-25
762.772651,1.56e-23
762.777075,4.48e-24
762.782244,2.504e-24
762.800896,2.588e-24
762.898895,7.802e-24
762.955639,1.648e-24
762.956514,8.371e-24
762.980503,8.451e-24
762.992579,1.697e-24
763.023226,9.25e-24
763.049717,1.16e-25
763.051939,1.57e-24
763.054569,1.14e-25
763.057036,4.02e-24
763.060651,2.08e-25
763.069279,2.77e-25
763.069721,2.49e-25
763.071747,1.52e-22
763.071919,1.45e-22
763.071944,1.49e-22
763.074142,2.05e-25
763.074411,2.06e-25
763.106872,1.27e-25
763.107069,1.48e-25
763.109532,1.49e-22
763.109698,1.52e-22
763.110486,1.61e-22
763.112161,1.5999999999999998e-25
763.113312,1.61e-25
763.121582,1.39e-25
763.124409,3.9099999999999996e-24
763.127073,9.82e-26
763.129536,1.51e-24
763.139334,6.61e-23
763.139915,8.939999999999999e-23
763.141448,2.4199999999999998e-24
763.142183,1.24e-22
763.143701,4.63e-24
763.146013,7.94e-25
763.146599,7.769999999999999e-23
763.148713,3.26e-24
763.150254,7.81e-23
763.150317,8.209999999999999e-23
763.153882,8.229999999999999e-23
763.156353,5.0599999999999996e-24
763.157616,1.9300000000000001e-22
763.15825,9.7e-25
763.159115,3.2099999999999997e-24
763.160656,8.919999999999999e-23
763.161147,6.66e-23
763.276387,5.48e-24
763.277961,1.01e-23
763.280058,1.32e-23
763.282953,8.119999999999999e-24
763.28647,3.95e-24
763.309168,3.96e-24
763.312684,8.14e-24
763.315731,3.626e-23
763.315744,1.4499999999999998e-23
763.317677,1.01e-23
763.318931,3.784e-23
763.31925,5.48e-24
763.456267,6.95e-25
763.456626,7.04e-25
763.45691,7.1e-25
763.470705,7.1e-25
763.470987,7.05e-25
763.471125,7.39e-25
763.652741,1.902e-23
763.69418,1.962e-23
763.734635,1.3799999999999998e-23
763.734734,1.42e-23
763.7365,1.91e-23
763.744628,6.0099999999999995e-24
763.744959,6.32e-24
763.74921,6.32e-24
763.749534,6.02e-24
763.757318,2.12e-23
763.759435,1.42e-23
763.759527,1.3899999999999998e-23
763.881054,2.75e-25
763.882004,2.86e-25
763.883237,4.9299999999999993e-23
763.88372,4.63e-23
763.884738,4.52e-23
763.902276,3.92e-24
763.907131,2.78e-24
763.918087,1.05e-25
763.919803,2.71e-24
763.922425,1.65e-25
763.924608,3.83e-24
763.927148,1.55e-25
763.942894,5.73e-23
763.943214,4.6699999999999993e-23
763.943647,4.9400000000000006e-23
763.945836,2.35e-25
763.946188,2.25e-25
763.980409,9.54e-25
763.983087,9.88e-26
763.985538,2.21e-24
763.98903,1.5999999999999998e-25
764.00019,1.88e-25
764.000669,1.71e-25
764.002641,1.22e-22
764.002899,1.19e-22
764.002925,1.16e-22
764.005154,1.43e-25
764.00535,1.43e-25
764.034983,2.882e-23
764.040966,1.06e-25
764.043415,1.19e-22
764.043643,1.22e-22
764.044349,1.2800000000000001e-22
764.044936,3.236e-23
764.046092,1.13e-25
764.047135,1.13e-25
764.048194,3.013e-25
764.060746,2.1499999999999998e-24
764.065905,9.15e-25
764.168275,2.62e-24
764.168443,2.57e-24
764.16851,2.5299999999999998e-24
764.183456,2.58e-24
764.183621,2.62e-24
764.183913,2.6799999999999998e-24
764.205366,7.743e-24
764.229454,5.59e-25
764.229788,5.64e-25
764.229975,5.67e-25
764.255872,5.6799999999999995e-25
764.256056,5.65e-25
764.256401,5.93e-25
764.267506,8.407e-24
764.356046,4.39e-23
764.356249,4.27e-23
764.356365,4.16e-23
764.366206,4.2799999999999993e-23
764.366406,4.39e-23
764.366677,4.52e-23
764.451468,2.135e-24
764.489117,2.204e-24
764.581546,2.41e-22
764.581726,2.31e-22
764.581857,2.22e-22
764.582936,3.52e-25
764.583229,3.61e-25
764.583925,4.62e-25
764.584038,4.7e-25
764.585546,2.32e-22
764.585711,2.42e-22
764.585838,2.52e-22
764.609857,6.499999999999999e-24
764.61215,1.04e-25
764.613277,2.3e-23
764.618708,1.61e-22
764.61964,1.74e-22
764.620416,3.28e-24
764.620811,1.8000000000000001e-22
764.621933,3.72e-24
764.62211,1.47e-25
764.624889,1.06e-24
764.626016,1.83e-22
764.626602,3.14e-25
764.627121,1.78e-22
764.627383,2.2700000000000003e-22
764.629644,4.1699999999999996e-24
764.63187,2.43e-25
764.63355,2.21e-23
764.634672,1.74e-24
764.636386,1.98e-25
764.636904,6.08e-24
764.63768,8.91e-25
764.678674,2.1e-24
764.683678,5.78e-24
764.68803,4.92e-25
764.68936,4.3e-25
764.690563,4.16e-23
764.69182,4.9400000000000006e-23
764.69201,4.05e-23
764.706524,1.487e-23
764.740995,4.09e-23
764.741239,4.95e-23
764.741711,5.689999999999999e-23
764.743594,5.99e-25
764.743899,5.65e-25
764.745347,1.2e-25
764.749327,6.0299999999999995e-24
764.750838,1.531e-23
764.754386,2.21e-24
764.816484,1.26e-23
764.816934,1.5099999999999998e-23
764.818414,1.67e-23
764.825026,4.62e-24
764.829635,2.76e-24
764.843618,2.77e-24
764.848227,4.63e-24
764.854976,1.83e-23
764.85632,1.5099999999999998e-23
764.85677,1.27e-23
764.86309,3.099e-24
764.886156,3.2099999999999997e-24
764.893798,5.483e-24
764.903862,5.628e-24
764.949362,7.327e-24
764.998639,5.78e-25
765.003781,1.24e-24
765.005478,8.179e-24
765.007177,1.25e-25
765.021,1.27e-25
765.021505,1.18e-25
765.023435,9.55e-23
765.023738,9.31e-23
765.023806,9.09e-23
765.026039,9.73e-26
765.026172,9.76e-26
765.067258,9.31e-23
765.067532,9.53e-23
765.068178,9.95e-23
765.087186,1.2e-24
765.092358,5.53e-25
765.261979,3.64e-25
765.26317,3.9e-25
765.263986,4.42e-23
765.26465,4.23e-23
765.265776,4.14e-23
765.276971,6.069999999999999e-24
765.281655,3.34e-24
765.301716,3.394e-23
765.305506,3.53e-23
765.312525,1.22e-25
765.314006,3.26e-24
765.316626,2.3e-25
765.318633,5.94e-24
765.321265,2.5e-25
765.330541,5.49e-23
765.33101,4.29e-23
765.331618,4.44e-23
765.333631,2.81e-25
765.33425,2.46e-25
765.453066,3.356e-23
765.457793,3.687e-23
765.485626,1.03e-24
765.486183,1.04e-24
765.486713,1.0099999999999999e-24
765.502487,1.0099999999999999e-24
765.503015,1.04e-24
765.503372,1.0999999999999998e-24
765.574051,7.218e-24
765.643616,7.968e-24
765.752627,1.68e-23
765.752993,1.88e-23
765.754495,2.31e-23
765.76123,7.96e-24
765.765835,5.14e-24
765.768623,5.13e-24
765.773234,7.96e-24
765.779649,2.57e-23
765.781464,1.88e-23
765.781837,1.69e-23
765.854034,1.137e-23
765.901265,1.168e-23
765.918053,8.4e-25
765.918542,8.4e-25
765.918907,8.25e-25
765.944878,8.26e-25
765.945241,8.41e-25
765.94573,8.94e-25
765.985553,2.701e-24
766.024302,2.7939999999999998e-24
766.031454,4.83e-25
766.035837,1.2099999999999999e-24
766.047615,1.92e-22
766.047666,8.15e-25
766.048002,2.11e-22
766.048413,2.31e-22
766.049318,1.19e-24
766.049459,2.44e-24
766.050397,2.74e-24
766.051307,2.33e-22
766.051397,2.55e-22
766.051666,2.14e-22
766.060242,2.51e-24
766.063883,1.0099999999999999e-24
766.065866,1.2e-24
766.068215,3.77e-25
766.069671,7.959999999999999e-25
766.107132,3.47e-25
766.112277,6.91e-25
766.115594,1.02e-25
766.134645,7.31e-23
766.134985,7.13e-23
766.135089,6.96e-23
766.181522,7.119999999999999e-23
766.181831,7.3e-23
766.182431,7.579999999999999e-23
766.204199,6.6599999999999995e-25
766.209375,3.31e-25
766.387858,1.83e-23
766.387924,1.95e-23
766.389173,2.05e-23
766.401141,2.96e-24
766.406076,2.51e-24
766.410011,2.52e-24
766.414947,2.98e-24
766.427027,2.28e-23
766.428163,1.95e-23
766.428229,1.83e-23
766.555973,2.25e-22
766.556138,2.16e-22
766.556256,2.08e-22
766.557952,2.85e-25
766.558215,2.91e-25
766.558351,3.63e-25
766.558453,3.68e-25
766.560534,2.17e-22
766.560687,2.25e-22
766.560805,2.34e-22
766.584258,9.3e-25
766.589559,1.81e-24
766.59827,6.32e-25
766.599011,5.99e-25
766.600669,3.16e-23
766.601659,3.44e-23
766.601794,4.06e-23
766.606657,2.36e-25
766.611872,1.87e-25
766.616404,1.55e-25
766.669953,4.08e-23
766.670016,3.51e-23
766.670248,4.71e-23
766.672605,7.09e-25
766.672717,6.81e-25
766.678727,1.37e-25
766.682116,1.99e-24
766.687488,1.03e-24
766.696686,4.42e-25
766.697973,2.8799999999999995e-23
766.698463,5.21e-25
766.698652,1.83e-24
766.698826,1.7999999999999997e-24
766.698893,1.7699999999999998e-24
766.699353,3.29e-23
766.700942,3.45e-23
766.701789,3.62e-23
766.701992,3.53e-23
766.702108,3.44e-23
766.705842,1.5e-23
766.709804,6.02e-24
766.713041,3.53e-23
766.713251,3.62e-23
766.713514,3.72e-23
766.7159,1.7999999999999997e-24
766.716072,1.83e-24
766.716365,1.87e-24
766.766468,1.41e-25
766.767357,5.92e-24
766.769967,3.76e-25
766.771254,1.48e-23
766.773978,4.93e-25
766.776828,4.91e-23
766.777808,3.37e-23
766.779123,2.92e-23
766.780418,2.71e-25
766.781846,1.46e-25
766.825305,3.729e-23
766.825975,4.038e-23
766.864763,5.772e-24
766.886793,3.749e-24
766.914479,3.8939999999999996e-24
766.940862,6.645e-24
766.998387,6.186e-24
767.080283,6.998e-24
767.09465,8.510999999999999e-24
767.144769,8.734e-24
767.277025,4.447e-24
767.277903,3.103e-23
767.282013,3.219e-23
767.288023,4.5559999999999996e-24
767.305107,2.06e-25
767.310245,3.86e-25
767.335505,5.46e-23
767.335875,5.33e-23
767.336011,5.2100000000000006e-23
767.385351,5.33e-23
767.385688,5.46e-23
767.386252,5.649999999999999e-23
767.410948,3.71e-25
767.416118,1.96e-25
767.429004,9.1e-25
767.430276,1.07e-24
767.432288,2.7600000000000002e-22
767.43231,2.18e-22
767.432457,2.5600000000000003e-22
767.432545,2.36e-22
767.432693,2.38e-22
767.432823,2.5600000000000003e-22
767.434253,1.86e-24
767.434999,2.04e-24
767.447882,1.71e-24
767.453511,9.48e-25
767.457635,6.9799999999999995e-25
767.462689,1.07e-25
767.466658,4e-25
767.471179,1.51e-24
767.472183,1.43e-24
767.473488,1.17e-24
767.489632,1.18e-24
767.490936,1.44e-24
767.491758,1.6099999999999997e-24
767.496462,4.01e-25
767.500429,1.07e-25
767.552549,3.334e-24
767.592847,3.458e-24
767.615409,2.32e-25
767.621299,1.24e-24
767.622101,1.2e-24
767.622958,1.06e-24
767.64824,1.07e-24
767.649096,1.2099999999999999e-24
767.649888,1.3299999999999999e-24
767.65579,2.32e-25
767.718058,1.7e-23
767.718933,2.23e-23
767.720445,2.72e-23
767.725251,1.24e-23
767.729516,6e-24
767.741385,5.9899999999999996e-24
767.745657,1.24e-23
767.750174,3.06e-23
767.751968,2.23e-23
767.75285,1.7e-23
767.986273,2.36e-23
767.986384,2.3e-23
767.987486,2.4600000000000002e-23
768.00372,2.9199999999999998e-24
768.005798,2.59e-24
768.008718,2.6e-24
768.010795,2.9199999999999998e-24
768.027119,2.7599999999999995e-23
768.028132,2.3e-23
768.028242,2.37e-23
768.152965,4.278e-23
768.155576,3.994e-23
768.174888,5.27e-24
768.17615,2.55e-25
768.178801,1.09e-23
768.180799,6.82e-25
768.183045,4.26e-25
768.18312,2.4700000000000003e-23
768.184297,2.87e-23
768.185695,1.81e-23
768.275839,1.84e-23
768.277162,2.87e-23
768.277837,1.57e-25
768.278424,7.67e-25
768.278953,3.93e-23
768.279993,7.9999999999999985e-25
768.282733,1.16e-23
768.28657,5.57e-24
768.426378,6.243e-24
768.431012,3.39e-25
768.43642,4.61e-25
768.451941,7.93e-25
768.452293,7.75e-25
768.454149,1.96e-23
768.454917,2.3300000000000002e-23
768.455248,2.83e-23
768.470924,4.654e-24
768.479269,6.399e-24
768.520227,2.05e-22
768.520377,1.98e-22
768.520482,1.91e-22
768.522533,2.28e-25
768.522598,2.83e-25
768.522691,2.86e-25
768.522776,2.32e-25
768.525095,1.98e-22
768.525236,2.05e-22
768.525344,2.13e-22
768.555304,2.87e-23
768.555473,3.4099999999999995e-23
768.555529,2.42e-23
768.558088,8.06e-25
768.558198,7.949999999999999e-25
768.57105,1.47e-25
768.574026,5.86e-25
768.574784,5.487e-24
768.576533,1.74e-25
768.57954,4.3e-25
768.5817,1.4199999999999999e-25
768.586241,1.18e-25
768.590505,1.22e-25
768.595626,2.14e-25
768.598821,9.77e-26
768.623971,4.01e-23
768.624368,3.91e-23
768.624538,3.82e-23
768.676526,3.91e-23
768.676884,4.01e-23
768.677419,4.13e-23
768.705229,2.04e-25
768.71039,1.14e-25
768.721102,3.843e-24
768.770399,8.34e-25
768.771462,9.12e-25
768.773475,2.9e-22
768.773711,2.72e-22
768.773919,2.55e-22
768.776571,2.36e-22
768.776746,2.5300000000000003e-22
768.776988,2.71e-22
768.778589,1.4599999999999999e-24
768.779234,1.57e-24
768.795507,1.28e-24
768.79882,1.05e-25
768.801065,7.8e-25
768.805365,6.04e-25
768.831733,4.68e-24
768.857083,4.428e-24
768.889656,4.6129999999999996e-24
769.059831,2.93e-23
769.060034,2.86e-23
769.060154,2.79e-23
769.071072,2.85e-23
769.07131,2.92e-23
769.071579,3e-23
769.100072,1.5e-25
769.105718,1.38e-25
769.110643,1.31e-25
769.147535,4.013e-24
769.189897,4.174e-24
769.238728,2.775e-23
769.242923,2.872e-23
769.263713,1.2699999999999999e-24
769.263891,1.24e-24
769.26396,1.22e-24
769.282713,1.24e-24
769.282894,1.26e-24
769.283185,1.29e-24
769.330112,3.14e-25
769.333097,9.33e-25
769.336118,1.79e-24
769.337709,1.52e-24
769.339939,9.4e-25
769.362015,9.409999999999999e-25
769.364243,1.52e-24
769.365816,1.91e-24
769.368857,9.33e-25
769.371841,3.15e-25
769.412723,5.98e-25
769.414839,1.35e-24
769.417188,2.14e-24
769.41947,1.5999999999999999e-24
769.422562,9.01e-25
769.435356,9.01e-25
769.438446,1.5999999999999999e-24
769.440564,2.3e-24
769.442928,4.402e-23
769.443079,1.35e-24
769.445193,5.99e-25
769.448246,4.143e-23
769.571466,1.54e-25
769.576872,4.17e-25
769.592629,5.11e-23
769.592798,5.23e-23
769.592907,5.34e-23
769.604257,5.34e-23
769.604367,5.23e-23
769.604545,5.53e-23
769.606325,1.15e-25
769.607543,2.69e-23
769.60783,2.7e-23
769.608913,2.8799999999999995e-23
769.609288,2.09e-25
769.611768,2.92e-25
769.614642,6.05e-25
769.620293,4.06e-25
769.620408,4.399999999999999e-24
769.625325,2.97e-24
769.625699,1.49e-25
769.628844,3.94e-23
769.628991,4.0199999999999993e-23
769.628992,6.489999999999999e-23
769.629066,4.11e-23
769.629187,6.649999999999999e-23
769.629336,6.8e-23
769.634413,2.96e-24
769.634931,1.3e-23
769.636707,2.3400000000000003e-23
769.638554,3.12e-23
769.63902,6.8e-23
769.639169,6.66e-23
769.639316,7.05e-23
769.639329,4.38e-24
769.641573,2.1e-23
769.642373,4.11e-23
769.64245,4.03e-23
769.642662,4.24e-23
769.645008,9.16e-24
769.650892,3.26e-23
769.651908,2.71e-23
769.652194,2.69e-23
769.653406,8.227e-24
769.653714,5.9e-25
769.659067,2.01e-25
769.659671,2.85e-25
769.664724,8.444e-24
769.665116,1.11e-25
769.66698,9.16e-24
769.669301,3.541e-24
769.670421,2.1e-23
769.673182,3.55e-23
769.67528,2.35e-23
769.677063,1.3e-23
769.679556,6.325e-24
769.680471,5.63e-25
769.680616,3.62e-24
769.685356,6.75e-25
769.692578,6.483e-24
769.697959,8.44e-25
769.6981,8.08e-25
769.700019,1.31e-23
769.700378,2.03e-23
769.700689,1.5899999999999998e-23
769.701524,1.045e-23
769.711452,1.074e-23
769.713486,2.96e-25
769.718766,9.28e-25
769.724999,2.05e-25
769.729253,1.06e-25
769.731579,8.049999999999999e-23
769.731806,8.249999999999999e-23
769.732005,8.429999999999999e-23
769.740335,8.439999999999999e-23
769.740532,8.269999999999999e-23
769.740655,8.78e-23
769.743343,2.95e-23
769.743472,3.0199999999999995e-23
769.743515,3.08e-23
769.753574,9.05e-25
769.758852,2.86e-25
769.75905,3.08e-23
769.759097,3.0199999999999995e-23
769.759344,3.17e-23
769.777566,2e-25
769.785953,4.7509999999999996e-24
769.800965,4.864e-24
769.817265,1.297e-23
769.826155,1.336e-23
769.836828,1.68e-23
769.837063,2.07e-23
769.837891,2.58e-23
769.839359,8.64e-25
769.840048,8.58e-25
769.845885,4.493e-24
769.849432,1.53e-25
769.852161,8.81e-25
769.85697,7.16e-25
769.877089,4.55e-25
769.88226,1.57e-24
769.886065,1.06e-25
769.89118,1.51e-25
769.891353,1.3e-25
769.893372,9.73e-23
769.893644,9.97e-23
769.893912,1.02e-22
769.895662,1.14e-25
769.896376,1.21e-25
769.901203,1.02e-22
769.901303,4.601e-24
769.901467,9.97e-23
769.901579,1.07e-22
769.912856,1.5299999999999999e-24
769.918023,4.4e-25
769.921627,1.4199999999999999e-25
769.941228,2.17e-23
769.941339,2.21e-23
769.941352,2.25e-23
769.958265,1.59e-25
769.959364,2.25e-23
769.959382,2.21e-23
769.959664,2.32e-23
769.963209,1.62e-25
769.965539,1.19e-25
769.968684,1.75e-25
769.977949,3.487e-24
769.978452,2.721e-24
769.979089,1.39e-25
769.99331,1.5719999999999998e-23
769.995209,3.566e-24
769.997176,2.87e-23
769.997616,2.8000000000000003e-23
769.997836,2.74e-23
770.001548,1.622e-23
770.051483,2.81e-23
770.051857,2.8799999999999995e-23
770.052365,2.96e-23
770.053865,1.29e-25
770.076082,7.22e-25
770.077004,7.649999999999999e-25
770.079034,2.96e-22
770.079285,2.8000000000000004e-22
770.079483,2.64e-22
770.083495,1.11e-25
770.08466,2.48e-22
770.084808,2.63e-22
770.085035,2.7900000000000003e-22
770.086735,1.15e-24
770.087312,1.22e-24
770.092474,7.91e-25
770.097471,3.03e-24
770.101498,1.47e-25
770.10472,2.15e-25
770.104799,1.79e-25
770.106701,1.15e-22
770.107043,1.18e-22
770.107252,9.75e-25
770.10742,1.2e-22
770.108944,1.55e-25
770.109743,1.67e-25
770.110455,1.67e-25
770.112732,6.46e-25
770.113962,1.2e-22
770.114334,1.19e-22
770.114458,1.27e-22
770.11714,5.17e-25
770.120381,1.2e-25
770.123912,2.97e-24
770.128487,3.483e-24
770.128903,7.67e-25
770.221683,1.861e-23
770.227034,1.56e-23
770.227112,1.62e-23
770.227127,1.5899999999999998e-23
770.229422,8.81e-25
770.229524,8.72e-25
770.229695,1.923e-23
770.231231,7.29e-24
770.232004,9.97e-24
770.232592,1.36e-23
770.247815,1.5899999999999998e-23
770.247824,1.62e-23
770.248131,1.66e-23
770.26031,2.502e-24
770.280049,2.555e-24
770.351417,1.64e-24
770.356108,7.079999999999999e-24
770.36053,2.01e-25
770.361582,2.48e-25
770.3617,3.1e-25
770.363307,1.33e-22
770.363767,1.36e-22
770.364352,1.36e-22
770.365493,2.08e-25
770.366419,2.28e-25
770.368273,1.17e-25
770.370312,1.36e-22
770.370889,1.36e-22
770.371076,1.48e-22
770.372929,1.17e-25
770.374734,9.95e-26
770.374898,1.8e-25
770.378556,6.97e-24
770.38324,1.5999999999999999e-24
770.405523,1.42e-23
770.405599,1.8e-23
770.405873,1.12e-23
770.408346,8.06e-25
770.40862,8.11e-25
770.433729,1.21e-25
770.436312,1.44e-25
770.441853,1.48e-25
770.44495,1.28e-25
770.468934,1.83e-22
770.469069,1.77e-22
770.469162,1.71e-22
770.471297,2.18e-25
770.471345,1.8e-25
770.471383,2.2e-25
770.471573,1.82e-25
770.473891,1.77e-22
770.474019,1.83e-22
770.474116,1.89e-22
770.49382,2.151e-23
770.496609,1.708e-24
770.502077,2.229e-23
770.530872,1.27e-25
770.535996,1.04e-25
770.604759,1.09e-23
770.604792,1.13e-23
770.604834,1.11e-23
770.628369,1.11e-23
770.628404,1.13e-23
770.628717,1.16e-23
770.637246,1.7539999999999998e-24
770.64518,4.1899999999999995e-24
770.64927,1.92e-23
770.653025,3.45e-25
770.653594,4.45e-25
770.654451,1.5000000000000002e-22
770.654478,2.77e-25
770.655137,1.5100000000000001e-22
770.656169,1.42e-22
770.656563,2.77e-25
770.657712,3.1e-25
770.659672,1.79e-24
770.659841,1.37e-25
770.661356,1.43e-22
770.662379,1.52e-22
770.662736,1.6700000000000001e-22
770.663893,1.3399999999999999e-25
770.664428,2.78e-25
770.666564,1.14e-25
770.668255,1.9e-23
770.672335,4.12e-24
770.687196,2.372e-24
770.700609,4.414e-23
770.708175,4.18e-23
770.765995,4.705e-24
770.778329,5.097e-24
770.800686,2.429e-23
770.809705,2.523e-23
770.811025,4.909e-24
770.816151,5.329e-24
770.964582,1.36e-23
770.967486,4.77e-23
770.970237,4.81e-25
770.97106,1.64e-22
770.971775,5.94e-25
770.972254,1.58e-22
770.973076,3.66e-25
770.974229,1.31e-22
770.974324,3.82e-25
770.974708,4.08e-25
770.977193,1.4e-25
770.977643,1.31e-22
770.979605,1.58e-22
770.980055,1.29e-25
770.980324,4.05e-25
770.980419,1.85e-22
770.984386,4.74e-23
770.984481,1.2e-25
770.984865,1.33e-25
770.987277,1.35e-23
771.056839,1.3299999999999999e-24
771.057992,2e-24
771.059767,2.5299999999999998e-24
771.063633,1.2699999999999999e-24
771.06765,6.49e-25
771.07786,7.75e-24
771.077873,7.48e-24
771.077929,7.61e-24
771.082924,6.5e-25
771.086941,1.2699999999999999e-24
771.090781,2.72e-24
771.092583,2.01e-24
771.093735,1.3399999999999999e-24
771.104483,7.62e-24
771.104545,7.75e-24
771.104863,7.94e-24
771.112422,1.2029999999999999e-24
771.132929,2.678e-23
771.137715,1.227e-24
771.143284,2.789e-23
771.179208,2.427e-23
771.183288,2.507e-23
771.189528,7.07e-25
771.18964,7.13e-25
771.19093,2.24e-24
771.191612,3.75e-24
771.191877,5.95e-24
771.24747,2.67e-23
771.248137,2.97e-23
771.249398,3.27e-23
771.25622,9.08e-24
771.2608,4.51e-24
771.282951,4.49e-24
771.287529,9.07e-24
771.294401,3.74e-23
771.295615,2.99e-23
771.29628,2.68e-23
771.299943,4.62e-23
771.301155,7.87e-23
771.302196,1.08e-25
771.303911,1.75e-22
771.304536,6.25e-25
771.305799,4.8e-25
771.306424,1.3800000000000001e-22
771.307435,7.07e-25
771.308677,4.79e-25
771.309631,1.14e-22
771.309688,1.14e-22
771.310673,1.05e-25
771.310894,5.29e-25
771.311838,1.14e-25
771.312879,1.39e-22
771.313758,5.11e-25
771.314964,2e-22
771.317154,2.04e-25
771.318165,7.85e-23
771.31936,4.61e-23
771.31937,1.08e-25
771.320371,1.18e-25
771.324574,1.36e-25
771.32561,1.97e-24
771.326252,2.44e-24
771.327838,3e-24
771.33346,1.11e-24
771.337934,7.12e-25
771.344054,7.13e-25
771.348526,1.11e-24
771.348682,3.172e-24
771.350737,6.08e-25
771.351553,6.34e-25
771.353605,2.96e-22
771.353851,2.81e-22
771.354001,3.23e-24
771.354044,2.67e-22
771.355736,2.44e-24
771.356376,1.97e-24
771.361322,2.52e-22
771.361454,2.66e-22
771.361671,2.8000000000000004e-22
771.363442,9.07e-25
771.363966,9.47e-25
771.370589,6.47e-24
771.374301,7.03e-24
771.378597,8.119999999999999e-24
771.385706,3.78e-25
771.387835,7.6e-25
771.390948,1.66e-25
771.391052,4.62e-25
771.393243,5.34e-25
771.397721,4.39e-25
771.406094,3.2489999999999998e-24
771.409452,6.399999999999998e-25
771.410648,1.35e-23
771.411256,6.03e-25
771.412219,1.34e-23
771.413686,1.34e-23
771.426066,2.22e-23
771.426203,2.26e-23
771.426373,2.21e-23
771.428803,2.21e-25
771.42897,2.02e-25
771.437537,3.419e-25
771.452978,6.987e-25
771.462802,3.503e-25
771.469567,6.57e-24
771.469612,4.77e-24
771.47008,9.07e-24
771.47197,6.3299999999999995e-25
771.472828,6.44e-25
771.47285,1.61e-23
771.474211,1.6000000000000002e-23
771.476038,1.5899999999999998e-23
771.481068,2.881e-23
771.493397,3.011e-23
771.505458,1.99e-23
771.505849,2.03e-23
771.506255,2.08e-23
771.507469,6.81e-24
771.508089,7.02e-24
771.510658,1.9e-23
771.510774,1.03e-25
771.512129,6.41e-24
771.513484,3.48e-23
771.514035,1.02e-25
771.515263,3.14e-23
771.515947,5.8799999999999995e-24
771.517318,1.74e-23
771.549856,1.74e-23
771.551917,3.14e-23
771.553467,4.0000000000000004e-23
771.556517,1.91e-23
771.559711,6.85e-24
771.639254,1.76e-25
771.639611,1.33e-25
771.641161,8.819999999999999e-23
771.641318,9.74e-23
771.643225,3.21e-25
771.643827,1.83e-22
771.645534,6.26e-25
771.64761,6.62e-25
771.648338,1.15e-22
771.649233,5.18e-24
771.649291,5.01e-24
771.649317,9.47e-23
771.649328,5.0999999999999995e-24
771.650194,1.14e-25
771.651225,4.82e-25
771.651349,8.26e-25
771.652258,9.57e-23
771.653256,1.14e-22
771.655044,7.34e-25
771.655485,6.05e-25
771.657272,2.12e-22
771.658402,2.63e-25
771.660257,9.76e-23
771.660433,8.809999999999999e-23
771.662289,1.55e-25
771.679039,5.0999999999999995e-24
771.679125,5.18e-24
771.679447,5.31e-24
771.688933,8.073e-25
771.759942,1.147e-24
771.83569,3.023e-23
771.85072,3.173e-23
771.859104,8.54e-25
771.859287,8.4e-25
771.859361,8.27e-25
771.879171,8.39e-25
771.879368,8.53e-25
771.87966,8.69e-25
771.931222,4.318e-23
771.940647,4.111e-23
771.977371,2.86e-25
771.978397,3.34e-25
771.978686,7.409999999999999e-23
771.979352,1.16e-25
771.979828,1.22e-22
771.981143,5.35e-25
771.981867,1.86e-22
771.983299,8.14e-25
771.985182,1.35e-22
771.986439,1.44e-25
771.988897,7.509999999999999e-23
771.990575,6.62e-25
771.992007,7.409999999999999e-23
771.993322,5.44e-25
771.99443,1.0099999999999999e-24
771.995745,1.33e-22
771.996411,7.13e-25
771.997851,9.9e-25
771.998517,2.19e-22
771.999818,2.51e-25
772.001075,1.23e-22
772.002241,7.429999999999999e-23
772.003498,1.5999999999999998e-25
772.065789,2.769e-24
772.075685,2.812e-24
772.187639,3.091e-23
772.20622,3.26e-23
772.304648,1.87e-25
772.304766,3.73e-25
772.305162,4.82e-23
772.306391,5.42e-25
772.307361,1.17e-22
772.307758,6.81e-25
772.309496,1.83e-22
772.310466,1.05e-24
772.311872,1.61e-22
772.312203,2.25e-25
772.314467,2.07e-25
772.314798,7.819999999999999e-23
772.321227,3.4e-24
772.321331,3.29e-24
772.321349,3.35e-24
772.324618,7e-25
772.325588,7.709999999999999e-23
772.325985,7.04e-25
772.328029,8.49e-25
772.328147,1.28e-24
772.328544,1.59e-22
772.330331,2.2e-22
772.330845,1.26e-24
772.332695,1.92e-25
772.333026,1.18e-22
772.335253,4.86e-23
772.335584,1.15e-25
772.354297,3.35e-24
772.354406,3.4e-24
772.354731,3.48e-24
772.369256,5.301000000000001e-25
772.397312,1.61e-22
772.397432,1.56e-22
772.397514,1.5100000000000001e-22
772.399642,1.41e-25
772.399663,1.66e-25
772.399744,1.67e-25
772.399861,1.4199999999999999e-25
772.400701,5.396e-25
772.402177,1.56e-22
772.402292,1.61e-22
772.402378,1.66e-22
772.403804,5.364e-24
772.452226,5.619e-24
772.528186,3.073e-23
772.551354,3.261e-23
772.56911,1.16e-25
772.599478,5.04e-25
772.600211,5.2e-25
772.602284,2.88e-22
772.602518,2.75e-22
772.602705,2.62e-22
772.611247,2.75e-25
772.611715,2.49e-22
772.611836,2.61e-22
772.612044,2.74e-22
772.612556,2.6e-23
772.613293,3.9e-25
772.613868,7.17e-25
772.614347,7.42e-25
772.615203,7.73e-25
772.615827,7.72e-25
772.61594,8.839999999999999e-23
772.618715,1.74e-22
772.618829,1.29e-24
772.619661,4.16e-25
772.620474,1.76e-22
772.622308,9.93e-23
772.623121,4.13e-25
772.641251,9.19e-25
772.641875,7.77e-25
772.641988,9.79e-23
772.642412,5.96e-25
772.642549,1.02e-24
772.643858,1.73e-22
772.644595,1.66e-24
772.644985,2.15e-22
772.645451,1.39e-25
772.646294,1.49e-24
772.647755,4.39e-25
772.648357,8.969999999999999e-23
772.649169,1.3e-25
772.651776,2.66e-23
772.65228,3.67e-25
772.65535,5.707e-24
772.698927,5.993e-24
772.788154,2.7999999999999998e-24
772.788471,3.12e-24
772.789819,3.5199999999999996e-24
772.798092,8.03e-25
772.802876,5.71e-25
772.809346,5.72e-25
772.81413,8.04e-25
772.82237,3.79e-24
772.823751,3.13e-24
772.824068,2.8099999999999998e-24
772.849156,2.963e-23
772.878243,3.167e-23
772.891639,3.85e-25
772.893467,1.3e-23
772.895207,2.96e-25
772.896134,8.57e-25
772.897874,4.7e-23
772.899401,1.05e-24
772.900609,1.41e-24
772.901484,1.66e-23
772.901693,7.71e-25
772.902135,1.61e-22
772.903351,2.8000000000000003e-23
772.903521,1.76e-22
772.90436,1.27e-22
772.905243,3.61e-23
772.906188,6.95e-25
772.907094,2.43e-25
772.908275,2.32e-23
772.911673,9.86e-24
772.929968,2.192e-24
772.932217,1.18e-24
772.93301,1.25e-24
772.933957,1.26e-22
772.934838,1.73e-22
772.935484,8.899999999999999e-25
772.935551,2.03e-22
772.936578,2.0299999999999998e-24
772.937379,1.71e-24
772.940443,4.85e-23
772.944892,1.37e-23
772.947433,2.48e-25
772.947648,9.86e-24
772.951045,2.32e-23
772.954108,4.18e-23
772.955971,2.82e-23
772.957836,1.66e-23
772.967384,1.42e-23
772.967779,1.3899999999999998e-23
772.967959,1.36e-23
772.987683,2.256e-24
773.032243,1.3899999999999998e-23
773.032638,1.42e-23
773.033113,1.4499999999999998e-23
773.083527,4.043e-25
773.095083,2.078e-23
773.095519,2.18e-24
773.095667,2.14e-24
773.095671,2.11e-24
773.098888,2.142e-23
773.116569,4.145e-25
773.131818,2.14e-24
773.13195,2.18e-24
773.132276,2.23e-24
773.138786,5.32e-25
773.140324,4.129e-23
773.140974,6.1599999999999995e-24
773.142996,2.756e-23
773.143328,1.68e-25
773.143645,9.68e-25
773.146,1.7699999999999998e-23
773.148606,1.39e-24
773.150352,1.41e-24
773.151262,3.947e-23
773.15166,1.25e-24
773.152958,1.4000000000000002e-22
773.15412,1.65e-22
773.154332,1.36e-22
773.155182,3.408e-25
773.156792,1.06e-24
773.156938,7.14e-25
773.179837,2.975e-23
773.189821,3.4670000000000003e-25
773.193001,1.48e-24
773.193433,1.5299999999999999e-24
773.195355,1.35e-22
773.195621,1.62e-22
773.196065,1.85e-22
773.197976,2.3e-24
773.198253,2e-24
773.199707,1.05e-24
773.203687,1.91e-23
773.205666,3.42e-24
773.205771,3.57e-24
773.206308,2.4e-25
773.207147,4.12e-24
773.208767,6.85e-24
773.211399,4.87e-25
773.217898,8.12e-25
773.220634,7.68e-25
773.222764,7.67e-25
773.225498,8.13e-25
773.236117,4.4499999999999995e-24
773.237627,3.57e-24
773.237731,3.42e-24
773.340486,3.03e-24
773.34491,9.19e-24
773.345771,7.44e-25
773.347436,9.82e-26
773.34824,2.6799999999999998e-24
773.349207,4.79e-25
773.350151,3.76e-23
773.350907,1.1399999999999999e-24
773.351252,3.87e-23
773.352086,3.04e-23
773.35356,5.5e-24
773.356039,1.37e-24
773.362271,1.8999999999999998e-24
773.362992,1.81e-24
773.36475,1.13e-22
773.36566,1.22e-22
773.365776,1.44e-22
773.368139,1.36e-24
773.368443,1.57e-24
773.377474,4.914e-25
773.394403,3.05e-23
773.395243,3.87e-23
773.396141,4.39e-23
773.397021,1.23e-25
773.397773,1.19e-25
773.40158,9.28e-24
773.402744,2.453e-23
773.406009,3.0599999999999998e-24
773.418912,1.87e-24
773.419052,1.92e-24
773.421521,1.4000000000000002e-22
773.421565,1.22e-22
773.421776,1.62e-22
773.424174,2.57e-24
773.424245,2.38e-24
773.430275,1.25e-24
773.433664,6.7e-24
773.436274,6.19e-25
773.439057,3.38e-24
773.441781,8.24e-25
773.450089,2.683e-23
773.504571,1.09e-24
773.507296,9.17e-25
773.509947,1.3999999999999999e-24
773.512731,1.32e-24
773.515052,1.44e-24
773.528252,2.65e-24
773.528577,2.6e-24
773.530573,8.13e-23
773.531228,9.42e-23
773.531532,1.15e-22
773.533549,2.21e-24
773.534183,2.31e-24
773.565815,3.58e-24
773.569342,2.02e-25
773.571427,2.61e-24
773.574192,3.01e-25
773.575482,1.62e-24
773.60072,1.73e-24
773.603741,1.19e-25
773.60633,1.82e-24
773.606844,2.47e-24
773.606985,2.4199999999999998e-24
773.60957,1.1e-22
773.609676,1.31e-22
773.609769,9.46e-23
773.611212,1.5999999999999999e-24
773.612354,3e-24
773.612401,2.9199999999999998e-24
773.621772,2.059e-23
773.62529,1.52e-24
773.628266,2.2899999999999998e-24
773.630851,1.12e-24
773.633806,1.64e-24
773.634686,5.6199999999999995e-24
773.634837,5.2099999999999996e-24
773.636127,6.589999999999999e-24
773.636637,1.3399999999999999e-24
773.63677,1.3e-23
773.637003,3.89e-24
773.637009,3.89e-24
773.637875,3.03e-23
773.63806,5.02e-24
773.639069,4.5000000000000003e-23
773.639592,5.74e-23
773.639959,5.33e-24
773.640072,7.78e-23
773.641651,3.55e-24
773.642661,3.58e-24
773.68421,2.296e-23
773.754217,2.32e-24
773.757312,3.26e-24
773.757802,3.1999999999999998e-24
773.759445,2.25e-24
773.760297,9.21e-23
773.760334,7.22e-23
773.760625,5.94e-23
773.763156,3.6499999999999996e-24
773.763318,3.68e-24
773.763657,1.75e-24
773.788481,1.81e-24
773.791064,8.73e-25
773.792839,1.581e-23
773.793595,1.7799999999999994e-24
773.794789,1.82e-23
773.794979,1.7799999999999998e-23
773.795074,1.74e-23
773.795822,4.8e-24
773.79633,4.73e-24
773.796664,8.49e-25
773.79814,2.5300000000000003e-23
773.798172,5.559999999999999e-23
773.798303,3.58e-23
773.799649,2.19e-24
773.800112,4.36e-24
773.800652,4.37e-24
773.813063,1.7799999999999998e-23
773.813229,1.82e-23
773.813433,1.86e-23
773.820473,4.346000000000001e-25
773.827733,4.13e-25
773.828397,4.23e-25
773.830491,2.74e-22
773.830709,2.63e-22
773.830889,2.52e-22
773.841297,2.4e-22
773.841411,2.51e-22
773.841608,2.63e-22
773.843476,5.64e-25
773.843916,5.8e-25
773.876447,4.68e-25
773.879256,1.817e-23
773.879423,1.06e-25
773.881731,3.58e-25
773.884712,3.71e-24
773.885881,3.57e-24
773.886288,3.04e-25
773.887973,4.08e-23
773.888239,2.56e-23
773.888647,1.83e-23
773.891004,3.79e-24
773.8915,3.98e-24
773.893858,3.734e-24
773.903766,1.025e-23
773.913453,1.2999999999999998e-24
773.91561,1.85e-24
773.917906,1.1e-25
773.918234,1.83e-24
773.92053,2.2899999999999998e-24
773.922738,1.84e-24
773.933134,3.12e-24
773.933239,3.01e-24
773.935342,6.24e-23
773.935517,9.36e-23
773.935863,7.35e-23
773.938071,2.35e-24
773.938141,2.49e-24
773.949291,1.41e-24
773.951225,6.57e-25
773.953582,2.11e-24
773.956771,7.17e-25
773.960033,3.24e-24
773.963477,3.66e-24
773.963752,3.57e-24
773.966155,3.89e-23
773.966225,4.97e-23
773.966574,6.85e-23
773.968628,4.0399999999999996e-24
773.969322,4.1699999999999996e-24
773.973258,1.38e-24
773.973439,1.35e-24
773.973474,1.3299999999999999e-24
774.000638,1.7799999999999994e-24
774.00261,8.46e-25
774.005083,1.95e-24
774.007432,9.4e-25
774.010529,2.59e-24
774.012366,1.36e-24
774.012519,1.38e-24
774.012845,1.3999999999999999e-24
774.022495,2.9890000000000003e-25
774.036109,1.242e-23
774.037343,2.6699999999999998e-24
774.037745,2.77e-24
774.039639,7.37e-23
774.039902,8.789999999999999e-23
774.040639,1.1e-22
774.042198,3.599999999999999e-24
774.042797,3.5199999999999996e-24
774.052242,1.5899999999999999e-24
774.054972,3.9099999999999996e-24
774.0572,5.935e-24
774.057531,9.7e-25
774.059809,3.0699999999999998e-24
774.062703,1.29e-24
774.066036,7.103e-24
774.073083,3.643e-25
774.08215,8.37e-25
774.08319,1.81e-23
774.084452,7.81e-25
774.085839,1.99e-24
774.087101,3.85e-23
774.089099,2.14e-24
774.0895,2.61e-24
774.091346,1.37e-24
774.091497,9.4e-23
774.092599,1.09e-22
774.093995,6.949999999999999e-23
774.095247,1.0099999999999999e-24
774.096394,3.86e-25
774.109911,6.247e-24
774.166296,1.75e-24
774.167558,6.729999999999999e-23
774.167844,2.08e-24
774.168885,1.0300000000000001e-22
774.169555,1.2699999999999999e-24
774.170147,3.4099999999999995e-24
774.170609,1.4100000000000001e-22
774.170977,5.184e-24
774.171649,3.2099999999999997e-24
774.174452,4.16e-23
774.175704,3.21e-25
774.178293,1.96e-23
774.181057,2.59e-25
774.210636,1.287e-23
774.244363,4.295e-25
774.250056,9.007e-24
774.279559,1.29e-24
774.280846,9.64e-23
774.281319,1.5399999999999999e-24
774.282209,1.11e-22
774.283496,2.1599999999999998e-24
774.283696,5.71e-25
774.283852,1.2e-22
774.284742,2.1599999999999998e-24
774.288715,5.31e-23
774.290009,2.48e-25
774.29266,2.21e-23
774.293596,4.073e-25
774.301308,1.37e-22
774.301412,1.33e-22
774.301483,1.29e-22
774.303416,1.08e-25
774.303629,1.09e-25
774.303644,1.25e-25
774.303721,1.26e-25
774.305942,1.33e-22
774.306045,1.37e-22
774.30612,1.4100000000000001e-22
774.325122,1.5099999999999998e-23
774.33365,3.861e-23
774.338635,1.02e-24
774.339525,2.05e-23
774.340812,5.59e-25
774.342124,2e-24
774.343412,5.01e-23
774.344403,2.933e-25
774.345792,3.704e-23
774.346072,2.37e-24
774.346262,1.6099999999999997e-24
774.348681,1.05e-24
774.348922,1.64e-22
774.349976,1.13e-22
774.351281,9.66e-23
774.352575,6.02e-25
774.353941,2.08e-25
774.373184,1.7619999999999998e-23
774.435522,1.4649999999999999e-24
774.458884,1.988e-23
774.461354,2.128e-24
774.480277,5.69e-25
774.480468,5.6e-25
774.480568,5.51e-25
774.483195,4.911e-25
774.4932,6.199e-24
774.494775,5.46e-25
774.495151,5.55e-25
774.495575,5.65e-25
774.512936,1.04e-24
774.514095,1.11e-24
774.514942,1.44e-22
774.515576,1.3800000000000001e-22
774.516752,1.3800000000000001e-22
774.517583,1.5499999999999998e-24
774.518233,1.52e-24
774.522899,4.23e-24
774.522912,4.36e-24
774.524156,4.78e-24
774.524219,3.96e-25
774.527928,2.16e-23
774.53258,1.25e-23
774.535237,1.64e-25
774.538023,6.75e-25
774.539683,6.77e-25
774.54299,6.76e-25
774.543256,6.544e-24
774.544648,6.76e-25
774.55545,8.21e-25
774.55693,1.16e-23
774.558479,5.17e-24
774.558932,9.66e-24
774.558937,1.65e-25
774.559336,9.45e-24
774.559527,1.2999999999999998e-24
774.559534,9.26e-24
774.55976,4.37e-24
774.559773,4.24e-24
774.561533,2.03e-23
774.564093,1.37e-24
774.564964,5.01e-24
774.56769,7.133e-25
774.568925,1.4399999999999997e-23
774.570395,1.13e-25
774.57081,1.26e-24
774.571923,1.0999999999999998e-24
774.572755,2.133e-23
774.573078,3.84e-23
774.573369,1.78e-22
774.573935,1.39e-22
774.574342,3.78e-23
774.574519,1.43e-22
774.575651,2.62e-23
774.576531,7.26e-25
774.577078,5.89e-25
774.615362,1.02e-24
774.624293,2.63e-23
774.625141,9.44e-24
774.625542,9.63e-24
774.625602,3.79e-23
774.625997,9.86e-24
774.626877,4.52e-23
774.626914,1.35e-25
774.628157,1.38e-25
774.631019,1.4499999999999998e-23
774.634979,5.0599999999999996e-24
774.639085,1.5399999999999999e-24
774.642968,2.35e-23
774.78826,7.67e-25
774.78916,7.949999999999999e-25
774.790444,1.6000000000000002e-22
774.790876,1.5000000000000002e-22
774.791961,1.49e-22
774.793059,1.0999999999999998e-24
774.793677,1.11e-24
774.806189,2.71e-25
774.809483,1.47e-23
774.813714,5.613000000000001e-25
774.814104,2.393e-23
774.814287,1.11e-23
774.817088,1.76e-25
774.818512,6.78e-25
774.820228,1.0399999999999998e-23
774.822806,9.4e-25
774.824989,1.3899999999999998e-23
774.827433,8.85e-25
774.840734,9.95e-25
774.841451,9.27e-25
774.843178,1.85e-22
774.843639,1.5000000000000002e-22
774.844028,1.58e-22
774.846217,6.42e-25
774.846473,6.0099999999999995e-25
774.848502,5.761e-25
774.874936,2.596e-23
774.960014,8.28e-25
774.960385,8.14e-25
774.96062,8.02e-25
774.982921,1.742e-23
774.986333,1.7929999999999998e-23
774.99581,8.33e-25
774.995985,8.45e-25
774.996296,8.62e-25
775.04109,3.3299999999999998e-25
775.041697,3.4e-25
775.043809,2.5600000000000003e-22
775.04401,2.46e-22
775.044182,2.36e-22
775.055686,2.26e-22
775.055793,2.36e-22
775.055978,2.45e-22
775.057454,4.75e-24
775.057626,4.86e-24
775.057885,4.43e-25
775.058288,4.53e-25
775.058897,5.53e-24
775.069242,1.0999999999999998e-24
775.074124,8.33e-25
775.07562,8.33e-25
775.080503,1.0999999999999998e-24
775.090728,6e-24
775.092118,4.87e-24
775.092292,4.76e-24
775.095556,3.67e-25
775.099151,2.543e-23
775.100787,2.89e-25
775.105364,2.48e-25
775.106705,5.46e-25
775.107416,5.44e-25
775.108955,1.62e-22
775.109263,1.5100000000000001e-22
775.110429,1.5400000000000001e-22
775.111513,7.9e-25
775.112276,8.27e-25
775.127266,5.8e-25
775.129113,1.28e-23
775.130885,1.75e-25
775.131637,7.25e-25
775.133887,1.3299999999999998e-23
775.133977,1.3899999999999998e-23
775.136177,6.13e-25
775.138789,1.34e-23
775.139039,1.38e-24
775.141802,1.5999999999999998e-25
775.144019,3.2099999999999997e-24
775.150848,1.3e-25
775.151876,1.2e-25
775.153501,3.92e-23
775.153934,2.727e-23
775.154242,4.27e-23
775.154524,3.84e-23
775.155817,7.9799999999999985e-25
775.156385,7.62e-25
775.158106,1.85e-22
775.158639,1.5100000000000001e-22
775.158909,1.61e-22
775.161163,5.24e-25
775.161198,5.21e-25
775.205606,3.85e-23
775.205893,4.2799999999999993e-23
775.206454,4.6599999999999993e-23
775.208225,1.58e-25
775.208471,1.5e-25
775.216112,3.26e-24
775.221097,1.41e-24
775.229156,6.577000000000001e-25
775.260451,6.756e-25
775.287257,7.899999999999999e-24
775.289341,1.5399999999999999e-24
775.291027,1.22e-24
775.293111,3.82e-24
775.294401,1.5499999999999998e-24
775.295445,1.35e-24
775.296735,2.0199999999999998e-24
775.419002,5.819999999999999e-23
775.419891,2.16e-23
775.421086,1.67e-23
775.42118,1.68e-23
775.422376,2.0199999999999998e-24
775.428929,2.588e-23
775.468892,3.61e-25
775.469351,3.2e-25
775.471173,1.5400000000000001e-22
775.471282,1.39e-22
775.472778,1.52e-22
775.473564,5.48e-25
775.474709,6.2e-25
775.479687,2.752e-23
775.481633,5.34e-25
775.483563,2.19e-23
775.485924,5.89e-25
775.488205,1.67e-23
775.490246,4.34e-25
775.50203,1.7099999999999998e-23
775.506707,2.25e-23
775.510134,1.35e-25
775.516093,6.5e-25
775.516702,6.31e-25
775.516934,3.533e-23
775.518133,1.79e-22
775.518988,1.39e-22
775.519063,1.53e-22
775.521103,4.28e-25
775.521349,4.08e-25
775.529999,3.4e-23
775.539922,9.912e-25
775.603796,4.87e-25
775.606154,1.15e-23
775.607566,1.14e-23
775.609415,9.38e-23
775.6099,3.51e-23
775.609923,5.889999999999999e-23
775.681616,6.027e-24
775.722746,6.355e-24
775.780901,6.728e-24
775.804108,2.54e-23
775.852169,2.682e-23
775.875118,1.87e-25
775.876855,9.64e-23
775.877416,1.33e-22
775.879153,2.98e-25
775.879458,1.46e-22
775.881448,4.66e-25
775.882122,5.56e-25
775.884112,5.62e-23
775.885821,5.18e-25
775.88641,1.78e-25
775.888119,2.9e-23
775.889643,3.07e-25
775.890427,1.105e-23
775.913995,2.94e-23
775.918034,5.68e-23
775.921812,5.3999999999999985e-25
775.922628,1.1e-25
775.922989,5.06e-25
775.923336,1.69e-22
775.924698,1.32e-22
775.925292,9.61e-23
775.926222,3.41e-25
775.927001,2.91e-25
776.029382,5.099999999999998e-25
776.029565,5.02e-25
776.029589,4.96e-25
776.080974,5.0299999999999995e-25
776.081165,5.099999999999998e-25
776.081501,5.2e-25
776.161846,1.4000000000000002e-23
776.162032,1.37e-23
776.162131,1.34e-23
776.172109,5e-24
776.17459,4.56e-25
776.175636,1.7e-25
776.177686,1.15e-22
776.177775,1.1200000000000001e-22
776.177834,1.08e-22
776.178117,3.71e-24
776.179641,1.3799999999999998e-23
776.179808,1.41e-23
776.179926,4.92e-25
776.179997,1.4399999999999997e-23
776.180882,2.46e-25
776.182005,1.1200000000000001e-22
776.182096,1.15e-22
776.18216,1.18e-22
776.182692,2.76e-24
776.20825,6.4899999999999996e-24
776.208658,6.3599999999999996e-24
776.208868,6.2299999999999996e-24
776.225178,2.413e-23
776.235492,1.58e-24
776.2404,3.5199999999999996e-24
776.243337,2.5e-23
776.243461,4.24e-23
776.244169,6.729999999999999e-23
776.245121,2.65e-25
776.24527,7.62e-24
776.245678,2.7e-25
776.246649,7.5e-24
776.247191,1.48e-25
776.247808,2.33e-22
776.247992,2.25e-22
776.248153,2.17e-22
776.248198,1.36e-25
776.248459,2.95e-25
776.249817,3.94e-23
776.250487,4.29e-23
776.250848,3.83e-23
776.259589,5.67e-24
776.259787,5.76e-24
776.260477,2.08e-22
776.260577,2.16e-22
776.260749,2.25e-22
776.260947,6.3599999999999996e-24
776.26269,3.44e-25
776.263059,3.5e-25
776.271462,2.535e-23
776.272294,1.05e-24
776.276352,6.34e-24
776.276755,6.47e-24
776.277192,6.62e-24
776.277225,7.79e-25
776.279622,1.0099999999999999e-24
776.281061,7.78e-25
776.285992,1.05e-24
776.296951,6.509e-24
776.297298,6.909999999999999e-24
776.298499,5.7699999999999995e-24
776.298698,5.68e-24
776.30533,2.85e-25
776.308956,3.86e-23
776.309317,4.3e-23
776.309981,4.73e-23
776.310511,2.3e-25
776.311575,1.79e-25
776.311916,1.7e-25
776.3151,2e-25
776.319404,3.59e-24
776.324311,1.6099999999999997e-24
776.324814,2.83e-23
776.327377,7.989999999999999e-23
776.33028,4.78e-25
776.330806,1.35e-22
776.332034,4.92e-25
776.332314,1.13e-22
776.33284,3.4899999999999998e-25
776.334342,6.819999999999999e-23
776.334418,2.15e-25
776.334622,2.85e-25
776.352491,1.035e-24
776.354539,6.916e-24
776.369348,1.03e-25
776.369603,6.85e-23
776.37166,1.14e-22
776.371915,1.26e-25
776.373745,4.28e-25
776.37382,1.55e-22
776.376568,7.919999999999999e-23
776.376644,2.66e-25
776.376848,2.89e-25
776.37888,1.49e-25
776.378897,1.3399999999999999e-25
776.37916,2.8000000000000003e-23
776.38137,6.2699999999999995e-24
776.382424,6.21e-24
776.384467,9.3e-23
776.384897,6.81e-23
776.38519,4.95e-23
776.433531,6.76e-25
776.462554,1.11e-25
776.463502,1.05e-25
776.489208,1.05e-25
776.4901,1.17e-25
776.506916,7.822e-24
776.547986,7.633e-25
776.584767,7.846000000000001e-25
776.661091,1.168e-23
776.692512,2.228e-23
776.695707,3.166e-23
776.709445,3.054e-23
776.737683,2.3300000000000002e-23
776.815971,6.88e-24
776.820086,2.24e-23
776.824621,1.49e-25
776.82559,3.22e-25
776.825832,3.7e-25
776.827069,1.22e-22
776.827658,1.2e-22
776.828144,1.1e-22
776.829137,2.59e-25
776.829971,2.49e-25
776.840158,1.43e-23
776.843107,1.469e-23
776.850619,1.605e-24
776.866115,1.44e-25
776.867918,1.1e-22
776.868431,1.21e-22
776.869678,1.3800000000000001e-22
776.870235,1.73e-25
776.872214,1.632e-24
776.872453,2.04e-25
776.873201,2.48e-25
776.875976,2.21e-23
776.877802,1.55e-25
776.880119,6.75e-24
776.884754,5.66e-24
776.885268,6.34e-24
776.88658,7.29e-24
776.893598,2.04e-24
776.898254,1.15e-24
776.907847,6.58e-25
776.909808,1.15e-24
776.913022,1.18e-24
776.914466,2.04e-24
776.921374,7.94e-24
776.922794,6.3599999999999996e-24
776.92331,5.67e-24
776.9257,1.68e-25
776.926268,1.64e-25
776.928297,3.93e-23
776.928832,4.4099999999999993e-23
776.928916,4.08e-23
776.989178,4.1e-23
776.989267,4.42e-23
776.98964,4.78e-23
776.991793,1.93e-25
776.991886,1.86e-25
777.005072,1.22e-24
777.010252,6.81e-25
777.081217,8.846e-25
777.115606,9.099e-25
777.122651,3.74e-25
777.122835,3.68e-25
777.122898,3.62e-25
777.140241,1.4e-25
777.141565,1.25e-25
777.151179,3.68e-25
777.151343,3.74e-25
777.151603,3.8e-25
777.161696,3.33e-24
777.164285,1.78e-25
777.16524,1.25e-25
777.166477,1.48e-25
777.167032,3.1e-24
777.169092,2.04e-25
777.171495,2.61e-24
777.205651,7.57e-23
777.20589,5.559999999999999e-23
777.205977,4.0199999999999993e-23
777.206384,2.002e-23
777.20795,4.35e-24
777.20824,4.28e-24
777.212297,3.03e-25
777.212503,2.99e-25
777.212551,2.94e-25
777.250939,2.086e-23
777.265731,2.98e-25
777.265939,3.03e-25
777.266269,3.08e-25
777.318288,4.13e-24
777.318505,4.08e-24
777.320908,5.98e-23
777.321036,7.579999999999999e-23
777.321273,9.63e-23
777.35197,2.3e-24
777.356552,5.9699999999999996e-24
777.357362,2.8e-25
777.36027,9.89e-26
777.362243,3.53e-25
777.366377,2.41e-25
777.366571,2.1899999999999998e-25
777.368396,1.07e-22
777.368666,1.09e-22
777.368692,1.1e-22
777.370491,1.9e-25
777.370981,1.89e-25
777.397285,6.557e-24
777.407236,1.02e-25
777.407705,1.28e-25
777.409972,1.1e-22
777.410023,1.09e-22
777.410954,1.2e-22
777.41229,1.5e-25
777.41369,1.56e-25
777.419376,1.39e-25
777.422111,5.85e-24
777.426719,2.24e-24
777.429652,4.75e-25
777.445182,2.09e-25
777.445696,2.11e-25
777.447841,2.08e-22
777.448009,2.01e-22
777.448159,1.95e-22
777.461056,1.88e-22
777.461148,1.94e-22
777.461306,2.01e-22
777.462434,6.994e-24
777.463279,2.65e-25
777.463615,2.69e-25
777.473193,9.423e-24
777.511141,2.2e-25
777.516277,1.81e-25
777.520871,1.5999999999999998e-25
777.598969,1.259e-23
777.766973,1.755e-23
777.811294,1.822e-23
777.83586,2.37e-24
777.841504,2.35e-24
777.846535,2.13e-24
777.874392,5.3e-23
777.874766,6.729999999999999e-23
777.875102,2.778e-23
777.875211,8.489999999999999e-23
777.876974,3.01e-24
777.877835,3.01e-24
777.889297,2.686e-23
777.907664,4.2999999999999996e-24
777.908072,4.21e-24
777.908291,4.13e-24
777.910739,6.09e-25
777.915884,1.02e-24
777.93001,1.9e-25
777.93048,1.86e-25
777.932579,3.86e-23
777.933011,4.37e-23
777.933128,4.03e-23
777.933198,9.57e-25
777.937932,2.08e-24
777.952518,1.63e-25
777.952841,1.53e-25
777.954833,9.66e-23
777.954837,9.17e-23
777.954957,9.41e-23
777.956954,1.4e-25
777.957272,1.4e-25
777.960151,3.0799999999999997e-24
777.960613,3.04e-24
777.963046,1.04e-22
777.963172,8.509999999999999e-23
777.963436,7.03e-23
777.977612,4.2e-24
777.978015,4.29e-24
777.978436,4.38e-24
777.993875,3.62e-25
777.994522,1.02e-25
777.996825,6.589999999999999e-24
777.996841,9.42e-23
777.996941,9.65e-23
777.997365,7.339999999999999e-24
777.997625,1.02e-22
777.998635,8.28e-24
777.99926,1.15e-25
777.999503,3.51e-25
778.000328,1.16e-25
778.000596,4.06e-23
778.000712,4.39e-23
778.001118,4.75e-23
778.003209,2.15e-25
778.003353,2.09e-25
778.00582,2.18e-24
778.010484,1.19e-24
778.013842,2.0299999999999998e-24
778.01784,1.06e-24
778.0186,9.27e-25
778.022984,6.34e-25
778.024062,9.37e-23
778.024136,9.12e-23
778.024183,8.879999999999999e-23
778.025495,1.19e-24
778.02805,9.13e-23
778.028129,9.37e-23
778.028184,9.62e-23
778.03016,2.18e-24
778.0373,9.03e-24
778.038614,7.35e-24
778.039155,6.6e-24
778.047521,6.723e-25
778.071465,6.5709999999999996e-24
778.098977,3.505e-25
778.119484,6.851e-25
778.135951,1.106e-23
778.138153,7.039e-24
778.232743,1.388e-23
778.238862,1.08e-25
778.241364,1.74e-25
778.24341,1.35e-25
778.268326,1.35e-25
778.270316,1.84e-25
778.272875,1.08e-25
778.284522,1.017e-24
778.323566,1.046e-24
778.374355,1.5019999999999998e-23
778.418743,1.555e-23
778.521692,1.06e-23
778.521871,1.0399999999999998e-23
778.521969,1.02e-23
778.539566,1.0399999999999998e-23
778.539731,1.06e-23
778.539907,1.08e-23
778.559627,4.51e-25
778.564424,8.75e-25
778.583863,1.11e-25
778.584231,1.07e-25
778.586177,8.15e-23
778.58633,7.689999999999999e-23
778.586366,7.91e-23
778.588464,1.01e-25
778.58868,1.01e-25
778.628872,7.91e-23
778.629037,8.139999999999999e-23
778.629574,8.5e-23
778.646227,1.63e-25
778.646703,1.64e-25
778.648862,1.82e-22
778.649013,1.77e-22
778.649152,1.71e-22
778.65079,8.48e-25
778.651002,3.23e-25
778.655611,4.35e-25
778.656244,4.74e-25
778.662406,1.66e-22
778.66249,1.71e-22
778.662634,1.76e-22
778.664636,2.01e-25
778.664942,2.04e-25
778.665091,1.15e-23
778.667558,1.18e-23
778.676343,2.15e-25
778.676654,2.13e-25
778.678883,3.74e-23
778.679292,4.31e-23
778.679299,3.99e-23
778.690463,5.16e-24
778.69174,7.55e-24
778.693377,9.37e-24
778.697316,4.79e-24
778.701263,2.11e-24
778.717953,1.68e-25
778.723047,1.4199999999999999e-25
778.723498,2.11e-24
778.727447,4.79e-24
778.727642,1.26e-25
778.731286,1.03e-23
778.733021,7.57e-24
778.734299,5.17e-24
778.75054,4.0199999999999993e-23
778.750551,4.33e-23
778.750811,4.6800000000000006e-23
778.753149,2.34e-25
778.753213,2.29e-25
778.773595,5.02e-25
778.778842,3.44e-25
778.908923,1.165e-24
778.94652,1.2e-24
778.967511,1.61e-25
778.969454,2.18e-25
778.972649,1.29e-25
778.989737,1.7999999999999997e-24
778.991895,1.57e-24
778.994468,1.3e-25
778.994545,2.25e-24
778.996841,2.08e-24
778.997581,2.31e-25
778.999162,2.26e-24
778.999606,1.61e-25
779.011766,6.259999999999999e-23
779.011801,8.989999999999999e-23
779.012174,7.379999999999999e-23
779.014452,1.82e-24
779.014495,1.7e-24
779.02849,1.256e-23
779.059679,2.388e-23
779.073187,1.298e-23
779.074151,2.313e-23
779.077866,6.479e-24
779.091583,2.2899999999999998e-24
779.092011,2.36e-24
779.093879,7.539999999999999e-23
779.094168,8.949999999999999e-23
779.094842,1.08e-22
779.109212,2.86e-24
779.114075,2.1499999999999998e-24
779.15219,6.977e-24
779.228051,1.19e-24
779.231055,2.29e-25
779.235882,4.11e-25
779.247057,1.215e-24
779.262447,6.68e-23
779.262669,6.48e-23
779.262685,6.3e-23
779.282373,1.226e-23
779.305925,6.48e-23
779.306124,6.669999999999999e-23
779.306576,6.929999999999999e-23
779.332689,3.9799999999999998e-25
779.337539,2.21e-25
779.372645,1.475e-23
779.412873,1.42e-24
779.415598,6.54e-25
779.418247,1.66e-24
779.421031,1.02e-24
779.42343,1.69e-24
779.438951,7.39e-23
779.439527,8.569999999999999e-23
779.439834,1.01e-22
779.441926,1.57e-24
779.442482,1.65e-24
779.498567,1.97e-24
779.498704,1.95e-24
779.501293,1.01e-22
779.501332,1.17e-22
779.501488,8.719999999999999e-23
779.519984,1.44e-24
779.525528,9.56e-25
779.5877,2.63e-25
779.592914,3.59e-25
779.616062,2.42e-25
779.616281,2.4e-25
779.618571,3.57e-23
779.61889,4.16e-23
779.618923,3.83e-23
779.648706,2.7999999999999998e-24
779.649112,2.74e-24
779.649334,2.69e-24
779.695099,1.388e-23
779.698174,3.87e-23
779.698207,4.19e-23
779.698476,4.5399999999999993e-23
779.700778,2.58e-25
779.700889,2.54e-25
779.720332,2.74e-24
779.720733,2.7899999999999998e-24
779.721138,2.85e-24
779.724183,3.86e-25
779.729214,1.028e-23
779.729397,2.8399999999999998e-25
779.73275,5.44e-24
779.734207,8.37e-24
779.73592,1.06e-23
779.739528,5.76e-24
779.743313,2.49e-24
779.763356,1.6239999999999998e-23
779.769874,2.49e-24
779.77366,5.76e-24
779.774417,1.06e-23
779.77722,1.16e-23
779.77898,8.39e-24
779.780438,5.46e-24
779.781261,2.41e-25
779.781446,2.37e-25
779.781518,2.34e-25
779.809337,2.38e-25
779.809507,2.41e-25
779.809755,2.45e-25
779.821159,6.326e-24
779.838857,7.52e-23
779.838913,7.33e-23
779.838947,7.149999999999999e-23
779.842608,7.339999999999999e-23
779.842676,7.529999999999999e-23
779.842723,7.72e-23
779.852629,1.24e-25
779.853072,1.26e-25
779.855243,1.57e-22
779.855379,1.53e-22
779.855506,1.48e-22
779.858508,4.39e-25
779.868941,1.43e-22
779.869017,1.48e-22
779.869146,1.52e-22
779.871174,1.53e-25
779.871451,1.54e-25
779.899353,6.852e-24
779.930147,1.28e-25
779.931265,4.467e-25
779.935202,1.09e-25
779.947139,1.23e-25
779.95198,2.06e-25
779.983286,5.34e-23
779.983528,5.1899999999999993e-23
779.98358,5.049999999999999e-23
780.015034,1.7e-25
780.015838,2.23e-25
780.017428,2.71e-25
780.021775,1.325e-24
780.022451,1.07e-25
780.027666,5.1899999999999993e-23
780.027884,5.34e-23
780.028281,5.519999999999999e-23
780.042931,1.07e-25
780.047898,2.88e-25
780.049545,2.23e-25
780.050349,1.7e-25
780.05919,2e-25
780.063383,1.366e-24
780.064054,1.19e-25
780.253275,2.011e-23
780.267888,1.952e-23
780.371623,1.58e-25
780.376883,1.97e-25
780.406417,2.71e-25
780.40656,2.69e-25
780.408893,3.34e-23
780.409198,3.63e-23
780.409226,3.97e-23
780.456804,9.059e-24
780.45884,9.287e-24
780.476222,8.233e-24
780.476622,2.75e-24
780.479496,6.98e-24
780.482134,1.18e-23
780.484053,9.82e-24
780.486431,5.1899999999999996e-24
780.494761,3.99e-23
780.494785,3.68e-23
780.494946,4.35e-23
780.497383,2.81e-25
780.497465,2.79e-25
780.51917,5.1899999999999996e-24
780.521548,9.83e-24
780.522097,8.476e-24
780.523377,1.3e-23
780.526105,7.01e-24
780.5271,2.2e-25
780.52898,2.75e-24
780.532364,1.75e-25
780.546943,2.9e-25
780.546996,2.95e-25
780.547051,3e-25
780.548672,3.05e-25
780.548697,3e-25
780.548751,2.95e-25
780.712246,1.09e-25
780.715481,1.501e-24
780.748211,4.2e-23
780.748464,4.08e-23
780.748542,3.97e-23
780.756458,1.5499999999999998e-24
780.761601,6.069999999999999e-24
780.782559,2.51e-25
780.782982,2.87e-25
780.784404,3.36e-25
780.793619,4.08e-23
780.793848,4.19e-23
780.794207,4.32e-23
780.814458,3.56e-25
780.815957,2.88e-25
780.81638,2.52e-25
780.829814,1.06e-25
780.846132,1.15e-24
780.847172,1.4399999999999997e-23
780.848356,6.62e-24
780.84984,2.09e-24
780.851101,3.17e-23
780.85358,2.5e-24
780.855578,7.96e-23
780.85658,9.02e-23
780.857996,5.96e-23
780.859248,5.47e-25
780.860474,1.28e-25
780.868922,7.819999999999999e-24
780.869094,7.66e-24
780.86919,7.509999999999999e-24
780.880766,4.9e-25
780.880818,4.82e-25
780.880883,4.75e-25
780.880985,4.67e-25
780.881041,4.74e-25
780.881107,4.82e-25
780.886872,7.68e-24
780.887032,7.83e-24
780.887195,7.989999999999999e-24
780.917844,1.37e-24
780.919106,5.929999999999999e-23
780.919413,1.5999999999999999e-24
780.920453,8.93e-23
780.922136,1.18e-22
780.926,3.35e-23
780.927252,2.3e-25
780.928644,9.46e-25
780.929862,1.53e-23
780.931113,1.81e-24
780.933763,1.26e-24
780.936416,3.98e-24
780.938949,1.4599999999999999e-24
780.94766,9.1e-23
780.948516,9.87e-23
780.948649,1.14e-22
780.951049,8.35e-25
780.951299,1.0099999999999999e-24
780.99108,1.41e-24
780.99121,1.43e-24
780.993679,1.14e-22
780.993732,9.95e-23
780.99387,1.29e-22
781.005832,4.51e-24
781.011215,2.12e-24
781.070644,1.32e-22
781.070767,1.29e-22
781.070882,1.2500000000000001e-22
781.084372,1.21e-22
781.084438,1.2500000000000001e-22
781.084553,1.2800000000000001e-22
781.086606,1.14e-25
781.086854,1.15e-25
781.130193,1.4549999999999998e-23
781.19614,1.6289999999999998e-23
781.202232,1.665e-23
781.246895,1.836e-23
781.262708,1.17e-25
781.267938,1.37e-25
781.269057,6.459999999999999e-24
781.279932,7.72e-25
781.280008,7.6e-25
781.280083,7.47e-25
781.281754,7.34e-25
781.281811,7.46e-25
781.281889,7.59e-25
781.30237,3.01e-25
781.302436,3e-25
781.304809,3.05e-23
781.305067,3.35e-23
781.305077,3.69e-23
781.315747,6.641e-24
781.400696,3.72e-23
781.400704,3.4099999999999995e-23
781.400882,4.08e-23
781.403294,3.07e-25
781.403423,3.05e-25
781.422721,1.79e-24
781.423121,1.7599999999999998e-24
781.423346,1.73e-24
781.437833,1.59e-25
781.443065,1.35e-25
781.458917,1.66e-23
781.465274,2.37e-24
781.468602,6.64e-24
781.471733,1.31e-23
781.473342,1.1699999999999998e-23
781.473585,1.613e-23
781.475273,6.909999999999999e-24
781.495828,1.7599999999999998e-24
781.496225,1.79e-24
781.496614,1.82e-24
781.512551,6.92e-24
781.514483,1.1699999999999998e-23
781.516042,1.4499999999999998e-23
781.519222,6.66e-24
781.522551,2.37e-24
781.549692,5.733e-24
781.556589,3.22e-23
781.55685,3.13e-23
781.556945,3.05e-23
781.588059,8.665e-25
781.603176,3.14e-23
781.603411,3.22e-23
781.603741,3.31e-23
781.606231,8.844e-25
781.621122,5.909999999999999e-23
781.621156,5.77e-23
781.62117,5.629999999999999e-23
781.624996,5.779999999999999e-23
781.625055,5.92e-23
781.625094,6.059999999999999e-23
781.643268,6.305e-24
781.737779,1.2e-24
781.73788,1.18e-24
781.737964,1.16e-24
781.740839,1.1399999999999999e-24
781.740898,1.16e-24
781.740985,1.18e-24
781.758451,1.6889999999999998e-24
781.788667,3.42e-25
781.788869,3.66e-25
781.790173,4.14e-25
781.802966,1.745e-24
781.822278,4.4e-25
781.823638,3.67e-25
781.82384,3.42e-25
782.107105,4.968e-24
782.118354,3.3299999999999998e-25
782.118371,3.32e-25
782.12075,2.72e-23
782.120994,3.0199999999999995e-23
782.121046,3.36e-23
782.154743,5.101e-24
782.215062,6.996e-24
782.216818,7.166e-24
782.226919,3.4e-23
782.226964,3.08e-23
782.227052,3.75e-23
782.229544,3.32e-25
782.22967,3.31e-25
782.245288,1.81e-24
782.245411,1.7799999999999994e-24
782.245503,1.74e-24
782.245651,1.1399999999999999e-24
782.249202,1.71e-24
782.249264,1.74e-24
782.249359,1.7699999999999998e-24
782.250023,3.46e-24
782.255368,1.4499999999999998e-23
782.256393,1.4399999999999997e-23
782.257285,1.16e-23
782.271548,9.82e-26
782.297925,1.09e-22
782.298035,1.06e-22
782.298138,1.0300000000000001e-22
782.298404,1.16e-23
782.299297,1.4399999999999997e-23
782.300238,1.61e-23
782.305666,3.48e-24
782.310039,1.15e-24
782.311634,9.97e-23
782.31169,1.0300000000000001e-22
782.311788,1.06e-22
782.389742,6.62e-25
782.391931,3.99e-24
782.394571,1.0099999999999999e-24
782.396925,1.2299999999999998e-23
782.399582,1.3399999999999999e-24
782.403934,1.05e-22
782.405077,1.23e-22
782.405257,1.0300000000000001e-22
782.407629,2.42e-23
782.407717,6.3e-25
782.407895,2.36e-23
782.407914,3.71e-25
782.408004,2.3e-23
782.435925,1.07e-24
782.436334,1.0999999999999998e-24
782.43828,1.04e-22
782.438522,1.23e-22
782.438893,1.39e-22
782.445372,5.297e-24
782.446612,1.29e-23
782.451668,4.31e-24
782.455615,2.36e-23
782.45585,2.42e-23
782.456157,2.49e-23
782.503765,1.892e-24
782.548361,1.957e-24
782.549797,5.883e-24
782.58533,4.36e-25
782.585379,4.49e-25
782.586675,5.06e-25
782.618709,5.39e-25
782.620078,4.49e-25
782.620126,4.37e-25
782.642797,1.821e-23
782.678777,1.3429999999999998e-23
782.681409,2.006e-23
782.693487,1.307e-23
782.743146,7.24e-23
782.74453,8.449999999999999e-23
782.745818,1.81e-24
782.745997,7.72e-25
782.746247,9.19e-23
782.747137,1.69e-24
782.751015,4.16e-23
782.754981,1.79e-23
782.757588,1.81e-25
782.792931,2.7e-24
782.793071,2.65e-24
782.793171,2.6e-24
782.793886,1.73e-23
782.795173,4.19e-25
782.7973,2.5499999999999998e-24
782.797365,2.6e-24
782.797469,2.65e-24
782.797794,4.06e-23
782.800644,1.17e-24
782.803042,7.47e-25
782.803276,1.26e-22
782.804336,8.6e-23
782.805662,7.319999999999999e-23
782.985027,3.63e-25
782.985074,3.64e-25
782.987419,2.3300000000000002e-23
782.987636,2.63e-23
782.987682,2.96e-23
782.989586,3.746e-24
783.026137,1.623e-23
783.038305,3.842e-24
783.087578,1.805e-23
783.108069,3e-23
783.108107,2.7e-23
783.108197,3.35e-23
783.110674,3.56e-25
783.110847,3.56e-25
783.193819,9.1e-25
783.198114,5.68e-24
783.198277,5.57e-24
783.198369,5.4699999999999996e-24
783.19846,2.5399999999999998e-24
783.205217,1.6000000000000002e-23
783.206067,1.62e-23
783.206694,1.4000000000000002e-23
783.216026,5.5799999999999996e-24
783.21618,5.69e-24
783.216331,5.8e-24
783.221139,1.1399999999999999e-24
783.221531,1.12e-24
783.221755,1.0999999999999998e-24
783.251549,1.4000000000000002e-23
783.252178,1.62e-23
783.252976,1.7699999999999998e-23
783.259429,4.776e-24
783.259784,2.56e-24
783.264426,9.17e-25
783.295546,1.12e-24
783.295938,1.1399999999999999e-24
783.296313,1.16e-24
783.300384,1.7799999999999998e-23
783.300653,1.74e-23
783.300771,1.7e-23
783.350216,1.74e-23
783.350443,1.7799999999999998e-23
783.350726,1.83e-23
783.369681,4.34e-23
783.36972,4.44e-23
783.369738,4.5500000000000006e-23
783.370822,3.95e-24
783.370977,3.88e-24
783.371082,3.81e-24
783.375091,5.37e-24
783.375215,4.47e-23
783.375242,3.73e-24
783.375264,4.57e-23
783.375299,4.6699999999999993e-23
783.375312,3.7999999999999995e-24
783.375423,3.88e-24
783.49349,2.105e-24
783.539113,8.769999999999999e-23
783.539212,8.549999999999999e-23
783.539304,8.329999999999999e-23
783.541312,2.18e-24
783.552921,8.11e-23
783.552962,8.319999999999999e-23
783.553041,8.529999999999999e-23
783.557864,5.5e-25
783.55792,5.46e-25
783.559152,6.18e-25
783.593021,6.58e-25
783.594309,5.47e-25
783.594365,5.51e-25
783.656942,4.132e-25
783.662831,4.055e-25
783.798846,4.7e-25
783.800674,8.02e-24
783.80329,8.25e-25
783.80503,3.1e-23
783.807831,1.23e-24
783.809357,1.15e-22
783.810728,1.27e-22
783.811516,9.34e-23
783.812015,3.91e-25
783.812101,3.92e-25
783.813344,3.78e-25
783.81438,1.91e-23
783.814604,2.19e-23
783.814688,2.51e-23
783.832642,8.42e-25
783.833391,8.74e-25
783.834382,9.32e-23
783.835219,1.27e-22
783.835835,1.46e-22
783.840867,3.18e-23
783.845273,8.33e-24
783.91311,1.77e-25
783.914195,1.065e-23
783.915551,2.771e-24
783.918276,1.75e-25
783.922977,1.76e-25
783.925122,6.196e-25
783.929044,1.037e-23
783.940131,5.295e-24
783.941945,5.422e-24
783.942739,6.3220000000000005e-25
783.95269,2.55e-23
783.952758,2.26e-23
783.952781,2.8799999999999995e-23
783.955306,3.76e-25
783.955498,3.76e-25
783.965503,2.839e-24
783.968908,5.68e-24
783.96907,5.56e-24
783.969182,5.46e-24
783.972971,5.35e-24
783.973048,5.4499999999999996e-24
783.973165,5.56e-24
784.00031,5.31e-25
784.005271,1.26e-24
784.015268,1.73e-23
784.015906,1.81e-23
784.016215,1.67e-23
784.036782,1.959e-23
784.06329,1.68e-23
784.0636,1.82e-23
784.06416,1.94e-23
784.066265,2.126e-23
784.074234,1.2699999999999999e-24
784.079196,5.3599999999999995e-25
784.12506,4.165e-24
784.175397,1.83e-25
784.180077,1.8e-25
784.185152,1.76e-25
784.233745,1.3e-23
784.234015,1.27e-23
784.234134,1.24e-23
784.256492,4.758e-24
784.264586,6.042e-25
784.27019,5.926000000000001e-25
784.276309,2.33e-24
784.286998,1.27e-23
784.287184,1.3e-23
784.28742,1.3299999999999998e-23
784.324849,2.416e-24
784.376247,6.48e-25
784.376437,6.6499999999999995e-25
784.377658,7.5e-25
784.388377,1.35e-25
784.393281,1.02e-25
784.396195,1.02e-25
784.4011,1.35e-25
784.411749,7.9999999999999985e-25
784.413039,6.6599999999999995e-25
784.41323,6.49e-25
784.577162,8.029999999999999e-24
784.577323,7.859999999999999e-24
784.577442,7.71e-24
784.580463,7.54e-24
784.580551,7.7e-24
784.580676,7.859999999999999e-24
784.656977,4.1e-25
784.657113,4.11e-25
784.659307,1.47e-23
784.659533,1.7099999999999998e-23
784.659633,2.0000000000000002e-23
784.687979,1.0300000000000001e-22
784.688639,9.93e-23
784.689893,9.97e-23
784.690646,1.1399999999999999e-24
784.691374,1.0999999999999998e-24
784.697256,5.35e-25
784.700965,1.6499999999999998e-23
784.703631,1.59e-25
784.705644,9.84e-24
784.708378,2.89e-25
784.724722,9.47e-24
784.726729,1.23e-25
784.72935,1.6000000000000002e-23
784.738627,8.799999999999999e-25
784.739714,7.71e-25
784.741167,1.29e-22
784.741727,9.97e-23
784.742336,1.0300000000000001e-22
784.795427,6.94e-23
784.795517,6.779999999999999e-23
784.795599,6.619999999999999e-23
784.81017,6.429999999999999e-23
784.810175,6.59e-23
784.810215,6.749999999999999e-23
784.822439,2.05e-23
784.822514,1.79e-23
784.82252,2.35e-23
784.825035,3.87e-25
784.82528,3.88e-25
784.883882,2.011e-24
784.891011,8.681e-25
784.895932,8.508e-25
784.918433,4.24e-25
784.923485,8.92e-25
784.935282,2.058e-24
784.935698,1.88e-23
784.936234,1.99e-23
784.936453,1.86e-23
784.950026,3.48e-24
784.976597,1.724e-23
784.986743,1.87e-23
784.986963,1.99e-23
784.987444,2.11e-23
784.999711,9.01e-25
785.004764,4.28e-25
785.031547,1.881e-23
785.035667,7.09e-25
785.036049,6.97e-25
785.036269,6.85e-25
785.050684,2.25e-23
785.052507,2.35e-23
785.054248,2.4700000000000003e-23
785.093805,3.38e-23
785.093845,3.45e-23
785.093904,3.53e-23
785.100771,4.058e-24
785.111273,6.96e-25
785.111657,7.08e-25
785.112018,7.2e-25
785.157453,3.25e-25
785.158762,1.5199999999999998e-23
785.16132,6.71e-25
785.162057,5.55e-23
785.162439,2.44e-24
785.164956,1.21e-22
785.16507,1.03e-24
785.165519,2.5499999999999998e-24
785.165736,8.278e-24
785.16668,1.24e-22
785.168191,2.6599999999999998e-24
785.168425,7.429999999999999e-23
785.169237,2.02e-25
785.18109,8.069e-24
785.18117,6.83e-25
785.181339,1.0399999999999998e-23
785.181907,7.4e-23
785.182385,7.21e-25
785.183694,1.24e-22
785.184211,1.01e-23
785.184675,1.49e-22
785.1858,1.12e-23
785.185947,1.09e-23
785.186075,1.0699999999999998e-23
785.187798,9.79e-24
785.187945,1.05e-23
785.18805,1.0699999999999998e-23
785.188184,1.09e-23
785.188275,5.629999999999999e-23
785.191611,1.55e-23
785.204397,1.25e-25
785.206684,9.14e-24
785.206829,8.82e-24
785.206894,8.98e-24
785.226041,2.562e-24
785.277646,2.659e-24
785.295988,6.97e-24
785.297223,6.57e-24
785.298846,6.31e-24
785.322517,7.639999999999999e-25
785.322824,8.05e-25
785.324041,9.05e-25
785.333328,1.81e-25
785.33817,1.21e-25
785.345737,1.21e-25
785.35058,1.81e-25
785.359812,9.67e-25
785.361084,8.07e-25
785.361391,7.649999999999999e-25
785.37919,2.041e-23
785.401416,2.19e-23
785.480106,4.09e-25
785.480263,4.1e-25
785.482335,9.97e-24
785.482603,1.21e-23
785.482764,1.4599999999999998e-23
785.503936,4.0599999999999995e-24
785.504089,3.99e-24
785.504177,3.92e-24
785.521681,4e-24
785.521827,4.07e-24
785.521966,4.15e-24
785.525961,1.226e-24
785.529804,1.2e-24
785.632453,3.926e-24
785.63514,4.0239999999999996e-24
785.680653,1.5199999999999998e-23
785.680701,1.7699999999999998e-23
785.680764,1.3e-23
785.683245,3.8e-25
785.683531,3.81e-25
785.742714,2.85e-25
785.747866,5.29e-25
785.763713,2.03e-23
785.764154,2.17e-23
785.764275,2.06e-23
785.785496,1.53e-23
785.785611,1.49e-23
785.785753,1.4599999999999998e-23
785.786107,1.43e-23
785.786237,1.4599999999999998e-23
785.786386,1.49e-23
785.792965,2.732e-24
785.816655,2.06e-23
785.816776,2.17e-23
785.817144,2.28e-23
785.833063,5.3599999999999995e-25
785.838216,2.89e-25
785.893297,1.433e-24
785.946513,1.4649999999999999e-24
785.970872,3.278e-24
786.033577,1.17e-25
786.034593,1.31e-25
786.035321,2.801e-24
786.044133,3.36e-23
786.045223,3.32e-23
786.046455,3.34e-23
786.061571,8.65e-25
786.061975,8.08e-25
786.067345,5.389999999999999e-23
786.067505,5.25e-23
786.067573,5.13e-23
786.088235,2.912e-24
786.138397,2.72e-25
786.141574,1.89e-23
786.143167,2.81e-25
786.145133,1.73e-23
786.148233,2.92e-25
786.148715,1.6000000000000002e-23
786.156697,8.33e-25
786.157252,9.439999999999999e-25
786.158575,1.09e-24
786.159468,1.701e-24
786.161849,1.664e-24
786.165411,3.05e-25
786.170042,1.68e-25
786.183419,1.68e-25
786.18805,3.06e-25
786.194821,1.17e-24
786.196209,9.46e-25
786.196765,8.33e-25
786.216995,6.44e-24
786.217274,6.3e-24
786.217438,6.17e-24
786.233911,4.3520000000000005e-25
786.250995,4.437e-25
786.26185,6.199999999999999e-24
786.262125,6.329999999999999e-24
786.262385,6.459999999999999e-24
786.296491,3.69e-25
786.296644,3.69e-25
786.298524,5.64e-24
786.298868,7.15e-24
786.299123,9.03e-24
786.366317,1.9e-23
786.366487,1.94e-23
786.366663,1.99e-23
786.3676,2.04e-23
786.36765,1.99e-23
786.367819,1.94e-23
786.43329,6.314e-24
786.450658,6.135e-24
786.466638,2.04e-25
786.467152,2.55e-23
786.469146,6.579999999999999e-23
786.469542,4.91e-25
786.471603,1.24e-22
786.472573,7.8e-25
786.473861,1.15e-22
786.476583,6.6e-23
786.481427,6.55e-23
786.481824,5.85e-25
786.48367,6.16e-25
786.484184,1.14e-22
786.48571,1.49e-22
786.488533,1.14e-25
786.488864,6.63e-23
786.490894,2.58e-23
786.55296,9.62e-24
786.552982,1.1699999999999998e-23
786.553111,7.96e-24
786.555527,3.37e-25
786.555878,3.38e-25
786.612993,1.9489999999999998e-24
786.638782,2.28e-25
786.643966,3.91e-25
786.662664,2.17e-23
786.663041,2.3300000000000002e-23
786.663128,2.22e-23
786.67094,2.067e-23
786.687156,2.198e-23
786.690734,1.09e-22
786.691198,1.0300000000000001e-22
786.69237,1.0300000000000001e-22
786.693381,7.6e-25
786.694087,7.59e-25
786.70648,3.71e-25
786.709774,1.09e-23
786.712421,1.67e-25
786.714609,8.53e-24
786.717247,8.26e-24
786.717498,2.73e-25
786.718652,2.23e-23
786.71874,2.3400000000000003e-23
786.719061,2.4600000000000002e-23
786.722036,1.06e-23
786.737782,6.84e-25
786.737815,3.9799999999999998e-25
786.73847,6.399999999999998e-25
786.740218,1.29e-22
786.740658,1.04e-22
786.741076,1.09e-22
786.742999,2.32e-25
786.781869,2.5e-23
786.781904,2.56e-23
786.781913,2.61e-23
786.782072,2.32e-24
786.782622,2.268e-24
786.78816,2.5300000000000003e-23
786.788208,2.4700000000000003e-23
786.78825,2.42e-23
786.829543,2.436e-24
786.858378,4.36e-25
786.858743,4.28e-25
786.858953,4.22e-25
786.902312,1.19e-25
786.907166,1.13e-25
786.911702,1.09e-25
786.920829,2.5e-23
786.921064,2.56e-23
786.921296,2.62e-23
786.924266,2.62e-23
786.92434,2.69e-23
786.924491,2.56e-23
786.935321,4.28e-25
786.935697,4.35e-25
786.936044,4.43e-25
786.942354,1.002e-24
786.955438,3.041e-24
786.987605,1.756e-23
786.9982,1.023e-24
787.011404,3.166e-24
787.038584,1.891e-23
787.072713,2.47e-25
787.072714,2.47e-25
787.074234,2.0199999999999998e-24
787.074785,2.7899999999999998e-24
787.075312,3.81e-24
787.082344,8.87e-25
787.083173,1.0999999999999998e-24
787.084612,1.31e-24
787.089978,4.75e-25
787.094361,2.3e-25
787.112746,2.3e-25
787.117129,4.75e-25
787.12244,1.3999999999999999e-24
787.123934,1.11e-24
787.124763,8.88e-25
787.263971,4.42e-24
787.264248,4.33e-24
787.264407,4.24e-24
787.291435,2.836e-24
787.297662,2.9299999999999998e-24
787.312737,4.2999999999999996e-24
787.313019,4.39e-24
787.313288,4.48e-24
787.354701,4.11e-23
787.354764,4.0199999999999993e-23
787.354828,3.93e-23
787.36344,3.83e-23
787.363504,3.91e-23
787.363589,4.0000000000000004e-23
787.383405,3.038e-24
787.385035,3.111e-24
787.42469,1.17e-24
787.427928,1.46e-25
787.43287,4.87e-25
787.433809,5.4e-24
787.433847,4.28e-24
787.434089,3.37e-24
787.436387,2.26e-25
787.436797,2.27e-25
787.442963,3.23e-23
787.443314,3.3e-23
787.443677,3.35e-23
787.448683,3.35e-23
787.44901,3.49e-23
787.449038,3.3e-23
787.45949,4.78e-25
787.464424,1.4199999999999999e-25
787.474442,1.67e-25
787.479665,2.63e-25
787.502281,2.31e-23
787.50261,2.5e-23
787.502657,2.38e-23
787.56063,2.39e-23
787.560678,2.5e-23
787.560936,2.62e-23
787.583623,2.69e-25
787.588846,1.71e-25
787.637506,1.426e-24
787.703203,1.561e-24
787.71619,4.724e-24
787.726594,3.12e-23
787.727015,4.36e-23
787.72833,2.14e-25
787.730177,1.23e-22
787.731609,5.79e-25
787.73309,1.06e-22
787.734273,8.6e-23
787.735588,5.95e-25
787.736083,8.659999999999999e-23
787.737297,1.06e-22
787.737963,5.55e-25
787.739486,1.45e-22
787.742084,1.3399999999999999e-25
787.743341,4.38e-23
787.743793,3.14e-23
787.769673,3.193e-24
787.78128,2.85e-24
787.781421,2.7999999999999998e-24
787.781502,2.75e-24
787.782692,3.282e-24
787.798751,2.7999999999999998e-24
787.798889,2.85e-24
787.799017,2.9e-24
787.840548,3.423e-24
787.91295,2.039e-23
787.916126,7.319999999999999e-25
787.920626,2.98e-24
787.924036,2.154e-23
787.927258,7.629999999999999e-25
787.927269,4.1e-23
787.927849,4.14e-23
787.928565,4.03e-23
787.928732,1.2099999999999999e-24
787.930488,1.5499999999999998e-24
787.933996,8.59e-25
787.93521,4.03e-23
787.935918,4.14e-23
787.936131,4.45e-23
787.937753,3.81e-25
787.943149,2.96e-24
787.947641,7.22e-25
787.956413,4e-24
787.960548,4.1e-24
787.961811,3.81e-25
787.965569,8.59e-25
787.969015,1.67e-24
787.970833,1.2099999999999999e-24
787.972307,7.639999999999999e-25
788.02946,6.886000000000001e-25
788.09058,6.983e-25
788.190667,4.715e-25
788.24548,1.16e-25
788.250617,1.13e-25
788.255394,1.11e-25
788.345619,2.97e-24
788.345895,2.9199999999999998e-24
788.346056,2.86e-24
788.354422,1.36e-25
788.359656,2e-25
788.362447,3.9e-24
788.365823,1.47e-23
788.369635,5.1e-23
788.370765,4.86e-23
788.372486,3.94e-23
788.379078,3.95e-23
788.380792,4.87e-23
788.38157,5.559999999999999e-23
788.385724,2.43e-23
788.385741,1.47e-23
788.38601,2.64e-23
788.386044,2.52e-23
788.38911,3.88e-24
788.396347,2.9e-24
788.396626,2.96e-24
788.396889,3.02e-24
788.440612,1.82e-23
788.440641,1.86e-23
788.44065,1.89e-23
788.444661,1.85e-23
788.444709,1.81e-23
788.444749,1.7799999999999998e-23
788.447355,2.5300000000000003e-23
788.447389,2.65e-23
788.447616,2.78e-23
788.473743,2.05e-25
788.478978,1.39e-25
788.494976,5.176e-24
788.501917,5.311e-24
788.509426,3.001e-25
788.525945,3.059e-25
788.58701,7.088e-25
788.65681,3.07e-23
788.656868,3e-23
788.656924,2.94e-23
788.66625,2.87e-23
788.666303,2.93e-23
788.666374,3e-23
788.681012,2.63e-25
788.681171,3.517e-24
788.681337,2.59e-25
788.681511,2.54e-25
788.742218,3.674e-24
788.75827,1.07e-22
788.758615,9.95e-23
788.759874,1.0300000000000001e-22
788.76069,2.59e-25
788.760865,5.22e-25
788.761057,2.63e-25
788.761393,2.6799999999999998e-25
788.761721,5.43e-25
788.763505,1.95e-23
788.765001,3.6e-23
788.767365,6.24e-23
788.768042,1.07e-25
788.770071,4.48e-23
788.771033,1.15e-25
788.773509,3.04e-23
788.776801,3.05e-23
788.776843,9.58e-24
788.780199,2.49e-25
788.780232,4.5000000000000003e-23
788.781651,9.53e-24
788.782605,6.839999999999999e-23
788.783292,9.75e-24
788.78531,3.59e-23
788.785887,1.25e-25
788.786798,1.94e-23
788.788141,9.81e-24
788.791247,2.31e-25
788.80358,5.3999999999999985e-25
788.804114,5.24e-25
788.805882,1.24e-22
788.806369,9.97e-23
788.806673,1.07e-22
788.836375,6.17e-25
788.838566,1.2699999999999999e-24
788.840728,1.83e-24
788.843219,1.31e-24
788.846273,6.11e-25
788.875297,6.12e-25
788.878351,1.31e-24
788.880788,1.96e-24
788.883004,1.2699999999999999e-24
788.885195,6.18e-25
788.899026,1.715e-24
788.935333,6.5499999999999995e-24
788.937495,1.53e-23
788.941651,1.2e-22
788.942833,1.19e-22
788.943359,4.31e-25
788.944417,1.14e-25
788.94446,1.16e-22
788.944672,1.17e-22
788.94474,5.66e-25
788.946272,1.19e-22
788.946689,5.06e-25
788.946764,1.3800000000000001e-22
788.951637,1.53e-23
788.951917,1.02e-25
788.953772,6.54e-24
788.993692,6.5789999999999996e-24
789.003715,6.759e-24
789.013337,3.468e-24
789.01959,3.362e-24
789.065516,1.7229999999999998e-23
789.106227,1.964e-23
789.108464,3.372e-25
789.112832,2.064e-23
789.114229,1.838e-23
789.116993,4.8100000000000006e-23
789.117254,5.25e-23
789.119173,7.48e-23
789.121096,1.06e-25
789.123613,1.2e-25
789.125535,2.91e-23
789.127479,2.74e-23
789.127605,1.39e-25
789.129955,2.73e-23
789.131723,1.13e-25
789.131892,2.93e-23
789.136176,1.08e-25
789.137944,8.249999999999999e-23
789.140181,5.24e-23
789.140434,4.8100000000000006e-23
789.152887,4.648000000000001e-25
789.196673,1.04e-25
789.201924,1.45e-25
789.232267,2.54e-23
789.232526,2.78e-23
789.232541,2.65e-23
789.241439,4.057e-25
789.296856,2.66e-23
789.29687,2.79e-23
789.297059,2.93e-23
789.327472,1.5e-25
789.332724,1.08e-25
789.423163,6.2e-23
789.423476,6.83e-23
789.425131,8.78e-23
789.425608,1.22e-25
789.426898,1.47e-25
789.431767,3.23e-23
789.434992,1.29e-25
789.436317,2.2700000000000003e-23
789.436758,2.25e-23
789.439183,1.75e-25
789.441316,3.21e-23
789.443395,1.65e-25
789.445579,1.37e-25
789.447658,9.75e-23
789.448542,8.211e-24
789.4496,6.83e-23
789.449919,6.2e-23
789.460156,1.97e-24
789.460431,1.93e-24
789.460593,1.8899999999999998e-24
789.461899,8.447e-24
789.512357,1.92e-24
789.512634,1.96e-24
789.51289,2e-24
789.520014,3.742e-24
789.583559,3.918e-24
789.683423,1.11e-25
789.684081,6.149999999999999e-23
789.684937,8.059999999999999e-23
789.686539,1.01e-22
789.686646,1.75e-25
789.687971,3.86e-25
789.688053,2.02e-25
789.691235,1.0999999999999998e-24
789.691274,4.77e-23
789.694322,2.1599999999999998e-24
789.69552,2.44e-23
789.695943,1.88e-24
789.697933,1.12e-24
789.702837,1.49e-25
789.704351,2.42e-23
789.706894,2.33e-25
789.708603,4.73e-23
789.710817,1.73e-25
789.710858,2.42e-25
789.713071,1.13e-22
789.713253,9.97e-26
789.714934,8.069999999999999e-23
789.715796,6.14e-23
789.731733,1.12e-24
789.733723,1.88e-24
789.735284,2.32e-24
789.738431,1.0999999999999998e-24
789.741695,3.87e-25
789.856949,1.006e-23
789.873876,1.036e-23
789.901225,1.23e-25
789.90207,4.57e-23
789.902801,1.64e-25
789.903838,8.329999999999999e-23
789.904683,2.21e-25
789.905745,1.14e-22
789.906782,2.78e-25
789.908711,7.789999999999999e-23
789.912139,3.51e-23
789.929384,1.77e-25
789.930421,3.48e-23
789.931266,1.47e-25
789.933011,3.26e-25
789.933856,7.729999999999999e-23
789.934215,2.22e-25
789.936222,3.43e-25
789.936581,1.29e-22
789.938722,8.339999999999999e-23
789.940497,4.57e-23
789.972588,2.24e-23
789.972639,2.2e-23
789.972688,2.16e-23
789.981961,2.11e-23
789.982005,2.15e-23
789.982065,2.2e-23
790.025365,1.96e-24
790.025493,1.93e-24
790.025565,1.8899999999999998e-24
790.042541,1.93e-24
790.04267,1.96e-24
790.042787,2e-24
790.070142,1.12e-25
790.071613,1.31e-23
790.071636,1.3299999999999998e-23
790.071642,1.36e-23
790.07534,1.3299999999999998e-23
790.075379,1.3e-23
790.075412,1.28e-23
790.079867,2.3400000000000003e-23
790.080418,1.22e-25
790.082501,2.38e-25
790.083053,6.66e-23
790.083091,2.28e-25
790.085885,3.6e-25
790.085923,1.2500000000000001e-22
790.087078,1.13e-25
790.08766,1.14e-22
790.089713,6.38e-23
790.090295,1.02e-25
790.095866,2.44e-25
790.099922,5.0299999999999995e-25
790.104578,2.64e-23
790.104808,2.9e-23
790.104816,2.7599999999999995e-23
790.106595,1.3e-25
790.107143,1.13e-22
790.107553,1.18e-22
790.10798,1.23e-22
790.108399,1.23e-22
790.108527,1.29e-22
790.108802,1.18e-22
790.109032,3.23e-25
790.109806,4.11e-25
790.11205,3.52e-25
790.116456,4.95e-25
790.117316,2.41e-25
790.117867,6.339999999999999e-23
790.117906,2.16e-25
790.119002,2.85e-25
790.119926,1.13e-22
790.120478,4.67e-25
790.120489,2.37e-25
790.121448,1.43e-22
790.122372,4.32e-25
790.124527,6.689999999999999e-23
790.12772,2.35e-23
790.172891,2.78e-23
790.1729,2.91e-23
790.173067,3.06e-23
790.207565,1.17e-25
790.21777,1.209e-23
790.219495,1.1e-25
790.221127,1.02e-23
790.223772,2.46e-25
790.22555,3.1499999999999995e-23
790.228077,3.1e-25
790.2283,3.82e-25
790.230082,2.42e-25
790.230827,1.34e-22
790.231893,1.3800000000000001e-22
790.232727,1.09e-22
790.234538,2.06e-25
790.238497,1.248e-23
790.251919,1.85e-23
790.254547,1.936e-23
790.26807,3.42e-25
790.269056,3.63e-25
790.269848,1.09e-22
790.270688,1.37e-22
790.271562,1.55e-22
790.272375,2.65e-25
790.272466,5.9e-25
790.273194,5.02e-25
790.277025,3.19e-23
790.281454,1.0399999999999998e-23
790.288684,1.66e-24
790.293858,1.29e-24
790.297862,9.47e-25
790.32332,2.499e-24
790.328023,1.5e-25
790.33004,4.51e-24
790.332184,2.441e-24
790.332689,2.66e-25
790.33502,1.08e-23
790.337704,3.61e-25
790.34185,4.12e-25
790.342877,3.84e-25
790.344534,1.39e-22
790.345243,1.5100000000000001e-22
790.345526,1.36e-22
790.347892,3.27e-25
790.34821,2.55e-25
790.388057,4.5e-25
790.388661,4.6e-25
790.390389,1.36e-22
790.390677,1.5000000000000002e-22
790.390678,1.38e-24
790.391217,1.64e-22
790.393009,6.56e-25
790.393233,5.86e-25
790.396042,1.18e-24
790.397218,3.27e-25
790.400463,9.53e-25
790.400894,1.11e-23
790.402851,3.953e-24
790.403515,1.13e-25
790.405881,4.68e-24
790.408437,1.5999999999999998e-25
790.408472,2e-25
790.410719,2.1e-24
790.413369,3.03e-25
790.415896,3.85e-24
790.418521,3.6499999999999998e-25
790.428574,5.41e-25
790.429141,5.28e-25
790.4312,1.4100000000000001e-22
790.431705,1.57e-22
790.43179,1.46e-22
790.434354,4.68e-25
790.434416,4.27e-25
790.446629,1.12e-24
790.452021,1.02e-24
790.45666,8.75e-25
790.464501,2.66e-25
790.466903,1.0099999999999999e-24
790.46955,3.57e-25
790.469895,4.147e-24
790.472148,1.51e-24
790.474717,3.97e-25
790.47722,9.2e-25
790.481114,2.6e-24
790.481365,2.5499999999999998e-24
790.481925,5.75e-25
790.482296,5.81e-25
790.482606,8.83e-25
790.482886,1.36e-23
790.483185,1.9e-23
790.483605,2.97e-23
790.484452,1.45e-22
790.484544,1.56e-22
790.484707,2.52e-24
790.484896,1.6700000000000001e-22
790.485676,2.56e-24
790.48707,7.399999999999998e-25
790.487143,6.96e-25
790.487393,7.9e-25
790.492247,7.07e-25
790.492555,7e-25
790.494816,1.37e-22
790.495193,1.57e-22
790.495203,1.45e-22
790.49713,4.02e-25
790.497772,6.16e-25
790.497841,6.41e-25
790.499126,3.54e-25
790.500346,4.11e-24
790.501645,4.75e-25
790.502965,2.31e-25
790.504155,7.68e-25
790.504287,4.32e-25
790.505529,2.27e-24
790.506908,6.06e-25
790.508129,2.56e-25
790.509025,6.49e-25
790.509418,4.53e-25
790.509504,7.71e-25
790.514161,4.75e-25
790.514352,6.77e-25
790.51438,7.11e-25
790.51678,2.02e-25
790.519312,6.43e-25
790.519412,5.34e-25
790.522037,2.24e-25
790.524475,5.33e-25
790.531235,1.423e-23
790.532103,5.52e-25
790.534753,1.28e-25
790.534776,2.71e-24
790.535079,2.69e-24
790.536443,9.2e-25
790.536581,9.16e-25
790.536734,1.469e-24
790.536959,3.06e-23
790.537152,3.91e-23
790.537374,5.29e-23
790.537376,6e-25
790.538952,1.27e-22
790.539033,2.65e-24
790.539223,1.37e-22
790.539247,1.5000000000000002e-22
790.53975,2.6599999999999998e-24
790.53998,1.31e-25
790.541733,8.45e-25
790.54189,8.59e-25
790.542376,5.84e-25
790.542767,1.28e-25
790.543232,1.28e-25
790.543621,1.29e-25
790.547393,4.09e-25
790.549934,3.45e-25
790.552571,4.81e-25
790.554262,7.28e-25
790.554474,7.3299999999999985e-25
790.555169,4.11e-25
790.555998,1.4729999999999998e-23
790.55686,1.45e-22
790.556876,1.55e-22
790.557115,1.6700000000000001e-22
790.557116,3.06e-25
790.557645,4.92e-25
790.559473,8.65e-25
790.559517,8.39e-25
790.559528,8.21e-25
790.560169,1.359e-24
790.560959,2.4199999999999998e-24
790.561231,2.4199999999999998e-24
790.562173,3.96e-25
790.563303,4.74e-23
790.563455,5.74e-23
790.56359,7.229999999999999e-23
790.563981,1.2099999999999999e-24
790.563989,1.2e-24
790.564745,1.1399999999999999e-24
790.56541,2.29e-25
790.565527,2.37e-24
790.566087,2.37e-24
790.566419,1.1200000000000001e-22
790.56662,1.23e-22
790.566664,1.37e-22
790.567285,4.29e-25
790.567646,1.95e-24
790.569059,1.1399999999999999e-24
790.569296,1.15e-24
790.570294,3.39e-25
790.571217,2.11e-24
790.571434,2.11e-24
790.572791,3.32e-24
790.573628,6.29e-23
790.573773,7.39e-23
790.573876,8.9e-23
790.575333,1.71e-25
790.575388,3.96e-25
790.575967,2.06e-24
790.576168,1.5899999999999999e-24
790.576275,1.5899999999999999e-24
790.576431,2.05e-24
790.576959,4.95e-25
790.577269,5.199999999999999e-24
790.578619,9.01e-23
790.578778,1.02e-22
790.578842,1.17e-22
790.579915,1.72e-24
790.579917,3.08e-25
790.581122,1.5299999999999999e-24
790.581289,1.55e-25
790.581451,1.5299999999999999e-24
790.581653,1.58e-25
790.581872,1.5999999999999998e-25
790.582175,1.19e-23
790.582528,3.59e-25
790.582792,1.82e-24
790.582961,1.82e-24
790.584002,2.6799999999999998e-25
790.584829,4.11e-25
790.585166,1.17e-24
790.58524,7.72e-23
790.585381,8.849999999999999e-23
790.585447,1.04e-22
790.586918,6.18e-25
790.587387,6.05e-25
790.58766,1.7699999999999998e-24
790.587807,3.75e-25
790.587893,8.06e-25
790.588004,8.4e-25
790.588036,1.7699999999999998e-24
790.588109,7.9999999999999985e-25
790.588966,4.72e-25
790.589264,1.38e-24
790.589325,1.38e-24
790.589511,1.27e-25
790.589514,1.39e-22
790.589602,1.05e-24
790.589661,1.05e-24
790.589917,1.57e-22
790.589975,4.36e-25
790.590035,1.45e-22
790.590433,1.33e-22
790.590719,1.5400000000000001e-22
790.590754,1.42e-22
790.590791,1.7e-23
790.59162,1.4000000000000002e-22
790.591721,1.02e-22
790.591887,1.13e-22
790.591919,1.2800000000000001e-22
790.592078,1.2e-22
790.592103,1.26e-25
790.592263,1.53e-22
790.592299,1.31e-22
790.592303,1.44e-22
790.592325,2.5299999999999998e-24
790.592566,5.3599999999999995e-25
790.592623,1.37e-22
790.592632,4.97e-25
790.593294,7.16e-25
790.593364,7.37e-25
790.593436,3.17e-25
790.593517,2.39e-24
790.594283,1.32e-24
790.594542,1.32e-24
790.594749,4.95e-23
790.594775,9.79e-25
790.594776,1.75e-24
790.594911,3.6499999999999998e-25
790.59494,9.89e-25
790.595277,2.85e-25
790.596218,3.57e-25
790.597463,4.8e-25
790.598829,2.34e-25
790.598933,1.37e-22
790.600169,1.35e-22
790.601475,9.39e-23
790.602814,1.97e-25
790.605699,1.29e-24
790.605972,1.26e-24
790.606135,1.24e-24
790.609072,1.98e-25
790.609547,9.18e-25
790.609632,9.22e-25
790.60985,5.75e-23
790.610852,2.65e-25
790.61171,9.85e-23
790.612151,1.48e-22
790.612168,1.37e-22
790.612315,1.61e-22
790.612488,3.51e-25
790.61364,1.29e-22
790.614498,4.13e-25
790.614772,1.04e-24
790.614834,1.03e-24
790.616642,8.4e-23
790.620032,3.64e-23
790.632417,1.75e-24
790.633676,2.39e-24
790.634038,1.72e-25
790.634815,2.72e-24
790.635087,1.92e-25
790.636006,9.51e-23
790.636658,1.06e-22
790.637971,1.19e-22
790.638626,2.89e-25
790.639189,8.42e-25
790.639542,2.96e-25
790.641505,5e-25
790.641702,6.07e-25
790.642188,5.15e-25
790.64293,3.64e-25
790.643191,2.69e-25
790.643763,1.36e-22
790.644124,1.5100000000000001e-22
790.644242,9.33e-23
790.644268,4.07e-25
790.644483,7.9e-25
790.644756,3.4099999999999995e-23
790.644765,1.66e-22
790.645548,1.34e-22
790.645712,2.89e-25
790.646382,7.41e-25
790.64645,6.44e-25
790.646701,6.6499999999999995e-25
790.646798,1.59e-22
790.646831,6.52e-25
790.64686,6.76e-25
790.647088,5.04e-25
790.648078,5.95e-25
790.648948,1.45e-22
790.649066,1.56e-22
790.649322,1.75e-23
790.64945,1.6700000000000001e-22
790.649754,6.24e-25
790.65005,2.33e-25
790.650554,3.58e-25
790.650908,3.6e-23
790.650968,5e-23
790.651563,8.18e-25
790.651686,4.85e-25
790.652149,1.17e-24
790.652178,1.16e-24
790.652436,5.22e-25
790.65352,4.6e-25
790.654211,1.2299999999999998e-23
790.654298,8.329999999999999e-23
790.654768,1.34e-22
790.654803,1.23e-22
790.654855,3.2e-25
790.654876,1.48e-22
790.654926,1.7199999999999998e-23
790.656469,8.17e-25
790.656665,8.22e-25
790.656772,5.01e-25
790.65683,1.18e-25
790.657329,1.48e-22
790.657393,1.2699999999999999e-24
790.657495,1.26e-24
790.658477,1.31e-25
790.659041,1.4100000000000001e-22
790.659078,1.52e-22
790.659118,5.4e-24
790.659161,1.26e-24
790.659231,9.87e-23
790.659327,1.65e-22
790.659435,1.28e-24
790.659686,1.2999999999999998e-24
790.661089,5.759999999999999e-23
790.66165,9.53e-25
790.661695,1.72e-25
790.66174,9.31e-25
790.663074,4.42e-25
790.665359,1.89e-25
790.666191,3.59e-24
790.666931,1.73e-23
790.668807,2.6799999999999998e-25
790.669527,3.01e-25
790.67046,1.29e-25
790.670473,1.03e-24
790.67053,1.04e-24
790.671184,1.35e-25
790.671337,2.13e-24
790.671496,3.37e-23
790.672785,9.75e-23
790.673044,9.79e-23
790.673071,1.3649999999999999e-22
790.673234,1.55e-22
790.673898,3.2e-25
790.673957,2.95e-25
790.674209,1.06e-22
790.67537,2.04e-25
790.675669,1.15e-24
790.675775,1.1399999999999999e-24
790.675922,2.5e-25
790.67607,2.12e-25
790.677649,1.86e-25
790.678324,1.35e-22
790.679594,1.06e-22
790.680246,9.49e-23
790.682189,5.44e-25
790.682191,1.12e-25
790.68505,1.36e-24
790.685651,1.75e-23
790.686579,1.4699999999999999e-24
790.68673,1.4699999999999999e-24
790.687659,4.17e-25
790.68786,1.31e-24
790.68793,1.2999999999999998e-24
790.689296,1.13e-22
790.689345,1.02e-22
790.689357,1.2800000000000001e-22
790.690269,9.83e-25
790.690509,1.2500000000000001e-22
790.690534,1.13e-22
790.690539,1.26e-23
790.690611,1.39e-22
790.691912,1.56e-24
790.692074,1.56e-24
790.69293,4.35e-25
790.693114,1.3999999999999999e-24
790.693261,1.3999999999999999e-24
790.693636,1.56e-25
790.695496,1.25e-23
790.696747,7.45e-25
790.698059,2.14e-25
790.699386,3.88e-25
790.700385,1.73e-23
790.701977,6.79e-25
790.702688,2.01e-25
790.704652,3.47e-25
790.707379,7.14e-25
790.707504,6.6999999999999985e-25
790.709256,1.65e-24
790.709469,1.65e-24
790.709582,1.94e-25
790.710201,5.91e-25
790.710687,1.69e-25
790.711885,1.2e-22
790.712017,9.97e-23
790.712064,1.15e-22
790.712065,8.859999999999999e-23
790.712799,5.81e-25
790.712991,9.79e-23
790.71325,9.73e-23
790.714613,1.72e-24
790.714824,1.73e-24
790.71544,4.98e-25
790.715554,1.06e-25
790.718144,6.06e-25
790.718559,1.84e-24
790.718868,1.83e-24
790.721389,8.489999999999999e-23
790.7214,9.96e-23
790.721461,7.409999999999999e-23
790.723381,8.729999999999999e-23
790.723426,8.379999999999999e-23
790.723982,1.8999999999999998e-24
790.72423,1.92e-24
790.724681,9.29e-23
790.72588,1.4199999999999999e-25
790.726695,1.54e-25
790.737042,1.32e-25
790.738342,2.0199999999999998e-24
790.738757,2.01e-24
790.739056,1.25e-23
790.739879,8.22e-25
790.740828,1.29e-23
790.74122,8.209999999999999e-23
790.741238,6.79e-23
790.741324,5.79e-23
790.741534,1.62e-25
790.742441,2.89e-25
790.743805,2.08e-24
790.743988,1.27e-23
790.744116,2.09e-24
790.745021,7.79e-25
790.745761,1.26e-23
790.74614,1.35e-25
790.747676,2.72e-25
790.748653,9.07e-25
790.750427,8.29e-25
790.751156,2.08e-25
790.753722,8.95e-25
790.756396,2.05e-25
790.758057,1.52e-25
790.758582,2.12e-24
790.758957,1.39e-25
790.759153,2.1e-24
790.759174,9.67e-25
790.76021,1.04e-22
790.76139,8.379999999999999e-23
790.761435,8.709999999999999e-23
790.761499,6.12e-23
790.761569,4.85e-23
790.761693,4.0000000000000004e-23
790.76411,2.1599999999999998e-24
790.764487,2.18e-24
790.782926,9.93e-25
790.785346,1.64e-25
790.787893,1.02e-24
790.790064,6.449999999999999e-23
790.790323,7.249999999999999e-23
790.790549,1.67e-25
790.790927,1.85e-24
790.791731,1.83e-24
790.791742,7.96e-23
790.793356,1.13e-24
790.793851,1.12e-25
790.793877,3.52e-23
790.794029,2.5900000000000002e-23
790.794214,2.03e-23
790.796513,1.86e-24
790.796979,1.8899999999999998e-24
790.797949,1.19e-25
790.798806,1.6419999999999998e-23
790.800057,1.7699999999999998e-23
790.802288,1.28e-25
790.804799,1.27e-23
790.807695,1.0799999999999999e-24
790.810035,1.35e-25
790.81241,1.28e-23
790.812556,1.15e-24
790.815214,1.4199999999999999e-25
790.817152,1.7799999999999998e-23
790.818055,1.2999999999999998e-24
790.823669,1.19e-25
790.824654,1.11e-25
790.825557,8.789999999999999e-23
790.826886,7.229999999999999e-23
790.827145,6.44e-23
790.827872,1.703e-23
790.847967,1.13e-24
790.850191,1.23e-25
790.852672,1.2699999999999999e-24
790.855304,1.32e-25
790.858182,1.48e-24
790.874697,3.42e-23
790.875858,5.34e-23
790.877758,6.66e-23
790.879251,1.13e-25
790.881423,3.45e-23
790.882783,1.08e-25
790.885323,1.75e-23
790.897365,9.88e-23
790.897541,8.91e-23
790.89819,1.09e-24
790.899081,9.77e-23
790.899823,3.53e-25
790.900263,1.25e-25
790.901012,3.94e-25
790.902542,1.7599999999999997e-23
790.902679,1.2999999999999998e-24
790.905278,1.33e-25
790.906441,3.46e-23
790.908195,1.5999999999999999e-24
790.90972,1.43e-23
790.910215,7.319999999999999e-23
790.912007,5.319999999999999e-23
790.913167,3.4099999999999995e-23
790.914424,1.0699999999999998e-23
790.925252,1.57e-25
790.928222,1.09e-23
790.932966,1.4499999999999998e-23
790.936436,1.85e-25
790.942311,4.34e-25
790.942858,4.37e-25
790.944418,1.16e-22
790.945144,8.93e-23
790.945281,9.87e-23
790.95469,2.71e-23
790.9549,2.85e-23
790.954903,3e-23
790.978611,8.58e-24
790.979238,7.92e-25
790.981059,1.26e-25
790.981726,2.68e-23
790.983357,1.05e-24
790.985077,5.449999999999999e-23
790.985848,1.32e-25
790.986504,4.76e-23
790.988482,3.11e-23
790.988798,1.39e-24
791.012933,3.11e-23
791.014908,4.77e-23
791.016463,5.96e-23
791.019689,2.67e-23
791.022801,8.53e-24
791.022994,1.853e-23
791.026709,3.01e-23
791.026712,2.87e-23
791.026851,3.17e-23
791.056688,1.927e-23
791.092369,1.02e-25
791.092536,9.84e-26
791.092586,9.97e-26
791.104962,2.06e-24
791.109391,6.989999999999999e-24
791.116015,4.38e-23
791.116709,4.3e-23
791.11739,3.93e-23
791.145011,3.93e-23
791.145687,4.3e-23
791.146531,4.76e-23
791.15301,6.94e-24
791.157433,2.04e-24
791.171939,1.03e-25
791.172159,1.05e-25
791.172731,1.08e-25
791.207128,2.044e-23
791.216171,2.78e-25
791.217163,1.634e-23
791.224061,1.2e-25
791.225985,1.18e-22
791.226328,1.14e-22
791.226473,1.09e-22
791.227954,1.05e-22
791.228145,1.09e-22
791.228311,1.13e-22
791.22997,2.42e-25
791.2306,2.92e-25
791.234406,2.25e-25
791.238468,2.88e-25
791.245873,2.132e-23
791.248587,4.143e-24
791.257016,6.38e-25
791.261882,1.75e-24
791.264858,1.729e-23
791.272824,3.44e-23
791.273227,3.47e-23
791.273479,3.45e-23
791.300668,1.62e-23
791.300714,1.5899999999999998e-23
791.300757,1.56e-23
791.301689,3.45e-23
791.301928,3.47e-23
791.302512,3.72e-23
791.309793,1.53e-23
791.309831,1.56e-23
791.309882,1.5899999999999998e-23
791.313286,1.73e-24
791.31814,6.29e-25
791.318814,4.3569999999999996e-24
791.350416,1.779e-23
791.351362,1.706e-23
791.355101,2.199e-23
791.399472,2.303e-23
791.437196,2.3e-25
791.439921,1.73e-25
791.44222,5.37e-25
791.444493,5.099999999999998e-25
791.450879,2.9499999999999997e-24
791.451751,2.9299999999999998e-24
791.452446,2.51e-24
791.457675,2.65e-23
791.457928,2.69e-23
791.458023,2.73e-23
791.471118,2.304e-23
791.485336,2.72e-23
791.485391,2.69e-23
791.485895,2.85e-23
791.492954,2.52e-24
791.493649,2.9299999999999998e-24
791.494464,3.1799999999999998e-24
791.500907,5.12e-25
791.501139,5.27e-25
791.50548,1.74e-25
791.506123,2.25e-25
791.521926,2.423e-23
791.559443,2.343e-23
791.598402,3.789e-24
791.617858,2.479e-23
791.624147,2.304e-23
791.632937,6e-24
791.636428,6.3799999999999996e-24
791.640887,7.83e-24
791.644527,1.768e-24
791.648053,6.96e-25
791.65318,9.97e-25
791.65409,1.731e-24
791.656532,1.11e-24
791.658114,9.3e-25
791.65998,6.958e-24
791.668852,2.177e-23
791.672636,2.0000000000000002e-23
791.673231,1.94e-23
791.673283,1.96e-23
791.676511,9.15e-24
791.67653,9.32e-24
791.676533,9.49e-24
791.680338,9.3e-24
791.68037,9.12e-24
791.680396,8.96e-24
791.689392,9.729e-24
791.691912,2.455e-23
791.696368,1.956e-23
791.701343,1.22e-23
791.707982,1.6369999999999998e-23
791.714088,1.441e-23
791.720861,2.331e-23
791.721531,2.251e-23
791.721802,1.808e-23
791.722805,2.078e-23
791.723193,2.327e-23
791.730784,2.25e-23
791.735197,1.3799999999999998e-23
791.736339,1.36e-23
791.738328,1.37e-23
791.745887,2.115e-23
791.748664,2.3400000000000003e-23
791.756442,2.27e-25
791.758966,2.9590000000000003e-25
791.760375,1.23e-25
791.767805,1.3e-25
791.767977,1.33e-25
791.768546,1.41e-25
791.770797,1.937e-23
791.780291,8.2e-25
791.780562,8.06e-25
791.780726,7.92e-25
791.780767,2.454e-23
791.78255,2.361e-23
791.785883,2.474e-23
791.792639,2.128e-23
791.793042,2.21e-23
791.796357,2.407e-23
791.80786,1.73e-23
791.811039,2.246e-23
791.814247,2.017e-23
791.818964,2.7599999999999995e-23
791.81915,2.91e-23
791.819158,3.07e-23
791.828591,1.811e-23
791.829422,1.982e-23
791.83489,8.04e-25
791.835163,8.18e-25
791.835407,8.32e-25
791.848314,1.796e-23
791.852278,1.612e-23
791.859467,1.5099999999999998e-23
791.862521,1.383e-23
791.883721,1.122e-23
791.895404,3.09e-23
791.895408,9.91e-26
791.89541,2.93e-23
791.895529,3.26e-23
791.897494,1.5639999999999998e-23
791.905926,8.203e-24
791.919651,1.49e-23
791.919773,1.55e-23
791.919786,1.5199999999999998e-23
791.92804,1.289e-23
791.941655,4.603e-24
791.952749,1.54e-23
791.95276,1.5099999999999998e-23
791.953051,1.5899999999999998e-23
791.964107,1.332e-23
792.016013,1.077e-23
792.050503,1.11e-23
792.116546,1.012e-24
792.120175,4.307e-24
792.125804,8.803e-24
792.130788,9.793e-25
792.159038,9.062e-24
792.194412,4.541e-24
792.200523,1.08e-23
792.200573,1.12e-23
792.200614,1.1e-23
792.231761,1.3299999999999999e-24
792.231871,1.31e-24
792.23193,1.29e-24
792.232858,1.1e-23
792.232879,1.12e-23
792.23313,1.15e-23
792.248864,1.31e-24
792.248984,1.3299999999999999e-24
792.249091,1.36e-24
792.259801,7.053e-24
792.283958,1.14e-25
792.288952,5.96e-25
792.292034,7.248e-24
792.298619,1.02e-25
792.300598,1.06e-22
792.301038,1.02e-22
792.301156,9.85e-23
792.305602,9.47e-23
792.305717,9.82e-23
792.305853,1.02e-22
792.307713,1.81e-25
792.308292,2.1e-25
792.314111,1.54e-25
792.317938,6.09e-25
792.322915,1.19e-25
792.32597,1.28e-25
792.330814,3.32e-25
792.339397,3.42e-24
792.340088,3.47e-24
792.340515,3.1799999999999998e-24
792.383484,3.1799999999999998e-24
792.383911,3.48e-24
792.384549,3.7e-24
792.393185,3.34e-25
792.395356,1.66e-25
792.395368,1.7e-25
792.39551,1.68e-25
792.398029,1.29e-25
792.401927,1.602e-23
792.406109,1.542e-23
792.420327,5.537e-24
792.451744,5.682e-24
792.465802,1.66e-25
792.465883,1.67e-25
792.466681,1.76e-25
792.516898,7.825e-24
792.516958,7.819999999999999e-24
792.549382,7.819999999999999e-24
792.549425,7.98e-24
792.549644,8.17e-24
792.569568,3.4e-25
792.609626,4.261e-24
792.613765,3.489e-25
792.63951,1.15e-23
792.639552,1.12e-23
792.639589,1.1e-23
792.640301,4.366e-24
792.648333,1.08e-23
792.648366,1.1e-23
792.64841,1.12e-23
792.670279,2.78e-23
792.670447,2.94e-23
792.670462,3.12e-23
792.75141,3.13e-23
792.751424,2.96e-23
792.751518,3.31e-23
792.790944,4.36e-24
792.793015,3.92e-25
792.794214,3.32e-25
792.796285,2.9299999999999998e-24
792.797806,3.99e-25
792.798655,3.54e-25
792.800177,2.13e-24
792.829837,3.215e-24
792.859581,3.289e-24
792.870212,5.57e-24
792.87025,5.3599999999999995e-24
792.870286,5.46e-24
792.903226,5.46e-24
792.903284,5.57e-24
792.903482,5.69e-24
792.969427,4.439e-24
792.975234,1.228e-24
792.981922,5.15e-25
792.982191,5.06e-25
792.982356,4.99e-25
792.985075,1.2039999999999999e-24
793.03757,5.05e-25
793.03784,5.14e-25
793.038079,5.22e-25
793.047681,4.694e-24
793.082973,2.379e-24
793.08489,5.669999999999999e-23
793.084919,9.000000000000001e-23
793.085112,3.37e-23
793.086411,1.0699999999999998e-23
793.08699,1.0699999999999998e-23
793.088511,4.3799999999999995e-25
793.110457,2.422e-24
793.114889,6.83e-23
793.115123,8.54e-23
793.117115,9.01e-23
793.117188,2.11e-25
793.119105,2.86e-25
793.122888,2.66e-23
793.127218,1.4399999999999997e-23
793.151702,1.4599999999999998e-23
793.156069,2.68e-23
793.160285,1.46e-25
793.160911,3.55e-25
793.161766,3.69e-25
793.162699,1.05e-22
793.163797,8.529999999999999e-23
793.164068,6.819999999999999e-23
793.189497,2.1e-25
793.195254,1.98e-25
793.195604,1.98e-25
793.195661,1.95e-25
793.200848,3.95e-24
793.201401,4.07e-24
793.201657,3.84e-24
793.246532,3.85e-24
793.246788,4.08e-24
793.247284,4.28e-24
793.256987,6.3e-24
793.257001,6.41e-24
793.257002,6.5299999999999995e-24
793.258692,2.11e-25
793.261046,6.3999999999999995e-24
793.261072,6.2899999999999995e-24
793.261094,6.17e-24
793.261802,3.82e-24
793.261871,3.68e-24
793.261889,3.75e-24
793.265322,1.93e-25
793.265413,1.96e-25
793.266417,2.13e-25
793.290888,1.69e-25
793.293186,8.05e-24
793.294158,8.02e-24
793.29556,3.75e-24
793.295631,3.82e-24
793.295813,3.9e-24
793.296136,1.22e-22
793.296456,8.93e-23
793.296529,6.48e-23
793.315204,1.45e-25
793.320339,5.54e-25
793.334096,9.35e-23
793.334543,8.979999999999999e-23
793.334677,8.719999999999999e-23
793.341856,8.41e-23
793.341943,8.7e-23
793.342091,8.969999999999999e-23
793.344041,1.36e-25
793.344594,1.53e-25
793.352637,1.1e-25
793.356295,5.65e-25
793.361415,1.5e-25
793.362211,1.228e-24
793.370904,1.728e-24
793.410839,1.4159999999999998e-23
793.417965,1.366e-23
793.449843,1.5e-23
793.467218,3.986e-25
793.494378,5.369e-25
793.49749,1.5769999999999998e-23
793.513058,4.093e-25
793.526062,1.07e-25
793.52611,1.07e-25
793.528591,2.77e-23
793.528744,2.94e-23
793.528762,3.13e-23
793.615199,3.14e-23
793.615216,2.97e-23
793.615294,3.33e-23
793.617822,1.09e-25
793.617861,1.08e-25
793.672062,6.847e-25
793.684285,6.676e-25
793.692767,2.57e-24
793.692861,2.47e-24
793.692864,2.52e-24
793.695337,1.231e-24
793.727447,2.52e-24
793.727528,2.57e-24
793.727699,2.62e-24
793.733999,1.243e-24
793.750746,3.4099999999999995e-24
793.753122,1.79e-25
793.753848,1.16e-25
793.756224,2.6599999999999998e-24
793.758105,1.85e-25
793.758708,1.32e-25
793.760588,2.14e-24
793.83287,4.532e-24
793.886719,5.477e-25
793.915911,4.8079999999999996e-24
793.945552,6.859999999999999e-23
793.945612,4.97e-23
793.945667,9.33e-23
793.947432,5.9699999999999996e-24
793.948043,5.93e-24
793.949923,1.21e-25
793.987488,7.93e-24
793.987525,7.79e-24
793.987558,7.65e-24
793.995999,7.5e-24
793.996028,7.63e-24
793.996066,7.78e-24
794.057804,8.602e-25
794.067916,1.49e-25
794.08199,4.53e-24
794.082451,4.7099999999999995e-24
794.08262,4.5e-24
794.094167,8.746000000000001e-25
794.095661,2.28e-25
794.096335,2.2e-25
794.096849,1.97e-25
794.118649,4.98e-24
794.119335,4.96e-24
794.121566,1.19e-22
794.121752,9.41e-23
794.121819,7.429999999999999e-23
794.129495,4.52e-24
794.129665,4.72e-24
794.130073,4.92e-24
794.144199,1.5e-25
794.164004,1.69e-24
794.164109,1.67e-24
794.164119,1.64e-24
794.164293,1.96e-25
794.164832,2.2e-25
794.166105,2.48e-25
794.199792,1.67e-24
794.19988,1.69e-24
794.200043,1.72e-24
794.205231,1.052e-23
794.208547,3.19e-25
794.208814,3.14e-25
794.208979,3.09e-25
794.26517,3.13e-25
794.265438,3.18e-25
794.265672,3.23e-25
794.307229,1.33e-25
794.312444,4.17e-25
794.313681,8.376e-25
794.323671,8.217000000000001e-25
794.32577,4.649000000000001e-25
794.328506,8.1e-23
794.328935,7.81e-23
794.329089,7.59e-23
794.338765,7.339999999999999e-23
794.338842,7.57e-23
794.339008,7.789999999999999e-23
794.341008,1.01e-25
794.341543,1.11e-25
794.3555,4.26e-25
794.360702,1.37e-25
794.372817,4.777e-25
794.37693,1.2e-25
794.376951,1.2e-25
794.379213,1.228e-23
794.379439,2.72e-23
794.379581,2.9e-23
794.379605,3.1e-23
794.389016,1.188e-23
794.395646,8.799999999999999e-25
794.395716,8.66e-25
794.395736,8.52e-25
794.414159,8.69e-25
794.414268,8.83e-25
794.414369,8.98e-25
794.43805,1.521e-23
794.459647,5.901e-25
794.472123,3.12e-23
794.472146,2.93e-23
794.472205,3.32e-23
794.474747,1.21e-25
794.474797,1.2e-25
794.49581,6.004e-25
794.655145,2.5399999999999998e-24
794.66063,2.1499999999999998e-24
794.665242,1.83e-24
794.676206,1.0999999999999998e-24
794.676319,1.0799999999999999e-24
794.67634,1.07e-24
794.683255,4.581e-24
794.713345,1.0799999999999999e-24
794.713438,1.0999999999999998e-24
794.713593,1.12e-24
794.771398,4.878e-24
794.801739,6.149999999999999e-23
794.80174,7.819999999999999e-23
794.801841,9.86e-23
794.803812,3.9299999999999995e-24
794.804338,3.9099999999999996e-24
794.8147,4.27e-24
794.814709,4.41e-24
794.814711,4.34e-24
794.819031,4.33e-24
794.819053,4.26e-24
794.81907,4.18e-24
794.859638,4.628e-25
794.902005,3.974e-25
794.927638,1.07e-25
794.938577,4.043e-25
794.944825,5.16e-24
794.945214,5.4e-24
794.945324,5.199999999999999e-24
794.946859,3.48e-24
794.947366,3.46e-24
794.949737,1.21e-22
794.949847,9.95e-23
794.949906,8.24e-23
794.993945,5.2099999999999996e-24
794.994055,5.41e-24
794.994389,5.6199999999999995e-24
795.011631,1.07e-25
795.067716,1.162e-23
795.089679,1.4e-25
795.093154,2.53e-25
795.094597,2.13e-25
795.096435,1.3e-25
795.159233,1.29e-25
795.161094,2.12e-25
795.163084,2.77e-25
795.16599,1.41e-25
795.204855,4.55e-25
795.213897,5.393e-25
795.216537,4.45e-25
795.22986,7.01e-25
795.22998,6.89e-25
795.230008,6.77e-25
795.230537,1.33e-25
795.230542,1.3399999999999999e-25
795.23303,2.64e-23
795.233163,2.83e-23
795.23319,3.03e-23
795.260571,1.548e-23
795.262372,1.06e-25
795.262632,5.546e-25
795.267635,2.87e-25
795.268813,6.89e-25
795.268906,7e-25
795.269053,7.12e-25
795.286175,6.879999999999999e-23
795.286579,6.649999999999999e-23
795.286751,6.469999999999999e-23
795.298683,6.27e-23
795.29876,6.46e-23
795.298942,6.64e-23
795.309428,1.046e-23
795.317885,2.93e-25
795.321657,1.013e-23
795.323139,1.09e-25
795.332794,3.06e-23
795.33282,2.86e-23
795.332865,3.26e-23
795.335415,1.33e-25
795.335479,1.33e-25
795.342959,5.39e-24
795.342992,5.3e-24
795.343022,5.2099999999999996e-24
795.351167,5.11e-24
795.351193,5.199999999999999e-24
795.351227,5.29e-24
795.41761,3.5399999999999995e-23
795.418876,6.579999999999999e-23
795.421431,8.059999999999999e-23
795.423466,2.06e-25
795.424091,4.9e-23
795.426398,1.23e-25
795.427409,2.25e-23
795.458107,1.94e-25
795.458372,1.9e-25
795.458537,1.87e-25
795.461102,2.2700000000000003e-23
795.464455,4.9199999999999993e-23
795.466812,2.93e-25
795.468017,9.23e-23
795.468624,2.83e-25
795.469635,6.559999999999999e-23
795.470311,1.11e-25
795.470936,3.53e-23
795.515642,1.9e-25
795.515907,1.93e-25
795.516136,1.96e-25
795.53774,1.95e-24
795.540625,4.5799999999999995e-24
795.543192,1.75e-24
795.547953,1.5499999999999998e-24
795.634716,4.898e-24
795.654596,7.139999999999999e-23
795.654626,8.639999999999999e-23
795.654702,1.05e-22
795.65682,2.83e-24
795.657258,2.8099999999999998e-24
795.658131,5.613000000000001e-25
795.668233,5.51e-25
795.730719,9.86e-26
795.769695,3.587e-25
795.771195,1.335e-23
795.779079,2.61e-24
795.779453,2.6e-24
795.78192,1.23e-22
795.781974,1.05e-22
795.78202,8.959999999999999e-23
795.819588,1.397e-23
795.820184,5.85e-24
795.820518,6.1599999999999995e-24
795.820594,5.95e-24
795.825243,4.3799999999999995e-25
795.825369,4.31e-25
795.8254,4.24e-25
795.867736,4.3e-25
795.867805,4.37e-25
795.867927,4.45e-25
795.871156,5.96e-24
795.871232,6.17e-24
795.871514,6.3999999999999995e-24
795.924682,1.279e-23
796.07518,6.224e-25
796.079653,1.48e-25
796.079682,1.48e-25
796.082146,2.52e-23
796.082273,2.71e-23
796.082307,2.92e-23
796.086443,1.609e-23
796.125324,6.405e-25
796.180793,1.53e-25
796.181849,2.32e-25
796.183793,2.69e-25
796.187519,1.25e-25
796.188605,1.88e-25
796.190045,2.95e-23
796.190076,2.7499999999999995e-23
796.190105,3.16e-23
796.192664,1.47e-25
796.192742,1.46e-25
796.204209,8.749e-24
796.209795,5.75e-23
796.210174,5.57e-23
796.21036,5.42e-23
796.21862,8.491e-24
796.224298,5.27e-23
796.224379,5.409999999999999e-23
796.224571,5.559999999999999e-23
796.24614,1.92e-25
796.249413,1.25e-25
796.253634,2.96e-25
796.255064,2.33e-25
796.256139,1.54e-25
796.351251,2.83e-24
796.351255,2.9299999999999998e-24
796.351259,2.88e-24
796.353256,1.04e-25
796.355854,2.87e-24
796.355872,2.83e-24
796.355886,2.78e-24
796.357526,1.09e-25
796.362015,1.16e-25
796.390448,4.524e-24
796.403035,1.5499999999999998e-24
796.408454,1.45e-24
796.413326,1.32e-24
796.46228,2.6799999999999998e-25
796.462428,2.64e-25
796.46258,2.6e-25
796.46389,2.18e-25
796.46461,2.17e-25
796.465251,2.15e-25
796.491153,4.861e-24
796.499561,8.000000000000001e-23
796.499621,9.37e-23
796.49969,1.1e-22
796.501901,2.1499999999999998e-24
796.502279,2.14e-24
796.535675,5.67e-25
796.535768,5.85e-25
796.535782,5.75e-25
796.559148,4.54e-25
796.559769,4.57e-25
796.560413,4.6e-25
796.580003,1.17e-25
796.608137,2.06e-24
796.608419,2.05e-24
796.610944,1.27e-22
796.610966,1.11e-22
796.611012,9.63e-23
796.617224,1.24e-25
796.683318,6.61e-24
796.683611,6.98e-24
796.683661,6.75e-24
796.704319,3.61e-24
796.704349,3.55e-24
796.704375,3.49e-24
796.712243,3.4299999999999995e-24
796.712266,3.49e-24
796.712296,3.55e-24
796.728551,1.16e-25
796.728812,1.15e-25
796.728977,1.13e-25
796.736056,6.76e-24
796.736106,6.989999999999999e-24
796.736344,7.24e-24
796.777741,1.391e-23
796.786935,1.14e-25
796.787198,1.16e-25
796.787423,1.18e-25
796.9167,1.6809999999999998e-23
796.929012,1.63e-25
796.929065,1.63e-25
796.931502,2.36e-23
796.931625,2.55e-23
796.931663,2.77e-23
796.955881,7.145e-25
797.006906,3.696e-25
797.007803,7.359e-25
797.017125,3.63e-25
797.049018,2.8000000000000003e-23
797.049053,2.6e-23
797.049069,3.0199999999999995e-23
797.051634,1.5999999999999998e-25
797.051728,1.5999999999999998e-25
797.066645,7.189e-24
797.078411,1.19e-25
797.082985,6.989e-24
797.102434,4.72e-23
797.10279,4.59e-23
797.102987,4.47e-23
797.118646,4.35e-23
797.118731,4.46e-23
797.118931,4.58e-23
797.143309,1.22e-25
797.24297,4.408e-24
797.268308,1.26e-24
797.273678,1.22e-24
797.278618,1.1399999999999999e-24
797.349479,8.74e-23
797.349555,1.01e-22
797.3496,1.15e-22
797.351378,4.762e-24
797.351899,1.69e-24
797.35221,1.68e-24
797.361107,2.36e-25
797.361307,2.66e-25
797.362665,2.72e-25
797.43299,3.03e-25
797.433889,2.67e-25
797.434106,2.37e-25
797.445862,1.67e-24
797.446056,1.67e-24
797.448622,1.16e-22
797.44864,1.31e-22
797.448652,1.0300000000000001e-22
797.448911,1.06e-25
797.450899,1.46e-25
797.488992,1.55e-25
797.49103,1.06e-25
797.554081,7.41e-24
797.55434,7.85e-24
797.554374,7.599999999999999e-24
797.608801,7.62e-24
797.608835,7.87e-24
797.609042,8.14e-24
797.622465,1.496e-23
797.743928,1.757e-23
797.7752,1.77e-25
797.775274,1.77e-25
797.77768,2.15e-23
797.777802,2.35e-23
797.777848,2.57e-23
797.813213,1.29e-23
797.815976,4.0000000000000004e-23
797.818411,8.157000000000001e-25
797.819639,6.969999999999999e-23
797.820885,5.98e-23
797.821708,1.47e-25
797.822719,3.6e-23
797.823198,1.24e-25
797.863807,3.6e-23
797.865674,5.99e-23
797.867775,2.31e-25
797.86787,7.9e-23
797.868149,1.87e-24
797.868154,1.87e-24
797.87055,3.98e-23
797.871029,1.81e-25
797.87195,8.409000000000001e-25
797.873007,1.87e-24
797.873021,1.84e-24
797.873033,1.81e-24
797.873346,1.29e-23
797.900206,5.805e-24
797.906633,2.6e-23
797.906674,2.61e-23
797.909244,1.72e-25
797.909355,1.72e-25
797.918202,5.652e-24
797.967569,3.81e-23
797.967905,3.7e-23
797.968113,3.61e-23
797.985127,3.52e-23
797.985217,3.61e-23
797.985422,3.7e-23
798.07004,2.37e-24
798.070068,2.33e-24
798.07009,2.3e-24
798.077703,2.25e-24
798.077724,2.2899999999999998e-24
798.077749,2.33e-24
798.09093,4.229e-24
798.113263,1.04e-24
798.118602,1.04e-24
798.123614,9.92e-25
798.182921,9.4e-23
798.183028,1.06e-22
798.183079,1.2e-22
798.185424,1.37e-24
798.185702,1.37e-24
798.189035,1.153e-23
798.208199,4.598e-24
798.238842,1.201e-23
798.269019,1.3999999999999999e-24
798.269156,1.3999999999999999e-24
798.271736,1.2e-22
798.271771,1.34e-22
798.271772,1.08e-22
798.329446,1.07e-25
798.332075,1.81e-25
798.333583,1.04e-25
798.334007,1.46e-25
798.338836,1.03e-25
798.369324,1.46e-25
798.371207,1.92e-25
798.373884,1.08e-25
798.416759,8.27e-24
798.41699,8.78e-24
798.417012,8.49e-24
798.472044,1.591e-23
798.473457,8.509999999999999e-24
798.473479,8.8e-24
798.473657,9.099999999999998e-24
798.580099,1.829e-23
798.619947,1.91e-25
798.620042,1.91e-25
798.622411,1.91e-23
798.622536,2.11e-23
798.622591,2.32e-23
798.622807,2.6799999999999998e-25
798.622838,2.52e-25
798.623884,2.63e-25
798.693275,9.262e-25
798.695401,2.95e-25
798.69606,2.54e-25
798.696075,2.69e-25
798.708749,4.607e-24
798.72809,4.4909999999999996e-24
798.748725,9.556e-25
798.76529,2.36e-23
798.765322,2.57e-23
798.765338,2.16e-23
798.767895,1.84e-25
798.768026,1.84e-25
798.809201,3.01e-23
798.809523,2.94e-23
798.809746,2.87e-23
798.817134,1.39e-25
798.822526,1.38e-25
798.827435,1.38e-25
798.827504,2.8000000000000003e-23
798.8276,2.87e-23
798.827807,2.94e-23
798.939046,3.985e-24
798.977721,8.73e-25
798.983002,9.03e-25
798.988045,8.779999999999999e-25
799.03739,9.96e-23
799.037513,1.11e-22
799.037537,1.24e-22
799.039952,1.12e-24
799.040168,1.12e-24
799.066796,4.3649999999999996e-24
799.115709,1.19e-24
799.115768,1.18e-24
799.118359,1.24e-22
799.118373,1.13e-22
799.118436,1.37e-22
799.17028,1.67e-25
799.175525,1.56e-25
799.202777,2.24e-25
799.20411,2.04e-25
799.205652,1.4e-25
799.240035,1.4e-25
799.241577,2.04e-25
799.24286,2.37e-25
799.283801,9.16e-24
799.284009,9.76e-24
799.284022,9.43e-24
799.304724,1.6759999999999998e-23
799.342682,9.46e-24
799.342696,9.78e-24
799.342851,1.02e-23
799.366794,1.23e-24
799.366798,1.19e-24
799.366801,1.2099999999999999e-24
799.371885,1.2099999999999999e-24
799.371897,1.19e-24
799.371906,1.17e-24
799.401521,1.894e-23
799.438697,1.5399999999999999e-24
799.438722,1.51e-24
799.438742,1.49e-24
799.446121,1.4699999999999999e-24
799.44614,1.49e-24
799.446163,1.51e-24
799.461464,2.03e-25
799.461578,2.03e-25
799.463902,1.6499999999999998e-23
799.464034,1.83e-23
799.464102,2.03e-23
799.496529,3.592e-24
799.516826,3.5079999999999996e-24
799.556001,1.046e-24
799.613286,1.0799999999999999e-24
799.624069,2.07e-23
799.624091,2.28e-23
799.624126,1.88e-23
799.626667,1.94e-25
799.626819,1.94e-25
799.632547,2.3400000000000003e-23
799.632883,2.28e-23
799.633151,2.23e-23
799.649894,2.19e-23
799.650001,2.24e-23
799.650208,2.29e-23
799.783865,3.674e-24
799.801387,7.399999999999998e-25
799.804006,1.46e-25
799.806643,7.87e-25
799.809268,1.67e-25
799.811744,7.79e-25
799.853688,1.05e-22
799.853852,1.15e-22
799.85389,1.27e-22
799.856328,9.28e-25
799.856527,9.34e-25
799.924088,4.062e-24
799.924524,1.02e-24
799.924545,1.0099999999999999e-24
799.927143,1.27e-22
799.92717,1.16e-22
799.927228,1.39e-22
799.959777,2.51e-25
799.95988,2.39e-25
799.960692,2.41e-25
799.971754,2.42e-25
799.977027,2.12e-25
800.034262,2.73e-25
800.034741,2.41e-25
800.034829,2.52e-25
800.080339,2.75e-25
800.081319,2.66e-25
800.082229,2.17e-25
800.119663,2.18e-25
800.120574,2.67e-25
800.121505,2.93e-25
800.145508,1.01e-23
800.145698,1.08e-23
800.145704,1.0399999999999998e-23
800.158741,1.748e-23
800.206638,1.05e-23
800.206644,1.08e-23
800.20678,1.12e-23
800.24697,1.95e-23
800.268229,2.752e-24
800.288921,2.693e-24
800.299658,2.1e-25
800.29979,2.1e-25
800.302056,1.35e-23
800.3022,1.5199999999999998e-23
800.302288,1.7e-23
800.310003,5.0599999999999996e-24
800.313832,1.82e-23
800.319291,5.86e-23
800.31996,5.579999999999999e-23
800.320731,4.52e-23
800.321386,1.04e-25
800.339534,5.3399999999999996e-24
800.343156,5.5e-24
800.346282,5.68e-24
800.367252,4.52e-23
800.368056,5.59e-23
800.369724,6.57e-23
800.371415,1.5999999999999998e-25
800.374151,1.81e-23
800.375694,1.14e-25
800.378013,5.01e-24
800.426174,1.174e-24
800.437123,1.03e-25
800.456743,1.68e-23
800.457045,1.7099999999999998e-23
800.45731,1.74e-23
800.473083,1.27e-23
800.47486,1.21e-23
800.476937,1.16e-23
800.484334,1.74e-23
800.484344,1.94e-23
800.484404,1.5799999999999998e-23
800.48559,1.214e-24
800.486922,1.9899999999999999e-25
800.487098,2e-25
800.627091,3.298e-24
800.677414,6.34e-25
800.679955,2.53e-25
800.682597,6.9799999999999995e-25
800.685195,3.1e-25
800.687705,7.05e-25
800.711141,9.669e-24
800.722137,1.08e-22
800.722324,1.235e-22
800.724834,7.69e-25
800.724966,7.79e-25
800.762939,1.004e-23
800.782516,3.688e-24
800.787857,8.74e-25
800.78792,8.769999999999999e-25
800.790455,1.19e-22
800.790461,1.29e-22
800.790603,1.4000000000000002e-22
800.808981,9.74e-25
800.809004,9.59e-25
800.809023,9.449999999999999e-25
800.816189,9.29e-25
800.816206,9.429999999999999e-25
800.816226,9.58e-25
800.827584,3.96e-25
800.83283,3.27e-25
800.950418,3.37e-25
800.951166,3.36e-25
800.951698,3.03e-25
800.973801,1.808e-23
800.991387,3.03e-25
800.991919,3.37e-25
800.992618,3.59e-25
801.009461,1.11e-23
801.009636,1.19e-23
801.009637,1.15e-23
801.029111,2.07e-24
801.049175,2.032e-24
801.05388,1.996e-23
801.073046,1.15e-23
801.073048,1.19e-23
801.073168,1.2299999999999998e-23
801.132619,2.1e-25
801.132762,2.11e-25
801.134953,1.03e-23
801.13512,1.18e-23
801.135236,1.35e-23
801.222917,1.35e-23
801.223173,1.32e-23
801.22335,1.29e-23
801.252776,1.28e-23
801.252855,1.3e-23
801.253047,1.3299999999999998e-23
801.288344,1.311e-24
801.346544,1.5699999999999997e-23
801.346549,1.3899999999999998e-23
801.346636,1.24e-23
801.349123,1.98e-25
801.349325,1.98e-25
801.349857,1.356e-24
801.364818,2.2e-25
801.364944,2.1e-25
801.365629,2.08e-25
801.442289,2.39e-25
801.442695,2.13e-25
801.442807,2.22e-25
801.466868,2.8629999999999998e-24
801.470954,5.44e-25
801.473473,3.47e-25
801.476118,6.14e-25
801.47874,4.55e-25
801.481279,6.32e-25
801.510814,1.11e-22
801.511055,1.2e-22
801.511076,1.3e-22
801.513594,6.45e-25
801.513721,6.59e-25
801.570414,7.629999999999999e-25
801.570504,7.649999999999999e-25
801.573023,1.31e-22
801.573035,1.21e-22
801.573165,1.4100000000000001e-22
801.60535,5.43e-25
801.610626,4.19e-25
801.641189,3.2469999999999998e-24
801.786038,1.518e-24
801.802615,1.507e-24
801.824914,4.11e-25
801.82551,4.17e-25
801.825839,3.91e-25
801.841965,1.854e-23
801.862845,1.2e-25
801.867378,3.92e-25
801.867707,4.17e-25
801.868214,1.16e-25
801.868255,4.3799999999999995e-25
801.869862,1.21e-23
801.87002,1.25e-23
801.870023,1.29e-23
801.873202,1.13e-25
801.916434,2.029e-23
801.936027,1.3e-23
801.93603,1.25e-23
801.936133,1.35e-23
801.95776,1.98e-25
801.957901,1.98e-25
801.959985,7.02e-24
801.960193,8.23e-24
801.960357,9.63e-24
802.015232,1.01e-23
802.015453,9.83e-24
802.01562,9.63e-24
802.042934,9.44e-24
802.043021,9.64e-24
802.043209,9.84e-24
802.154775,1.454e-24
802.212463,1.16e-23
802.212488,1.01e-23
802.212602,8.8e-24
802.215044,1.85e-25
802.215275,1.85e-25
802.21862,1.507e-24
802.303008,2.375e-24
802.373017,4.72e-25
802.37543,6.07e-25
802.378077,5.56e-25
802.380649,8.63e-25
802.383218,5.87e-25
802.406366,1.13e-22
802.40662,1.31e-22
802.406658,1.21e-22
802.409227,5.28e-25
802.409268,5.48e-25
802.462789,6.6599999999999995e-25
802.46299,6.69e-25
802.465361,1.22e-22
802.465403,1.31e-22
802.465631,1.4100000000000001e-22
802.49137,9.7e-25
802.496593,6.89e-25
802.501533,2.744e-24
802.554404,1.098e-24
802.563697,9.277e-25
802.628782,1.888e-23
802.694069,4.98e-25
802.694557,5.099999999999998e-25
802.694768,4.89e-25
802.696664,2.051e-23
802.731172,1.3e-23
802.731316,1.35e-23
802.731322,1.4000000000000002e-23
802.732379,3.15e-25
802.732479,3.1e-25
802.732592,3.05e-25
802.734301,3e-25
802.73439,3.05e-25
802.734505,3.1e-25
802.737881,4.9e-25
802.738092,5.099999999999998e-25
802.738532,5.3e-25
802.768855,1.64e-25
802.768963,1.64e-25
802.770887,3.99e-24
802.771168,4.8199999999999996e-24
802.771419,5.81e-24
802.800145,1.41e-23
802.800151,1.36e-23
802.800239,1.4599999999999998e-23
802.804972,7.32e-24
802.805176,7.169999999999999e-24
802.805339,7.03e-24
802.829987,1.81e-25
802.83012,1.73e-25
802.830728,1.69e-25
802.832287,6.89e-24
802.832375,7.03e-24
802.832556,7.169999999999999e-24
802.911748,1.97e-25
802.912129,1.75e-25
802.91225,1.83e-25
802.915685,2.34e-24
802.92004,7.79e-24
802.927644,4.7899999999999993e-23
802.928036,4.73e-23
802.928284,4.37e-23
802.979049,4.37e-23
802.979328,4.73e-23
802.980768,5.31e-23
802.98459,1.02e-25
802.987293,7.729999999999999e-24
802.991679,2.32e-24
803.01588,1.604e-24
803.082138,1.664e-24
803.084848,7.299999999999999e-24
803.084904,6.2299999999999996e-24
803.085061,5.3199999999999996e-24
803.087434,1.53e-25
803.087694,1.54e-25
803.121408,4.07e-25
803.123809,7.39e-25
803.126458,4.92e-25
803.129055,1.13e-24
803.131652,5.3e-25
803.133416,1.847e-24
803.151751,1.14e-22
803.1521,1.31e-22
803.15211,1.21e-22
803.154707,4.45e-25
803.154748,4.68e-25
803.202614,5.86e-25
803.202828,5.89e-25
803.205211,1.22e-22
803.205229,1.31e-22
803.205447,1.4000000000000002e-22
803.228267,1.24e-24
803.23352,8.18e-25
803.263934,7.613e-25
803.33945,4.77e-25
803.33955,4.85e-25
803.339666,4.93e-25
803.339983,5e-25
803.340056,4.93e-25
803.340169,4.85e-25
803.345016,7.884e-24
803.36411,2.188e-24
803.399308,8.162e-24
803.524518,1.907e-23
803.55095,1.49e-24
803.551383,1.87e-24
803.551824,2.37e-24
803.565924,6e-25
803.566334,6.19e-25
803.566475,5.98e-25
803.588916,2.058e-23
803.590049,1.4000000000000002e-23
803.59018,1.4499999999999998e-23
803.59019,1.5099999999999998e-23
803.598712,5.2299999999999995e-24
803.598902,5.13e-24
803.599059,5.04e-24
803.611097,5.99e-25
803.611239,6.2e-25
803.611601,6.41e-25
803.62593,4.94e-24
803.626017,5.03e-24
803.626189,5.13e-24
803.662022,1.5099999999999998e-23
803.662031,1.4599999999999998e-23
803.662106,1.5699999999999997e-23
803.87916,1.7579999999999998e-24
803.897296,7.44e-25
803.897413,7.57e-25
803.897531,7.699999999999998e-25
803.900361,7.84e-25
803.9004,7.699999999999998e-25
803.900515,7.57e-25
803.948059,1.826e-24
803.95513,1.301e-24
803.96991,3.22e-24
803.970024,2.6599999999999998e-24
803.970256,2.2e-24
804.037568,5.584e-25
804.068283,3.55e-25
804.070518,1.4599999999999999e-24
804.073168,4.59e-25
804.07374,5.538e-25
804.075666,2.52e-24
804.078291,5.14e-25
804.092417,1.14e-22
804.09279,1.29e-22
804.092909,1.19e-22
804.09544,3.78e-25
804.095534,3.41e-25
804.141724,5.13e-25
804.142107,5.18e-25
804.144221,1.2e-22
804.144343,1.29e-22
804.144707,1.3800000000000001e-22
804.161465,2.6699999999999998e-24
804.166614,1.56e-24
804.230874,1.5959999999999999e-24
804.267142,1.915e-23
804.325605,2.056e-23
804.347043,1.39e-25
804.347178,1.33e-25
804.347739,1.29e-25
804.401709,3.68e-24
804.401884,3.61e-24
804.402035,3.55e-24
804.407111,1.15e-24
804.407251,1.17e-24
804.407375,1.19e-24
804.412747,1.19e-24
804.412754,1.2099999999999999e-24
804.412868,1.17e-24
804.428871,3.48e-24
804.428955,3.5399999999999995e-24
804.429116,3.61e-24
804.433951,7.21e-25
804.434301,7.47e-25
804.434398,7.25e-25
804.434698,1.52e-25
804.435084,1.35e-25
804.435208,1.41e-25
804.449019,1.49e-23
804.44914,1.55e-23
804.449152,1.61e-23
804.480447,7.26e-25
804.480544,7.48e-25
804.480847,7.71e-25
804.524263,1.62e-23
804.524274,1.56e-23
804.524338,1.68e-23
804.738881,1.914e-24
804.750249,3.05e-25
804.752496,1.5399999999999999e-24
804.755144,4.03e-25
804.757671,2.88e-24
804.760324,4.63e-25
804.761011,7.684e-25
804.773003,1.14e-22
804.773481,1.27e-22
804.773565,1.18e-22
804.776129,3.25e-25
804.776219,2.87e-25
804.810566,1.992e-24
804.816732,4.55e-25
804.817103,4.59e-25
804.817693,3.884e-25
804.819259,1.18e-22
804.819351,1.27e-22
804.819681,1.36e-22
804.835153,3.01e-24
804.840336,1.63e-24
804.851294,3.831e-25
804.869187,1.72e-24
804.86936,1.75e-24
804.869498,1.7799999999999994e-24
804.877355,1.7799999999999994e-24
804.877426,1.82e-24
804.87749,1.75e-24
805.104943,9.942e-25
805.208839,1.905e-23
805.21878,2.5399999999999998e-24
805.218942,2.5e-24
805.219085,2.45e-24
805.245935,2.4099999999999998e-24
805.246012,2.45e-24
805.24616,2.49e-24
805.265588,2.036e-23
805.284708,2.5499999999999998e-24
805.284931,2.6e-24
805.285099,2.64e-24
805.295373,2.64e-24
805.295538,2.6e-24
805.295542,2.7e-24
805.303494,8.6e-25
805.303798,8.94e-25
805.303866,8.7e-25
805.306229,1.5699999999999997e-23
805.306341,1.6399999999999998e-23
805.306355,1.7e-23
805.351367,8.72e-25
805.351435,8.95e-25
805.351692,9.21e-25
805.385012,1.7099999999999998e-23
805.385026,1.6499999999999998e-23
805.385079,1.7799999999999998e-23
805.531395,3.038e-25
805.599458,2.071e-24
805.637093,1.23e-24
805.641703,3.62e-24
805.651428,3.8e-23
805.651653,3.7e-23
805.651662,3.81e-23
805.655598,3.72e-24
805.655903,3.7799999999999996e-24
805.656137,3.83e-24
805.668676,3.82e-24
805.668908,3.7799999999999996e-24
805.669011,3.95e-24
805.674178,2.158e-24
805.706316,3.7e-23
805.706338,3.81e-23
805.707668,4.19e-23
805.716266,3.59e-24
805.720907,1.22e-24
805.766334,2.67e-25
805.76827,3.88e-24
805.770919,3.97e-25
805.773177,9.03e-24
805.775861,4.91e-25
805.782652,1.1200000000000001e-22
805.783264,1.22e-22
805.783625,1.1e-22
805.785913,2.38e-25
805.786309,1.69e-25
805.826287,3.95e-25
805.826972,4.05e-25
805.828545,1.1e-22
805.828908,1.22e-22
805.829528,1.33e-22
805.838993,9.26e-24
805.843902,4e-24
805.88535,1.89e-23
805.907661,9.85e-26
805.936191,2.011e-23
805.974503,2.26e-25
805.984356,5.33e-24
805.984807,5.3599999999999995e-24
805.985204,5.33e-24
805.993435,4.304e-25
805.999665,5.33e-24
806.00006,5.37e-24
806.000327,5.67e-24
806.003256,1.09e-25
806.003792,9.97e-26
806.010367,2.24e-25
806.054311,1.72e-24
806.054461,1.69e-24
806.054596,1.67e-24
806.081854,1.64e-24
806.081915,1.67e-24
806.082042,1.69e-24
806.09765,6.255e-24
806.154872,6.458e-24
806.163044,1.6499999999999998e-23
806.163149,1.7099999999999998e-23
806.163165,1.79e-23
806.170265,1.03e-24
806.170533,1.07e-24
806.17058,1.04e-24
806.219522,1.04e-24
806.21957,1.07e-24
806.21979,1.0999999999999998e-24
806.245705,1.8e-23
806.245721,1.7199999999999998e-23
806.245764,1.88e-23
806.263569,3.08e-25
806.26797,1.16e-24
806.273893,7.5e-24
806.274646,7.35e-24
806.275519,6.67e-24
806.290944,6.67e-24
806.291816,7.35e-24
806.292401,7.989999999999999e-24
806.298494,1.15e-24
806.302892,3.06e-25
806.35385,2.29e-25
806.355867,3.28e-24
806.358512,3.38e-25
806.360844,8.02e-24
806.363558,4.26e-25
806.370388,1.1e-22
806.37107,1.2e-22
806.371349,1.08e-22
806.373716,2.13e-25
806.374064,1.53e-25
806.408006,3.53e-25
806.408607,3.59e-25
806.410338,1.09e-22
806.410624,1.2e-22
806.411137,1.3e-22
806.420843,8.209999999999999e-24
806.425827,3.38e-24
806.457585,2.225e-24
806.52131,1.58e-24
806.524292,4.88e-24
806.527378,1.0399999999999998e-23
806.528908,9e-24
806.531134,5.94e-24
806.535552,2.322e-24
806.544809,5.95e-24
806.547033,9.01e-24
806.54841,1.11e-23
806.551651,4.87e-24
806.554631,1.58e-24
806.745095,6.859999999999999e-24
806.746221,1.0399999999999998e-23
806.748103,1.41e-23
806.751889,7.49e-24
806.755879,4.31e-24
806.764023,4.3199999999999995e-24
806.768011,7.509999999999999e-24
806.771659,1.5099999999999998e-23
806.773681,1.0399999999999998e-23
806.774805,6.85e-24
806.89736,1.854e-23
806.912165,1.15e-24
806.912316,1.13e-24
806.912441,1.12e-24
806.93759,1.43e-23
806.937842,1.56e-23
806.939361,1.86e-23
806.946299,1.11e-24
806.946351,1.09e-24
806.946477,1.07e-24
806.947528,4.899999999999999e-24
806.948155,1.967e-23
806.952248,4.0599999999999995e-24
806.952705,4.08e-24
806.957423,4.92e-24
806.965465,2.0000000000000002e-23
806.96711,1.56e-23
806.967361,1.43e-23
807.018479,1.7e-23
807.018577,1.7799999999999998e-23
807.018595,1.87e-23
807.037751,1.2099999999999999e-24
807.037989,1.2699999999999999e-24
807.038023,1.23e-24
807.058209,1.39e-24
807.058353,1.42e-24
807.058401,1.44e-24
807.059318,9.1e-25
807.059429,9.25e-25
807.059457,9.4e-25
807.071101,2.08e-24
807.071289,2.11e-24
807.071366,2.1499999999999998e-24
807.076534,5.85e-25
807.076598,5.95e-25
807.076607,6.05e-25
807.080194,1.44e-24
807.080206,9.39e-25
807.080215,9.24e-25
807.080233,1.42e-24
807.08038,9.58e-25
807.080402,1.4699999999999999e-24
807.088459,1.24e-24
807.088492,1.2699999999999999e-24
807.088683,1.2999999999999998e-24
807.089944,5.83e-25
807.090124,5.93e-25
807.090409,6.04e-25
807.093787,2.1499999999999998e-24
807.093859,2.11e-24
807.094057,2.2e-24
807.095927,3.0699999999999998e-24
807.096182,3.11e-24
807.096309,3.15e-24
807.102835,2.04e-23
807.102956,2.06e-23
807.10436,2.43e-23
807.105385,1.88e-23
807.105403,1.8e-23
807.105437,1.97e-23
807.111981,3.7e-25
807.112067,3.76e-25
807.112075,3.82e-25
807.114623,5.27e-24
807.117991,1.3399999999999999e-25
807.11808,4.34e-24
807.119264,3.15e-24
807.119388,3.11e-24
807.119454,4.37e-24
807.119642,3.25e-24
807.122912,5.24e-24
807.130684,4.44e-24
807.131048,4.48e-24
807.131278,4.49e-24
807.133061,2.63e-23
807.134579,2.06e-23
807.134701,2.03e-23
807.13786,3.81e-25
807.137885,3.75e-25
807.137972,3.88e-25
807.154663,4.49e-24
807.154891,4.48e-24
807.155245,4.72e-24
807.160364,1.73e-25
807.165118,5.45e-25
807.167775,2.3e-25
807.167839,2.37e-25
807.167841,2.33e-25
807.16795,1.33e-25
807.173453,6.31e-24
807.174018,6.2699999999999995e-24
807.174507,6.0299999999999995e-24
807.191933,2.37e-25
807.191944,2.33e-25
807.192029,2.41e-25
807.19795,6.0299999999999995e-24
807.198436,6.2699999999999995e-24
807.198985,6.72e-24
807.207338,5.42e-25
807.21209,1.72e-25
807.213941,7.18e-25
807.21788,2.58e-24
807.222419,8.79e-24
807.223435,8.28e-24
807.22471,6.61e-24
807.242616,4.051e-25
807.244266,2.38e-23
807.244759,2.66e-23
807.246147,3.12e-23
807.246798,6.61e-24
807.248073,8.28e-24
807.249065,9.39e-24
807.25311,9.19e-24
807.253629,2.57e-24
807.257566,7.15e-25
807.257745,5.42e-24
807.266033,5.39e-24
807.270669,9.14e-24
807.271438,3.5599999999999995e-24
807.273535,7.92e-24
807.275888,1.21e-23
807.277529,3.38e-23
807.278184,8.76e-24
807.279019,2.66e-23
807.279513,2.37e-23
807.281258,4.7e-24
807.298467,4.7099999999999995e-24
807.301539,8.769999999999999e-24
807.303808,1.29e-23
807.30619,7.899999999999999e-24
807.308286,3.55e-24
807.315761,2.373e-24
807.330088,1.09e-23
807.330723,1.36e-23
807.3323,1.62e-23
807.337938,5.699999999999999e-24
807.342405,3.44e-24
807.351599,3.45e-24
807.356065,5.72e-24
807.36167,1.73e-23
807.36328,1.36e-23
807.363914,1.09e-23
807.364606,2.11e-23
807.365872,3.1e-23
807.367559,3.92e-23
807.371459,2.04e-23
807.375396,9.3e-24
807.388777,1.79e-23
807.388887,1.89e-23
807.390244,2.13e-23
807.394002,9.25e-24
807.397269,2.482e-24
807.397941,2.03e-23
807.40101,3.95e-24
807.401746,4.27e-23
807.403526,3.1e-23
807.404794,2.11e-23
807.405658,3.53e-24
807.40588,3.5199999999999996e-24
807.410527,3.97e-24
807.421256,2.3e-23
807.422651,1.89e-23
807.422759,1.79e-23
807.447039,2.42e-23
807.4472,2.44e-23
807.448465,2.7599999999999995e-23
807.459745,4.9699999999999995e-24
807.464638,3.95e-24
807.465194,3.9299999999999995e-24
807.465648,1.09e-23
807.468517,2.8000000000000003e-23
807.470089,4.94e-24
807.470152,2e-25
807.471191,4.82e-23
807.471432,1.28e-23
807.473079,4.04e-23
807.474077,3.73e-25
807.475389,3.78e-23
807.475452,2.17e-23
807.476544,8.25e-25
807.478139,4.94e-25
807.479156,1.818e-23
807.479608,1.07e-22
807.48081,1.06e-22
807.481329,2.99e-23
807.481535,6.73e-25
807.482115,7.46e-23
807.482632,2.44e-23
807.482794,2.41e-23
807.483454,1.08e-25
807.485612,5.37e-25
807.504008,2.74e-23
807.504184,2.16e-23
807.504531,3.05e-23
807.505863,3.5e-23
807.506558,4.03e-23
807.50836,5.27e-23
807.511119,2.8000000000000003e-23
807.513003,9.64e-24
807.513989,1.09e-23
807.51765,5.48e-24
807.518375,2.86e-25
807.519687,7.449999999999999e-23
807.519713,3.17e-25
807.520993,1.06e-22
807.522219,1.2500000000000001e-22
807.523576,1.922e-23
807.526413,3.82e-23
807.529072,5.44e-24
807.530371,1.3e-23
807.53372,9.58e-24
807.540816,3.81e-23
807.54219,3.05e-23
807.542715,2.74e-23
807.549637,4.37e-24
807.554006,1.35e-23
807.558301,2.2e-23
807.559378,5.81e-23
807.55975,3.4099999999999995e-23
807.560378,5.77e-23
807.561268,4.6599999999999993e-23
807.561504,4.36e-23
807.56508,2.42e-23
807.568856,1.08e-23
807.591508,1.0699999999999998e-23
807.594866,7.94e-25
807.595285,2.41e-23
807.597955,4.65e-23
807.598814,4.76e-23
807.598846,5.75e-23
807.599767,6.400000000000001e-23
807.600064,6.84e-25
807.600576,1.17e-25
807.600614,3.4099999999999995e-23
807.601317,9.86e-26
807.602063,2.2e-23
807.604479,5.76e-25
807.605217,1.36e-23
807.608123,9.27e-24
807.609588,4.399999999999999e-24
807.611447,2.63e-23
807.614608,5.3e-23
807.616191,4.73e-23
807.618117,2.84e-23
807.619211,1.97e-24
807.620059,5.907e-25
807.624171,4.72e-24
807.63419,6.85e-23
807.634487,6.022e-25
807.634807,7.169999999999999e-23
807.635115,6.63e-23
807.651121,2.83e-23
807.653049,4.72e-23
807.653125,3.45e-24
807.653738,1.03e-25
807.654584,5.819999999999999e-23
807.657764,9.79e-24
807.657792,2.64e-23
807.661117,9.3e-24
807.664545,6.319999999999999e-23
807.665373,6.429999999999999e-23
807.665998,5.559999999999999e-23
807.666406,6.92e-25
807.671686,6.21e-25
807.6763,5.42e-25
807.676416,1.03e-24
807.67726,6.619999999999999e-23
807.67757,7.139999999999999e-23
807.678113,7.6e-23
807.679886,1.35e-25
807.68008,1.2e-25
807.681568,1.93e-24
807.688204,4.78e-24
807.693166,2e-24
807.693538,1.56e-24
807.694732,1.12e-25
807.69533,1.1e-25
807.697433,7.91e-23
807.697856,8.439999999999999e-23
807.697976,8.029999999999999e-23
807.69859,3.32e-24
807.700503,9.82e-26
807.706144,5.55e-23
807.706771,6.409999999999999e-23
807.70755,6.989999999999999e-23
807.708768,1.29e-25
807.709262,1.1e-25
807.710823,7.379999999999999e-23
807.711339,7.8e-23
807.711557,7.33e-23
807.714313,5.95e-25
807.714379,9.86e-24
807.719019,3.48e-24
807.719626,5.5e-25
807.7228,5.85e-25
807.724372,4.94e-25
807.728023,9.33e-25
807.729175,8.13e-25
807.734359,1.41e-24
807.74232,1.24e-25
807.742758,1.24e-25
807.744825,8.009999999999999e-23
807.744947,8.4e-23
807.745301,8.839999999999999e-23
807.747452,1.59e-25
807.747489,1.49e-25
807.747991,1.5e-25
807.74803,5.11e-25
807.748368,1.49e-25
807.750393,1.3e-25
807.750656,8.91e-23
807.750875,1.28e-25
807.750968,9.64e-23
807.751015,9.2e-23
807.753075,8.419999999999999e-23
807.753353,4.86e-25
807.753434,9.04e-23
807.753521,8.619999999999999e-23
807.753614,1.39e-25
807.75368,1.32e-25
807.754202,1.07e-25
807.754767,1.08e-25
807.756081,1.17e-25
807.756203,1.09e-25
807.756608,7.31e-23
807.756828,7.769999999999999e-23
807.757294,8.22e-23
807.758194,4.45e-25
807.759234,1.47e-25
807.759354,1.3399999999999999e-25
807.759547,3.53e-25
807.759718,4.67e-25
807.761234,1.98e-24
807.764799,5e-25
807.764953,7e-25
807.766387,1.06e-24
807.76743,1.04e-25
807.769576,3.38e-24
807.772444,4.42e-25
807.774629,1.5899999999999999e-24
807.777768,4.29e-25
807.782679,4e-25
807.784818,2.82e-25
807.787462,1.05e-25
807.78751,2.18e-25
807.78839,1.73e-25
807.788694,1.72e-25
807.790011,3.83e-25
807.790073,3.81e-25
807.790154,1.18e-25
807.791037,9.38e-23
807.791306,1.02e-22
807.791341,9.72e-23
807.792528,1.9899999999999999e-25
807.792688,1.15e-25
807.79277,1.9899999999999999e-25
807.792773,2.81e-25
807.793953,1.62e-25
807.793988,1.57e-25
807.795159,9.81e-23
807.795327,3.79e-25
807.795371,1.27e-25
807.795401,1.07e-22
807.795416,1.02e-22
807.795584,7.53e-25
807.795699,7.42e-25
807.795817,7.299999999999999e-25
807.798046,1.855e-25
807.800133,1.63e-25
807.800294,3.59e-25
807.800434,1.63e-25
807.80061,1.4199999999999999e-25
807.800987,1.43e-25
807.801555,1.12e-25
807.802709,9.18e-23
807.802758,9.59e-23
807.802813,3.3299999999999998e-25
807.803004,1.01e-22
807.803148,8.6e-23
807.803236,9.000000000000001e-23
807.803543,9.45e-23
807.804069,1.73e-25
807.804642,1.29e-25
807.805328,1.86e-25
807.805334,1.93e-25
807.805774,1.75e-25
807.805792,1.67e-25
807.806711,1.32e-25
807.807186,1.35e-25
807.808119,3.36e-25
807.809332,2.15e-25
807.809826,1.48e-25
807.811125,2.9e-25
807.811913,1.4e-25
807.81245,1.62e-25
807.81313,3.23e-25
807.814292,1.28e-24
807.814365,1.48e-25
807.814467,1.2699999999999999e-24
807.815015,1.55e-25
807.816048,1.68e-25
807.816117,1.4399999999999997e-23
807.816357,1.82e-23
807.816419,2.98e-25
807.816632,7.15e-25
807.816679,2.4700000000000003e-23
807.816729,7.27e-25
807.816873,7.39e-25
807.816933,1.06e-25
807.816965,2.53e-25
807.818007,1.26e-24
807.818707,2.21e-25
807.818745,1.2699999999999999e-24
807.819181,1.06e-25
807.81957,1.66e-25
807.819968,1.93e-25
807.821275,1.86e-25
807.821467,2.9e-25
807.821911,2.29e-25
807.822102,2.28e-25
807.822193,1.22e-25
807.822243,2.64e-25
807.82231,1.4599999999999999e-24
807.822678,1.2e-25
807.82397,2.35e-25
807.824526,1.02e-22
807.824738,1.1200000000000001e-22
807.824741,1.71e-25
807.824747,1.07e-22
807.825212,2.09e-25
807.825702,9.78e-25
807.826427,1.9e-25
807.827323,2.61e-25
807.827361,2.14e-25
807.827383,2.18e-25
807.827495,8.44e-25
807.829077,2.35e-25
807.829403,2.62e-25
807.829551,2.62e-25
807.830343,2.11e-25
807.830926,6.16e-25
807.832001,1.05e-22
807.832195,1.1e-22
807.832197,1.16e-22
807.834793,2.48e-25
807.83484,2.51e-25
807.843329,1.85e-25
807.843586,1.86e-25
807.845918,9.7e-23
807.845954,1.02e-22
807.846169,1.07e-22
807.848536,2.1e-25
807.848542,2.16e-25
807.849891,2.11e-25
807.850096,2.12e-25
807.850821,3e-25
807.85093,3e-25
807.852498,1.02e-22
807.852514,1.07e-22
807.852691,1.1200000000000001e-22
807.853402,1.08e-22
807.853572,1.13e-22
807.853577,1.2e-22
807.855109,2.35e-25
807.85512,2.4e-25
807.856153,2.86e-25
807.856219,2.89e-25
807.859436,3.42e-25
807.859513,3.42e-25
807.862001,1.1e-22
807.862153,1.16e-22
807.862165,1.22e-22
807.863023,1.4999999999999998e-24
807.863254,1.4999999999999998e-24
807.864717,3.29e-25
807.864805,3.31e-25
807.865178,2.8899999999999995e-23
807.865337,3.51e-23
807.865529,4.42e-23
807.867261,1.49e-24
807.867843,1.49e-24
807.869355,1.36e-25
807.872306,7.44e-25
807.873223,1.7599999999999997e-23
807.873316,1.84e-23
807.873337,1.94e-23
807.87493,1.02e-25
807.874984,3.9e-25
807.875028,3.89e-25
807.877531,1.1e-22
807.877542,4.99e-25
807.877666,1.17e-22
807.877681,1.24e-22
807.880125,1.02e-25
807.880213,3.77e-25
807.880226,1.54e-25
807.880319,3.79e-25
807.882394,2.4e-25
807.882564,2.41e-25
807.883114,5.3999999999999985e-25
807.883189,4.43e-25
807.883206,4.43e-25
807.885005,1.06e-22
807.885015,1.11e-22
807.885171,1.17e-22
807.885718,1.1e-22
807.885737,1.21e-25
807.885841,1.17e-22
807.885861,1.2500000000000001e-22
807.887621,2.64e-25
807.887626,2.69e-25
807.888343,1.45e-24
807.888368,3.84e-25
807.88837,4.3e-25
807.888496,4.32e-25
807.888571,1.45e-24
807.890656,4.27e-23
807.890777,5e-23
807.890908,6.03e-23
807.890962,1.21e-25
807.892861,1.44e-24
807.892903,2.73e-25
807.893035,2.73e-25
807.893342,1.44e-24
807.89419,5.02e-25
807.8942,5.02e-25
807.895522,1.16e-22
807.895523,1.1e-22
807.895653,1.22e-22
807.89671,1.09e-22
807.896821,1.16e-22
807.896844,1.2500000000000001e-22
807.89814,2.97e-25
807.898142,3.01e-25
807.899331,4.9e-25
807.899475,4.92e-25
807.900881,5.69e-25
807.900915,5.69e-25
807.902914,1.32e-24
807.903122,1.32e-24
807.903191,1.43e-24
807.903404,1.07e-22
807.903405,1.49e-24
807.903428,1.45e-24
807.903507,1.14e-22
807.903534,1.23e-22
807.905313,5.51e-23
807.905415,6.319999999999999e-23
807.905511,7.4e-23
807.905995,5.57e-25
807.90616,5.58e-25
807.907605,1.31e-24
807.908012,1.31e-24
807.908029,6.44e-25
807.908089,6.45e-25
807.910553,1.0300000000000001e-22
807.910649,1.11e-22
807.91068,1.21e-22
807.91124,1.19e-24
807.911425,1.19e-24
807.912352,7.299999999999999e-25
807.912436,7.299999999999999e-25
807.913113,6.3299999999999995e-25
807.9133,6.3299999999999995e-25
807.913691,6.64e-23
807.913783,7.489999999999999e-23
807.913858,8.569999999999999e-23
807.914873,9.83e-23
807.914964,1.07e-22
807.915,1.17e-22
807.915535,1.05e-24
807.915694,1.06e-24
807.91574,8.25e-25
807.915849,8.26e-25
807.916049,1.18e-24
807.9164,1.17e-24
807.916679,9.32e-25
807.916813,9.33e-25
807.916843,1.72e-25
807.917401,7.18e-25
807.917613,7.18e-25
807.917945,3.09e-25
807.918018,7.63e-23
807.918048,3.09e-25
807.918105,8.489999999999999e-23
807.918165,9.57e-23
807.918255,9.22e-23
807.918342,1.01e-22
807.918384,1.11e-22
807.919182,8.489999999999999e-23
807.919268,9.35e-23
807.919318,1.04e-22
807.919678,4.21e-25
807.920429,1.04e-24
807.920562,1.19e-22
807.920566,1.13e-22
807.920677,1.2500000000000001e-22
807.920735,1.04e-24
807.920748,8.14e-25
807.920987,8.14e-25
807.921637,9.21e-25
807.921907,9.2e-25
807.922299,1.4199999999999999e-25
807.923182,3.36e-25
807.923191,3.3299999999999998e-25
807.924936,3.14e-25
807.927542,1.41e-25
807.927862,1.69e-25
807.929494,7.39e-24
807.930326,3.4899999999999998e-25
807.930396,3.4899999999999998e-25
807.932131,2.93e-25
807.932153,1.93e-25
807.93294,1.21e-22
807.93295,1.15e-22
807.933036,1.2800000000000001e-22
807.933909,2.35e-23
807.934944,3.21e-25
807.935564,3.76e-25
807.93558,3.73e-25
807.936697,4.06e-25
807.937563,1.65e-25
807.939224,1.04e-22
807.940209,2.5e-25
807.940259,1.07e-22
807.941086,8.549999999999999e-23
807.942827,1.64e-25
807.942897,1.23e-25
807.95025,3.93e-25
807.950293,3.94e-25
807.95286,1.23e-22
807.952873,1.17e-22
807.952944,1.31e-22
807.954357,8.461e-25
807.955383,1.4599999999999999e-24
807.955406,1.49e-24
807.955483,4.2e-25
807.955511,4.18e-25
807.955573,1.5299999999999999e-24
807.962055,2.17e-25
807.963219,4.43e-25
807.963233,4.43e-25
807.964806,2.54e-25
807.964818,1.95e-23
807.964838,1.86e-23
807.964864,2.04e-23
807.965825,1.24e-22
807.965843,1.17e-22
807.965895,1.32e-22
807.967423,1.89e-25
807.968449,4.69e-25
807.968488,4.68e-25
807.97007,2.06e-25
807.971329,2.6799999999999998e-25
807.971562,8.633e-25
807.972309,2.82e-25
807.972699,1.88e-25
807.973108,8.549999999999999e-23
807.973941,1.07e-22
807.974783,1.2e-22
807.979706,4.98e-25
807.979719,4.98e-25
807.979937,2.42e-25
807.980284,2.38e-23
807.98232,1.23e-22
807.98234,1.16e-22
807.98238,1.32e-22
807.982653,1.9899999999999999e-25
807.984707,7.509999999999999e-24
807.984942,5.23e-25
807.984994,5.22e-25
807.985267,2.17e-25
807.987919,1.67e-25
807.99056,2.17e-25
807.992573,5.58e-25
807.992614,5.57e-25
807.99521,1.22e-22
807.995234,1.14e-22
807.995258,1.31e-22
807.997829,5.83e-25
807.997895,5.83e-25
808.005663,2.71e-25
808.006894,6.25e-25
808.006963,6.24e-25
808.008346,1.61e-25
808.009552,1.19e-22
808.009579,1.11e-22
808.009591,1.2800000000000001e-22
808.010956,2.47e-25
808.012168,6.5e-25
808.012249,6.5e-25
808.013609,1.39e-25
808.01626,2.49e-25
808.019537,6.99e-25
808.019638,6.9799999999999995e-25
808.022218,1.15e-22
808.022246,1.24e-22
808.022249,1.06e-22
808.024829,7.24e-25
808.024928,7.24e-25
808.025133,3.02e-25
808.027785,1.29e-25
808.030391,2.81e-25
808.032791,7.81e-25
808.032925,7.79e-25
808.033046,1.15e-25
808.035495,1.09e-22
808.035514,1.19e-22
808.03553,1.01e-22
808.035708,2.85e-25
808.0381,8.04e-25
808.038217,8.06e-25
808.045577,8.69e-25
808.045748,8.67e-25
808.048305,1.02e-22
808.048312,1.1200000000000001e-22
808.048345,9.31e-23
808.048707,3.36e-25
808.050902,8.91e-25
808.05104,8.93e-25
808.051328,1.05e-25
808.053929,3.18e-25
808.058991,9.64e-25
808.059204,9.62e-25
808.059256,3.25e-25
808.06174,1.04e-22
808.061744,9.3e-23
808.061792,8.449999999999999e-23
808.064332,9.85e-25
808.064494,9.88e-25
808.06956,3.73e-25
808.073043,1.07e-24
808.073307,1.06e-24
808.074747,3.6e-25
808.075807,9.33e-23
808.075825,8.289999999999999e-23
808.075881,7.44e-23
808.078399,1.0799999999999999e-24
808.078588,1.09e-24
808.080086,3.69e-25
808.088672,1.16e-24
808.088997,1.16e-24
808.091449,8.119999999999999e-23
808.091484,7.09e-23
808.091553,6.279999999999999e-23
808.092809,4.13e-25
808.09404,1.18e-24
808.094261,1.18e-24
808.097958,4.05e-25
808.103306,4.19e-25
808.106923,1.23e-24
808.107328,1.22e-24
808.109711,6.669999999999999e-23
808.10977,5.7e-23
808.109858,4.97e-23
808.112299,1.24e-24
808.112557,1.24e-24
808.115655,4.57e-25
808.120763,4.55e-25
808.126121,4.75e-25
808.130006,1.2099999999999999e-24
808.130518,1.2099999999999999e-24
808.132796,4.9400000000000006e-23
808.132891,4.09e-23
808.133008,3.49e-23
808.135381,1.22e-24
808.135681,1.23e-24
808.140655,5.02e-25
808.145718,5.09e-25
808.151085,5.3599999999999995e-25
808.162523,9.64e-25
808.16319,9.58e-25
808.165294,2.79e-23
808.165449,2.21e-23
808.165617,1.82e-23
808.167234,5.5e-25
808.167876,9.65e-25
808.168219,9.72e-25
808.172153,2.512e-24
808.172246,5.67e-25
808.17762,6.05e-25
808.197131,5.99e-25
808.202082,6.29e-25
808.207461,6.79e-25
808.231379,6.44e-25
808.236254,6.9e-25
808.241635,7.57e-25
808.248574,1.19e-24
808.257496,2.633e-24
808.26853,1.216e-24
808.272494,6.78e-25
808.277273,7.44e-25
808.282646,8.32e-25
808.324213,6.84e-25
808.328861,7.72e-25
808.334212,8.84e-25
808.393708,6.25e-25
808.398164,7.3299999999999985e-25
808.40346,8.67e-25
808.480195,6.94e-25
808.484945,1.85e-24
808.496122,4.29e-25
808.496597,2.94e-23
808.496618,2.93e-23
808.49675,2.96e-23
808.500271,5.29e-25
808.505429,6.57e-25
808.506014,1.645e-24
808.528705,1.681e-24
808.555065,2.96e-23
808.555187,2.93e-23
808.556342,3.22e-23
808.566839,1.83e-24
808.57162,6.85e-25
808.592685,1.7599999999999997e-23
808.638766,1.855e-23
808.707118,4.85e-25
808.707226,4.78e-25
808.707334,4.7e-25
808.726768,1.79e-23
808.726857,1.89e-23
808.72688,1.99e-23
808.729206,4.62e-25
808.729291,4.69e-25
808.72942,4.77e-25
808.73008,2.232e-24
808.755507,2.283e-24
808.768817,1.67e-24
808.76901,1.74e-24
808.769025,1.69e-24
808.822569,1.7e-24
808.822584,1.74e-24
808.822731,1.79e-24
808.823558,2.0000000000000002e-23
808.82358,1.9e-23
808.823599,2.1e-23
808.924161,2.973e-24
808.952349,3.044e-24
808.975291,4.832e-24
809.02811,2.639e-24
809.035819,4.977e-24
809.043788,1.7069999999999998e-23
809.07444,3.361e-25
809.076931,4.863e-25
809.082604,1.795e-23
809.091543,3.885e-24
809.101821,4.956000000000001e-25
809.113246,7.039e-25
809.117656,2.772e-24
809.122549,3.983e-24
809.139125,7.18e-25
809.157474,1.001e-24
809.182248,4.34e-23
809.182805,1.49e-25
809.184104,7.5e-23
809.184485,1.022e-24
809.184882,3.54e-25
809.186079,9.93e-23
809.186936,3.68e-25
809.189039,6.57e-23
809.192427,2.92e-23
809.207832,1.3969999999999999e-24
809.218919,2.9e-23
809.219697,1.54e-25
809.222307,6.55e-23
809.222864,2.49e-25
809.22531,1.14e-22
809.226488,9.97e-26
809.227241,7.529999999999999e-23
809.229098,4.36e-23
809.235338,4.982e-24
809.236133,1.427e-24
809.262648,1.915e-24
809.269255,5.114e-24
809.292408,1.958e-24
809.32037,2.576e-24
809.351771,2.637e-24
809.358437,6.265e-24
809.379577,3.401e-24
809.395405,6.44e-24
809.412822,3.485e-24
809.438999,4.405e-24
809.463481,7.724e-24
809.467478,1.24e-25
809.468402,1.7e-23
809.471023,2.6e-25
809.471574,4.97e-23
809.474311,4.519e-24
809.474458,3.41e-25
809.474496,9.57e-23
809.476196,8.76e-23
809.478234,5.04e-23
809.497521,5.5959999999999996e-24
809.501295,1.92e-25
809.501847,5.03e-23
809.502968,2.22e-25
809.503692,7.952e-24
809.503892,8.749999999999999e-23
809.50537,1.1e-22
809.508507,5e-23
809.511686,1.7099999999999998e-23
809.535151,5.749e-24
809.552841,9.33e-24
809.554192,6.97e-24
809.579422,1.81e-23
809.579509,1.91e-23
809.579533,2.02e-23
809.594426,7.171e-24
809.596557,9.623e-24
809.608222,8.508e-24
809.628617,1.104e-23
809.632889,1.93e-24
809.633065,2.0299999999999998e-24
809.633074,1.98e-24
809.65139,8.767e-24
809.658973,1.017e-23
809.676181,1.141e-23
809.682014,2.03e-23
809.682038,1.93e-23
809.682049,2.1400000000000003e-23
809.688257,1.98e-24
809.688266,2.0299999999999998e-24
809.688396,2.09e-24
809.692637,1.277e-23
809.705466,1.05e-23
809.705949,1.19e-23
809.744498,1.323e-23
809.74647,1.445e-23
809.74878,1.363e-23
809.756237,1.232e-23
809.787201,1.523e-23
809.791426,1.596e-23
809.796062,3.236e-24
809.803212,1.501e-23
809.803439,1.413e-23
809.821022,1.662e-23
809.828573,1.719e-23
809.846952,1.5849999999999998e-23
809.8501,1.765e-23
809.852248,5.912e-24
809.853818,1.6629999999999998e-23
809.858724,1.799e-23
809.874284,1.82e-23
809.881032,8.213e-24
809.882427,1.826e-23
809.882657,2.749e-24
809.88679,1.734e-23
809.893348,1.815e-23
809.897632,1.797e-23
809.897635,1.022e-23
809.899903,1.787e-23
809.906859,1.74e-23
809.907298,1.198e-23
809.910904,1.674e-23
809.912529,1.349e-23
809.913919,1.587e-23
809.914354,1.479e-23
809.923098,1.849e-23
809.93583,1.889e-23
809.956157,1.916e-23
809.969498,1.927e-23
809.976807,2.895e-24
809.986405,1.922e-23
809.999707,1.899e-23
810.014498,1.856e-23
810.027641,1.7929999999999998e-23
810.04145,1.708e-23
810.054861,1.601e-23
810.069003,1.47e-23
810.083934,1.314e-23
810.100668,1.132e-23
810.120394,9.187e-24
810.145606,6.690999999999999e-24
810.181615,3.709e-24
810.297665,1.631e-23
810.339987,1.7099999999999998e-23
810.430913,1.8e-23
810.430997,1.91e-23
810.431024,2.02e-23
810.496806,2.24e-24
810.496968,2.35e-24
810.496973,2.2899999999999998e-24
810.540022,2.04e-23
810.540048,1.93e-23
810.540051,2.15e-23
810.553875,2.3e-24
810.553879,2.36e-24
810.553995,2.4199999999999998e-24
810.574121,1.5669999999999998e-23
810.607894,1.6399999999999998e-23
810.736474,2.839e-24
810.812148,2.51e-24
810.814213,1.32e-25
810.815107,1.13e-25
810.817173,1.91e-24
810.818823,1.3399999999999999e-25
810.819484,1.19e-25
810.821134,1.5299999999999999e-24
810.83571,2.998e-24
810.903144,7.13e-23
810.903789,7.98e-23
810.905162,9.02e-23
810.905757,2.54e-25
810.906733,2.45e-25
810.907571,1.08e-25
810.911894,2.7e-23
810.916452,1.4499999999999998e-23
810.930372,1.4399999999999997e-23
810.93493,2.68e-23
810.939357,1.95e-25
810.941091,1.46e-25
810.941723,1.0300000000000001e-22
810.943036,8.009999999999999e-23
810.943681,7.149999999999999e-23
810.967312,3.31e-23
810.969052,6.12e-23
810.969897,2.16e-25
810.971041,8.619999999999999e-23
810.972078,2.42e-25
810.973954,6.05e-23
810.977353,2.86e-23
810.991505,2.85e-23
810.992349,1.21e-25
810.994912,6.039999999999999e-23
810.99527,1.75e-25
810.997574,9.74e-23
810.999805,6.149999999999999e-23
811.001553,3.32e-23
811.273337,7.529999999999999e-23
811.273358,1.0300000000000001e-22
811.273456,5.46e-23
811.274987,6.64e-24
811.275423,6.63e-24
811.277073,1.37e-25
811.281329,1.7799999999999998e-23
811.281412,1.89e-23
811.281442,2.0100000000000003e-23
811.3595,2.58e-24
811.35965,2.72e-24
811.359651,2.64e-24
811.39782,2.02e-23
811.397844,2.1400000000000003e-23
811.397848,1.91e-23
811.418344,2.65e-24
811.418345,2.72e-24
811.418447,2.7999999999999998e-24
811.44999,4.11e-25
811.454827,1.02e-24
811.468066,2.24e-23
811.46825,2.2e-23
811.468309,2.23e-23
811.498127,5.3199999999999996e-24
811.498828,5.31e-24
811.500898,1.29e-22
811.501087,1.02e-22
811.501139,8.02e-23
811.530516,2.23e-23
811.530731,2.23e-23
811.531769,2.4e-23
811.543969,9.97e-25
811.548836,4.05e-25
811.589054,2.903e-24
811.693929,3.076e-24
811.79025,2.19e-24
811.795489,1.79e-24
811.79984,1.51e-24
811.983252,3.637e-24
812.015463,1.4759999999999998e-23
812.047404,3.739e-24
812.054784,1.5409999999999998e-23
812.06486,1.407e-23
812.093978,1.467e-23
812.130311,8.189999999999999e-23
812.130345,6.449999999999999e-23
812.130385,1.04e-22
812.130483,1.7199999999999998e-23
812.130565,1.84e-23
812.130599,1.96e-23
812.132235,4.2e-24
812.132699,4.1899999999999995e-24
812.221827,2.9499999999999997e-24
812.221964,3.03e-24
812.221966,3.12e-24
812.255407,1.98e-23
812.255427,2.11e-23
812.255439,1.86e-23
812.282541,3.12e-24
812.282543,3.04e-24
812.282633,3.2099999999999997e-24
812.32539,3.59e-24
812.325942,3.58e-24
812.32818,1.26e-22
812.328316,1.04e-22
812.328369,8.589999999999999e-23
812.421189,4.4e-23
812.421979,5.75e-23
812.423688,1.54e-25
812.423734,7.61e-23
812.425248,1.68e-25
812.428382,3.81e-23
812.432562,2.1400000000000003e-23
812.437608,2.13e-23
812.440699,2.939e-24
812.441796,3.8e-23
812.44401,1.41e-25
812.446162,8.5e-23
812.448191,5.77e-23
812.448989,4.4099999999999993e-23
812.551873,3.124e-24
812.638809,7.249999999999999e-23
812.639048,7.249999999999999e-23
812.640303,8.02e-23
812.641374,1.67e-25
812.642164,1.7e-25
812.651674,1.43e-23
812.656543,1.09e-23
812.658462,1.08e-23
812.663331,1.42e-23
812.672528,1.55e-25
812.673653,1.37e-25
812.674782,9.000000000000001e-23
812.675957,7.269999999999999e-23
812.676196,7.249999999999999e-23
812.714355,1.7599999999999998e-24
812.719673,1.52e-24
812.724248,1.32e-24
812.757121,3.191e-25
812.978311,1.6499999999999998e-23
812.978394,1.7599999999999997e-23
812.978433,1.89e-23
812.984946,8.78e-23
812.984947,7.26e-23
812.985018,1.06e-22
812.98703,2.9499999999999997e-24
812.987452,2.9399999999999998e-24
813.083149,3.36e-24
813.083274,3.46e-24
813.083279,3.55e-24
813.112971,1.91e-23
813.112985,2.04e-23
813.113006,1.79e-23
813.145828,3.5599999999999995e-24
813.145832,3.47e-24
813.14591,3.6699999999999995e-24
813.154872,2.62e-24
813.155314,2.62e-24
813.157659,1.2500000000000001e-22
813.157756,1.07e-22
813.157805,9.11e-23
813.258496,1.269e-23
813.291134,2.942e-24
813.409387,3.14e-24
813.509201,1.656e-23
813.510738,1.236e-23
813.535469,1.285e-23
813.61156,1.43e-24
813.616907,1.2699999999999999e-24
813.621628,1.1399999999999999e-24
813.749583,1.306e-23
813.750389,2.9740000000000003e-25
813.78653,1.3589999999999998e-23
813.824599,1.55e-23
813.824684,1.67e-23
813.824729,1.79e-23
813.825562,4.2799999999999993e-23
813.825681,4.48e-23
813.827701,6.559999999999999e-23
813.829468,1.19e-25
813.834166,2.77e-23
813.835674,2.32e-23
813.835983,7.949999999999999e-23
813.835998,9.31e-23
813.836062,1.09e-22
813.838189,2.21e-24
813.838522,2.32e-23
813.838563,2.2e-24
813.840038,2.7599999999999995e-23
813.844301,1.15e-25
813.846189,7.29e-23
813.848515,4.49e-23
813.848642,4.2799999999999993e-23
813.943976,3.81e-24
813.944092,3.92e-24
813.944098,4.03e-24
813.970628,1.81e-23
813.970637,1.94e-23
813.970668,1.69e-23
813.985919,2.0199999999999998e-24
813.986279,2.01e-24
813.988696,1.26e-22
813.988765,1.1e-22
813.988809,9.58e-23
814.008735,4.0399999999999996e-24
814.008741,3.9299999999999995e-24
814.008809,4.16e-24
814.076485,3.322e-25
814.116915,1.332e-23
814.135281,3.41e-25
814.140439,2.909e-24
814.266714,3.118e-24
814.333786,1.665e-23
814.393909,6.059999999999999e-23
814.393917,6.400000000000001e-23
814.395317,6.949999999999999e-23
814.396362,1.1e-25
814.397331,1.21e-25
814.407191,1.15e-23
814.411364,1.08e-23
814.412069,1.08e-23
814.416243,1.16e-23
814.426139,1.24e-25
814.427092,1.17e-25
814.428219,7.749999999999999e-23
814.429517,6.400000000000001e-23
814.429525,6.07e-23
814.492934,1.17e-24
814.498289,1.07e-24
814.503111,9.72e-25
814.55039,2.49e-25
814.555286,5.77e-25
814.56998,1.66e-23
814.570283,1.6299999999999997e-23
814.570288,1.6499999999999998e-23
814.636609,1.6399999999999998e-23
814.636889,1.66e-23
814.637853,1.75e-23
814.651582,5.7e-25
814.656507,2.45e-25
814.666632,9.78e-26
814.666729,9.79e-26
814.669117,1.42e-23
814.669207,1.54e-23
814.669259,1.66e-23
814.684051,8.529999999999999e-23
814.684077,9.78e-23
814.684132,1.1200000000000001e-22
814.686344,1.72e-24
814.686674,1.71e-24
814.803939,4.29e-24
814.804046,4.41e-24
814.804054,4.55e-24
814.817948,1.62e-24
814.818242,1.6099999999999997e-24
814.820711,1.27e-22
814.82076,1.13e-22
814.820798,9.97e-23
814.828607,1.68e-23
814.82861,1.81e-23
814.828653,1.5699999999999997e-23
814.870895,4.5599999999999996e-24
814.870903,4.4299999999999996e-24
814.870962,4.7e-24
814.906726,1.064e-23
814.927257,1.103e-23
814.949718,3.852e-25
814.97227,1.404e-23
814.988417,2.836e-24
815.010724,3.958e-25
815.123862,3.0559999999999998e-24
815.125764,2.671e-24
815.161057,1.695e-23
815.175206,2.17e-23
815.176178,3.22e-23
815.178517,5.539999999999999e-23
815.181932,3.56e-23
815.185642,2.7e-23
815.186403,2.71e-23
815.190105,3.57e-23
815.193183,6.12e-23
815.193803,2.74e-24
815.195868,3.22e-23
815.196831,2.17e-23
815.363907,9.69e-25
815.369258,9.07e-25
815.374156,8.39e-25
815.503909,1.13e-23
815.509021,1.04e-25
815.509129,1.04e-25
815.511482,1.26e-23
815.511579,1.37e-23
815.511641,1.5e-23
815.529653,9.03e-23
815.529688,1.02e-22
815.529735,1.15e-22
815.532011,1.39e-24
815.532305,1.39e-24
815.539013,1.173e-23
815.650454,1.32e-24
815.650695,1.32e-24
815.653203,1.29e-22
815.653235,1.16e-22
815.653269,1.04e-22
815.663333,4.8e-24
815.663433,4.9499999999999996e-24
815.663443,5.09e-24
815.687171,1.66e-23
815.687175,1.53e-23
815.687227,1.41e-23
815.689763,9.95e-26
815.689884,9.95e-26
815.732624,5.11e-24
815.732634,4.96e-24
815.732685,5.26e-24
815.821222,4.437e-25
815.823538,1.475e-23
815.834993,2.721e-24
815.884499,4.565e-25
815.98103,2.949e-24
815.990189,1.7329999999999998e-23
816.172422,4.37e-23
816.172843,5.2e-23
816.174416,5.9e-23
816.180964,1.73e-23
816.185544,1.11e-23
816.19493,1.12e-23
816.19951,1.74e-23
816.204415,1.02e-25
816.205562,1.01e-25
816.206183,6.519999999999999e-23
816.207631,5.1899999999999993e-23
816.208052,4.37e-23
816.22766,8.16e-25
816.233002,7.78e-25
816.237959,7.299999999999999e-25
816.248229,8.979e-24
816.264698,9.284e-24
816.348716,1.08e-25
816.348832,1.08e-25
816.351143,1.08e-23
816.351251,1.19e-23
816.351325,1.31e-23
816.373298,9.46e-23
816.37334,1.06e-22
816.373381,1.17e-22
816.375709,1.1399999999999999e-24
816.37597,1.1399999999999999e-24
816.465729,4.03e-24
816.468765,1.4000000000000002e-23
816.472385,4.6e-23
816.473622,4.34e-23
816.475521,3.49e-23
816.480565,3.5e-23
816.482456,4.35e-23
816.483227,1.11e-24
816.483324,5.04e-23
816.483423,1.0999999999999998e-24
816.485962,1.3e-22
816.48598,1.18e-22
816.48601,1.07e-22
816.487321,1.4000000000000002e-23
816.490349,4.02e-24
816.521952,5.33e-24
816.522046,5.5e-24
816.522057,5.68e-24
816.546719,1.4599999999999998e-23
816.546731,1.34e-23
816.546793,1.22e-23
816.549309,1.03e-25
816.549446,1.03e-25
816.593724,5.69e-24
816.593735,5.52e-24
816.593778,5.87e-24
816.671518,1.54e-23
816.679934,2.562e-24
816.690591,5.079e-25
816.754491,1.12e-25
816.754712,1.16e-25
816.754745,1.13e-25
816.756208,5.231e-25
816.802078,1.13e-25
816.80211,1.16e-25
816.80229,1.18e-25
816.820493,1.773e-23
816.838348,2.797e-24
817.085804,6.93e-25
817.091134,6.72e-25
817.096138,6.39e-25
817.184837,1.09e-25
817.184958,1.09e-25
817.187216,8.769999999999999e-24
817.18734,9.76e-24
817.187433,1.09e-23
817.215026,9.81e-23
817.215075,1.08e-22
817.215111,1.19e-22
817.217481,9.46e-25
817.217714,9.449999999999999e-25
817.28272,9.571e-24
817.315782,9.34e-25
817.31594,9.32e-25
817.316447,9.904e-24
817.318504,1.31e-22
817.31851,1.2e-22
817.318537,1.1e-22
817.379962,5.89e-24
817.38005,6.09e-24
817.380062,6.2899999999999995e-24
817.407829,1.2299999999999998e-23
817.407851,1.12e-23
817.407926,1.02e-23
817.410416,1.04e-25
817.41057,1.04e-25
817.45438,6.31e-24
817.454392,6.11e-24
817.454428,6.52e-24
817.516819,1.5979999999999998e-23
817.522983,2.359e-24
817.531285,7.429e-24
817.543798,7.665e-24
817.558469,5.777e-25
817.617644,1.38e-25
817.617844,1.43e-25
817.617867,1.4e-25
817.62652,5.957000000000001e-25
817.651404,1.81e-23
817.666434,1.4e-25
817.666457,1.43e-25
817.666615,1.46e-25
817.695087,5.38e-25
817.696066,2.5969999999999998e-24
817.699511,2.18e-24
817.706285,3.74e-23
817.706834,3.8e-23
817.70751,3.75e-23
817.712765,3.75e-23
817.713433,3.8e-23
817.713582,4.08e-23
817.720764,2.17e-24
817.725179,5.34e-25
817.78415,1.53e-25
817.789089,3.36e-25
817.805125,1.19e-23
817.805482,1.18e-23
817.805519,1.16e-23
817.876101,1.18e-23
817.87643,1.19e-23
817.877345,1.26e-23
817.892466,3.32e-25
817.897433,1.51e-25
817.939965,5.94e-25
817.945282,5.85e-25
817.950324,5.62e-25
817.97851,1.96e-23
817.980069,3.66e-23
817.982227,4.9e-23
817.985076,3.08e-23
817.988578,1.5699999999999997e-23
818.006753,1.5699999999999997e-23
818.010254,3.09e-23
818.013254,5.38e-23
818.015262,3.65e-23
818.015927,1.05e-25
818.016048,1.06e-25
818.016819,1.96e-23
818.018236,6.68e-24
818.018383,7.53e-24
818.018504,8.48e-24
818.055449,1.01e-22
818.055505,1.1e-22
818.055537,1.2e-22
818.057942,7.9799999999999985e-25
818.058149,7.969999999999999e-25
818.148377,7.99e-25
818.1485,7.9799999999999985e-25
818.151081,1.21e-22
818.151086,1.31e-22
818.151105,1.1200000000000001e-22
818.237248,6.47e-24
818.237331,6.7e-24
818.237344,6.93e-24
818.271399,9.79e-24
818.271435,8.8e-24
818.271527,7.91e-24
818.273984,9.95e-26
818.274154,9.96e-26
818.314493,6.949999999999999e-24
818.314506,6.72e-24
818.314537,7.18e-24
818.360015,1.648e-23
818.36372,2.113e-24
818.405889,1.915e-24
818.424638,6.53e-25
818.478022,1.961e-24
818.480439,1.69e-25
818.48062,1.75e-25
818.480637,1.71e-25
818.482675,1.841e-23
818.495225,6.74e-25
818.530469,1.72e-25
818.530486,1.75e-25
818.530625,1.79e-25
818.554477,2.351e-24
818.752704,6.0299999999999995e-24
818.761354,6.211e-24
818.790142,5.12e-25
818.795443,5.11e-25
818.800518,4.97e-25
818.841555,4.5799999999999995e-24
818.84174,5.24e-24
818.841904,6e-24
818.867066,1.79e-25
818.878069,2.98e-23
818.878363,3.06e-23
818.878664,3.13e-23
818.88165,3.14e-23
818.88181,3.24e-23
818.881943,3.07e-23
818.893248,1.77e-25
818.893924,1.0300000000000001e-22
818.893988,1.1200000000000001e-22
818.894017,1.21e-22
818.896452,6.77e-25
818.896637,6.77e-25
818.980071,6.89e-25
818.980163,6.88e-25
818.982752,1.21e-22
818.982768,1.31e-22
818.982774,1.13e-22
819.090717,7.931e-24
819.093899,7.07e-24
819.093978,7.32e-24
819.093992,7.58e-24
819.123483,8.188e-24
819.138906,7.11e-24
819.138962,6.31e-24
819.13908,5.5999999999999996e-24
819.174176,7.599999999999999e-24
819.174191,7.35e-24
819.174216,7.87e-24
819.201182,1.687e-23
819.20153,1.828e-24
819.289491,7.334e-25
819.313795,1.865e-23
819.34259,2.06e-25
819.342756,2.15e-25
819.342767,2.1e-25
819.362742,7.58e-25
819.393897,2.11e-25
819.393908,2.15e-25
819.394032,2.2e-25
819.414022,2.06e-24
819.638192,4.44e-25
819.643477,4.5e-25
819.64858,4.41e-25
819.65182,2.6e-24
819.652067,3.0499999999999998e-24
819.652305,3.57e-24
819.73181,1.04e-22
819.731882,1.1200000000000001e-22
819.731907,1.21e-22
819.73437,5.78e-25
819.734533,5.78e-25
819.812058,5.97e-25
819.812121,5.97e-25
819.814717,1.21e-22
819.814737,1.13e-22
819.814744,1.3e-22
819.816725,5.12e-24
819.820098,1.7199999999999998e-23
819.823803,3.98e-23
819.825043,3.58e-23
819.826761,2.49e-23
819.851306,2.49e-23
819.853022,3.59e-23
819.854443,4.35e-23
819.857969,1.7199999999999998e-23
819.86134,5.11e-24
819.91018,4.805e-24
819.915059,4.941e-24
819.949853,7.66e-24
819.949928,7.94e-24
819.949943,8.24e-24
819.986502,2.3400000000000003e-23
819.986679,2.4e-23
819.986779,2.5300000000000003e-23
819.986866,2.4600000000000002e-23
819.986877,2.4600000000000002e-23
819.987056,2.4e-23
820.013001,4.39e-24
820.013088,3.84e-24
820.013245,3.35e-24
820.03339,8.27e-24
820.033405,7.98e-24
820.033425,8.549999999999999e-24
820.035432,1.51e-24
820.040959,1.716e-23
820.145003,1.88e-23
820.152922,8.186000000000001e-25
820.204339,2.51e-25
820.204492,2.62e-25
820.204498,2.56e-25
820.228977,8.47e-25
820.256968,2.57e-25
820.256974,2.62e-25
820.257085,2.6799999999999998e-25
820.275342,1.73e-24
820.436036,9.78e-25
820.436399,1.19e-24
820.436781,1.43e-24
820.48236,3.86e-25
820.487628,3.96e-25
820.492757,3.92e-25
820.567083,1.05e-22
820.567165,1.1200000000000001e-22
820.567188,1.2e-22
820.569675,4.97e-25
820.569819,4.97e-25
820.642099,5.2e-25
820.642135,5.2e-25
820.644736,1.2e-22
820.644754,1.13e-22
820.644773,1.2800000000000001e-22
820.805151,8.24e-24
820.805222,8.549999999999999e-24
820.805239,8.88e-24
820.86378,1.167e-24
820.878718,1.734e-23
820.892203,8.91e-24
820.89222,8.59e-24
820.892235,9.25e-24
820.899024,1.86e-24
820.899164,1.5999999999999999e-24
820.899386,1.36e-24
820.933033,6.432e-24
820.942694,1.31e-25
820.942854,1.23e-25
820.943406,1.18e-25
820.965213,6.627e-24
820.975343,1.886e-23
821.002337,3.76e-24
821.003541,3.861e-24
821.006471,2.21e-25
821.006616,2.08e-25
821.007167,2.01e-25
821.015168,9.077e-25
821.028173,1.93e-23
821.028392,1.89e-23
821.028535,1.84e-23
821.031254,1.8e-23
821.03137,1.84e-23
821.03152,1.89e-23
821.053827,1.48e-25
821.054342,1.26e-25
821.054499,1.33e-25
821.065509,3.05e-25
821.06565,3.17e-25
821.065654,3.11e-25
821.094191,9.404e-25
821.098662,3.37e-25
821.098799,3.2e-25
821.099364,3.11e-25
821.105113,2.45e-25
821.105577,2.12e-25
821.105715,2.23e-25
821.119505,3.11e-25
821.119508,3.18e-25
821.119607,3.25e-25
821.139436,1.366e-24
821.157818,1.97e-25
821.175116,8.35e-24
821.175513,8.249999999999999e-24
821.175586,8.13e-24
821.188019,3.7e-25
821.188447,3.25e-25
821.188576,3.41e-25
821.227684,4.74e-25
821.227818,4.51e-25
821.228415,4.41e-25
821.250572,8.23e-24
821.250941,8.33e-24
821.251821,8.74e-24
821.268239,1.95e-25
821.310119,5.16e-25
821.310529,4.58e-25
821.310653,4.78e-25
821.326223,3.36e-25
821.331472,3.5e-25
821.336622,3.4899999999999998e-25
821.402384,6.17e-25
821.402514,5.9e-25
821.402989,1.04e-22
821.403081,1.11e-22
821.4031,1.19e-22
821.403167,5.81e-25
821.40561,4.27e-25
821.405734,4.28e-25
821.473408,4.55e-25
821.473416,4.55e-25
821.476022,1.19e-22
821.476037,1.1200000000000001e-22
821.476071,1.26e-22
821.479728,6.71e-25
821.48014,5.97e-25
821.480259,6.22e-25
821.631957,7.54e-25
821.632075,7.2e-25
821.63282,7.19e-25
821.659756,8.8e-24
821.659825,9.15e-24
821.659843,9.52e-24
821.683579,8.15e-25
821.693572,1.4699999999999999e-24
821.698019,5.07e-24
821.70463,3.16e-23
821.705295,3.1e-23
821.705688,8.2e-25
821.705958,2.83e-23
821.706137,7.28e-25
821.706242,7.6e-25
821.715833,1.742e-23
821.733639,2.83e-23
821.734296,3.1e-23
821.735176,3.43e-23
821.741578,5.05e-24
821.74602,1.4599999999999999e-24
821.750613,9.56e-24
821.750631,9.2e-24
821.750641,9.93e-24
821.806006,1.882e-23
821.82549,1.342e-24
821.876186,9.999e-25
821.901875,1.372e-24
821.925801,8.64e-25
821.925884,8.22e-25
821.926254,3.67e-25
821.926386,3.7900000000000003e-25
821.926786,8.36e-25
821.958361,1.037e-24
821.981669,3.8000000000000003e-25
821.981758,3.92e-25
821.997159,9.449999999999999e-25
821.997707,8.29e-25
821.997775,8.7e-25
822.006523,1.47e-23
822.006807,1.43e-23
822.00694,1.4000000000000002e-23
822.007968,9.835e-25
822.012844,1.37e-23
822.012926,1.4000000000000002e-23
822.013066,1.43e-23
822.02636,2.965e-24
822.028724,2.891e-24
822.164967,2.93e-25
822.170197,3.09e-25
822.175368,3.12e-25
822.234658,1.0300000000000001e-22
822.234763,1.1e-22
822.23478,1.17e-22
822.23731,3.67e-25
822.237417,3.69e-25
822.29332,8.63e-25
822.293343,9.28e-25
822.29452,9.22e-25
822.300876,3.9799999999999998e-25
822.300894,3.99e-25
822.303487,1.17e-22
822.3035,1.1e-22
822.303546,1.24e-22
822.36341,1.04e-24
822.364157,9.34e-25
822.364195,8.7e-25
822.48867,4.762e-25
822.51368,9.33e-24
822.513746,9.72e-24
822.513765,1.02e-23
822.550281,1.738e-23
822.608671,1.02e-23
822.608689,9.77e-24
822.608695,1.06e-23
822.634735,1.868e-23
822.736117,1.094e-24
822.743465,7.77e-25
822.743827,9.21e-25
822.745338,9.67e-25
822.752008,2.22e-25
822.756529,1.12e-25
822.786466,4.41e-25
822.786588,4.5e-25
822.786589,4.6e-25
822.801933,1.14e-25
822.806471,2.26e-25
822.813615,1.0799999999999999e-24
822.814634,9.26e-25
822.815014,7.82e-25
822.815238,5.106e-24
822.821654,1.1369999999999999e-24
822.843353,4.61e-25
822.843355,4.51e-25
822.843434,4.7099999999999995e-25
822.847169,5.251e-24
822.88395,6.007e-25
822.923125,1.09e-23
822.923446,1.06e-23
822.92358,1.0399999999999998e-23
822.932554,1.02e-23
822.932616,1.0399999999999998e-23
822.932757,1.06e-23
822.98395,2.238e-24
822.989763,2.185e-24
823.006068,2.56e-25
823.011276,2.74e-25
823.016463,2.79e-25
823.069254,1.02e-22
823.069371,1.07e-22
823.069384,1.14e-22
823.071936,3.16e-25
823.072024,3.18e-25
823.131776,3.4899999999999998e-25
823.131822,3.5e-25
823.13439,1.14e-22
823.134399,1.08e-22
823.134463,1.21e-22
823.189872,1.13e-25
823.284606,4.45e-25
823.286059,7.89e-25
823.288262,9.65e-25
823.291172,5.5e-25
823.294568,2.39e-25
823.34981,2.42e-25
823.353226,5.58e-25
823.356673,1.07e-24
823.358319,7.92e-25
823.359792,4.46e-25
823.366893,9.81e-24
823.366957,1.03e-23
823.366978,1.0699999999999998e-23
823.385327,1.724e-23
823.464751,1.844e-23
823.466392,1.08e-23
823.466412,1.03e-23
823.466413,1.12e-23
823.594948,1.189e-24
823.615651,5.25e-25
823.6205,1.5299999999999999e-24
823.630626,2.45e-23
823.631037,2.4700000000000003e-23
823.631307,2.44e-23
823.646243,5.25e-25
823.646354,5.3599999999999995e-25
823.646358,5.49e-25
823.660306,2.43e-23
823.660563,2.4700000000000003e-23
823.661233,2.65e-23
823.671113,1.51e-24
823.675949,5.2e-25
823.684084,1.237e-24
823.704662,5.5e-25
823.704665,5.37e-25
823.704734,5.62e-25
823.713499,2.15e-25
823.713745,2.17e-25
823.713891,2.2e-25
823.731671,2.2e-25
823.731816,2.17e-25
823.731959,2.25e-25
823.779932,7.92e-24
823.780274,7.729999999999999e-24
823.780414,7.58e-24
823.792323,7.42e-24
823.792375,7.57e-24
823.792522,7.72e-24
823.839062,2.24e-25
823.841605,1.02e-25
823.844247,2.43e-25
823.846872,1.24e-25
823.849453,2.49e-25
823.877539,1.662e-24
823.886669,1.624e-24
823.89644,9.91e-23
823.896574,1.05e-22
823.896585,1.11e-22
823.899156,2.72e-25
823.899227,2.74e-25
823.922236,3.43e-25
823.922579,3.46e-25
823.922811,3.47e-25
823.924818,1.51e-25
823.928052,4.6e-25
823.931879,9.2e-25
823.933136,7.969999999999999e-25
823.934715,5.16e-25
823.941966,3.47e-25
823.942196,3.46e-25
823.942444,3.6e-25
823.955482,3.07e-25
823.955554,3.07e-25
823.958098,1.11e-22
823.958106,1.05e-22
823.958184,1.17e-22
823.997606,5.22e-25
823.999207,8.06e-25
824.001063,1.0099999999999999e-24
824.004269,4.6e-25
824.007525,1.51e-25
824.007809,1.44e-25
824.013078,1.19e-25
824.110728,5.37e-25
824.111252,5.34e-25
824.111701,5.2e-25
824.131787,5.2e-25
824.132234,5.35e-25
824.132669,5.65e-25
824.195506,2.72e-25
824.195795,2.75e-25
824.195959,2.77e-25
824.216086,1.701e-23
824.217584,2.77e-25
824.217748,2.75e-25
824.217984,2.86e-25
824.219385,1.03e-23
824.219448,1.0699999999999998e-23
824.21947,1.12e-23
824.27599,1.96e-25
824.280972,8.28e-25
824.281892,7.89e-25
824.283007,6.61e-25
824.290939,1.811e-23
824.302696,6.61e-25
824.30381,7.89e-25
824.304646,8.72e-25
824.309713,1.95e-25
824.311541,4.3e-25
824.311961,4.31e-25
824.312259,4.28e-25
824.323823,1.13e-23
824.323841,1.18e-23
824.323844,1.08e-23
824.334498,4.28e-25
824.334795,4.32e-25
824.335162,4.53e-25
824.424115,6.6799999999999985e-25
824.424794,6.55e-25
824.425462,6.07e-25
824.429841,3e-25
824.43224,7.45e-25
824.434791,1.26e-24
824.436801,9.74e-25
824.439595,5.53e-25
824.447672,6.07e-25
824.44834,6.55e-25
824.448965,7.04e-25
824.45276,1.283e-24
824.455485,5.54e-25
824.458278,9.75e-25
824.46021,1.3299999999999999e-24
824.46284,7.44e-25
824.465238,3e-25
824.50552,6.23e-25
824.505623,6.37e-25
824.505628,6.52e-25
824.525679,1.27e-25
824.529092,4.23e-25
824.532644,1.02e-24
824.533955,9.11e-25
824.53576,6.34e-25
824.545765,1.337e-24
824.55575,6.35e-25
824.557554,9.11e-25
824.558811,1.0799999999999999e-24
824.562417,4.22e-25
824.565536,6.53e-25
824.565541,6.39e-25
824.565602,6.69e-25
824.56583,1.27e-25
824.571391,1.1399999999999999e-24
824.572171,1.49e-24
824.573832,1.86e-24
824.578808,7.56e-25
824.579452,5.68e-24
824.579803,5.55e-24
824.579951,5.4499999999999996e-24
824.583141,4.44e-25
824.591792,4.44e-25
824.594643,5.3399999999999996e-24
824.594691,5.44e-24
824.594844,5.54e-24
824.596124,7.57e-25
824.601027,1.96e-24
824.602763,1.49e-24
824.603542,1.1399999999999999e-24
824.633211,6.52e-25
824.634676,1.12e-24
824.636652,1.5299999999999999e-24
824.639829,9.05e-25
824.643526,4.7e-25
824.657412,4.7e-25
824.661108,9.07e-25
824.661909,1.16e-25
824.664231,1.62e-24
824.666262,1.12e-24
824.667726,6.51e-25
824.677478,1.69e-25
824.678848,1.95e-25
824.680425,5.7299999999999996e-24
824.680855,5.64e-24
824.680958,5.57e-24
824.681363,1.32e-25
824.684006,2.15e-25
824.684277,8.39e-25
824.684921,8.07e-25
824.685417,7.18e-25
824.686627,1.67e-25
824.689225,2.24e-25
824.698008,2.2e-24
824.698165,2.33e-24
824.699579,2.71e-24
824.709038,1.213e-24
824.709378,5.69e-25
824.714044,4.95e-25
824.714199,4.93e-25
824.718865,5.7e-25
824.72134,1.187e-24
824.728595,2.88e-24
824.730079,2.33e-24
824.730235,2.2e-24
824.730714,9.63e-23
824.730867,1.02e-22
824.730871,1.07e-22
824.733465,2.33e-25
824.733515,2.36e-25
824.733898,1.67e-24
824.734299,1.91e-24
824.73577,2.25e-24
824.742984,6.21e-25
824.743341,3.9669999999999996e-24
824.747653,4.31e-25
824.75292,7.25e-25
824.753033,4.32e-25
824.753442,8.16e-25
824.754751,9.18e-25
824.757701,6.23e-25
824.760454,5.63e-24
824.760857,5.7099999999999996e-24
824.76086,1.68e-25
824.761709,5.96e-24
824.764861,2.38e-24
824.766386,1.8999999999999998e-24
824.766787,1.67e-24
824.775313,4.073e-24
824.779373,1.15e-25
824.786756,2.69e-25
824.786861,2.69e-25
824.789375,1.07e-22
824.789376,1.02e-22
824.789478,1.13e-22
824.811874,3.3e-24
824.812024,3.36e-24
824.813356,3.9e-24
824.824004,7.6e-25
824.828335,2.77e-24
824.828346,2.84e-24
824.828809,6.12e-25
824.828867,6.14e-25
824.829724,3.26e-24
824.833617,1.86e-25
824.833673,7.58e-25
824.838883,1.5e-25
824.842273,5.49e-25
824.843048,5.58e-25
824.844255,4.14e-24
824.845652,3.36e-24
824.845803,3.3e-24
824.847165,5.56e-25
824.84794,5.5e-25
824.860436,3.46e-24
824.861868,2.83e-24
824.861878,2.77e-24
824.914415,4.13e-24
824.914952,4.68e-24
824.916339,5.48e-24
824.916749,3.84e-24
824.917028,4.0399999999999996e-24
824.918329,4.64e-24
824.923129,1.6099999999999997e-24
824.92756,9.9e-25
824.927742,9.24e-25
824.932375,6.96e-25
824.936786,6.93e-25
824.937865,9.21e-25
824.941602,9.87e-25
824.942479,1.5999999999999999e-24
824.949206,5.8399999999999996e-24
824.950656,4.68e-24
824.95078,4.94e-24
824.951193,4.12e-24
824.952133,4.0399999999999996e-24
824.952413,3.84e-24
824.999172,4.34e-24
824.999988,5.38e-24
825.001479,6.459999999999999e-24
825.00631,3.66e-24
825.006806,2.4199999999999998e-24
825.007774,5.81e-24
825.009573,7.58e-24
825.011176,1.23e-24
825.013048,4.28e-24
825.016796,1.94e-24
825.026155,1.22e-24
825.030525,2.4099999999999998e-24
825.0358,6.899999999999999e-24
825.037343,5.38e-24
825.037347,1.94e-24
825.038159,4.33e-24
825.041095,4.27e-24
825.044511,8.11e-24
825.046368,5.81e-24
825.047833,3.66e-24
825.049754,1.6679999999999998e-23
825.062887,4.16e-25
825.067748,3.52e-25
825.071123,1.06e-23
825.071185,1.11e-23
825.071209,1.16e-23
825.071864,2.94e-25
825.074754,2.91e-24
825.076938,6.02e-24
825.079136,8.85e-24
825.081599,6.37e-24
825.084645,3.04e-24
825.087599,1.7799999999999994e-24
825.090858,5.12e-24
825.093976,1.03e-23
825.095571,9.01e-24
825.097556,5.41e-24
825.110018,3.03e-24
825.113065,6.35e-24
825.115476,9.48e-24
825.117725,6.02e-24
825.119909,2.91e-24
825.120589,1.7699999999999998e-23
825.127589,5.4e-24
825.129575,8.989999999999999e-24
825.131113,1.11e-23
825.134287,5.12e-24
825.137547,1.7799999999999994e-24
825.142979,1.22e-24
825.146977,3.87e-24
825.151324,1.19e-23
825.152494,1.13e-23
825.153749,8.33e-24
825.159379,7.71e-25
825.163948,2.3e-24
825.170357,1.37e-23
825.17121,1.37e-23
825.171902,1.18e-23
825.180996,1.1699999999999998e-23
825.181011,1.22e-23
825.181018,1.12e-23
825.187475,8.32e-24
825.188731,1.13e-23
825.18985,1.28e-23
825.19297,4.42e-25
825.194247,3.88e-24
825.198036,3.88e-25
825.198246,1.22e-24
825.202442,3.35e-25
825.204669,5.58e-25
825.208361,1.18e-23
825.209054,1.37e-23
825.209511,1.48e-24
825.209851,1.48e-23
825.216314,2.31e-24
825.218115,1.5799999999999998e-23
825.218787,1.6000000000000002e-23
825.219212,1.47e-23
825.220884,7.75e-25
825.223043,3.9799999999999998e-25
825.228058,9.12e-25
825.239429,1.79e-23
825.239964,1.84e-23
825.240219,1.74e-23
825.257972,1.47e-23
825.258397,1.6000000000000002e-23
825.259019,1.69e-23
825.260425,3.09e-25
825.265529,6.34e-25
825.267673,1.48e-24
825.272515,5.62e-25
825.27843,4.07e-25
825.279443,2.38e-25
825.279621,2.03e-23
825.280065,2.11e-23
825.280233,2.02e-23
825.280728,1.74e-23
825.280984,1.84e-23
825.281466,1.93e-23
825.2836,3.66e-25
825.284608,4.45e-25
825.288189,3.25e-25
825.292889,9.2e-25
825.297905,4.02e-25
825.301811,2.29e-23
825.302185,2.4e-23
825.302294,2.31e-23
825.309552,1.374e-24
825.310502,1.94e-25
825.315702,3.36e-25
825.322564,2.02e-23
825.322733,2.11e-23
825.323128,2.2e-23
825.324639,4.02e-24
825.324994,3.9299999999999995e-24
825.32515,3.86e-24
825.329154,1.59e-25
825.33438,2.55e-25
825.335985,2.58e-23
825.336306,2.71e-23
825.336382,2.62e-23
825.337268,6.41e-25
825.339044,3.62e-25
825.342374,3.13e-25
825.342455,3.79e-24
825.342501,3.86e-24
825.342663,3.92e-24
825.34427,3.3299999999999998e-25
825.346188,2.31e-23
825.346297,2.39e-23
825.346619,2.49e-23
825.348985,3.01e-25
825.355053,1.33e-25
825.358049,2.8799999999999995e-23
825.358328,3.04e-23
825.358379,2.94e-23
825.360295,2.03e-25
825.363874,4.52e-25
825.364357,7.36e-25
825.364453,7.53e-25
825.36446,7.71e-25
825.36904,2.43e-25
825.372609,1.12e-25
825.377863,1.63e-25
825.382009,2.62e-23
825.382086,2.7e-23
825.382357,2.8000000000000003e-23
825.383956,3.18e-25
825.385249,9.2e-25
825.387373,3.21e-23
825.387619,3.4e-23
825.387653,3.29e-23
825.389214,2.98e-25
825.39402,2.74e-25
825.399453,1.3399999999999999e-25
825.402689,3.42e-25
825.405621,2.94e-23
825.405672,3.03e-23
825.405901,3.14e-23
825.406732,1.435e-24
825.40789,1.98e-25
825.408614,3.55e-23
825.408834,3.77e-23
825.408856,3.65e-23
825.415404,1.11e-25
825.418113,2.79e-25
825.423389,2.65e-25
825.426041,7.73e-25
825.426047,7.55e-25
825.426101,7.91e-25
825.428265,2.47e-25
825.42962,2.62e-25
825.43396,3.91e-23
825.434157,4.17e-23
825.43417,4.03e-23
825.434847,1.63e-25
825.436688,3.2799999999999995e-23
825.436723,3.39e-23
825.436919,3.5e-23
825.444466,2.44e-25
825.449751,2.36e-25
825.453916,4.29e-23
825.454095,4.57e-23
825.454101,4.42e-23
825.454682,2.22e-25
825.459648,3.64e-23
825.459671,3.76e-23
825.45984,3.89e-23
825.464046,2.09e-25
825.464891,2.14e-25
825.465994,9.398e-25
825.469288,1.38e-25
825.470179,2.09e-25
825.475155,1.9899999999999999e-25
825.475926,4.6699999999999993e-23
825.476089,5e-23
825.476091,4.82e-23
825.48065,1.88e-25
825.480933,8.719e-25
825.485939,1.86e-25
825.486891,4.0199999999999993e-23
825.486905,4.1499999999999993e-23
825.487052,4.3e-23
825.490641,1.69e-25
825.490952,1.79e-25
825.492611,1.66e-25
825.494303,5.049999999999999e-23
825.49445,5.22e-23
825.494453,5.42e-23
825.495895,1.17e-25
825.496248,8.536e-25
825.497898,1.66e-25
825.501413,1.45e-25
825.502942,1.61e-25
825.504953,1.7e-25
825.506696,1.47e-25
825.50744,1.67e-25
825.507491,1.27e-25
825.508781,4.4099999999999993e-23
825.508789,4.56e-23
825.508917,4.72e-23
825.510085,1.91e-25
825.511227,1.12e-25
825.511767,1.44e-25
825.512705,2.18e-25
825.512768,1.3e-25
825.513444,5.44e-23
825.513577,5.64e-23
825.513582,5.86e-23
825.515319,2.01e-25
825.516497,1.15e-25
825.517863,1.28e-25
825.518076,1.02e-25
825.521608,1.41e-25
825.521613,1.14e-25
825.523211,1.02e-25
825.52687,1.01e-25
825.530066,5.83e-23
825.530187,6.05e-23
825.530195,6.29e-23
825.532899,4.8100000000000006e-23
825.532902,4.98e-23
825.533015,5.15e-23
825.54407,9.91e-26
825.54414,9.91e-26
825.54667,6.209999999999999e-23
825.54678,6.449999999999999e-23
825.546791,6.72e-23
825.547479,1.18e-25
825.551949,9.31e-23
825.552126,9.76e-23
825.552127,1.0300000000000001e-22
825.553056,7.3299999999999985e-25
825.553414,7.27e-25
825.553473,5.4e-23
825.553475,5.2100000000000006e-23
825.553489,7.09e-25
825.553572,5.600000000000001e-23
825.554143,6.32e-25
825.554271,6.3e-25
825.55474,1.9899999999999999e-25
825.554772,2.03e-25
825.556003,1.22e-23
825.556205,1.48e-23
825.556468,1.86e-23
825.557937,6.28e-25
825.558531,6.29e-25
825.558849,1.15e-25
825.5589,1.15e-25
825.561438,6.57e-23
825.561539,6.839999999999999e-23
825.561552,7.139999999999999e-23
825.564128,1.12e-25
825.564191,1.13e-25
825.573153,1.32e-25
825.573187,1.32e-25
825.574994,5.83e-23
825.574998,5.629999999999999e-23
825.575081,6.05e-23
825.575721,9.96e-26
825.57573,6.909999999999999e-23
825.575824,7.209999999999999e-23
825.575838,7.539999999999999e-23
825.578402,1.3e-25
825.578475,1.3e-25
825.58602,1.51e-25
825.586038,1.51e-25
825.588587,7.22e-23
825.588673,7.539999999999999e-23
825.588689,7.91e-23
825.589474,2.17e-25
825.59124,1.49e-25
825.591325,1.49e-25
825.594138,6.259999999999999e-23
825.594145,6.039999999999999e-23
825.594215,6.51e-23
825.594488,5.44e-25
825.597981,8.05e-25
825.598151,1.72e-25
825.598153,1.72e-25
825.598158,8.04e-25
825.600112,2.36e-23
825.600252,2.77e-23
825.600425,3.34e-23
825.600705,7.489999999999999e-23
825.600786,7.839999999999999e-23
825.600804,8.24e-23
825.602206,7.9999999999999985e-25
825.602696,8.01e-25
825.603341,1.7e-25
825.603437,1.7e-25
825.605016,2.36e-25
825.60515,2.36e-25
825.607636,9.79e-23
825.607638,1.0300000000000001e-22
825.607757,1.08e-22
825.60812,1.86e-23
825.60839,1.89e-23
825.608494,1.91e-23
825.609047,1.97e-25
825.60906,1.97e-25
825.610854,1.03e-25
825.610927,1.03e-25
825.611602,7.709999999999999e-23
825.611678,8.1e-23
825.611697,8.52e-23
825.613475,6.689999999999999e-23
825.613485,6.44e-23
825.613543,6.96e-23
825.614219,1.94e-25
825.614327,1.94e-25
825.616091,1.08e-25
825.616105,1.09e-25
825.619049,2.24e-25
825.619075,2.24e-25
825.621604,7.879999999999999e-23
825.621676,8.3e-23
825.621697,8.749999999999999e-23
825.622856,8.2e-25
825.623041,8.2e-25
825.62394,7.17e-25
825.624049,7.36e-25
825.624204,2.21e-25
825.624324,2.22e-25
825.625134,3.4099999999999995e-23
825.625139,7.9999999999999985e-25
825.625242,3.91e-23
825.625366,4.57e-23
825.627335,8.16e-25
825.627752,8.16e-25
825.627915,2.55e-25
825.627955,2.55e-25
825.628557,1.18e-25
825.628613,1.18e-25
825.63047,7.989999999999999e-23
825.630538,8.429999999999999e-23
825.630561,8.93e-23
825.631176,7.1e-23
825.631188,6.83e-23
825.631236,7.4e-23
825.633052,2.52e-25
825.633184,2.52e-25
825.633799,1.24e-25
825.633806,1.24e-25
825.63577,2.89e-25
825.635824,2.89e-25
825.637604,1.9e-23
825.637669,1.89e-23
825.638153,7.78e-25
825.638285,2.0000000000000002e-23
825.638323,8.039999999999999e-23
825.638333,7.78e-25
825.638388,8.5e-23
825.638413,9.04e-23
825.640521,4.34e-23
825.64061,4.9e-23
825.640704,5.600000000000001e-23
825.640887,2.86e-25
825.641032,2.86e-25
825.642474,3.27e-25
825.642542,3.27e-25
825.642798,7.75e-25
825.643161,7.74e-25
825.645024,8.000000000000001e-23
825.645087,8.489999999999999e-23
825.645115,9.07e-23
825.646042,1.35e-25
825.646081,1.35e-25
825.647057,2.39e-25
825.647569,3.24e-25
825.64767,7.16e-25
825.647728,3.24e-25
825.647838,7.16e-25
825.648028,3.69e-25
825.64811,3.69e-25
825.648658,7.489999999999999e-23
825.648671,7.189999999999999e-23
825.64871,7.819999999999999e-23
825.650096,5.15e-23
825.650173,5.74e-23
825.650248,6.469999999999999e-23
825.650573,7.879999999999999e-23
825.650635,8.4e-23
825.650666,9.01e-23
825.651287,1.41e-25
825.65161,5.35e-25
825.652307,4.15e-25
825.652324,1.84e-25
825.652403,4.16e-25
825.652431,7.13e-25
825.652751,7.13e-25
825.653098,3.66e-25
825.653273,3.66e-25
825.65328,6.49e-25
825.653434,6.5e-25
825.654845,7.68e-23
825.654906,8.229999999999999e-23
825.65494,8.859999999999999e-23
825.655207,4.67e-25
825.655317,4.67e-25
825.655745,5.869999999999999e-23
825.655815,6.469999999999999e-23
825.655876,7.189999999999999e-23
825.656025,5.84e-25
825.656164,5.84e-25
825.656533,5.23e-25
825.656585,2.12e-25
825.656657,5.23e-25
825.657347,4.13e-25
825.657539,4.13e-25
825.657734,7.379999999999999e-23
825.657795,7.949999999999999e-23
825.657834,8.61e-23
825.658126,6.46e-25
825.658411,6.46e-25
825.658518,6.48e-23
825.658583,7.07e-23
825.658635,7.789999999999999e-23
825.659045,6.98e-23
825.659108,7.57e-23
825.659152,8.26e-23
825.660212,4.64e-25
825.660422,4.64e-25
825.660937,5.81e-25
825.661193,5.81e-25
825.661496,5.2e-25
825.661727,5.19e-25
825.662359,1.53e-25
825.662383,1.53e-25
825.664973,7.85e-23
825.664988,7.529999999999999e-23
825.665019,8.22e-23
825.667602,1.5999999999999998e-25
825.667609,1.5999999999999998e-25
825.678267,1.73e-25
825.678274,1.73e-25
825.680878,8.179999999999999e-23
825.680894,7.819999999999999e-23
825.680917,8.569999999999999e-23
825.683505,1.8e-25
825.68352,1.8e-25
825.693307,1.97e-25
825.693316,1.97e-25
825.695923,8.449999999999999e-23
825.695941,8.079999999999999e-23
825.695957,8.879999999999999e-23
825.698548,2.04e-25
825.698573,2.04e-25
825.707879,2.23e-25
825.707904,2.23e-25
825.710507,8.679999999999999e-23
825.710526,8.269999999999999e-23
825.710535,9.14e-23
825.71313,2.3e-25
825.713163,2.3e-25
825.719143,9.84e-26
825.721814,2.51e-25
825.721855,2.51e-25
825.724454,8.849999999999999e-23
825.724475,8.4e-23
825.724477,9.34e-23
825.727074,2.59e-25
825.727117,2.59e-25
825.735332,2.83e-25
825.735389,2.83e-25
825.737983,8.939999999999999e-23
825.738001,9.48e-23
825.738006,8.469999999999999e-23
825.7406,2.91e-25
825.740653,2.91e-25
825.741736,1.11e-25
825.747003,1.05e-25
825.748404,3.18e-25
825.74848,3.18e-25
825.751068,8.959999999999999e-23
825.75108,9.53e-23
825.751092,8.459999999999999e-23
825.75229,1.05e-25
825.753681,3.26e-25
825.753744,3.26e-25
825.761181,3.56e-25
825.761276,3.56e-25
825.763857,8.89e-23
825.763864,9.49e-23
825.763884,8.359999999999999e-23
825.764378,1.26e-25
825.766465,3.64e-25
825.76654,3.64e-25
825.769624,1.2e-25
825.773726,3.9799999999999998e-25
825.773841,3.97e-25
825.774917,1.2e-25
825.776414,8.729999999999999e-23
825.776416,9.36e-23
825.776444,8.189999999999999e-23
825.779017,4.06e-25
825.779104,4.06e-25
825.78619,4.43e-25
825.786328,4.42e-25
825.7867,1.41e-25
825.788887,9.12e-23
825.788891,8.459999999999999e-23
825.788924,7.9e-23
825.791487,4.51e-25
825.791587,4.51e-25
825.791926,1.36e-25
825.797225,1.37e-25
825.798723,4.91e-25
825.798885,4.91e-25
825.801426,8.769999999999999e-23
825.801436,8.1e-23
825.801473,7.509999999999999e-23
825.804024,4.99e-25
825.804139,5e-25
825.809175,1.58e-25
825.811548,5.41e-25
825.81174,5.41e-25
825.814257,8.309999999999999e-23
825.814275,7.61e-23
825.814317,7.019999999999999e-23
825.814379,1.54e-25
825.816852,5.49e-25
825.816984,5.5e-25
825.819683,1.56e-25
825.824961,5.94e-25
825.825186,5.93e-25
825.827676,7.709999999999999e-23
825.827702,7.000000000000001e-23
825.827751,6.409999999999999e-23
825.830267,6e-25
825.830417,6.02e-25
825.831734,1.76e-25
825.836916,1.72e-25
825.839397,6.44e-25
825.839661,6.43e-25
825.842115,6.96e-23
825.842152,6.25e-23
825.84221,5.68e-23
825.842225,1.75e-25
825.8447,6.5e-25
825.84487,6.52e-25
825.854716,1.96e-25
825.855512,6.86e-25
825.855825,6.84e-25
825.85823,6.05e-23
825.858281,5.369999999999999e-23
825.858351,4.83e-23
825.859874,1.94e-25
825.860807,6.91e-25
825.861,6.92e-25
825.865188,1.98e-25
825.874379,7.04e-25
825.874754,7.02e-25
825.875954,1.626e-23
825.877092,4.97e-23
825.877162,4.34e-23
825.87725,3.85e-23
825.878253,2.18e-25
825.879658,7.08e-25
825.879876,7.1e-25
825.883386,2.18e-25
825.888704,2.24e-25
825.897905,6.67e-25
825.898361,6.6499999999999995e-25
825.900601,3.66e-23
825.9007,3.12e-23
825.900812,2.72e-23
825.90269,2.41e-25
825.903151,6.69e-25
825.903396,6.71e-25
825.907796,2.43e-25
825.913117,2.52e-25
825.922075,1.08e-23
825.922136,1.14e-23
825.922162,1.19e-23
825.928347,2.66e-25
825.929931,4.99e-25
825.930499,4.98e-25
825.932585,2.04e-23
825.932729,1.69e-23
825.932884,1.4499999999999998e-23
825.933422,2.71e-25
825.935114,5e-25
825.935384,5.01e-25
825.938745,2.82e-25
825.943017,1.719e-23
825.955706,2.93e-25
825.960747,3.01e-25
825.966071,3.16e-25
825.985363,3.2e-25
825.990364,3.32e-25
825.995687,3.52e-25
826.018153,3.47e-25
826.018817,2.7899999999999998e-24
826.019171,2.73e-24
826.019337,2.69e-24
826.023107,3.6499999999999998e-25
826.028426,3.89e-25
826.037961,1.2e-23
826.037973,1.26e-23
826.037986,1.15e-23
826.03906,2.64e-24
826.039108,2.6799999999999998e-24
826.039277,2.73e-24
826.055231,3.73e-25
826.060128,3.97e-25
826.065439,4.28e-25
826.098285,3.95e-25
826.103111,4.26e-25
826.108407,4.64e-25
826.149888,4.06e-25
826.154621,4.45e-25
826.159891,4.93e-25
826.165365,1.4599999999999999e-24
826.196179,6.165e-25
826.214195,3.97e-25
826.214339,6.041e-25
826.218805,4.44e-25
826.222719,8.64e-25
826.222809,8.85e-25
826.222817,9.06e-25
826.224028,5e-25
826.267069,1.5279999999999999e-24
826.286146,9.08e-25
826.286154,8.87e-25
826.286201,9.3e-25
826.298482,3.4899999999999998e-25
826.302916,4e-25
826.308056,4.62e-25
826.345241,1.49e-25
826.347692,2.16e-25
826.350337,1.7e-25
826.352948,2.97e-25
826.355579,1.81e-25
826.387417,8.949999999999999e-23
826.387612,9.81e-23
826.387622,9.35e-23
826.390253,1.69e-25
826.390258,1.73e-25
826.417022,2.28e-25
826.421186,2.71e-25
826.426166,3.22e-25
826.438036,2.07e-25
826.438208,2.07e-25
826.440647,9.38e-23
826.440659,9.81e-23
826.440803,1.0300000000000001e-22
826.47532,3.19e-25
826.480579,2.34e-25
826.545801,6.099999999999999e-25
826.545839,6.13e-25
826.545972,6.12e-25
826.61808,6.26e-25
826.618152,6.26e-25
826.61907,6.69e-25
826.665615,1.91e-24
826.665964,1.87e-24
826.666139,1.84e-24
826.688049,1.81e-24
826.6881,1.84e-24
826.688276,1.87e-24
826.709245,1.576e-23
826.723772,3.018e-24
826.755986,3.093e-24
826.772191,1.1e-23
826.772253,1.15e-23
826.772281,1.21e-23
826.77305,1.662e-23
826.858112,4.291e-25
826.87893,4.208e-25
826.89477,1.22e-23
826.894778,1.28e-23
826.894796,1.16e-23
827.020194,1.539e-24
827.080642,1.0099999999999999e-24
827.080726,1.04e-24
827.080735,1.06e-24
827.126824,1.614e-24
827.145896,1.07e-24
827.145904,1.04e-24
827.145945,1.09e-24
827.162425,1.3e-25
827.164843,2.72e-25
827.167489,1.52e-25
827.170096,3.91e-25
827.172743,1.63e-25
827.200472,8.549999999999999e-23
827.200696,9.33e-23
827.200712,8.91e-23
827.203343,1.49e-25
827.203359,1.44e-25
827.248455,1.81e-25
827.248661,1.81e-25
827.251061,8.93e-23
827.251079,9.33e-23
827.251244,9.77e-23
827.268939,1.2999999999999998e-24
827.269283,1.2699999999999999e-24
827.269467,1.25e-24
827.281677,4.14e-25
827.286932,2.9e-25
827.293249,1.23e-24
827.293306,1.25e-24
827.293488,1.2699999999999999e-24
827.429877,2.9730000000000003e-25
827.529228,4.264e-25
827.52942,1.5199999999999998e-23
827.560483,4.346000000000001e-25
827.563352,3.536e-25
827.59001,1.5979999999999998e-23
827.59462,3.6020000000000004e-25
827.607123,4.0599999999999995e-24
827.610617,4.28e-24
827.615204,5.35e-24
827.621412,1.1e-23
827.621474,1.16e-23
827.621504,1.22e-23
827.622239,5.6799999999999995e-25
827.627368,8.789999999999999e-25
827.627737,8.35e-25
827.628933,4e-25
827.629322,6.6599999999999995e-25
827.630285,4.09e-25
827.631446,4.06e-25
827.643826,1.4000000000000002e-23
827.644439,1.35e-23
827.644488,1.35e-23
827.645521,6.119e-25
827.660151,5.12e-25
827.678829,6.24e-25
827.693201,5.219e-25
827.709383,9.62e-24
827.710527,9.42e-24
827.712645,9.56e-24
827.726374,1.26e-25
827.727647,2.53e-25
827.730195,1.17e-25
827.731583,1.29e-25
827.733707,1.11e-25
827.741991,5.13e-25
827.742166,5.19e-25
827.742862,5.39e-25
827.7507,8.622e-25
827.751235,7.28e-25
827.751485,1.2299999999999998e-23
827.751491,1.3e-23
827.751514,1.1699999999999998e-23
827.786151,8.799999999999999e-25
827.78619,7.427e-25
827.833054,8.57e-25
827.833393,8.41e-25
827.83359,8.28e-25
827.836534,1.017e-24
827.845842,1.193e-24
827.858689,8.15e-25
827.858752,8.28e-25
827.85894,8.4e-25
827.873536,1.038e-24
827.874051,1.609e-24
827.883547,1.219e-24
827.916047,1.394e-24
827.931897,1.621e-24
827.938106,1.18e-24
827.938186,1.2099999999999999e-24
827.938195,1.24e-24
827.955254,1.424e-24
827.971994,1.657e-24
827.986068,1.6909999999999998e-24
827.989829,1.876e-24
828.005276,1.24e-24
828.005285,1.2099999999999999e-24
828.005321,1.2699999999999999e-24
828.005708,1.13e-25
828.008076,3.62e-25
828.0097,2.161e-24
828.010722,1.35e-25
828.013311,5.52e-25
828.015975,1.48e-25
828.03142,1.919e-24
828.039412,8.139999999999999e-23
828.039664,8.819999999999999e-23
828.039699,8.429999999999999e-23
828.042311,1.26e-25
828.042363,1.21e-25
828.052358,2.212e-24
828.057981,2.478e-24
828.079986,2.827e-24
828.085409,1.5999999999999998e-25
828.085666,1.5999999999999998e-25
828.087997,8.449999999999999e-23
828.088034,8.829999999999999e-23
828.088236,9.24e-23
828.102163,2.537e-24
828.114385,5.77e-25
828.119622,3.81e-25
828.120642,3.211e-24
828.125409,2.897e-24
828.143399,3.629e-24
828.167654,3.292e-24
828.177976,4.081e-24
828.191832,3.723e-24
828.200503,4.567e-24
828.228103,4.189e-24
828.230182,5.084e-24
828.251758,5.632e-24
828.25224,4.691e-24
828.277399,6.208e-24
828.283744,5.227e-24
828.297649,6.806e-24
828.307183,5.7949999999999996e-24
828.319888,7.423e-24
828.320443,3.85e-24
828.320901,3.79e-24
828.321031,3.74e-24
828.334839,6.392e-24
828.338487,8.051e-24
828.357161,7.014e-24
828.357801,8.684e-24
828.363408,5.59e-25
828.363758,5.49e-25
828.363861,1.457e-23
828.36399,5.3999999999999985e-25
828.374582,9.315e-24
828.381665,7.657e-24
828.383328,2.465e-24
828.388571,5.33e-25
828.388645,5.42e-25
828.388837,5.5e-25
828.391305,9.933e-24
828.402633,8.313e-24
828.405102,3.7799999999999996e-24
828.405534,3.84e-24
828.406171,1.053e-23
828.406363,3.99e-24
828.420527,1.109e-23
828.421795,1.529e-23
828.424517,8.977e-24
828.433422,1.162e-23
828.433935,4.508e-24
828.444026,9.64e-24
828.445547,1.208e-23
828.456419,1.247e-23
828.462279,6.247e-24
828.463707,1.029e-23
828.466364,1.279e-23
828.469655,1.08e-23
828.469718,1.14e-23
828.469752,1.21e-23
828.475136,1.301e-23
828.479717,7.743e-24
828.48175,1.092e-23
828.482854,1.313e-23
828.489376,1.313e-23
828.490694,9.026e-24
828.494692,1.3e-23
828.497362,1.012e-23
828.498668,1.274e-23
828.499562,1.153e-23
828.500904,1.102e-23
828.501185,1.233e-23
828.502027,1.176e-23
828.516207,1.208e-23
828.532437,1.259e-23
828.547811,1.302e-23
828.562728,1.3379999999999998e-23
828.577017,1.3639999999999998e-23
828.590902,1.379e-23
828.60436,1.383e-23
828.608184,1.22e-23
828.608186,1.29e-23
828.608215,1.16e-23
828.617548,1.373e-23
828.630539,1.349e-23
828.643494,1.31e-23
828.65658,1.254e-23
828.67004,1.181e-23
828.684202,1.089e-23
828.699548,9.769e-24
828.716812,8.43e-24
828.726921,1.666e-24
828.737203,6.846e-24
828.762895,4.973e-24
828.763359,2.246e-24
828.795133,1.36e-24
828.795208,1.3999999999999999e-24
828.795219,1.43e-24
828.79577,2.298e-24
828.798353,2.736e-24
828.813193,4.55e-25
828.81584,1.2e-25
828.817991,2.92e-25
828.818416,7.38e-25
828.819169,2.89e-25
828.82012,2.88e-25
828.821098,1.3399999999999999e-25
828.841066,7.689999999999999e-23
828.841361,8.309999999999999e-23
828.841408,7.94e-23
828.844007,1.07e-25
828.84409,9.97e-26
828.84486,1.7559999999999998e-24
828.864316,1.44e-24
828.864326,1.3999999999999999e-24
828.864357,1.4699999999999999e-24
828.884628,1.4e-25
828.88493,1.4e-25
828.887205,7.96e-23
828.887224,3.48e-25
828.887254,8.309999999999999e-23
828.887258,3.44e-25
828.887402,3.53e-25
828.887486,8.689999999999999e-23
828.910197,7.639999999999999e-25
828.915422,4.74e-25
828.917512,4.06e-25
828.917678,3.94e-25
828.917745,4e-25
829.001416,3.96e-25
829.001651,4.01e-25
829.002357,4.18e-25
829.084733,6.179e-25
829.169904,6.3050000000000005e-25
829.175776,1.3899999999999998e-23
829.230876,1.4549999999999998e-23
829.235446,1.4599999999999999e-24
829.240289,1.18e-24
829.244293,9.87e-25
829.316814,1.05e-23
829.31688,1.12e-23
829.316917,1.19e-23
829.464959,1.27e-23
829.464961,1.2e-23
829.464995,1.13e-23
829.578786,1.709e-24
829.651712,1.56e-24
829.651784,1.6099999999999997e-24
829.651795,1.65e-24
829.662876,6.37e-25
829.665523,1.08e-25
829.66806,1.13e-24
829.670762,1.23e-25
829.686795,7.229999999999999e-23
829.687136,7.769999999999999e-23
829.687223,7.409999999999999e-23
829.703271,1.807e-24
829.723015,1.65e-24
829.723026,1.6099999999999997e-24
829.723052,1.69e-24
829.7249,1.26e-25
829.728781,1.22e-25
829.729158,1.22e-25
829.731318,7.429999999999999e-23
829.731407,7.769999999999999e-23
829.7317,8.139999999999999e-23
829.744794,1.02e-23
829.744917,1.05e-23
829.744945,1.03e-23
829.750481,1.16e-24
829.755666,6.57e-25
829.782237,1.03e-23
829.782242,1.05e-23
829.782677,1.08e-23
829.802258,1.24e-25
829.864897,7.789999999999999e-23
829.864915,9.83e-23
829.864969,6.14e-23
829.866629,4.02e-24
829.866977,4.02e-24
830.013656,1.319e-23
830.066606,1.378e-23
830.102489,3.35e-24
830.10304,3.35e-24
830.105144,1.18e-22
830.10527,9.75e-23
830.105312,8.069999999999999e-23
830.162747,9.97e-24
830.162815,1.0699999999999998e-23
830.162857,1.14e-23
830.226531,1.3399999999999999e-24
830.231601,1.1399999999999999e-24
830.23594,9.83e-25
830.315462,3.04e-25
830.315742,2.95e-25
830.315748,2.99e-25
830.32193,1.2299999999999998e-23
830.321935,1.16e-23
830.321973,1.09e-23
830.402037,2.97e-25
830.40232,3.02e-25
830.402977,3.13e-25
830.429609,1.734e-24
830.451521,8.05e-25
830.456672,1.5499999999999998e-24
830.459393,1.12e-25
830.472557,6.77e-23
830.472961,7.22e-23
830.47308,6.879999999999999e-23
830.507856,1.7799999999999994e-24
830.507924,1.83e-24
830.507936,1.88e-24
830.512186,1.06e-25
830.512623,1.06e-25
830.514691,6.89e-23
830.514811,7.22e-23
830.51515,7.579999999999999e-23
830.531099,1.58e-24
830.536251,8.26e-25
830.561373,1.84e-24
830.581393,1.88e-24
830.581405,1.83e-24
830.581427,1.93e-24
830.720058,8.13e-23
830.720078,6.72e-23
830.720112,9.8e-23
830.722012,2.75e-24
830.722384,2.75e-24
830.814079,1.245e-23
830.864434,1.298e-23
830.869273,1.637e-24
830.900718,1.665e-24
830.931466,2.4e-24
830.931926,2.39e-24
830.934162,1.15e-22
830.934265,9.82e-23
830.93431,8.379999999999999e-23
831.007257,9.38e-24
831.00733,1.01e-23
831.007378,1.08e-23
831.16603,1.1399999999999999e-24
831.171212,9.96e-25
831.175756,8.82e-25
831.179251,1.1699999999999998e-23
831.17926,1.1e-23
831.179303,1.03e-23
831.279337,1.74e-24
831.312438,1.23e-24
831.317489,2.6799999999999998e-24
831.320232,1.07e-25
831.329744,6.3e-23
831.33024,6.649999999999999e-23
831.330457,6.259999999999999e-23
831.363558,2.0199999999999998e-24
831.363623,2.08e-24
831.363636,2.14e-24
831.370579,6.27e-23
831.370797,6.649999999999999e-23
831.371247,7.019999999999999e-23
831.383546,2.72e-24
831.388599,1.26e-24
831.419251,1.853e-24
831.439456,2.14e-24
831.439469,2.09e-24
831.439487,2.2e-24
831.573426,7.2e-23
831.573428,8.429999999999999e-23
831.573485,9.88e-23
831.575521,2.0199999999999998e-24
831.575871,2.0199999999999998e-24
831.658725,1.169e-23
831.707389,1.217e-23
831.761979,1.81e-24
831.762366,1.81e-24
831.764693,1.14e-22
831.764774,9.93e-23
831.764817,8.659999999999999e-23
831.850078,8.59e-24
831.850156,9.25e-24
831.850212,9.97e-24
831.858486,2.2e-25
831.858814,2.16e-25
831.858856,2.13e-25
831.91834,7.22e-24
831.918376,7.49e-24
831.918444,7.35e-24
831.948816,2.15e-25
831.949137,2.1899999999999998e-25
831.949766,2.26e-25
831.956537,7.35e-24
831.956585,7.48e-24
831.956977,7.7e-24
832.037126,1.09e-23
832.037141,1.02e-23
832.03719,9.45e-24
832.07723,9.51e-25
832.078517,1.57e-24
832.08247,8.54e-25
832.083475,3.82e-24
832.086242,9.86e-26
832.087154,7.71e-25
832.093518,5.83e-23
832.093574,2.5299999999999998e-24
832.094056,2.49e-24
832.094113,6.1e-23
832.094209,2.46e-24
832.094419,5.66e-23
832.127894,1.723e-24
832.131855,5.66e-23
832.132163,6.1e-23
832.132687,6.48e-23
832.142799,3.86e-24
832.147759,1.5899999999999999e-24
832.182882,2.48e-24
832.18334,2.52e-24
832.18415,2.61e-24
832.218824,2.2799999999999998e-24
832.218886,2.35e-24
832.218899,2.4199999999999998e-24
832.276999,1.843e-24
832.297221,2.43e-24
832.297235,2.36e-24
832.297249,2.5e-24
832.4241,7.619999999999999e-23
832.424113,8.719999999999999e-23
832.424166,9.97e-23
832.426301,1.56e-24
832.426622,1.56e-24
832.443148,1.092e-23
832.489331,1.135e-23
832.593698,1.43e-24
832.594025,1.43e-24
832.596417,1.14e-22
832.596482,1.01e-22
832.596521,8.919999999999999e-23
832.690825,7.639999999999999e-24
832.690911,8.28e-24
832.690977,8.97e-24
832.69732,1.255e-23
832.895834,9.86e-24
832.895855,9.15e-24
832.895911,8.49e-24
832.92248,4.069e-25
832.95711,2.77e-24
832.961137,1.545e-23
832.961746,8.029999999999999e-24
832.964541,9.81e-26
832.968554,5.369999999999999e-23
832.969358,5.47e-23
832.969981,4.76e-23
832.970787,7.9999999999999985e-25
832.975174,1.683e-24
832.97606,7.319999999999999e-25
832.980844,6.6999999999999985e-25
833.005695,4.76e-23
833.00632,5.47e-23
833.007079,5.94e-23
833.012104,4.148e-25
833.01393,8.09e-24
833.018567,2.7999999999999998e-24
833.045715,8.236000000000001e-25
833.048974,1.167e-24
833.073649,2.57e-24
833.073709,2.65e-24
833.073723,2.73e-24
833.134733,1.808e-24
833.154698,2.73e-24
833.154712,2.65e-24
833.154723,2.8099999999999998e-24
833.177882,3.689e-25
833.272381,7.96e-23
833.2724,8.969999999999999e-23
833.272448,1.01e-22
833.274658,1.24e-24
833.274951,1.24e-24
833.299245,1.015e-23
833.344182,1.054e-23
833.426228,1.16e-24
833.426507,1.16e-24
833.428946,1.13e-22
833.428998,1.02e-22
833.429034,9.14e-23
833.528937,6.54e-24
833.529035,7.14e-24
833.529113,7.8e-24
833.551857,1.55e-25
833.55222,1.52e-25
833.552299,1.5e-25
833.553591,1.285e-23
833.599601,1.13e-25
833.599761,1.07e-25
833.60034,1.03e-25
833.646436,1.52e-25
833.646789,1.54e-25
833.647404,1.58e-25
833.692485,3.51e-24
833.696851,1.11e-23
833.70216,1.29e-25
833.702253,4.9299999999999993e-23
833.702694,1.1e-25
833.702852,1.16e-25
833.703227,4.91e-23
833.704112,3.99e-23
833.736525,3.99e-23
833.737412,4.91e-23
833.73831,5.429999999999999e-23
833.743787,1.12e-23
833.748154,3.5399999999999995e-24
833.755763,8.65e-24
833.755792,7.989999999999999e-24
833.755857,7.37e-24
833.787696,1.542e-23
833.82103,1.616e-24
833.852399,6.77e-25
833.857689,6.29e-25
833.862549,5.83e-25
833.928034,2.87e-24
833.928091,2.96e-24
833.928106,3.0499999999999998e-24
833.992592,1.747e-24
834.011901,3.0599999999999998e-24
834.011916,2.97e-24
834.011923,3.15e-24
834.061548,9.388e-24
834.104001,9.733e-24
834.118625,8.249999999999999e-23
834.118649,9.17e-23
834.118691,1.02e-22
834.12096,1.0099999999999999e-24
834.121226,1.0099999999999999e-24
834.171928,5.2099999999999996e-24
834.171957,5.03e-24
834.172027,5.12e-24
834.21203,5.12e-24
834.212112,5.2099999999999996e-24
834.212481,5.35e-24
834.259247,9.53e-25
834.259487,9.51e-25
834.261962,1.13e-22
834.262002,1.0300000000000001e-22
834.262035,9.31e-23
834.363554,5.33e-24
834.363667,5.87e-24
834.363764,6.47e-24
834.407544,1.323e-23
834.597149,7.58e-24
834.600468,2.18e-23
834.603664,4.5000000000000003e-23
834.605217,4.03e-23
834.607138,2.45e-23
834.616148,1.55e-23
834.617479,7.27e-24
834.617518,6.66e-24
834.617596,6.0999999999999996e-24
834.636135,2.45e-23
834.638058,4.03e-23
834.639568,4.9400000000000006e-23
834.642806,2.19e-23
834.646126,7.61e-24
834.665257,1.523e-24
834.725423,5.78e-25
834.730722,5.44e-25
834.73564,5.099999999999998e-25
834.781973,3.1799999999999998e-24
834.782029,3.28e-24
834.782044,3.3899999999999996e-24
834.850755,1.657e-24
834.868844,3.4e-24
834.868859,3.3e-24
834.868864,3.51e-24
834.935505,8.638e-24
834.96312,8.459999999999999e-23
834.963147,9.32e-23
834.963186,1.0300000000000001e-22
834.965501,8.34e-25
834.965744,8.33e-25
834.977174,8.944e-24
835.092505,7.99e-25
835.092711,7.9799999999999985e-25
835.095214,1.13e-22
835.095246,1.0300000000000001e-22
835.095275,9.45e-23
835.193291,4.0599999999999995e-24
835.193427,4.52e-24
835.19355,5.02e-24
835.258417,1.36e-23
835.291199,8.88e-24
835.294059,2.32e-23
835.296775,4.08e-23
835.29863,3.45e-23
835.300994,1.88e-23
835.310113,8.143e-25
835.325817,1.88e-23
835.328183,3.45e-23
835.329954,4.48e-23
835.332752,2.3300000000000002e-23
835.335614,8.91e-24
835.348248,1.86e-25
835.348391,1.77e-25
835.34897,1.71e-25
835.355872,8.233000000000001e-25
835.400009,1.05e-25
835.400402,1.03e-25
835.400513,1.02e-25
835.439897,2.08e-25
835.440384,1.81e-25
835.440522,1.9e-25
835.446046,1.563e-23
835.481845,5.74e-24
835.481898,5.2099999999999996e-24
835.481993,4.74e-24
835.499196,1.03e-25
835.499579,1.04e-25
835.500187,1.07e-25
835.507566,1.402e-24
835.591977,4.97e-25
835.597279,4.73e-25
835.602245,4.48e-25
835.635463,3.51e-24
835.635516,3.63e-24
835.635532,3.75e-24
835.667573,7.912e-24
835.706635,8.182e-24
835.709454,1.537e-24
835.725542,3.76e-24
835.725558,3.64e-24
835.72556,3.88e-24
835.806081,8.619999999999999e-23
835.806112,9.42e-23
835.806146,1.0300000000000001e-22
835.8085,7e-25
835.808721,6.99e-25
835.821674,3.098e-25
835.903044,3.197e-25
835.925809,6.77e-25
835.925985,6.77e-25
835.928512,1.1200000000000001e-22
835.928536,1.04e-22
835.928563,9.53e-23
835.997334,1.64e-24
835.997837,1.6099999999999997e-24
835.998013,1.5899999999999999e-24
836.015749,2.77e-24
836.015918,3.13e-24
836.016081,3.53e-24
836.091282,1.6099999999999997e-24
836.091762,1.63e-24
836.092554,1.68e-24
836.106631,1.392e-23
836.232444,1.82e-23
836.233882,2.84e-23
836.235686,3.68e-23
836.239222,2.08e-23
836.242988,9.55e-24
836.262012,9.53e-24
836.265779,2.08e-23
836.269275,4.03e-23
836.271118,2.84e-23
836.272557,1.82e-23
836.276924,1.576e-23
836.347541,1.255e-24
836.350245,4.13e-24
836.350318,3.71e-24
836.350437,3.33e-24
836.453466,4.29e-25
836.458767,4.13e-25
836.463772,3.94e-25
836.488494,3.84e-24
836.488547,3.97e-24
836.488564,4.11e-24
836.513116,3.5599999999999995e-24
836.513199,3.44e-24
836.513242,3.49e-24
836.555696,3.49e-24
836.555806,3.55e-24
836.556164,3.64e-24
836.567938,7.207e-24
836.569001,1.389e-24
836.582011,4.13e-24
836.582026,4.27e-24
836.582027,3.99e-24
836.606721,7.446e-24
836.647662,8.729999999999999e-23
836.647696,9.46e-23
836.647727,1.0300000000000001e-22
836.650113,5.92e-25
836.650315,5.92e-25
836.675132,3.503e-25
836.759006,5.79e-25
836.75915,3.618e-25
836.759156,5.79e-25
836.761702,1.11e-22
836.761719,1.0300000000000001e-22
836.761744,9.56e-23
836.826347,1.58e-24
836.82657,1.81e-24
836.826795,2.07e-24
836.871789,1.73e-23
836.873039,2.57e-23
836.874787,3.31e-23
836.878641,1.7599999999999997e-23
836.882562,8.379999999999999e-24
836.897579,8.36e-24
836.901501,1.7599999999999997e-23
836.901839,9.97e-26
836.905263,3.61e-23
836.907102,2.57e-23
836.908354,1.74e-23
836.952624,1.42e-23
836.960695,9.97e-26
836.960702,9.81e-26
836.960745,1.02e-25
837.108409,1.587e-23
837.124489,2.81e-25
837.124623,2.6799999999999998e-25
837.125218,2.61e-25
837.184566,1.084e-24
837.207939,3.11e-25
837.208396,2.73e-25
837.208523,2.86e-25
837.225072,2.5e-24
837.225173,2.22e-24
837.225328,1.97e-24
837.259222,6.538e-24
837.295152,6.747999999999999e-24
837.310861,3.72e-25
837.31616,3.62e-25
837.321198,3.47e-25
837.34106,4.18e-24
837.341111,4.33e-24
837.341129,4.48e-24
837.429834,1.214e-24
837.438267,4.5e-24
837.43828,4.66e-24
837.438285,4.35e-24
837.48798,8.769999999999999e-23
837.488016,9.46e-23
837.488045,1.02e-22
837.490458,5.05e-25
837.490644,5.05e-25
837.528136,3.938e-25
837.591976,5e-25
837.592104,4.99e-25
837.594666,1.1e-22
837.594677,1.0300000000000001e-22
837.5947,9.54e-23
837.614923,5.95e-25
837.614966,4.071e-25
837.615238,6.9799999999999995e-25
837.615574,8.18e-25
837.660428,5.559e-25
837.70575,5.6540000000000005e-25
837.756597,1.18e-25
837.756674,1.2e-25
837.756681,1.23e-25
837.796735,1.4399999999999997e-23
837.817004,1.23e-25
837.817012,1.2e-25
837.81705,1.25e-25
837.86352,2.2700000000000003e-23
837.864022,2.5300000000000003e-23
837.86543,2.96e-23
837.872515,8.549999999999999e-24
837.877141,5.12e-24
837.885296,5.0999999999999995e-24
837.889924,8.52e-24
837.896971,3.22e-23
837.898415,2.5300000000000003e-23
837.898918,2.28e-23
837.94022,1.5929999999999998e-23
838.017687,8.929e-25
838.110888,1.04e-24
838.111037,9.06e-25
838.111247,7.91e-25
838.164844,3.23e-25
838.170139,3.17e-25
838.175204,3.07e-25
838.193147,4.51e-24
838.193197,4.68e-24
838.193216,4.85e-24
838.197148,5.898e-24
838.233373,6.081e-24
838.292589,1.015e-24
838.294331,4.87e-24
838.294342,5.04e-24
838.294349,4.7099999999999995e-24
838.327107,8.76e-23
838.327147,9.39e-23
838.327173,1.01e-22
838.32961,4.34e-25
838.32978,4.33e-25
838.38069,4.4e-25
838.424612,4.32e-25
838.424719,4.32e-25
838.427295,1.08e-22
838.4273,1.01e-22
838.427321,9.47e-23
838.431717,1.96e-23
838.432173,2.18e-23
838.433665,2.63e-23
838.440561,8.26e-24
838.445158,5.2099999999999996e-24
838.450166,5.199999999999999e-24
838.454766,8.24e-24
838.461559,2.86e-23
838.463152,2.19e-23
838.46361,1.96e-23
838.470513,4.554e-25
838.611203,1.43e-25
838.611276,1.46e-25
838.611284,1.49e-25
838.639211,1.454e-23
838.673128,1.49e-25
838.673136,1.46e-25
838.67317,1.53e-25
838.772143,1.5929999999999998e-23
838.834183,5.299e-24
838.845351,6.874000000000001e-25
838.867173,5.459e-24
838.936051,3.93e-25
838.936177,3.75e-25
838.936812,3.69e-25
838.949418,2.37e-24
838.949548,2.2899999999999998e-24
838.949567,2.33e-24
838.994891,2.33e-24
838.995026,2.37e-24
838.99538,2.4199999999999998e-24
839.01334,4.32e-25
839.013788,3.82e-25
839.013906,3.99e-25
839.015929,2.82e-25
839.021218,2.79e-25
839.026308,2.72e-25
839.04474,4.8399999999999995e-24
839.044789,5.01e-24
839.044809,5.2099999999999996e-24
839.150222,5.2299999999999995e-24
839.150231,5.43e-24
839.150241,5.04e-24
839.158234,7.966e-25
839.165115,8.7e-23
839.165157,9.28e-23
839.165182,9.9e-23
839.167639,3.73e-25
839.167795,3.73e-25
839.232789,4.886e-25
839.256842,3.75e-25
839.256929,3.75e-25
839.259517,9.93e-23
839.259518,1.06e-22
839.259537,9.34e-23
839.325805,5.063e-25
839.465567,1.72e-25
839.465636,1.76e-25
839.465645,1.8e-25
839.480229,1.459e-23
839.49242,2.0000000000000002e-23
839.49253,1.99e-23
839.493928,2.3300000000000002e-23
839.505126,4.63e-24
839.507654,3.99e-24
839.509968,4e-24
839.512498,4.61e-24
839.523662,2.52e-23
839.525093,2.0000000000000002e-23
839.525204,2.0000000000000002e-23
839.529069,1.8e-25
839.529078,1.76e-25
839.529107,1.84e-25
839.604008,1.588e-23
839.664841,4.774e-25
839.823936,4.734e-24
839.857886,4.872e-24
839.864463,2.46e-25
839.869745,2.46e-25
839.874857,2.41e-25
839.895821,5.13e-24
839.89587,5.3399999999999996e-24
839.895891,5.56e-24
839.96881,1.67e-23
839.968834,1.6499999999999998e-23
839.970449,2.06e-23
839.980599,5.04e-24
839.981067,4.68e-24
839.985333,4.6899999999999996e-24
839.985803,5.03e-24
839.995838,2.22e-23
839.997565,1.6499999999999998e-23
839.997591,1.67e-23
840.002017,8.579999999999999e-23
840.002064,9.12e-23
840.002086,9.69e-23
840.004563,3.22e-25
840.004705,3.22e-25
840.005964,5.5799999999999996e-24
840.005971,5.8e-24
840.005984,5.37e-24
840.028335,5.679e-25
840.02846,1.04e-24
840.028982,1.02e-24
840.029177,1.0099999999999999e-24
840.084433,5.391e-25
840.088568,3.27e-25
840.088637,3.27e-25
840.091231,9.72e-23
840.091237,1.0300000000000001e-22
840.09125,9.17e-23
840.107606,3.713e-25
840.127008,1.02e-24
840.127506,1.04e-24
840.128282,1.07e-24
840.154789,3.778e-25
840.180863,5.593e-25
840.319692,2.08e-25
840.319758,2.12e-25
840.319768,2.17e-25
840.31992,1.456e-23
840.384835,2.17e-25
840.384844,2.13e-25
840.384869,2.22e-25
840.389814,4.214e-24
840.42,4.334e-24
840.435685,1.575e-23
840.710763,2.15e-25
840.716038,2.16e-25
840.721169,2.13e-25
840.746366,5.42e-24
840.746415,5.64e-24
840.746437,5.8799999999999995e-24
840.79092,5.12e-25
840.791036,4.9e-25
840.791741,4.86e-25
840.837879,8.41e-23
840.837929,8.91e-23
840.83795,9.44e-23
840.840443,2.78e-25
840.840573,2.78e-25
840.861583,5.91e-24
840.861588,6.15e-24
840.861605,5.68e-24
840.863651,5.61e-25
840.86412,4.97e-25
840.864225,5.19e-25
840.905622,3.42e-25
840.919764,2.85e-25
840.919817,2.85e-25
840.922416,9.46e-23
840.922427,9.97e-23
840.922433,8.959999999999999e-23
840.935614,5.909e-25
841.035705,6.139e-25
841.120702,1.4000000000000002e-23
841.120958,1.55e-23
841.122458,1.8e-23
841.13064,4.53e-24
841.135363,3.5399999999999995e-24
841.137729,3.55e-24
841.142451,4.54e-24
841.150604,1.94e-23
841.152134,1.55e-23
841.152389,1.4000000000000002e-23
841.158368,1.446e-23
841.173578,2.49e-25
841.173641,2.55e-25
841.173651,2.6e-25
841.240428,2.61e-25
841.240438,2.55e-25
841.24046,2.66e-25
841.267057,1.555e-23
841.449325,3.728e-24
841.479525,9.97e-24
841.480095,1.2299999999999998e-23
841.481254,3.831e-24
841.481842,1.5799999999999998e-23
841.487375,6.199999999999999e-24
841.488086,1.5499999999999998e-24
841.488258,1.5099999999999998e-24
841.491777,4.33e-24
841.494958,4.34e-24
841.499358,6.21e-24
841.504765,1.69e-23
841.506639,1.2299999999999998e-23
841.507207,9.97e-24
841.536819,1.52e-24
841.536977,1.5499999999999998e-24
841.537333,1.58e-24
841.554977,1.88e-25
841.560243,1.91e-25
841.565392,1.89e-25
841.596347,5.66e-24
841.596396,5.91e-24
841.596419,6.17e-24
841.672651,8.209999999999999e-23
841.672705,8.659999999999999e-23
841.672724,9.14e-23
841.675234,2.41e-25
841.675351,2.41e-25
841.71711,6.199999999999999e-24
841.717113,6.459999999999999e-24
841.717133,5.96e-24
841.750307,2.49e-25
841.750343,2.49e-25
841.752947,9.16e-23
841.752963,9.175e-23
841.786327,6.434e-25
841.890352,6.694e-25
841.923134,3.288e-24
841.950604,3.377e-24
841.995651,1.428e-23
842.027226,2.97e-25
842.027286,3.04e-25
842.027296,3.11e-25
842.095857,3.11e-25
842.095867,3.04e-25
842.095886,3.18e-25
842.098046,1.5279999999999998e-23
842.397366,1.66e-25
842.402624,1.68e-25
842.407789,1.67e-25
842.445727,5.87e-24
842.445776,6.13e-24
842.445802,6.41e-24
842.506438,7.96e-23
842.506496,8.37e-23
842.506514,8.809999999999999e-23
842.509038,2.08e-25
842.509144,2.09e-25
842.572581,6.459999999999999e-24
842.572582,6.74e-24
842.572605,6.19e-24
842.580244,2.17e-25
842.580265,2.17e-25
842.582872,8.829999999999999e-23
842.582887,8.41e-23
842.582894,9.28e-23
842.636559,6.9560000000000005e-25
842.644219,1.93e-25
842.644314,2.01e-25
842.645715,2.34e-25
842.675388,2.46e-25
842.676842,2.01e-25
842.676936,1.93e-25
842.6972,6.26e-25
842.697289,5.97e-25
842.698116,6.02e-25
842.706144,2.51e-25
842.706197,2.51e-25
842.707566,2.94e-25
842.738157,3.09e-25
842.739575,2.51e-25
842.739628,2.51e-25
842.740943,3.06e-25
842.741149,3.17e-25
842.742479,3.67e-25
842.744825,7.249000000000001e-25
842.749573,6.93e-24
842.750692,1.05e-23
842.752565,1.37e-23
842.756367,7.1e-24
842.76035,3.86e-24
842.766681,6.88e-25
842.76722,6.05e-25
842.767297,6.34e-25
842.771567,3.86e-24
842.773724,3.87e-25
842.775105,3.16e-25
842.77531,3.05e-25
842.775549,7.11e-24
842.779328,1.48e-23
842.781226,1.05e-23
842.782343,6.93e-24
842.795768,3.61e-25
842.796152,3.92e-25
842.797503,4.57e-25
842.80549,1.13e-25
842.821725,1.13e-25
842.829663,4.82e-25
842.830659,3.9799999999999998e-25
842.831062,3.92e-25
842.83133,4.74e-25
842.831446,3.61e-25
842.831791,1.4029999999999998e-23
842.832787,5.66e-25
842.838733,1.89e-25
842.843223,1.03e-25
842.855286,1.03e-25
842.859776,1.88e-25
842.865672,5.96e-25
842.867179,4.74e-25
842.86785,3.9799999999999998e-25
842.879332,3.9799999999999998e-25
842.880443,5.55e-25
842.880635,3.52e-25
842.880692,3.6e-25
842.880703,3.69e-25
842.882094,6.9799999999999995e-25
842.886352,3.26e-25
842.890434,1.55e-25
842.907613,1.55e-25
842.911695,3.25e-25
842.913144,3.3e-25
842.914996,6.12e-25
842.915905,7.36e-25
842.917023,8.56e-25
842.917603,5.55e-25
842.918715,3.9799999999999998e-25
842.919852,5.59e-25
842.923216,2.61e-25
842.928548,1.495e-23
842.93886,2.06e-25
842.943625,1.78e-25
842.945484,2.6e-25
842.947764,1.54e-25
842.948848,5.58e-25
842.951124,3.7e-25
842.951135,3.61e-25
842.951151,3.78e-25
842.951628,9.05e-25
842.953703,6.12e-25
842.955556,3.3e-25
842.956055,2.39e-25
842.958831,6.08e-25
842.959694,3.13e-24
842.961492,1.05e-24
842.961764,7.13e-24
842.963398,8.49e-25
842.964223,1.19e-23
842.965856,4.59e-25
842.966441,9.02e-24
842.969487,5.31e-24
842.979566,5.3199999999999996e-24
842.98261,9.03e-24
842.984686,1.28e-23
842.987289,7.13e-24
842.988032,1.59e-25
842.989357,3.13e-24
842.99174,4.98e-25
842.992731,4.59e-25
842.995189,8.47e-25
842.995534,1.28e-24
842.996844,1.17e-24
842.997048,1.11e-24
842.998382,8.02e-25
842.999756,6.08e-25
843.002532,2.39e-25
843.026074,1.1e-25
843.029153,8.01e-25
843.030423,3.46e-25
843.030691,1.17e-24
843.031953,1.35e-24
843.035795,4.98e-25
843.035862,1.5499999999999998e-24
843.036822,1.4999999999999998e-24
843.037729,1.23e-24
843.039504,1.59e-25
843.061028,2.2e-25
843.068641,1.86e-24
843.06937,1.86e-24
843.0699,1.67e-24
843.071447,1.23e-24
843.072354,1.4999999999999998e-24
843.073267,1.64e-24
843.074582,2.88e-24
843.077776,2.36e-25
843.078753,3.46e-25
843.082739,2.09e-25
843.083102,1.1e-25
843.087133,1.84e-25
843.095328,1.47e-25
843.104721,2.956e-24
843.105377,2.23e-24
843.105767,1.67e-24
843.105957,2.27e-24
843.106284,2.13e-24
843.106297,1.85e-24
843.10698,1.97e-24
843.114639,2.21e-25
843.123886,1.03e-25
843.136634,2.6699999999999998e-24
843.137107,2.74e-24
843.137316,2.62e-24
843.143888,2.13e-24
843.144215,2.26e-24
843.14475,2.37e-24
843.154844,1.48e-25
843.170212,3.1799999999999998e-24
843.170608,3.28e-24
843.170748,3.17e-24
843.174617,2.26e-25
843.17638,2.62e-24
843.176589,2.73e-24
843.177016,2.84e-24
843.179694,2.05e-25
843.184258,1.84e-25
843.18981,1.03e-25
843.199783,3.77e-24
843.20012,3.9e-24
843.200216,3.79e-24
843.211196,3.17e-24
843.211337,3.27e-24
843.211688,3.38e-24
843.230546,4.44e-24
843.230838,4.62e-24
843.230906,4.49e-24
843.237896,1.45e-25
843.241962,3.79e-24
843.242058,3.9e-24
843.24235,4.01e-24
843.243145,1.49e-25
843.246292,2.06e-25
843.248325,1.49e-25
843.251439,1.9e-25
843.256124,1.73e-25
843.258336,5.199999999999999e-24
843.258592,5.42e-24
843.258639,5.28e-24
843.273964,4.49e-24
843.274032,4.61e-24
843.274279,4.74e-24
843.286557,6.08e-24
843.286783,6.35e-24
843.286817,6.19e-24
843.294462,6.0099999999999995e-24
843.294512,6.3e-24
843.294539,6.6e-24
843.30135,1.84e-25
843.302992,5.28e-24
843.30304,5.41e-24
843.303251,5.56e-24
843.306541,1.72e-25
843.311316,1.5999999999999998e-25
843.312521,7.07e-24
843.312724,7.4e-24
843.312747,7.22e-24
843.332507,6.19e-24
843.332541,6.34e-24
843.332724,6.5099999999999996e-24
843.338417,8.19e-24
843.3386,8.57e-24
843.338615,8.35e-24
843.339084,7.68e-23
843.339148,8.059999999999999e-23
843.339164,8.459999999999999e-23
843.341702,1.8e-25
843.341797,1.8e-25
843.34469,1.65e-25
843.349911,1.56e-25
843.354756,1.46e-25
843.359791,7.209999999999999e-24
843.359814,7.39e-24
843.359973,7.58e-24
843.362549,9.42e-24
843.362716,9.89e-24
843.362726,9.64e-24
843.379364,1.46e-25
843.384603,1.39e-25
843.386295,1.08e-23
843.386448,1.14e-23
843.386453,1.11e-23
843.387068,8.35e-24
843.387084,8.549999999999999e-24
843.387223,8.78e-24
843.389504,1.31e-25
843.40738,1.29e-25
843.408614,1.24e-23
843.408755,1.3e-23
843.408756,1.27e-23
843.409367,1.9e-25
843.409372,1.9e-25
843.411983,8.469999999999999e-23
843.411997,8.09e-23
843.412009,8.879999999999999e-23
843.412625,9.63e-24
843.412633,1.24e-25
843.412635,9.87e-24
843.412757,1.02e-23
843.417579,1.18e-25
843.428035,6.96e-24
843.428036,6.649999999999999e-24
843.428062,6.3599999999999996e-24
843.430126,1.14e-25
843.430353,1.4000000000000002e-23
843.430482,1.4399999999999997e-23
843.430484,1.48e-23
843.430817,2.518e-24
843.435387,1.11e-25
843.437865,1.11e-23
843.43787,1.14e-23
843.437979,1.1699999999999998e-23
843.440371,1.06e-25
843.448589,9.97e-26
843.450893,1.5799999999999998e-23
843.45101,1.6299999999999997e-23
843.451014,1.67e-23
843.455619,2.582e-24
843.461736,1.26e-23
843.461738,1.3e-23
843.461835,1.3299999999999998e-23
843.470742,1.7699999999999998e-23
843.47085,1.82e-23
843.470855,1.87e-23
843.485107,1.4599999999999998e-23
843.485193,1.5199999999999998e-23
843.486297,7.465e-25
843.489544,1.98e-23
843.489644,2.04e-23
843.489651,2.1e-23
843.50735,1.67e-23
843.507354,1.62e-23
843.507427,1.7099999999999998e-23
843.507599,2.2e-23
843.507691,2.2700000000000003e-23
843.5077,2.3400000000000003e-23
843.52471,2.44e-23
843.524796,2.52e-23
843.524806,2.6e-23
843.528996,1.87e-23
843.529001,1.82e-23
843.529065,1.92e-23
843.54105,2.69e-23
843.541129,2.77e-23
843.54114,2.87e-23
843.549688,2.09e-23
843.549695,2.03e-23
843.54975,2.16e-23
843.556513,2.94e-23
843.556588,3.04e-23
843.5566,3.1499999999999995e-23
843.569742,2.3300000000000002e-23
843.56975,2.2700000000000003e-23
843.569797,2.41e-23
843.571197,3.2000000000000003e-23
843.571267,3.32e-23
843.57128,3.43e-23
843.585049,3.47e-23
843.585115,3.59e-23
843.585129,3.73e-23
843.586557,3.09e-25
843.586654,3.09e-25
843.588442,9.07e-24
843.588617,1.0699999999999998e-23
843.58884,1.29e-23
843.588965,2.5900000000000002e-23
843.588974,2.51e-23
843.589014,2.67e-23
843.590406,3.08e-25
843.590901,3.08e-25
843.598121,3.74e-23
843.598184,3.88e-23
843.598199,4.03e-23
843.599149,7.793e-25
843.607545,2.85e-23
843.607555,2.77e-23
843.607589,2.95e-23
843.610387,4.0000000000000004e-23
843.610447,4.1499999999999993e-23
843.610463,4.32e-23
843.621872,4.26e-23
843.621929,4.43e-23
843.621946,4.61e-23
843.625389,3.13e-23
843.625401,3.03e-23
843.625429,3.24e-23
843.626195,4.17e-25
843.626334,4.17e-25
843.628309,1.7199999999999998e-23
843.628437,1.98e-23
843.628592,2.31e-23
843.630412,4.16e-25
843.630833,4.16e-25
843.632559,4.5000000000000003e-23
843.632614,4.69e-23
843.632632,4.89e-23
843.642456,4.73e-23
843.642508,4.9299999999999993e-23
843.642527,5.15e-23
843.642611,3.42e-23
843.642624,3.31e-23
843.642646,3.5399999999999995e-23
843.648975,1.05e-25
843.649015,1.05e-25
843.650296,4.42e-25
843.650447,4.42e-25
843.651546,4.9299999999999993e-23
843.651597,5.14e-23
843.651617,5.389999999999999e-23
843.652546,2.45e-23
843.652646,2.77e-23
843.652762,3.17e-23
843.654127,1.04e-25
843.654238,1.04e-25
843.654744,4.41e-25
843.655112,4.41e-25
843.657251,1.19e-25
843.6573,1.19e-25
843.659174,3.71e-23
843.659188,3.59e-23
843.659205,3.84e-23
843.65982,5.1e-23
843.659869,5.34e-23
843.659891,5.61e-23
843.662389,1.19e-25
843.662509,1.19e-25
843.664689,1.36e-25
843.664747,1.36e-25
843.665956,4.32e-25
843.666108,4.32e-25
843.666856,1.37e-23
843.667255,5.24e-23
843.667303,5.5e-23
843.667326,5.79e-23
843.668294,3.1e-23
843.668376,3.45e-23
843.668468,3.89e-23
843.669811,1.35e-25
843.66994,1.35e-25
843.670562,4.31e-25
843.670888,4.31e-25
843.671261,1.54e-25
843.671328,1.54e-25
843.673823,5.34e-23
843.67387,5.62e-23
843.673895,5.94e-23
843.675151,4.0000000000000004e-23
843.675165,3.87e-23
843.675178,4.1499999999999993e-23
843.676321,4.06e-25
843.676365,1.54e-25
843.676468,4.06e-25
843.676504,1.53e-25
843.676927,1.73e-25
843.677002,1.73e-25
843.678719,3.66e-23
843.67879,4.03e-23
843.678864,4.48e-23
843.679483,5.4e-23
843.67953,5.7e-23
843.679557,6.039999999999999e-23
843.681041,4.05e-25
843.681333,4.05e-25
843.681632,1.96e-25
843.681717,1.96e-25
843.682011,1.73e-25
843.68216,1.73e-25
843.683032,3.74e-25
843.683172,3.74e-25
843.684182,5.409999999999999e-23
843.684229,5.73e-23
843.684258,6.09e-23
843.685305,2.2e-25
843.685399,2.2e-25
843.685474,4.13e-23
843.685536,4.51e-23
843.685598,4.97e-23
843.686694,1.95e-25
843.686854,1.95e-25
843.687041,3.41e-25
843.687172,3.41e-25
843.687838,3.73e-25
843.687845,5.36e-23
843.687846,2.47e-25
843.687893,5.7e-23
843.687925,6.079999999999999e-23
843.687949,2.47e-25
843.688102,3.73e-25
843.688941,3.08e-25
843.689063,3.08e-25
843.689121,2.76e-25
843.689233,2.77e-25
843.689514,4.52e-23
843.689572,4.91e-23
843.689624,5.35e-23
843.69034,2.2e-25
843.690375,5.25e-23
843.690424,5.600000000000001e-23
843.69046,6.01e-23
843.690513,2.2e-25
843.690538,4.3e-23
843.690553,4.14e-23
843.690561,4.46e-23
843.691438,4.84e-23
843.691491,5.2100000000000006e-23
843.691537,5.649999999999999e-23
843.691636,5.08e-23
843.691686,5.44e-23
843.691726,5.869999999999999e-23
843.691914,3.4e-25
843.692155,3.4e-25
843.692851,2.47e-25
843.693038,2.46e-25
843.693866,3.07e-25
843.694087,3.07e-25
843.694089,2.76e-25
843.694292,2.76e-25
843.705386,4.58e-23
843.705402,4.4099999999999993e-23
843.705406,4.77e-23
843.719711,4.86e-23
843.719728,4.8649999999999993e-23
843.733556,5.11e-23
843.73357,5.34e-23
843.733574,4.9199999999999993e-23
843.733804,4.16e-25
843.733859,4.26e-25
843.733871,4.36e-25
843.744311,1.04e-25
843.744348,1.04e-25
843.746949,5.35e-23
843.74696,5.600000000000001e-23
843.746968,5.13e-23
843.74957,1.06e-25
843.749598,1.06e-25
843.757288,1.18e-25
843.757336,1.18e-25
843.758532,1.4549999999999998e-23
843.759934,5.559999999999999e-23
843.759942,5.83e-23
843.759954,5.319999999999999e-23
843.762551,1.2e-25
843.762587,1.2e-25
843.769897,1.33e-25
843.769956,1.33e-25
843.772549,5.74e-23
843.772554,6.03e-23
843.77257,5.48e-23
843.775163,1.36e-25
843.775206,1.36e-25
843.782186,1.5e-25
843.782258,1.5e-25
843.784846,5.88e-23
843.784847,6.189999999999999e-23
843.784868,5.600000000000001e-23
843.787456,1.53e-25
843.787507,1.53e-25
843.794211,1.68e-25
843.794295,1.68e-25
843.796876,6.31e-23
843.796877,5.969999999999999e-23
843.796901,5.669999999999999e-23
843.799483,1.71e-25
843.799542,1.71e-25
843.806036,1.89e-25
843.806135,1.89e-25
843.806238,4.37e-25
843.80625,4.27e-25
843.806263,4.47e-25
843.808705,6.37e-23
843.80871,6.019999999999999e-23
843.808736,5.7e-23
843.811311,1.92e-25
843.811379,1.92e-25
843.81774,2.11e-25
843.817854,2.11e-25
843.820412,6.38e-23
843.820421,6e-23
843.820449,5.66e-23
843.823016,2.14e-25
843.823093,2.14e-25
843.829418,2.35e-25
843.829549,2.35e-25
843.832093,6.31e-23
843.832106,5.92e-23
843.832137,5.57e-23
843.834694,2.38e-25
843.834782,2.38e-25
843.841191,2.61e-25
843.841341,2.61e-25
843.843869,6.18e-23
843.843886,5.759999999999999e-23
843.843921,5.4e-23
843.846467,2.64e-25
843.846565,2.64e-25
843.853214,2.88e-25
843.853385,2.88e-25
843.855895,5.96e-23
843.855917,5.53e-23
843.855956,5.16e-23
843.858488,2.91e-25
843.858597,2.91e-25
843.865696,3.16e-25
843.865891,3.15e-25
843.868377,5.66e-23
843.868405,5.22e-23
843.868449,4.86e-23
843.870964,3.18e-25
843.871087,3.19e-25
843.87892,3.43e-25
843.879143,3.42e-25
843.881601,5.27e-23
843.881636,4.83e-23
843.881687,4.46e-23
843.88418,3.45e-25
843.884317,3.46e-25
843.893296,3.67e-25
843.893552,3.66e-25
843.895972,4.78e-23
843.896017,4.34e-23
843.896076,3.97e-23
843.898541,3.69e-25
843.898694,3.69e-25
843.909433,3.83e-25
843.90973,3.83e-25
843.912102,4.16e-23
843.912159,3.74e-23
843.912229,3.39e-23
843.914658,3.85e-25
843.914828,3.86e-25
843.928304,3.84e-25
843.92865,3.84e-25
843.930957,3.4e-23
843.93103,3.0199999999999995e-23
843.931116,2.71e-23
843.933496,3.86e-25
843.933684,3.86e-25
843.943229,9.81e-26
843.951572,3.53e-25
843.951983,3.52e-25
843.954197,2.49e-23
843.954294,2.17e-23
843.954402,1.93e-23
843.956642,1.08e-25
843.956713,3.53e-25
843.956919,3.54e-25
843.961773,1.08e-25
843.967068,1.11e-25
843.981359,1.2e-25
843.982417,2.52e-25
843.982914,2.51e-25
843.98499,1.3899999999999998e-23
843.985123,1.19e-23
843.985265,1.03e-23
843.986469,1.21e-25
843.987473,2.52e-25
843.987695,2.53e-25
843.991764,1.25e-25
844.007199,1.33e-25
844.012286,1.35e-25
844.017581,1.4e-25
844.03449,1.47e-25
844.039551,1.5e-25
844.044844,1.56e-25
844.063642,1.61e-25
844.068675,1.66e-25
844.073964,1.73e-25
844.076898,1.27e-25
844.082136,1.31e-25
844.087329,1.32e-25
844.095186,1.75e-25
844.100185,1.82e-25
844.10547,1.91e-25
844.129815,1.9e-25
844.134775,1.9899999999999999e-25
844.135982,9.86e-25
844.136175,9.7e-25
844.136193,9.55e-25
844.140051,2.11e-25
844.142495,6.0999999999999996e-24
844.142546,6.41e-24
844.142576,6.729999999999999e-24
844.16846,2.05e-25
844.170813,7.359999999999999e-23
844.170883,7.709999999999999e-23
844.170898,8.079999999999999e-23
844.173374,2.16e-25
844.173449,1.57e-25
844.173533,1.57e-25
844.178638,2.3e-25
844.183,6.46e-25
844.183538,6.37e-25
844.183752,6.28e-25
844.18831,9.69e-25
844.188489,9.85e-25
844.188852,1.0099999999999999e-24
844.212404,2.17e-25
844.217262,2.32e-25
844.222508,2.49e-25
844.237852,1.67e-25
844.237862,1.67e-25
844.240466,8.09e-23
844.240479,7.74e-23
844.240499,8.459999999999999e-23
844.263479,2.27e-25
844.268266,2.44e-25
844.273486,2.65e-25
844.283522,7.11e-24
844.283526,6.779999999999999e-24
844.283554,6.47e-24
844.286081,6.35e-25
844.286597,6.44e-25
844.287355,6.64e-25
844.324399,2.29e-25
844.329096,2.5e-25
844.334277,2.74e-25
844.335522,7.949e-25
844.380025,1.68e-24
844.382988,5.11e-24
844.386078,1.02e-23
844.387622,8.74e-24
844.38983,5.56e-24
844.399404,2.18e-25
844.403983,2.42e-25
844.405139,5.7e-25
844.40792,5.57e-24
844.409075,2.19e-24
844.409102,2.69e-25
844.410127,8.76e-24
844.411653,1.1e-23
844.413679,8.76e-24
844.414633,8.39e-24
844.414762,5.0999999999999995e-24
844.415905,6.98e-24
844.417724,1.68e-24
844.429592,6.989999999999999e-24
844.430862,8.4e-24
844.431659,9.38e-24
844.436422,2.18e-24
844.440356,5.69e-25
844.453342,8.314e-25
844.495578,1.86e-25
844.499992,2.1e-25
844.5008,1.332e-23
844.505014,2.38e-25
844.586733,4.88e-25
844.586786,5e-25
844.586798,5.11e-25
844.587872,1.409e-23
844.625942,1.19e-25
844.630114,1.37e-25
844.63497,1.59e-25
844.661203,5.12e-25
844.661215,5e-25
844.661225,5.24e-25
844.662909,7.2e-25
844.662926,6.77e-25
844.663981,7.07e-25
844.701242,2.184e-24
844.729804,2.239e-24
844.73025,7.99e-25
844.730965,6.85e-25
844.730968,7.27e-25
844.909201,1.892e-24
844.914091,1.11e-25
844.919319,1.16e-25
844.924525,1.17e-25
844.931345,1.938e-24
844.989757,6.11e-24
844.98981,6.44e-24
844.989843,6.779999999999999e-24
845.001273,7.019999999999999e-23
845.001349,7.339999999999999e-23
845.001362,7.68e-23
845.003926,1.35e-25
845.004,1.36e-25
845.06531,1.45e-25
845.065335,1.46e-25
845.067926,7.689999999999999e-23
845.067938,7.359999999999999e-23
845.067965,8.02e-23
845.139104,7.18e-24
845.139111,6.84e-24
845.139141,6.5099999999999996e-24
845.184212,8.398e-25
845.307597,8.793e-25
845.333729,1.287e-23
845.41661,1.358e-23
845.439421,5.6799999999999995e-25
845.439472,5.83e-25
845.439484,5.97e-25
845.516026,5.99e-25
845.516039,5.84e-25
845.516046,6.13e-25
845.755249,1.02e-25
845.760467,1.04e-25
845.812909,1.18e-25
845.817679,4.01e-25
845.826047,6.3599999999999996e-24
845.826563,6.3799999999999996e-24
845.827068,6.2299999999999996e-24
845.830939,6.66e-23
845.831022,6.949999999999999e-23
845.831034,7.249999999999999e-23
845.833611,1.17e-25
845.833673,1.17e-25
845.836158,6.05e-24
845.836213,6.3799999999999996e-24
845.836249,6.74e-24
845.840654,6.24e-24
845.841156,6.3799999999999996e-24
845.841497,6.779999999999999e-24
845.850042,4e-25
845.85481,1.17e-25
845.892203,1.27e-25
845.892245,1.27e-25
845.894822,7.26e-23
845.894832,6.969999999999999e-23
845.894867,7.57e-23
845.994855,7.169999999999999e-24
845.994864,6.81e-24
845.994897,6.47e-24
846.014821,3.6499999999999998e-25
846.019192,1.32e-24
846.025133,7.46e-24
846.025898,7.249999999999999e-24
846.026741,6.47e-24
846.032335,8.795e-25
846.048111,6.48e-24
846.048953,7.26e-24
846.049708,7.96e-24
846.05566,1.31e-24
846.060029,3.64e-25
846.161558,9.239e-25
846.165493,1.238e-23
846.244538,1.302e-23
846.291865,6.6e-25
846.291914,6.77e-25
846.291927,6.94e-25
846.331125,1.625e-24
846.354309,1.3959999999999999e-24
846.35831,1.664e-24
846.370713,6.96e-25
846.370726,6.79e-25
846.370731,7.13e-25
846.373776,1.429e-24
846.401801,3.1340000000000003e-25
846.433281,3.1470000000000003e-25
846.488927,3.939e-25
846.523375,3.967e-25
846.56287,4.869e-25
846.599997,4.918e-25
846.631294,5.94e-25
846.659089,6.29e-23
846.65918,6.55e-23
846.659191,6.819999999999999e-23
846.661779,9.97e-26
846.661831,1.01e-25
846.670971,6.013e-25
846.681582,5.89e-24
846.68164,6.24e-24
846.68168,6.61e-24
846.690641,7.16e-25
846.695525,6.81e-25
846.695742,7.68e-25
846.697089,7.88e-25
846.705519,1.36e-25
846.717768,1.1e-25
846.717826,1.1e-25
846.720389,6.83e-23
846.720398,6.57e-23
846.720441,7.11e-23
846.732657,7.263000000000001e-25
846.745793,8.546e-25
846.753118,1.37e-25
846.761941,8.82e-25
846.762879,7.75e-25
846.763111,6.88e-25
846.790056,8.683e-25
846.794652,1.011e-24
846.840273,1.186e-24
846.84104,1.028e-24
846.850867,7.06e-24
846.850879,6.68e-24
846.850916,6.329999999999999e-24
846.879856,9.128e-25
846.881412,1.382e-24
846.888741,1.208e-24
846.899408,6.15e-25
846.899623,6.05e-25
846.899657,5.96e-25
846.919961,1.599e-24
846.931908,1.409e-24
846.955202,1.838e-24
846.955638,6.05e-25
846.955838,6.14e-25
846.95621,6.27e-25
846.972484,1.632e-24
846.988297,2.1e-24
846.996312,1.184e-23
847.00975,1.878e-24
847.015594,9.612e-25
847.018851,2.385e-24
847.044904,2.1479999999999998e-24
847.047576,2.694e-24
847.071837,1.243e-23
847.07427,3.025e-24
847.077553,2.442e-24
847.099368,3.3779999999999996e-24
847.108437,2.76e-24
847.122782,3.752e-24
847.137361,3.102e-24
847.144062,7.62e-25
847.14411,7.82e-25
847.144123,8.03e-25
847.144777,4.143e-24
847.16478,3.467e-24
847.165327,4.55e-24
847.184593,4.969e-24
847.190618,3.854e-24
847.196987,4.53e-24
847.197313,4.59e-24
847.197575,4.64e-24
847.202581,5.395e-24
847.209451,4.64e-24
847.20971,4.6e-24
847.209842,4.8199999999999996e-24
847.215158,4.26e-24
847.219388,5.823e-24
847.224616,1.706e-24
847.22527,8.05e-25
847.225283,7.84e-25
847.225286,8.25e-25
847.235031,6.249e-24
847.23839,4.6819999999999996e-24
847.249568,6.664e-24
847.260496,5.118e-24
847.263014,7.064e-24
847.269771,3.1249999999999998e-24
847.275401,7.439e-24
847.281498,5.562e-24
847.286736,7.781e-24
847.296658,4.325e-24
847.297027,8.083e-24
847.301521,6.011e-24
847.306266,8.336e-24
847.31385,5.345e-24
847.31444,8.529e-24
847.320604,6.457e-24
847.321515,8.655e-24
847.32504,6.206e-24
847.327446,8.704e-24
847.332113,6.923e-24
847.332163,8.668e-24
847.335565,8.538e-24
847.336146,7.507e-24
847.337512,8.307e-24
847.337802,7.965e-24
847.338838,6.895e-24
847.356272,7.317e-24
847.372978,7.716e-24
847.389012,8.083e-24
847.404439,8.409e-24
847.419321,8.686e-24
847.433728,8.904e-24
847.447733,9.053e-24
847.46142,9.123e-24
847.474884,9.106e-24
847.486687,5.9e-23
847.486787,6.14e-23
847.486796,6.389999999999999e-23
847.488239,8.992e-24
847.501626,8.772e-24
847.515224,8.437e-24
847.525878,5.64e-24
847.52594,5.9899999999999996e-24
847.525985,6.37e-24
847.529266,7.977e-24
847.544076,7.383e-24
847.545591,6.389999999999999e-23
847.545598,6.149999999999999e-23
847.545652,6.64e-23
847.56011,6.644e-24
847.578058,5.746e-24
847.59902,4.67e-24
847.624903,3.387e-24
847.657409,1.01e-25
847.659412,1.855e-24
847.662296,2.96e-25
847.672182,5.3399999999999996e-24
847.672642,5.3599999999999995e-24
847.672998,5.28e-24
847.695128,5.28e-24
847.695481,5.3599999999999995e-24
847.69594,5.69e-24
847.705829,2.96e-25
847.707258,6.84e-24
847.707274,6.459999999999999e-24
847.707314,6.09e-24
847.710714,9.97e-26
847.726727,9.38e-25
847.761885,1.011e-24
847.778631,1.034e-24
847.825839,1.128e-23
847.869665,9.906e-25
847.898112,1.181e-23
847.951507,8.2e-25
847.956231,6.92e-25
847.960263,5.97e-25
847.966355,1.187e-24
847.992357,1.214e-24
847.99601,8.74e-25
847.996056,8.97e-25
847.99607,9.22e-25
848.079704,9.24e-25
848.079718,8.999999999999998e-25
848.079719,9.48e-25
848.312338,5.519999999999999e-23
848.312448,5.73e-23
848.312455,5.949999999999999e-23
848.368846,5.29e-24
848.368912,5.65e-24
848.368963,6.0299999999999995e-24
848.368987,5.949999999999999e-23
848.368992,5.74e-23
848.369056,6.18e-23
848.456399,3.97e-25
848.456951,3.91e-25
848.457182,3.86e-25
848.52207,3.16e-24
848.522297,3.22e-24
848.522471,3.27e-24
848.532068,3.27e-24
848.53224,3.22e-24
848.532252,3.36e-24
848.563923,3.9e-25
848.56418,6.499999999999999e-24
848.5642,6.1199999999999996e-24
848.564245,5.76e-24
848.564454,3.96e-25
848.565195,4.07e-25
848.57289,9.537e-25
848.654545,1.068e-23
848.723815,1.116e-23
848.723824,1.0099999999999999e-24
848.747631,6.879999999999999e-23
848.747647,8.3e-23
848.747677,5.689999999999999e-23
848.749419,2.34e-24
848.749708,2.33e-24
848.801678,4.74e-25
848.802752,7.22e-25
848.804682,8.36e-25
848.808405,3.91e-25
848.812216,1.71e-25
848.847703,9.97e-25
848.847748,1.03e-24
848.847762,1.06e-24
848.860857,1.72e-25
848.864684,3.95e-25
848.868855,9.3e-25
848.870321,7.28e-25
848.871411,4.78e-25
848.934023,1.06e-24
848.934036,1.09e-24
848.934037,1.03e-24
848.951878,7.8e-25
848.956824,6.78e-25
848.96115,5.98e-25
848.995064,2e-24
848.99552,2e-24
848.997637,9.63e-23
848.997729,8.229999999999999e-23
848.997764,7.03e-23
849.127463,7.194000000000001e-25
849.137885,5.13e-23
849.138008,5.31e-23
849.138012,5.51e-23
849.141423,7.347e-25
849.19244,5.519999999999999e-23
849.192443,5.33e-23
849.19252,5.72e-23
849.210213,4.86e-24
849.210285,5.199999999999999e-24
849.210344,5.57e-24
849.330015,3.77e-24
849.330324,3.81e-24
849.330505,3.84e-24
849.352634,3.84e-24
849.352812,3.81e-24
849.353131,4e-24
849.418269,9.583e-25
849.421835,6.05e-24
849.42186,5.67e-24
849.421911,5.31e-24
849.481714,1.006e-23
849.548188,1.05e-23
849.578135,1.019e-24
849.601816,7.019999999999999e-23
849.601828,5.98e-23
849.601858,8.22e-23
849.603791,1.68e-24
849.604099,1.68e-24
849.609376,8.515e-25
849.634381,8.699e-25
849.699137,1.13e-24
849.699181,1.17e-24
849.699196,1.2e-24
849.78395,3.76e-25
849.784184,3.7e-25
849.784234,3.6499999999999998e-25
849.788235,1.2e-24
849.788246,1.24e-24
849.788249,1.17e-24
849.796892,2.17e-24
849.797061,2.21e-24
849.797198,2.25e-24
849.804245,2.25e-24
849.804313,2.3e-24
849.80438,2.21e-24
849.825674,1.4999999999999998e-24
849.826069,1.4999999999999998e-24
849.828299,9.41e-23
849.82838,8.22e-23
849.828419,7.169999999999999e-23
849.844357,3.7e-25
849.844577,3.75e-25
849.844959,3.83e-25
849.903743,6.85e-25
849.908814,6.09e-25
849.913332,5.47e-25
849.960768,4.75e-23
849.960904,4.9199999999999993e-23
849.960906,5.09e-23
850.013327,5.0099999999999997e-23
850.013418,5.27e-23
850.049598,4.3199999999999995e-24
850.049679,4.66e-24
850.049747,5.01e-24
850.262768,9.505e-25
850.280494,5.48e-24
850.280525,5.11e-24
850.280584,4.78e-24
850.308301,9.437e-24
850.372181,9.828e-24
850.43268,1.015e-24
850.446457,5.0260000000000005e-25
850.454508,6.24e-23
850.454512,7.149999999999999e-23
850.45456,8.189999999999999e-23
850.456611,1.29e-24
850.456909,1.29e-24
850.457551,5.129e-25
850.550306,1.28e-24
850.550349,1.32e-24
850.550364,1.36e-24
850.642348,1.36e-24
850.642357,1.3999999999999999e-24
850.642363,1.32e-24
850.657429,1.17e-24
850.657771,1.16e-24
850.660083,9.26e-23
850.660151,8.22e-23
850.66019,7.29e-23
850.784334,4.38e-23
850.784485,4.6800000000000006e-23
850.784488,4.52e-23
850.827004,5.89e-25
850.832151,5.33e-25
850.835043,4.5299999999999993e-23
850.835047,4.6800000000000006e-23
850.835151,4.84e-23
850.836803,4.87e-25
850.886455,3.7e-24
850.886548,4.01e-24
850.886629,4.35e-24
850.986831,1.61e-25
850.989824,4.67e-25
850.993281,8.48e-25
850.994723,7.15e-25
850.99658,4.36e-25
851.001762,2.6e-24
851.001986,2.64e-24
851.002089,2.6699999999999998e-24
851.017196,1.4699999999999999e-24
851.017328,1.4999999999999998e-24
851.017451,1.52e-24
851.021767,1.5499999999999998e-24
851.021773,1.52e-24
851.021892,1.4999999999999998e-24
851.024061,2.6799999999999998e-24
851.02416,2.64e-24
851.024405,2.75e-24
851.053575,4.4e-25
851.055451,7.21e-25
851.057392,9.37e-25
851.060331,4.7099999999999995e-25
851.063343,1.62e-25
851.106264,9.291e-25
851.132925,8.806e-24
851.140537,4.81e-24
851.140576,4.46e-24
851.140644,4.14e-24
851.194365,9.157e-24
851.262965,5.9930000000000005e-25
851.287155,6.118e-25
851.287563,9.963e-25
851.305091,6.449999999999999e-23
851.305104,7.269999999999999e-23
851.305149,8.189999999999999e-23
851.30729,1.0099999999999999e-24
851.30757,1.0099999999999999e-24
851.401201,1.43e-24
851.401244,1.48e-24
851.40126,1.52e-24
851.490145,9.29e-25
851.490442,9.28e-25
851.492814,9.15e-23
851.492872,8.229999999999999e-23
851.492908,7.39e-23
851.496371,1.5299999999999999e-24
851.496379,1.57e-24
851.496386,1.48e-24
851.604076,4.01e-23
851.604242,4.27e-23
851.604249,4.13e-23
851.65299,4.14e-23
851.652998,4.2799999999999993e-23
851.653118,4.42e-23
851.719969,3.02e-24
851.720076,3.29e-24
851.720175,3.599999999999999e-24
851.722419,3.517e-25
851.731607,5.05e-25
851.736802,4.65e-25
851.741552,4.28e-25
851.948592,8.931e-25
851.957407,8.177e-24
852.002507,4.02e-24
852.002556,3.71e-24
852.002636,3.42e-24
852.016584,8.49e-24
852.142911,9.627e-25
852.153722,6.61e-23
852.153739,7.359999999999999e-23
852.153782,8.189999999999999e-23
852.15599,8.15e-25
852.156251,8.15e-25
852.179013,9.7e-25
852.179122,9.87e-25
852.179239,1.0099999999999999e-24
852.180648,1.03e-24
852.180706,1.0099999999999999e-24
852.18082,9.88e-25
852.251815,1.5999999999999999e-24
852.251857,1.65e-24
852.251874,1.69e-24
852.323552,7.6e-25
852.323813,7.6e-25
852.326229,9.05e-23
852.326278,8.229999999999999e-23
852.326312,7.469999999999999e-23
852.350314,1.69e-24
852.35032,1.74e-24
852.35033,1.65e-24
852.388493,1.074e-23
852.391297,1.13e-25
852.425816,3.65e-23
852.426,3.89e-23
852.426014,3.76e-23
852.473082,3.77e-23
852.473098,3.89e-23
852.473236,4.0199999999999993e-23
852.5078,1.17e-25
852.548859,2.2899999999999998e-24
852.548987,2.52e-24
852.54911,2.78e-24
852.623184,4.35e-25
852.62841,4.04e-25
852.633236,3.76e-25
852.660891,1.273e-23
852.690913,1.7599999999999998e-24
852.691081,1.79e-24
852.691142,1.82e-24
852.712962,1.82e-24
852.713017,1.79e-24
852.713222,1.86e-24
852.779215,7.556e-24
852.789535,8.419000000000001e-25
852.794328,2.24e-25
852.794582,2.21e-25
852.794645,2.18e-25
852.836238,7.835e-24
852.843564,2.4e-25
852.844129,2.36e-25
852.844375,2.33e-25
852.859155,2.21e-25
852.859395,2.24e-25
852.859789,2.28e-25
852.867216,3.16e-24
852.867279,2.89e-24
852.867375,2.65e-24
852.930246,4.142e-25
852.955421,2.35e-25
852.955965,2.39e-25
852.956689,2.45e-25
852.998893,9.131e-25
853.000638,6.74e-23
853.000659,7.42e-23
853.000698,8.169999999999999e-23
853.00296,6.6999999999999985e-25
853.003202,6.69e-25
853.102138,1.7599999999999998e-24
853.102179,1.81e-24
853.102196,1.87e-24
853.157413,6.32e-25
853.157642,6.31e-25
853.160094,8.949999999999999e-23
853.160135,8.209999999999999e-23
853.160166,7.52e-23
853.204188,1.88e-24
853.204193,1.94e-24
853.204205,1.82e-24
853.211142,1.38e-25
853.241907,3.31e-23
853.242113,3.52e-23
853.242135,3.4e-23
853.242977,1.084e-23
853.261739,1.62e-25
853.268529,8.25e-25
853.269205,7.969999999999999e-25
853.269738,7.13e-25
853.277423,6.6499999999999995e-25
853.277521,6.53e-25
853.277635,6.43e-25
853.278801,6.31e-25
853.278894,6.42e-25
853.279011,6.53e-25
853.287535,3.4099999999999995e-23
853.287558,3.52e-23
853.287717,3.64e-23
853.318528,1.4199999999999999e-25
853.331293,7.19e-25
853.331848,8.04e-25
853.333076,9.05e-25
853.339292,1.62e-25
853.370988,1.57e-24
853.371147,1.74e-24
853.371305,1.94e-24
853.488932,1.263e-23
853.505202,3.75e-25
853.510448,3.52e-25
853.515333,3.31e-25
853.601657,6.948e-24
853.628794,7.753e-25
853.656688,7.196e-24
853.735938,2.25e-24
853.736019,2.04e-24
853.736137,1.85e-24
853.846051,6.819999999999999e-23
853.846073,7.44e-23
853.846109,8.13e-23
853.848416,5.58e-25
853.848639,5.58e-25
853.855731,8.47e-25
853.952156,1.93e-24
853.952197,2e-24
853.952215,2.06e-24
853.991534,5.31e-25
853.991735,5.31e-25
853.994215,8.839999999999999e-23
853.99425,8.159999999999999e-23
853.994279,7.529999999999999e-23
854.029771,1.12e-25
854.035012,1.73e-25
854.058006,2.07e-24
854.05801,2.14e-24
854.058024,2.01e-24
854.062104,2.99e-23
854.062336,3.17e-23
854.062371,3.07e-23
854.095558,1.098e-23
854.106254,3.07e-23
854.106289,3.17e-23
854.106475,3.27e-23
854.133612,1.77e-25
854.138855,1.15e-25
854.182469,8.93e-25
854.182673,1.0099999999999999e-24
854.182886,1.1399999999999999e-24
854.309123,4.25e-25
854.309253,4.18e-25
854.30937,4.11e-25
854.313575,4.04e-25
854.313656,4.11e-25
854.313777,4.18e-25
854.318302,1.259e-23
854.379924,3.25e-25
854.385183,3.08e-25
854.390117,2.91e-25
854.401315,1.18e-24
854.401445,1.2e-24
854.401478,1.22e-24
854.420274,6.359e-24
854.423141,1.22e-24
854.423166,1.2e-24
854.423353,1.24e-24
854.465953,6.938000000000001e-25
854.47338,6.578e-24
854.610797,1.35e-24
854.610906,1.22e-24
854.611056,1.09e-24
854.690127,6.859999999999999e-23
854.690152,7.429999999999999e-23
854.690184,8.059999999999999e-23
854.692527,4.7099999999999995e-25
854.692734,4.7099999999999995e-25
854.713724,7.646e-25
854.801855,2.11e-24
854.801896,2.18e-24
854.801915,2.26e-24
854.825758,4.52e-25
854.825936,4.52e-25
854.828438,8.709999999999999e-23
854.828467,8.09e-23
854.828494,7.509999999999999e-23
854.844942,1.3399999999999999e-25
854.850167,2.1899999999999998e-25
854.873851,2.69e-23
854.874116,2.84e-23
854.874166,2.7499999999999995e-23
854.911782,2.27e-24
854.911784,2.34e-24
854.9118,2.19e-24
854.916475,2.7499999999999995e-23
854.916526,2.84e-23
854.916743,2.93e-23
854.940474,2.23e-25
854.945667,1.112e-23
854.9457,1.38e-25
854.975283,3.37e-25
854.975561,3.87e-25
854.975862,4.43e-25
855.148743,1.256e-23
855.240812,5.792e-24
855.248895,2.82e-25
855.254163,2.7e-25
855.259136,2.56e-25
855.273452,2.66e-25
855.273608,2.62e-25
855.27373,2.58e-25
855.281021,2.54e-25
855.281094,2.58e-25
855.281219,2.62e-25
855.292165,5.985e-24
855.300408,5.9860000000000005e-25
855.495666,5.49e-25
855.495817,4.88e-25
855.496016,4.33e-25
855.532996,6.85e-23
855.533021,7.39e-23
855.533051,7.96e-23
855.535424,4e-25
855.535617,4e-25
855.573291,6.667e-25
855.635077,7.69e-25
855.635435,7.69e-25
855.635515,7.59e-25
855.65122,2.2799999999999998e-24
855.65126,2.37e-24
855.65128,2.45e-24
855.65996,3.87e-25
855.660116,3.87e-25
855.662638,8.549999999999999e-23
855.662662,7.989999999999999e-23
855.662687,7.449999999999999e-23
855.667473,1.66e-25
855.672673,2.9e-25
855.692972,2.4e-23
855.693277,2.5300000000000003e-23
855.693352,2.44e-23
855.699361,7.639999999999999e-25
855.699467,7.75e-25
855.700429,8.4e-25
855.734252,2.45e-23
855.734328,2.5300000000000003e-23
855.734587,2.62e-23
855.754932,2.95e-25
855.760132,1.69e-25
855.765531,2.5049999999999997e-24
855.76555,2.38e-24
855.79354,1.122e-23
855.934287,1.32e-25
855.934559,1.3e-25
855.934635,1.28e-25
855.979934,1.253e-23
856.003741,1.3e-25
856.003999,1.32e-25
856.004406,1.3399999999999999e-25
856.055766,5.251e-24
856.105337,5.42e-24
856.113208,2.46e-25
856.118482,2.36e-25
856.123488,2.26e-25
856.131253,4.921e-25
856.137181,7.68e-25
856.137281,7.81e-25
856.137295,7.94e-25
856.158467,7.8e-25
856.158472,7.93e-25
856.15866,8.08e-25
856.374753,6.81e-23
856.374781,7.3e-23
856.374808,7.83e-23
856.377207,3.42e-25
856.377386,3.41e-25
856.435037,5.554e-25
856.477057,2.05e-25
856.482222,3.88e-25
856.494037,3.3299999999999998e-25
856.494175,3.3299999999999998e-25
856.496712,8.37e-23
856.496732,7.85e-23
856.496755,7.359999999999999e-23
856.499442,2.1400000000000003e-23
856.499799,2.24e-23
856.499908,2.16e-23
856.500228,2.46e-24
856.500269,2.5499999999999998e-24
856.50029,2.64e-24
856.539257,2.16e-23
856.539366,2.24e-23
856.539674,2.32e-23
856.556943,3.93e-25
856.562108,2.08e-25
856.61927,2.705e-24
856.619291,2.56e-24
856.639467,1.129e-23
856.811596,1.248e-23
856.874683,4.738e-24
856.922698,4.886e-24
856.957055,3.778e-25
856.973658,2.14e-25
856.978934,2.08e-25
856.983969,2e-25
857.215474,6.729999999999999e-23
857.215503,7.18e-23
857.215528,7.659999999999999e-23
857.217949,2.93e-25
857.218116,2.93e-25
857.298988,2.6799999999999998e-25
857.299868,4.338000000000001e-25
857.304091,5.58e-25
857.318201,1.89e-23
857.318628,1.97e-23
857.318795,1.89e-23
857.327904,2.88e-25
857.328025,2.88e-25
857.330576,8.169999999999999e-23
857.330592,7.689999999999999e-23
857.330613,7.229999999999999e-23
857.338927,1.43e-25
857.339501,1.41e-25
857.339762,1.39e-25
857.348858,2.62e-24
857.348899,2.72e-24
857.348921,2.83e-24
857.356761,1.89e-23
857.356929,1.97e-23
857.357309,2.05e-23
857.371465,5.64e-25
857.376569,2.71e-25
857.454984,1.41e-25
857.455538,1.43e-25
857.456245,1.46e-25
857.473019,2.9499999999999997e-24
857.473022,2.84e-24
857.473043,2.74e-24
857.483694,1.131e-23
857.643508,1.239e-23
857.685204,4.255e-24
857.731618,4.384e-24
857.830835,1.87e-25
857.836112,1.83e-25
857.841172,1.77e-25
857.903088,4.93e-25
857.903137,5.08e-25
857.903143,5e-25
857.917542,4.9e-25
857.917738,4.99e-25
857.918045,5.07e-25
858.055212,6.61e-23
858.055242,7.03e-23
858.055266,7.469999999999999e-23
858.057707,2.52e-25
858.057863,2.52e-25
858.096594,6.89e-25
858.096678,7.04e-25
858.096778,6.97e-25
858.101742,3.47e-25
858.106755,8.11e-25
858.118146,1.67e-23
858.118663,1.7199999999999998e-23
858.118915,1.6399999999999998e-23
858.155216,1.6399999999999998e-23
858.15547,1.7199999999999998e-23
858.155936,1.81e-23
858.161488,2.5e-25
858.161594,2.49e-25
858.162066,7.03e-25
858.162134,7.09e-25
858.162908,7.5e-25
858.164157,7.94e-23
858.164169,7.489999999999999e-23
858.16419,7.07e-23
858.167377,8.17e-25
858.169216,3.07e-25
858.172391,3.51e-25
858.19708,2.78e-24
858.197122,2.89e-24
858.197145,3e-24
858.326407,1.128e-23
858.326804,3.14e-24
858.326808,3.02e-24
858.326831,2.91e-24
858.475489,1.227e-23
858.502964,3.803e-24
858.547985,3.915e-24
858.663036,1.1e-25
858.663079,1.12e-25
858.66309,1.15e-25
858.685187,1.65e-25
858.690464,1.62e-25
858.695546,1.57e-25
858.737747,1.15e-25
858.737758,1.13e-25
858.737761,1.17e-25
858.894009,6.46e-23
858.894041,6.839999999999999e-23
858.894063,7.249999999999999e-23
858.896521,2.18e-25
858.896666,2.18e-25
858.924127,4.93e-25
858.928966,1.3299999999999999e-24
858.937593,1.47e-23
858.938245,1.5e-23
858.938667,1.3799999999999998e-23
858.973379,1.3799999999999998e-23
858.973802,1.5e-23
858.974406,1.5899999999999998e-23
858.98308,1.3299999999999999e-24
858.98792,4.97e-25
858.994729,2.17e-25
858.994821,2.17e-25
858.997394,7.669999999999999e-23
858.997403,7.269999999999999e-23
858.997422,6.879999999999999e-23
859.044861,2.91e-24
859.044903,3.03e-24
859.044928,3.16e-24
859.167748,1.119e-23
859.180653,3.31e-24
859.180659,3.1799999999999998e-24
859.180683,3.0599999999999998e-24
859.184813,3.026e-25
859.307396,1.21e-23
859.308159,3.384e-24
859.351684,3.481e-24
859.512078,1.32e-25
859.51212,1.35e-25
859.512132,1.38e-25
859.537059,1.44e-25
859.542335,1.43e-25
859.547436,1.39e-25
859.588745,1.38e-25
859.588756,1.35e-25
859.588758,1.41e-25
859.703974,3.1e-25
859.704043,3.2e-25
859.704053,3.15e-25
859.718356,6.86e-25
859.722921,2.08e-24
859.729357,1.29e-23
859.730186,1.29e-23
859.730875,1.11e-23
859.731678,3.19e-25
859.731684,3.14e-25
859.731819,3.24e-25
859.731893,6.279999999999999e-23
859.731926,6.63e-23
859.731947,7.000000000000001e-23
859.734421,1.88e-25
859.734556,1.88e-25
859.763419,1.11e-23
859.764108,1.29e-23
859.764885,1.3899999999999998e-23
859.771372,2.09e-24
859.775939,6.89e-25
859.827571,1.88e-25
859.82765,1.88e-25
859.830232,7.39e-23
859.830237,7.019999999999999e-23
859.830256,6.66e-23
859.892159,3.03e-24
859.892202,3.16e-24
859.892229,3.3e-24
859.921612,3.184e-25
860.00782,1.106e-23
860.034599,3.46e-24
860.034606,3.32e-24
860.034632,3.1899999999999998e-24
860.037605,3.31e-25
860.125447,2.9969999999999998e-24
860.139111,1.189e-23
860.16774,3.0799999999999997e-24
860.361044,1.57e-25
860.361084,1.5999999999999998e-25
860.361097,1.64e-25
860.38672,1.27e-25
860.391993,1.26e-25
860.397112,1.23e-25
860.439751,1.64e-25
860.439762,1.67e-25
860.439763,1.61e-25
860.542606,1.0999999999999998e-24
860.5466,3.5399999999999995e-24
860.550977,1.12e-23
860.552121,1.0699999999999998e-23
860.553372,7.92e-24
860.568886,6.07e-23
860.568921,6.389999999999999e-23
860.56894,6.729999999999999e-23
860.571428,1.64e-25
860.571554,1.64e-25
860.583331,7.92e-24
860.584582,1.0699999999999998e-23
860.585679,1.2e-23
860.590103,3.55e-24
860.594097,1.0999999999999998e-24
860.656063,6.14e-25
860.656226,5.94e-25
860.656278,6.03e-25
860.659966,1.65e-25
860.660032,1.65e-25
860.662623,7.079999999999999e-23
860.662625,6.74e-23
860.662643,6.42e-23
860.722124,6.09e-25
860.722278,6.2e-25
860.722904,6.45e-25
860.738926,3.11e-24
860.73897,3.25e-24
860.739,3.4e-24
860.769768,3.4540000000000003e-25
860.846698,1.087e-23
860.868262,1.04e-25
860.88868,3.58e-24
860.88869,3.4299999999999995e-24
860.888717,3.29e-24
860.890369,3.5970000000000004e-25
860.92407,2.642e-24
860.964939,2.713e-24
860.970531,1.163e-23
860.995841,9.89e-26
861.141379,1.2e-25
861.146259,1.08e-25
861.209928,1.85e-25
861.209968,1.89e-25
861.20998,1.93e-25
861.23438,1.11e-25
861.23965,1.1e-25
861.244784,1.09e-25
861.247504,1.19e-25
861.252501,1.09e-25
861.254594,2.35e-25
861.255021,2.39e-25
861.2552,2.31e-25
861.257042,9.84e-26
861.285767,2.92e-25
861.286127,3e-25
861.28625,2.92e-25
861.290767,1.94e-25
861.290777,1.98e-25
861.290779,1.89e-25
861.292598,2.31e-25
861.292777,2.39e-25
861.293164,2.47e-25
861.315559,3.62e-25
861.315869,3.73e-25
861.315955,3.64e-25
861.324812,2.91e-25
861.324935,2.99e-25
861.325255,3.08e-25
861.325978,1.62e-24
861.328707,1.11e-25
861.32923,4.72e-24
861.332384,9.68e-24
861.333782,1.03e-25
861.33395,8.52e-24
861.335928,5.1899999999999996e-24
861.34483,4.47e-25
861.345099,4.61e-25
861.345161,4.51e-25
861.350996,9.93e-26
861.355628,3.64e-25
861.355715,3.72e-25
861.355984,3.82e-25
861.36231,5.1899999999999996e-24
861.364289,8.52e-24
861.365801,1.0399999999999998e-23
861.369008,4.73e-24
861.372261,1.63e-24
861.37291,5.48e-25
861.373148,5.67e-25
861.373193,5.55e-25
861.385931,4.51e-25
861.385994,4.6e-25
861.386223,4.7099999999999995e-25
861.39285,1.01e-25
861.396708,1.08e-25
861.400371,6.6999999999999985e-25
861.400583,6.94e-25
861.400615,6.8e-25
861.405,5.839999999999999e-23
861.405036,6.129999999999999e-23
861.405055,6.44e-23
861.407556,1.4199999999999999e-25
861.407673,1.4199999999999999e-25
861.415053,5.54e-25
861.415098,5.66e-25
861.415295,5.79e-25
861.426781,8.16e-25
861.426972,8.46e-25
861.426995,8.29e-25
861.443577,6.79e-25
861.443609,6.93e-25
861.443781,7.09e-25
861.452515,9.89e-25
861.452688,1.03e-24
861.452704,1.0099999999999999e-24
861.471071,8.29e-25
861.471094,8.44e-25
861.471245,8.63e-25
861.477301,1.2e-24
861.477458,1.24e-24
861.477469,1.22e-24
861.491869,1.44e-25
861.491924,1.44e-25
861.494522,6.605e-23
861.494538,6.16e-23
861.497919,1.0099999999999999e-24
861.497936,1.03e-24
861.498068,1.05e-24
861.501382,1.44e-24
861.501527,1.49e-24
861.501533,1.4599999999999999e-24
861.523849,1.22e-24
861.52386,1.24e-24
861.523978,1.2699999999999999e-24
861.524592,1.71e-24
861.524726,1.7799999999999994e-24
861.524729,1.74e-24
861.547088,2.0299999999999998e-24
861.547212,2.12e-24
861.547213,2.07e-24
861.549111,1.4599999999999999e-24
861.549118,1.49e-24
861.549223,1.52e-24
861.568772,2.4099999999999998e-24
861.568887,2.46e-24
861.568888,2.52e-24
861.573539,1.74e-24
861.573542,1.7799999999999994e-24
861.573636,1.81e-24
861.5851,3.17e-24
861.585146,3.32e-24
861.585178,3.48e-24
861.589745,2.84e-24
861.58985,2.91e-24
861.589854,2.97e-24
861.597295,2.07e-24
861.597296,2.12e-24
861.59738,2.1599999999999998e-24
861.609953,3.34e-24
861.61005,3.4099999999999995e-24
861.610054,3.49e-24
861.617547,3.72e-25
861.620283,2.51e-24
861.620284,2.46e-24
861.620358,2.57e-24
861.629459,3.9e-24
861.629549,3.99e-24
861.629555,4.09e-24
861.642608,2.97e-24
861.642611,2.9e-24
861.642676,3.03e-24
861.648237,4.54e-24
861.648321,4.65e-24
861.648328,4.76e-24
861.664219,3.49e-24
861.664224,3.4099999999999995e-24
861.664281,3.57e-24
861.666329,5.24e-24
861.666407,5.37e-24
861.666415,5.5e-24
861.683723,6.04e-24
861.683796,6.19e-24
861.683805,6.35e-24
861.684435,1.063e-23
861.685187,4.08e-24
861.685193,3.99e-24
861.685243,4.1699999999999996e-24
861.700447,6.93e-24
861.700516,7.1e-24
861.700526,7.29e-24
861.705488,4.75e-24
861.705495,4.64e-24
861.705539,4.86e-24
861.716498,7.899999999999999e-24
861.716563,8.11e-24
861.716574,8.33e-24
861.725169,5.4899999999999995e-24
861.725177,5.3599999999999995e-24
861.725215,5.63e-24
861.731896,8.96e-24
861.731958,9.2e-24
861.731969,9.46e-24
861.741911,2.318e-24
861.742947,3.6699999999999995e-24
861.742958,3.5e-24
861.742988,3.35e-24
861.743124,3.88e-25
861.744224,6.329999999999999e-24
861.744232,6.18e-24
861.744265,6.4899999999999996e-24
861.746642,1.02e-23
861.746701,1.0399999999999998e-23
861.746713,1.0699999999999998e-23
861.76075,1.14e-23
861.760806,1.1699999999999998e-23
861.760818,1.21e-23
861.762686,7.27e-24
861.762695,7.09e-24
861.762723,7.46e-24
861.774224,1.27e-23
861.774277,1.31e-23
861.77429,1.35e-23
861.780559,8.3e-24
861.780569,8.09e-24
861.780593,8.509999999999999e-24
861.781704,2.379e-24
861.787071,1.42e-23
861.787122,1.4599999999999998e-23
861.787135,1.5099999999999998e-23
861.79787,9.43e-24
861.797881,9.18e-24
861.797901,9.68e-24
861.799296,1.5699999999999997e-23
861.799345,1.62e-23
861.799358,1.67e-23
861.799937,1.47e-25
861.80001,1.47e-25
861.801571,1.132e-23
861.801841,6.08e-24
861.801996,6.97e-24
861.80219,8.159999999999999e-24
861.803826,1.47e-25
861.804249,1.47e-25
861.810903,1.7199999999999998e-23
861.81095,1.7699999999999998e-23
861.810965,1.83e-23
861.814628,1.0699999999999998e-23
861.814639,1.0399999999999998e-23
861.814655,1.1e-23
861.821896,1.88e-23
861.821941,1.94e-23
861.821956,2.0100000000000003e-23
861.830856,1.2e-23
861.830867,1.1699999999999998e-23
861.83088,1.24e-23
861.832275,2.04e-23
861.832319,2.11e-23
861.832335,2.19e-23
861.836005,2.06e-25
861.836115,2.06e-25
861.838106,1.15e-23
861.838223,1.3e-23
861.838366,1.48e-23
861.840214,2.06e-25
861.840584,2.06e-25
861.84204,2.21e-23
861.842083,2.29e-23
861.842099,2.38e-23
861.846566,1.35e-23
861.846578,1.31e-23
861.846588,1.3899999999999998e-23
861.851188,2.38e-23
861.85123,2.4700000000000003e-23
861.851247,2.56e-23
861.859231,2.25e-25
861.859356,2.25e-25
861.859715,2.55e-23
861.859755,2.64e-23
861.859773,2.7499999999999995e-23
861.861458,1.62e-23
861.861551,1.79e-23
861.861661,2.02e-23
861.861779,1.5e-23
861.861792,1.4599999999999998e-23
861.861798,1.55e-23
861.863654,2.25e-25
861.863982,2.25e-25
861.867612,2.7e-23
861.867651,2.81e-23
861.86767,2.93e-23
861.874868,2.86e-23
861.874907,2.97e-23
861.874927,3.1e-23
861.875062,2.25e-25
861.875191,2.25e-25
861.876511,1.66e-23
861.876524,1.61e-23
861.876528,1.7e-23
861.877374,2.02e-23
861.877452,2.23e-23
861.87754,2.48e-23
861.879635,2.25e-25
861.87993,2.25e-25
861.881467,2.99e-23
861.881506,3.12e-23
861.881527,3.27e-23
861.886099,2.15e-25
861.886227,2.15e-25
861.887389,3.12e-23
861.887428,3.26e-23
861.88745,3.42e-23
861.888472,2.37e-23
861.888539,2.5900000000000002e-23
861.888612,2.85e-23
861.890781,1.82e-23
861.890784,2.15e-25
861.890795,1.7699999999999998e-23
861.890796,1.88e-23
861.891052,2.15e-25
861.892069,9.82e-26
861.892606,9.96e-26
861.892607,3.22e-23
861.892646,3.38e-23
861.89267,3.5399999999999995e-23
861.893767,2.01e-25
861.893891,2.01e-25
861.896185,2.66e-23
861.896244,2.8899999999999995e-23
861.896306,3.1499999999999995e-23
861.897085,3.3e-23
861.897124,3.47e-23
861.89715,3.65e-23
861.898537,2.01e-25
861.898782,2.01e-25
861.89892,1.85e-25
861.89904,1.85e-25
861.900778,3.35e-23
861.900817,3.53e-23
861.900845,3.73e-23
861.901086,1.1e-25
861.901174,1.1e-25
861.901372,2.9e-23
861.901425,3.12e-23
861.901478,3.39e-23
861.902106,1.68e-25
861.90222,1.68e-25
861.903022,1.23e-25
861.903117,1.23e-25
861.903626,3.38e-23
861.903666,3.57e-23
861.903693,1.53e-25
861.903696,3.78e-23
861.903758,1.84e-25
861.9038,1.53e-25
861.903937,1.37e-25
861.903984,1.84e-25
861.904037,1.37e-25
861.904584,3.09e-23
861.904607,2.0000000000000002e-23
861.90462,2.07e-23
861.904622,1.94e-23
861.904633,3.31e-23
861.90468,3.56e-23
861.905551,3.37e-23
861.905593,3.57e-23
861.905626,3.79e-23
861.906118,1.09e-25
861.906191,3.22e-23
861.906237,3.44e-23
861.906276,1.09e-25
861.906278,3.69e-23
861.906452,3.32e-23
861.906495,3.52e-23
861.906532,3.76e-23
861.906998,1.68e-25
861.907207,1.68e-25
861.908027,1.23e-25
861.908196,1.23e-25
861.908629,1.53e-25
861.908823,1.53e-25
861.90891,1.37e-25
861.909091,1.37e-25
861.91801,2.18e-23
861.918021,2.26e-23
861.918025,2.11e-23
861.93101,2.36e-23
861.931018,2.45e-23
861.931025,2.28e-23
861.941837,1.09e-25
861.942851,9.89e-26
861.943627,2.55e-23
861.943634,2.64e-23
861.943644,2.4600000000000002e-23
861.955886,2.73e-23
861.955891,2.84e-23
861.955903,2.63e-23
861.967812,2.91e-23
861.967814,3.03e-23
861.967829,2.8000000000000003e-23
861.97943,3.145e-23
861.979449,2.96e-23
861.99077,3.38e-23
861.990772,3.24e-23
861.990792,3.11e-23
862.001867,3.5399999999999995e-23
862.001871,3.39e-23
862.001892,3.24e-23
862.012758,3.68e-23
862.012764,3.51e-23
862.012786,3.36e-23
862.023488,3.79e-23
862.023496,3.61e-23
862.02352,3.45e-23
862.034106,3.88e-23
862.034117,3.69e-23
862.034143,3.51e-23
862.042018,1.05e-25
862.042127,1.05e-25
862.044676,3.94e-23
862.044689,3.73e-23
862.044717,3.5399999999999995e-23
862.047278,1.06e-25
862.047346,1.06e-25
862.052611,1.17e-25
862.052733,1.17e-25
862.055269,3.96e-23
862.055286,3.74e-23
862.055315,3.5399999999999995e-23
862.057868,1.18e-25
862.057944,1.19e-25
862.058727,2.18e-25
862.058765,2.23e-25
862.058778,2.28e-25
862.063319,1.3e-25
862.063456,1.3e-25
862.065978,3.94e-23
862.065998,3.7e-23
862.06603,3.5e-23
862.068572,1.32e-25
862.068656,1.32e-25
862.074259,1.44e-25
862.074412,1.44e-25
862.076917,3.87e-23
862.076941,3.62e-23
862.076976,3.4099999999999995e-23
862.079506,1.45e-25
862.079599,1.45e-25
862.085578,1.58e-25
862.08575,1.58e-25
862.088235,3.75e-23
862.088263,3.49e-23
862.088303,3.27e-23
862.090817,1.59e-25
862.09092,1.59e-25
862.097476,1.71e-25
862.097668,1.71e-25
862.100129,3.57e-23
862.100163,3.31e-23
862.100208,3.09e-23
862.102703,1.72e-25
862.102817,1.72e-25
862.11022,1.84e-25
862.110436,1.84e-25
862.112868,3.33e-23
862.112908,3.07e-23
862.112959,2.85e-23
862.115431,1.85e-25
862.115556,1.86e-25
862.124191,1.95e-25
862.124436,1.95e-25
862.126831,3.0199999999999995e-23
862.126879,2.7599999999999995e-23
862.126938,2.55e-23
862.129381,1.96e-25
862.129519,1.96e-25
862.13995,2.01e-25
862.140229,2.01e-25
862.141797,2.29e-25
862.141806,2.34e-25
862.141809,2.23e-25
862.142576,2.63e-23
862.142635,2.39e-23
862.142704,2.18e-23
862.145109,2.02e-25
862.14526,2.02e-25
862.153806,2.6599999999999998e-24
862.155981,5.57e-24
862.158221,8.339999999999999e-24
862.158366,1.98e-25
862.158687,1.98e-25
862.16065,6.069999999999999e-24
862.160969,2.15e-23
862.161043,1.93e-23
862.161126,1.75e-23
862.163482,1.98e-25
862.163646,1.9899999999999999e-25
862.163687,2.96e-24
862.18088,1.77e-25
862.181254,1.77e-25
862.183448,1.5799999999999998e-23
862.183542,1.4000000000000002e-23
862.183644,1.26e-23
862.185553,2.96e-24
862.185933,1.77e-25
862.186111,1.78e-25
862.188591,6.069999999999999e-24
862.190972,8.93e-24
862.19326,5.5799999999999996e-24
862.195435,2.6699999999999998e-24
862.210119,1.23e-25
862.210562,1.23e-25
862.212631,8.69e-24
862.212754,7.59e-24
862.212885,6.729999999999999e-24
862.215077,1.23e-25
862.215265,1.23e-25
862.240243,5.59e-23
862.240281,5.85e-23
862.240299,6.129999999999999e-23
862.242812,1.23e-25
862.24292,1.23e-25
862.323242,1.25e-25
862.323285,1.25e-25
862.325887,6.14e-23
862.325891,6.429999999999999e-23
862.325903,5.88e-23
862.420978,9.82e-26
862.425945,1.03e-25
862.430607,3.1799999999999998e-24
862.430655,3.34e-24
862.43069,3.51e-24
862.431189,1.08e-25
862.460284,1.06e-25
862.464925,3.974e-25
862.465212,1.12e-25
862.470442,1.18e-25
862.496291,1.07e-25
862.504339,1.13e-25
862.50922,1.2e-25
862.514432,1.27e-25
862.521067,1.034e-23
862.53231,2.025e-24
862.554505,1.19e-25
862.559329,1.27e-25
862.564516,1.36e-25
862.57072,2.0769999999999998e-24
862.595895,4.153e-25
862.597456,3.71e-24
862.59747,3.5399999999999995e-24
862.597502,3.38e-24
862.612685,1.23e-25
862.61744,1.32e-25
862.622592,1.4199999999999999e-25
862.632154,1.098e-23
862.681638,1.22e-25
862.686305,1.32e-25
862.691408,1.44e-25
862.765541,1.15e-25
862.770093,1.26e-25
862.775127,1.38e-25
862.875506,1.06e-25
862.880435,1.19e-25
862.907435,2.55e-25
862.907473,2.61e-25
862.907486,2.6799999999999998e-25
862.923138,3.37e-24
862.924589,5.38e-24
862.926439,7.16e-24
862.929876,4.12e-24
862.933611,1.93e-24
862.950756,1.93e-24
862.954491,4.12e-24
862.95787,7.66e-24
862.959778,5.39e-24
862.961229,3.38e-24
862.992843,2.6799999999999998e-25
862.992851,2.75e-25
862.992856,2.62e-25
863.053246,1.01e-25
863.074616,5.319999999999999e-23
863.074657,5.559999999999999e-23
863.074674,5.81e-23
863.077198,1.06e-25
863.077299,1.06e-25
863.154044,1.09e-25
863.154077,1.09e-25
863.156682,5.819999999999999e-23
863.156689,6.079999999999999e-23
863.156697,5.579999999999999e-23
863.275336,3.42e-25
863.275353,3.15e-24
863.275404,3.32e-24
863.275441,3.5e-24
863.276724,3.39e-25
863.277974,3.43e-25
863.311875,4.212e-25
863.352158,1.761e-24
863.356617,1.001e-23
863.372777,1.77e-25
863.376634,1.62e-25
863.380234,1.47e-25
863.381112,5.09e-25
863.381324,5.19e-25
863.381785,5.3599999999999995e-25
863.389648,1.805e-24
863.448709,4.409e-25
863.452282,3.71e-24
863.452298,3.53e-24
863.452333,3.36e-24
863.46221,1.059e-23
863.756048,2.98e-25
863.756085,3.05e-25
863.756099,3.13e-25
863.75689,4.02e-24
863.757688,5e-24
863.759244,6.11e-24
863.764524,2.37e-24
863.768875,1.25e-24
863.780602,1.25e-24
863.784954,2.37e-24
863.790185,6.5299999999999995e-24
863.791789,5e-24
863.792588,4.02e-24
863.84391,3.13e-25
863.843917,3.21e-25
863.843923,3.06e-25
863.908122,5.03e-23
863.908165,5.25e-23
863.908181,5.48e-23
863.986875,5.49e-23
863.986885,5.72e-23
863.986889,5.27e-23
864.119218,3.0799999999999997e-24
864.119272,3.25e-24
864.119314,3.4299999999999995e-24
864.132169,1.524e-24
864.158362,4.425e-25
864.168282,1.561e-24
864.191097,9.647e-24
864.291675,1.018e-23
864.3016,4.642000000000001e-25
864.307514,3.66e-24
864.307534,3.47e-24
864.307572,3.3e-24
864.508648,3.83e-24
864.509156,4.34e-24
864.510628,5.1899999999999996e-24
864.517362,1.5999999999999999e-24
864.521947,9.75e-25
864.528914,9.73e-25
864.533501,1.5999999999999999e-24
864.540174,5.54e-24
864.541705,4.35e-24
864.542215,3.83e-24
864.604559,3.45e-25
864.604596,3.54e-25
864.60461,3.63e-25
864.695001,3.64e-25
864.695007,3.73e-25
864.695015,3.55e-25
864.740751,4.75e-23
864.740797,4.95e-23
864.740812,5.15e-23
864.816426,5.16e-23
864.816439,5.36e-23
864.81644,4.97e-23
864.956029,1.313e-24
864.96205,2.9499999999999997e-24
864.962108,3.13e-24
864.962155,3.31e-24
864.991388,1.345e-24
865.004344,4.606e-25
865.024507,9.248e-24
865.120488,9.729e-24
865.154605,4.844e-25
865.163269,3.55e-24
865.163292,3.36e-24
865.163334,3.1799999999999998e-24
865.352377,3.58e-24
865.352615,3.73e-24
865.354026,4.399999999999999e-24
865.363187,1.02e-24
865.367962,7.67e-25
865.3694,7.649999999999999e-25
865.374175,1.02e-24
865.383286,4.6899999999999996e-24
865.384747,3.73e-24
865.384986,3.58e-24
865.452962,3.9799999999999998e-25
865.452998,4.08e-25
865.453013,4.19e-25
865.546121,4.2e-25
865.546126,4.31e-25
865.546135,4.1e-25
865.572503,4.46e-23
865.572551,4.64e-23
865.572566,4.82e-23
865.64531,4.83e-23
865.645323,4.65e-23
865.645326,5e-23
865.722836,1.126e-24
865.756787,1.153e-24
865.803648,2.78e-24
865.803712,2.9499999999999997e-24
865.803765,3.14e-24
865.849771,4.746e-25
865.856842,8.822e-24
865.94859,9.258e-24
865.985672,3.107e-25
866.00676,3.681e-25
866.007767,5.0050000000000005e-25
866.019696,3.38e-24
866.019723,3.1899999999999998e-24
866.01977,3.01e-24
866.027078,4.342000000000001e-25
866.040004,3.167e-25
866.04658,5.097e-25
866.062433,3.754e-25
866.063884,4.18e-25
866.064125,4.06e-25
866.065333,5.956000000000001e-25
866.082356,3.0599999999999998e-24
866.082439,3.0699999999999998e-24
866.083316,6.927000000000001e-25
866.083927,3.71e-24
866.08415,4.429e-25
866.094486,8.04e-25
866.096378,7.12e-25
866.099283,7.14e-25
866.100574,8.019e-25
866.101175,8.02e-25
866.105108,5.202e-25
866.11167,3.95e-24
866.113221,3.0799999999999997e-24
866.113305,3.0599999999999998e-24
866.1171,9.239e-25
866.12538,6.081e-25
866.132927,1.059e-24
866.139243,4.11e-25
866.139486,4.19e-25
866.139985,4.32e-25
866.14495,7.076e-25
866.148056,1.209e-24
866.162508,1.373e-24
866.163869,8.195000000000001e-25
866.17629,1.551e-24
866.182134,9.446e-25
866.189417,1.744e-24
866.192916,1.082e-24
866.199784,1.084e-24
866.201897,1.9509999999999998e-24
866.213741,2.171e-24
866.216826,1.237e-24
866.224954,2.4039999999999998e-24
866.233292,1.406e-24
866.234279,1.984e-24
866.235546,2.647e-24
866.245519,2.9e-24
866.249195,1.589e-24
866.254878,3.159e-24
866.260777,2.744e-24
866.263623,3.422e-24
866.26456,1.788e-24
866.271753,3.686e-24
866.278942,3.384e-24
866.279265,3.946e-24
866.279405,2.002e-24
866.286152,4.2e-24
866.291807,3.917e-24
866.292401,4.441e-24
866.293753,2.229e-24
866.297999,4.665e-24
866.301003,4.354e-24
866.30125,4.56e-25
866.301286,4.68e-25
866.301301,4.81e-25
866.302923,4.867e-24
866.307146,5.04e-24
866.307496,4.702e-24
866.307623,2.47e-24
866.310631,5.18e-24
866.311901,4.968e-24
866.313328,5.28e-24
866.314624,5.159e-24
866.315174,5.334e-24
866.315951,5.2789999999999996e-24
866.316085,5.3359999999999996e-24
866.321039,2.722e-24
866.334022,2.984e-24
866.346594,3.2529999999999998e-24
866.35878,3.527e-24
866.370604,3.803e-24
866.38209,4.075e-24
866.39326,4.341e-24
866.397275,4.82e-25
866.397278,4.95e-25
866.397289,4.7e-25
866.403357,4.16e-23
866.403409,4.32e-23
866.403422,4.49e-23
866.404305,4.592e-24
866.41487,4.834e-24
866.42532,5.05e-24
866.435611,5.237e-24
866.445788,5.391e-24
866.455905,5.504e-24
866.466031,5.569e-24
866.473485,4.49e-23
866.473498,4.33e-23
866.473505,4.6599999999999993e-23
866.476246,5.582e-24
866.486649,5.534e-24
866.497367,5.42e-24
866.508563,5.232e-24
866.520454,4.964e-24
866.533337,4.6089999999999996e-24
866.547632,4.1579999999999996e-24
866.55341,9.617e-25
866.563965,3.603e-24
866.583311,2.9299999999999998e-24
866.586789,9.837e-25
866.607311,2.124e-24
866.639008,1.16e-24
866.643744,2.5499999999999998e-24
866.643814,2.72e-24
866.643874,2.9e-24
866.688086,8.372999999999999e-24
866.69458,4.838e-25
866.775922,8.767e-24
866.851297,4.45e-25
866.855938,3.86e-25
866.85999,3.4e-25
866.86114,5.117e-25
866.876991,3.14e-24
866.877023,2.96e-24
866.877076,2.78e-24
866.941012,2.49e-24
866.941131,2.62e-24
866.942628,3.11e-24
866.952383,6.82e-25
866.955834,6.15e-25
866.957166,6.14e-25
866.960617,6.84e-25
866.970321,3.31e-24
866.971869,2.62e-24
866.971987,2.49e-24
867.149414,5.18e-25
867.14945,5.33e-25
867.149465,5.48e-25
867.233317,3.86e-23
867.233372,4.0000000000000004e-23
867.233385,4.1499999999999993e-23
867.248467,5.49e-25
867.24847,5.64e-25
867.248483,5.35e-25
867.300936,4.16e-23
867.300948,4.01e-23
867.300959,4.31e-23
867.303391,8.175000000000001e-25
867.335289,8.358e-25
867.481968,2.27e-24
867.482046,2.43e-24
867.482117,2.61e-24
867.518222,7.908e-24
867.538692,4.873e-25
867.602427,8.264e-24
867.643239,1.88e-24
867.643595,2.13e-24
867.645177,2.6e-24
867.652325,7.67e-25
867.656948,5.73e-25
867.659474,5.74e-25
867.664096,7.69e-25
867.671178,2.76e-24
867.672828,2.13e-24
867.673182,1.88e-24
867.71479,5.171e-25
867.735418,2.84e-24
867.735456,2.6699999999999998e-24
867.735516,2.5e-24
867.810956,5.36e-23
867.810972,6.279999999999999e-23
867.810987,4.58e-23
867.812786,1.2999999999999998e-24
867.813031,1.2999999999999998e-24
867.858344,4.31e-25
867.863196,3.81e-25
867.867511,3.42e-25
867.997446,5.87e-25
867.997481,6.04e-25
867.997497,6.21e-25
868.062346,3.57e-23
868.062405,3.69e-23
868.062417,3.83e-23
868.065575,1.1399999999999999e-24
868.065966,1.1399999999999999e-24
868.068087,7.139999999999999e-23
868.068158,6.229999999999999e-23
868.068188,5.429999999999999e-23
868.099706,6.23e-25
868.099707,6.399999999999998e-25
868.099721,6.06e-25
868.127609,3.83e-23
868.127621,3.7e-23
868.127636,3.96e-23
868.144245,6.919000000000001e-25
868.175779,7.07e-25
868.317801,1.95e-24
868.31789,2.1e-24
868.317973,2.26e-24
868.347218,7.432e-24
868.382007,4.844e-25
868.428042,7.752e-24
868.522729,1.32e-24
868.523488,1.71e-24
868.525198,2.1599999999999998e-24
868.530147,8.91e-25
868.534458,5.33e-25
868.542221,5.34e-25
868.546532,8.92e-25
868.55143,2.2899999999999998e-24
868.553192,1.71e-24
868.55395,1.32e-24
868.568796,5.16e-25
868.595339,2.49e-24
868.595385,2.32e-24
868.595454,2.1599999999999998e-24
868.664658,5.389999999999999e-23
868.664664,4.71e-23
868.664693,6.18e-23
868.666649,9.72e-25
868.666911,9.71e-25
868.820155,3.87e-25
868.825137,3.4899999999999998e-25
868.82963,3.17e-25
868.845333,6.61e-25
868.845368,6.8e-25
868.845385,7e-25
868.872785,5.829e-25
868.890462,3.2799999999999995e-23
868.890524,3.39e-23
868.890536,3.51e-23
868.897845,8.71e-25
868.898191,8.7e-25
868.900413,6.96e-23
868.900479,6.169999999999999e-23
868.900514,5.47e-23
868.902719,5.954000000000001e-25
868.919799,3.27e-25
868.920073,3.2e-25
868.92012,3.14e-25
868.950996,7.125e-25
868.951012,6.83e-25
868.953507,3.51e-23
868.953518,3.4e-23
868.953538,3.63e-23
868.996376,3.21e-25
868.996646,3.27e-25
868.997109,3.36e-25
869.150482,1.5999999999999999e-24
869.150585,1.72e-24
869.150684,1.86e-24
869.175047,6.950999999999999e-24
869.189567,7.35e-25
869.191008,1.2699999999999999e-24
869.193056,1.7799999999999994e-24
869.196186,1.09e-24
869.199859,5.92e-25
869.210629,5.92e-25
869.214301,1.09e-24
869.21736,1.8899999999999998e-24
869.21948,1.2699999999999999e-24
869.22092,7.35e-25
869.224399,4.745e-25
869.252711,7.237e-24
869.423257,5.075e-25
869.457268,2.07e-24
869.457324,1.92e-24
869.457405,1.79e-24
869.517095,4.82e-23
869.517101,5.429999999999999e-23
869.517141,6.12e-23
869.519204,7.57e-25
869.519462,7.57e-25
869.693066,7.39e-25
869.693101,7.61e-25
869.693118,7.84e-25
869.717601,3e-23
869.717668,3.1e-23
869.717678,3.21e-23
869.728553,4.889e-25
869.731017,6.91e-25
869.731323,6.9e-25
869.73362,6.819999999999999e-23
869.733679,6.129999999999999e-23
869.733714,5.5e-23
869.753739,3.4e-25
869.758363,4.992000000000001e-25
869.758806,3.1e-25
869.763429,2.85e-25
869.778555,3.21e-23
869.778565,3.11e-23
869.77859,3.31e-23
869.802345,8.1e-25
869.802346,7.87e-25
869.802363,7.639999999999999e-25
869.978845,1.2099999999999999e-24
869.978968,1.3299999999999999e-24
869.979089,1.45e-24
870.001659,6.469e-24
870.065704,4.569e-25
870.076361,6.723e-24
870.097021,3.5e-25
870.099405,8.72e-25
870.101989,1.48e-24
870.103981,1.16e-24
870.10676,6.58e-25
870.122141,6.59e-25
870.124919,1.16e-24
870.12686,1.56e-24
870.129496,8.72e-25
870.131878,3.5e-25
870.2783,4.911e-25
870.321959,1.63e-24
870.322027,1.4999999999999998e-24
870.322124,1.39e-24
870.367844,4.9e-23
870.367857,5.449999999999999e-23
870.367897,6.059999999999999e-23
870.37004,6.06e-25
870.370287,6.05e-25
870.429829,4.082e-25
870.457865,4.166e-25
870.54063,8.21e-25
870.540665,8.45e-25
870.540683,8.72e-25
870.543808,2.73e-23
870.54388,2.82e-23
870.54389,2.91e-23
870.564982,5.6e-25
870.565253,5.6e-25
870.567607,6.689999999999999e-23
870.567659,6.079999999999999e-23
870.567692,5.519999999999999e-23
870.602786,2.91e-23
870.602795,2.83e-23
870.602825,3.01e-23
870.653764,9.02e-25
870.653766,8.75e-25
870.653784,8.49e-25
870.668209,2.96e-25
870.673334,2.73e-25
870.678054,2.53e-25
870.719069,1.41e-25
870.722471,4.79e-25
870.726071,1.2099999999999999e-24
870.727346,1.0999999999999998e-24
870.729138,7.77e-25
870.745715,7.78e-25
870.747506,1.0999999999999998e-24
870.748705,1.28e-24
870.752383,4.79e-25
870.755783,1.41e-25
870.801007,8.28e-25
870.801157,9.11e-25
870.80131,1.0099999999999999e-24
870.827021,5.9899999999999996e-24
870.898936,6.217e-24
870.905706,4.312e-25
871.134088,4.662000000000001e-25
871.190567,1.15e-24
871.190652,1.06e-24
871.19077,9.65e-25
871.216988,4.96e-23
871.217004,5.449999999999999e-23
871.217042,6e-23
871.219249,4.95e-25
871.219482,4.95e-25
871.306436,3.394e-25
871.334632,3.4620000000000003e-25
871.368977,2.48e-23
871.369054,2.55e-23
871.369063,2.63e-23
871.388011,9.04e-25
871.388046,9.34e-25
871.388065,9.64e-25
871.399551,4.63e-25
871.399792,4.63e-25
871.40219,6.57e-23
871.402235,6.019999999999999e-23
871.402267,5.51e-23
871.426082,2.64e-23
871.42609,2.56e-23
871.426126,2.72e-23
871.505262,9.97e-25
871.505266,9.68e-25
871.505284,9.38e-25
871.568981,2.57e-25
871.574146,2.4e-25
871.578941,2.24e-25
871.613681,4.7099999999999995e-25
871.61387,5.23e-25
871.61407,5.83e-25
871.651057,5.52e-24
871.668366,2.33e-25
871.673375,9.88e-25
871.674281,9.419999999999999e-25
871.675383,7.91e-25
871.695024,7.92e-25
871.696124,9.429999999999999e-25
871.69698,1.05e-24
871.70204,2.33e-25
871.720341,5.72e-24
871.744115,3.975e-25
871.872655,2.47e-25
871.872953,2.43e-25
871.873036,2.38e-25
871.951325,2.43e-25
871.951617,2.48e-25
871.952056,2.54e-25
871.990835,4.326000000000001e-25
872.064688,4.98e-23
872.064707,5.429999999999999e-23
872.064743,5.929999999999999e-23
872.064962,6.84e-25
872.065073,6.21e-25
872.06522,5.64e-25
872.067,4.1e-25
872.067219,4.1e-25
872.193205,2.23e-23
872.193289,2.3e-23
872.193297,2.37e-23
872.206131,8.163e-24
872.234543,3.87e-25
872.234759,3.87e-25
872.23519,9.91e-25
872.235225,1.03e-24
872.235245,1.06e-24
872.237191,6.449999999999999e-23
872.237231,5.949999999999999e-23
872.237261,5.49e-23
872.242533,8.04e-25
872.243184,7.92e-25
872.243847,7.39e-25
872.248535,2.37e-23
872.248542,2.31e-23
872.248585,2.44e-23
872.26228,7.399999999999998e-25
872.262942,7.92e-25
872.26351,8.47e-25
872.356853,1.0999999999999998e-24
872.356857,1.07e-24
872.356876,1.03e-24
872.410485,1.78e-25
872.410735,2e-25
872.411008,2.26e-25
872.459507,2.24e-25
872.4647,2.1e-25
872.469556,1.98e-25
872.473734,5.061e-24
872.482225,9.421e-24
872.540525,5.238e-24
872.58053,3.559e-25
872.84883,3.904e-25
872.911101,4.98e-23
872.911122,5.389999999999999e-23
872.911155,5.85e-23
872.913454,3.44e-25
872.91366,3.43e-25
872.948417,2.75e-25
872.948565,2.47e-25
872.948754,2.22e-25
873.01631,2.0100000000000003e-23
873.016402,2.06e-23
873.016408,2.13e-23
873.060376,8.159e-24
873.069807,3.27e-25
873.06995,2.13e-23
873.069956,2.07e-23
873.07,3.27e-25
873.070006,2.19e-23
873.07246,6.319999999999999e-23
873.072495,5.869999999999999e-23
873.072523,5.44e-23
873.082149,1.0799999999999999e-24
873.082185,1.12e-24
873.082205,1.16e-24
873.208548,1.2e-24
873.208554,1.16e-24
873.208574,1.12e-24
873.239866,6.51e-25
873.24038,6.48e-25
873.240814,6.3e-25
873.261398,6.3e-25
873.261831,6.48e-25
873.262295,6.86e-25
873.294935,4.618e-24
873.313134,9.301e-24
873.342108,1.95e-25
873.347322,1.85e-25
873.352227,1.75e-25
873.359358,4.773e-24
873.414383,3.071e-25
873.708471,3.401e-25
873.740548,5.24e-25
873.740946,5.27e-25
873.741245,5.24e-25
873.756359,4.96e-23
873.75638,5.33e-23
873.756411,5.74e-23
873.758744,2.91e-25
873.758938,2.9e-25
873.759257,5.25e-25
873.759555,5.27e-25
873.759864,5.52e-25
873.838486,1.79e-23
873.838586,1.84e-23
873.838591,1.9e-23
873.890519,1.9e-23
873.890523,1.85e-23
873.890582,1.95e-23
873.905213,2.78e-25
873.905387,2.78e-25
873.90787,6.18e-23
873.907901,5.759999999999999e-23
873.907927,5.38e-23
873.913256,8.173e-24
873.928864,1.17e-24
873.9289,1.2099999999999999e-24
873.928922,1.25e-24
874.060366,1.2999999999999998e-24
874.060373,1.26e-24
874.060394,1.22e-24
874.114637,4.192e-24
874.145123,9.205e-24
874.1768,4.328e-24
874.218407,1.7e-25
874.223637,1.63e-25
874.228582,1.56e-25
874.600563,4.9e-23
874.600585,5.25e-23
874.600614,5.62e-23
874.602977,2.47e-25
874.603159,2.47e-25
874.659419,1.6000000000000002e-23
874.659528,1.6499999999999998e-23
874.659531,1.68e-23
874.709916,1.68e-23
874.709918,1.6499999999999998e-23
874.709987,1.73e-23
874.740659,2.38e-25
874.740815,2.38e-25
874.743317,6.019999999999999e-23
874.743344,5.64e-23
874.743369,5.29e-23
874.764325,8.18e-24
874.775308,1.25e-24
874.775344,1.2999999999999998e-24
874.775368,1.3399999999999999e-24
874.80212,4.21e-25
874.802455,4.24e-25
874.80267,4.26e-25
874.822964,4.26e-25
874.823179,4.25e-25
874.823465,4.43e-25
874.912324,1.3999999999999999e-24
874.912332,1.35e-24
874.912355,1.2999999999999998e-24
874.921355,1.82e-25
874.921673,1.78e-25
874.921783,1.75e-25
874.932659,3.787e-24
874.978059,9.114e-24
874.992656,3.905e-24
875.002404,1.79e-25
875.002713,1.82e-25
875.003135,1.86e-25
875.089575,1.5e-25
875.094816,1.44e-25
875.099795,1.38e-25
875.217996,3.36e-25
875.218267,3.4e-25
875.218437,3.44e-25
875.235287,3.44e-25
875.235456,3.41e-25
875.235631,3.54e-25
875.443797,4.83e-23
875.44382,5.14e-23
875.443847,5.49e-23
875.446234,2.11e-25
875.446406,2.11e-25
875.479468,1.42e-23
875.479588,1.4599999999999998e-23
875.479589,1.5e-23
875.5285,1.48e-23
875.52858,1.54e-23
875.576056,2.05e-25
875.576196,2.05e-25
875.578715,5.85e-23
875.578738,5.5e-23
875.578761,5.169999999999999e-23
875.613694,8.168e-24
875.62145,1.3299999999999999e-24
875.621488,1.38e-24
875.621512,1.43e-24
875.749,3.403e-24
875.764447,1.49e-24
875.764456,1.44e-24
875.76448,1.39e-24
875.806916,3.506e-24
875.811729,9.017e-24
875.95648,1.31e-25
875.961728,1.27e-25
875.966737,1.22e-25
876.286125,4.72e-23
876.286148,5.01e-23
876.286173,5.33e-23
876.288583,1.81e-25
876.288744,1.81e-25
876.298104,1.25e-23
876.298235,1.32e-23
876.298237,1.28e-23
876.345726,1.29e-23
876.345729,1.32e-23
876.345819,1.35e-23
876.360965,2.67e-25
876.361203,2.71e-25
876.36133,2.74e-25
876.380998,2.74e-25
876.381124,2.71e-25
876.381315,2.81e-25
876.411331,1.77e-25
876.411457,1.77e-25
876.413989,5.66e-23
876.41401,5.34e-23
876.414031,5.04e-23
876.461556,8.131e-24
876.467254,1.3999999999999999e-24
876.467292,1.45e-24
876.467319,1.51e-24
876.563377,3.043e-24
876.616759,1.58e-24
876.61677,1.52e-24
876.616795,1.4599999999999999e-24
876.619278,3.131e-24
876.645932,8.903e-24
876.819776,1.15e-25
876.825031,1.12e-25
876.830065,1.08e-25
877.115956,1.1e-23
877.116099,1.16e-23
877.116105,1.13e-23
877.127595,4.6e-23
877.127619,4.87e-23
877.127643,5.15e-23
877.130071,1.57e-25
877.130222,1.57e-25
877.162232,1.13e-23
877.162239,1.16e-23
877.16234,1.19e-23
877.246421,1.54e-25
877.246534,1.54e-25
877.249078,5.449999999999999e-23
877.249096,5.16e-23
877.249116,4.9e-23
877.308091,8.063999999999999e-24
877.312676,1.45e-24
877.312716,1.52e-24
877.312744,1.58e-24
877.375837,2.706e-24
877.429782,2.782e-24
877.469293,1.65e-24
877.469306,1.5899999999999999e-24
877.469333,1.5299999999999999e-24
877.4805,8.769e-24
877.67997,1.01e-25
877.93215,9.58e-24
877.932306,1.01e-23
877.932316,9.8e-24
877.968245,4.46e-23
877.968271,4.71e-23
877.968293,4.97e-23
877.970738,1.36e-25
877.970881,1.36e-25
877.977123,9.81e-24
877.977134,1.01e-23
877.977249,1.03e-23
878.063863,1.31e-25
878.064198,1.28e-25
878.06433,1.26e-25
878.081272,1.3399999999999999e-25
878.081373,1.3399999999999999e-25
878.083927,5.24e-23
878.083943,4.98e-23
878.083962,4.73e-23
878.14745,1.29e-25
878.147774,1.31e-25
878.148182,1.3399999999999999e-25
878.153444,7.965e-24
878.157664,1.4999999999999998e-24
878.157705,1.57e-24
878.157736,1.63e-24
878.185927,2.394e-24
878.237958,2.458e-24
878.315293,8.609e-24
878.322089,1.71e-24
878.322103,1.65e-24
878.322132,1.58e-24
878.747747,8.33e-24
878.74792,8.729999999999999e-24
878.747935,8.509999999999999e-24
878.791475,8.52e-24
878.791491,8.729999999999999e-24
878.791623,8.96e-24
878.808106,4.3e-23
878.808132,4.5299999999999993e-23
878.808153,4.77e-23
878.810613,1.17e-25
878.810747,1.17e-25
878.915836,1.16e-25
878.915926,1.16e-25
878.91849,5.01e-23
878.918503,4.78e-23
878.918521,4.5500000000000006e-23
878.993781,2.106e-24
878.997731,7.834e-24
879.002154,1.5299999999999999e-24
879.002198,1.5999999999999999e-24
879.002231,1.67e-24
879.04393,2.1599999999999998e-24
879.150199,8.422e-24
879.175192,1.75e-24
879.175209,1.68e-24
879.17524,1.62e-24
879.561326,7.22e-24
879.561519,7.55e-24
879.561541,7.36e-24
879.603839,7.37e-24
879.603863,7.55e-24
879.604013,7.75e-24
879.647197,4.12e-23
879.647224,4.33e-23
879.647244,4.5500000000000006e-23
879.649717,1.01e-25
879.649844,1.01e-25
879.750072,1.01e-25
879.750152,1.01e-25
879.752724,4.78e-23
879.752734,4.56e-23
879.752752,4.35e-23
879.798678,1.841e-24
879.801218,2.16e-25
879.801328,2.24e-25
879.801329,2.1899999999999998e-25
879.8214,2.66e-25
879.821502,2.71e-25
879.821503,2.76e-25
879.84098,3.27e-25
879.841041,7.672e-24
879.841074,3.3299999999999998e-25
879.841077,3.4e-25
879.846071,1.5399999999999999e-24
879.846117,1.62e-24
879.846153,1.68e-24
879.846953,1.8859999999999998e-24
879.84867,2.1899999999999998e-25
879.848671,2.23e-25
879.848744,2.27e-25
879.859976,4.01e-25
879.860064,4.08e-25
879.860068,4.16e-25
879.869964,2.76e-25
879.869965,2.71e-25
879.87003,2.81e-25
879.87839,4.88e-25
879.878472,4.97e-25
879.878477,5.06e-25
879.890687,3.39e-25
879.890689,3.3299999999999998e-25
879.890747,3.46e-25
879.896236,5.91e-25
879.896313,6.02e-25
879.896319,6.14e-25
879.91086,4.15e-25
879.910864,4.08e-25
879.910915,4.23e-25
879.91352,7.13e-25
879.913592,7.27e-25
879.913599,7.42e-25
879.930251,8.55e-25
879.930319,8.73e-25
879.930327,8.91e-25
879.930488,5.05e-25
879.930493,4.97e-25
879.930538,5.15e-25
879.946437,1.03e-24
879.946501,1.05e-24
879.946509,1.07e-24
879.949587,6.13e-25
879.949593,6.0099999999999995e-25
879.949633,6.25e-25
879.962086,1.22e-24
879.962147,1.25e-24
879.962155,1.2699999999999999e-24
879.968165,7.399999999999998e-25
879.968171,7.26e-25
879.968207,7.55e-25
879.977205,1.45e-24
879.977263,1.48e-24
879.977272,1.51e-24
879.985123,8.209e-24
879.986235,8.89e-25
879.986242,8.72e-25
879.986273,9.08e-25
879.991802,1.7e-24
879.991857,1.73e-24
879.991867,1.7699999999999998e-24
880.003807,1.07e-24
880.003815,1.05e-24
880.003842,1.09e-24
880.005884,1.99e-24
880.005937,2.04e-24
880.005947,2.08e-24
880.019458,2.33e-24
880.019508,2.38e-24
880.019519,2.44e-24
880.020893,1.2699999999999999e-24
880.020901,1.25e-24
880.020925,1.2999999999999998e-24
880.028661,1.7799999999999994e-24
880.028679,1.7e-24
880.028713,1.64e-24
880.032529,2.71e-24
880.032577,2.77e-24
880.032588,2.84e-24
880.037503,1.51e-24
880.037512,1.48e-24
880.037532,1.5399999999999999e-24
880.045104,3.13e-24
880.04515,3.2099999999999997e-24
880.045161,3.29e-24
880.053651,1.7699999999999998e-24
880.05366,1.73e-24
880.053677,1.81e-24
880.057188,3.61e-24
880.057232,3.7e-24
880.057244,3.7999999999999995e-24
880.068786,4.14e-24
880.068829,4.25e-24
880.068841,4.36e-24
880.069345,2.08e-24
880.069355,2.0299999999999998e-24
880.069369,2.13e-24
880.079903,4.72e-24
880.079944,4.85e-24
880.079957,4.98e-24
880.084598,2.43e-24
880.084609,2.38e-24
880.08462,2.49e-24
880.090099,3.72e-24
880.090238,4.2e-24
880.090411,4.8e-24
880.090542,5.35e-24
880.090582,5.4899999999999995e-24
880.090595,5.65e-24
880.099422,2.83e-24
880.099432,2.77e-24
880.099441,2.9e-24
880.100707,6.04e-24
880.100746,6.21e-24
880.100759,6.3799999999999996e-24
880.1104,6.779999999999999e-24
880.110437,6.98e-24
880.110451,7.18e-24
880.113827,3.28e-24
880.113838,3.2099999999999997e-24
880.113844,3.36e-24
880.119622,7.58e-24
880.119659,7.81e-24
880.119673,8.04e-24
880.123311,6.96e-24
880.123419,7.75e-24
880.12355,8.729999999999999e-24
880.127825,3.7799999999999996e-24
880.127836,3.69e-24
880.127841,3.88e-24
880.128375,8.419999999999999e-24
880.128411,8.679999999999999e-24
880.128425,8.95e-24
880.136657,9.31e-24
880.136692,9.6e-24
880.136708,9.91e-24
880.141428,4.34e-24
880.14144,4.24e-24
880.141442,4.4499999999999995e-24
880.143573,1.09e-25
880.143677,1.09e-25
880.144468,1.03e-23
880.144503,1.06e-23
880.144518,1.1e-23
880.145782,9.77e-24
880.14587,1.08e-23
880.145974,1.2e-23
880.147975,1.09e-25
880.14827,1.09e-25
880.151804,1.12e-23
880.151838,1.16e-23
880.151854,1.2e-23
880.154649,4.96e-24
880.154661,4.955e-24
880.15866,1.22e-23
880.158694,1.26e-23
880.158711,1.31e-23
880.159475,1.11e-25
880.159584,1.11e-25
880.161765,1.22e-23
880.161839,1.3299999999999998e-23
880.161924,1.47e-23
880.164019,1.11e-25
880.164288,1.11e-25
880.165031,1.32e-23
880.165064,1.37e-23
880.165082,1.42e-23
880.167498,5.6199999999999995e-24
880.167509,5.78e-24
880.167511,5.48e-24
880.170905,1.42e-23
880.170938,1.47e-23
880.170957,1.53e-23
880.171074,1.08e-25
880.171185,1.08e-25
880.173424,1.42e-23
880.173488,1.54e-23
880.17356,1.67e-23
880.175727,1.08e-25
880.175974,1.08e-25
880.176273,1.5099999999999998e-23
880.176306,1.5699999999999997e-23
880.176326,1.6299999999999997e-23
880.1796,1.02e-25
880.179711,1.02e-25
880.17999,6.3599999999999996e-24
880.179999,6.54e-24
880.180003,6.19e-24
880.181119,1.6000000000000002e-23
880.181152,1.67e-23
880.181172,1.73e-23
880.181996,1.5899999999999998e-23
880.182053,1.7e-23
880.182114,1.85e-23
880.184338,1.02e-25
880.184566,1.02e-25
880.185423,1.68e-23
880.185456,1.75e-23
880.185478,1.83e-23
880.188245,1.7099999999999998e-23
880.188296,1.83e-23
880.188349,1.98e-23
880.189162,1.7599999999999997e-23
880.189196,1.84e-23
880.189219,1.92e-23
880.192136,7.15e-24
880.192143,7.36e-24
880.192149,6.96e-24
880.192306,1.83e-23
880.192339,1.91e-23
880.192364,2.0000000000000002e-23
880.192671,1.81e-23
880.192718,1.93e-23
880.192765,2.07e-23
880.194815,1.88e-23
880.19485,1.97e-23
880.194877,2.07e-23
880.195619,1.88e-23
880.195663,2.0000000000000002e-23
880.195704,2.1400000000000003e-23
880.196643,1.92e-23
880.196679,2.02e-23
880.196707,2.13e-23
880.197334,1.93e-23
880.197374,2.04e-23
880.197412,2.17e-23
880.197728,1.94e-23
880.197765,2.05e-23
880.197796,2.16e-23
880.197992,1.95e-23
880.198031,2.06e-23
880.198065,2.18e-23
880.20395,8.01e-24
880.203956,8.24e-24
880.203963,7.78e-24
880.215445,8.91e-24
880.21545,9.18e-24
880.215459,8.65e-24
880.226637,9.86e-24
880.22664,1.02e-23
880.226651,9.57e-24
880.237539,1.09e-23
880.237541,1.12e-23
880.237554,1.06e-23
880.248168,1.19e-23
880.248169,1.2299999999999998e-23
880.248184,1.16e-23
880.255944,1.07e-25
880.255976,1.09e-25
880.255989,1.12e-25
880.258541,1.34e-23
880.258542,1.3e-23
880.258558,1.26e-23
880.268675,1.4599999999999998e-23
880.268678,1.41e-23
880.268695,1.36e-23
880.278592,1.5699999999999997e-23
880.278596,1.5199999999999998e-23
880.278614,1.4599999999999998e-23
880.288313,1.67e-23
880.288318,1.62e-23
880.288337,1.56e-23
880.297862,1.7799999999999998e-23
880.297869,1.7099999999999998e-23
880.297888,1.66e-23
880.307266,1.89e-23
880.307275,1.81e-23
880.307295,1.74e-23
880.316557,1.99e-23
880.316567,1.9e-23
880.316589,1.83e-23
880.32577,2.07e-23
880.325782,1.98e-23
880.325805,1.9e-23
880.334945,2.15e-23
880.334958,2.05e-23
880.334983,1.96e-23
880.344131,2.21e-23
880.344147,2.1e-23
880.344173,2.0000000000000002e-23
880.349573,1.12e-25
880.349574,1.15e-25
880.349586,1.1e-25
880.353386,2.25e-23
880.353404,2.13e-23
880.353432,2.03e-23
880.36278,2.2700000000000003e-23
880.362801,2.15e-23
880.362832,2.04e-23
880.372402,2.26e-23
880.372426,2.1400000000000003e-23
880.372459,2.02e-23
880.374627,6.22e-24
880.374843,6.4899999999999996e-24
880.374876,6.329999999999999e-24
880.38236,2.23e-23
880.382387,2.1e-23
880.382424,1.98e-23
880.392796,2.17e-23
880.392827,2.03e-23
880.392868,1.91e-23
880.403895,2.07e-23
880.403932,1.93e-23
880.403977,1.81e-23
880.41591,1.94e-23
880.415953,1.8e-23
880.415977,6.34e-24
880.416004,1.68e-23
880.416011,6.499999999999999e-24
880.416185,6.66e-24
880.429189,1.7599999999999997e-23
880.429239,1.6299999999999997e-23
880.429298,1.5199999999999998e-23
880.441652,9.97e-26
880.441915,9.97e-26
880.44424,1.54e-23
880.4443,1.42e-23
880.444368,1.31e-23
880.446752,9.97e-26
880.446888,9.97e-26
880.461831,1.27e-23
880.461903,1.15e-23
880.461983,1.05e-23
880.483199,9.22e-24
880.483289,8.289999999999999e-24
880.483387,7.53e-24
880.485535,3.94e-23
880.485562,4.13e-23
880.485581,4.32e-23
880.51051,5.07e-24
880.510624,4.5e-24
880.510746,4.05e-24
880.58659,4.5299999999999993e-23
880.586599,4.33e-23
880.586616,4.14e-23
880.60089,1.5999999999999999e-24
880.647294,1.638e-24
880.683445,7.478e-24
880.689319,1.5299999999999999e-24
880.689368,1.6099999999999997e-24
880.689408,1.68e-24
880.819984,7.969e-24
880.882565,1.7799999999999994e-24
880.882587,1.7e-24
880.882623,1.63e-24
881.101246,1.25e-25
881.101277,1.28e-25
881.101291,1.31e-25
881.185388,5.33e-24
881.185632,5.56e-24
881.185678,5.42e-24
881.197521,1.335e-25
881.197535,1.29e-25
881.225589,5.42e-24
881.225637,5.56e-24
881.225838,5.7099999999999996e-24
881.32313,3.74e-23
881.323158,3.91e-23
881.323176,4.09e-23
881.399271,1.382e-24
881.420056,4.27e-23
881.420062,4.1e-23
881.420078,3.92e-23
881.443775,1.412e-24
881.524995,7.256e-24
881.531779,1.4999999999999998e-24
881.531831,1.58e-24
881.531875,1.66e-24
881.654714,7.704e-24
881.736995,1.7599999999999998e-24
881.737019,1.68e-24
881.737059,1.5999999999999999e-24
881.946561,1.46e-25
881.946592,1.49e-25
881.946606,1.53e-25
881.996378,4.5599999999999996e-24
881.996657,4.74e-24
881.996724,4.62e-24
882.035479,4.62e-24
882.035546,4.74e-24
882.035782,4.88e-24
882.045614,1.55e-25
882.045629,1.5e-25
882.159988,3.53e-23
882.160017,3.69e-23
882.160035,3.85e-23
882.194304,1.184e-24
882.236867,1.209e-24
882.253088,4.0199999999999993e-23
882.253092,3.86e-23
882.253107,3.7e-23
882.365733,7.007999999999999e-24
882.373299,1.44e-24
882.373355,1.5299999999999999e-24
882.373404,1.6099999999999997e-24
882.489256,7.416e-24
882.592063,1.71e-24
882.592091,1.63e-24
882.592135,1.5499999999999998e-24
882.79188,1.67e-25
882.791911,1.72e-25
882.791926,1.76e-25
882.804072,3.88e-24
882.804394,4.02e-24
882.804489,3.9099999999999996e-24
882.842061,3.9099999999999996e-24
882.842157,4.02e-24
882.842437,4.14e-24
882.893855,1.81e-25
882.893857,1.77e-25
882.893871,1.72e-25
882.9842,1.0079999999999999e-24
882.996113,3.32e-23
882.996143,3.46e-23
882.99616,3.61e-23
883.024743,1.027e-24
883.085656,3.76e-23
883.085659,3.61e-23
883.085674,3.47e-23
883.20569,6.737e-24
883.213682,1.36e-24
883.213743,1.44e-24
883.213798,1.5299999999999999e-24
883.323558,7.108e-24
883.447914,1.64e-24
883.447946,1.5499999999999998e-24
883.447994,1.4699999999999999e-24
883.612777,3.28e-24
883.613158,3.3899999999999996e-24
883.613297,3.28e-24
883.637194,1.93e-25
883.637224,1.98e-25
883.63724,2.03e-25
883.649695,3.28e-24
883.649835,3.3899999999999996e-24
883.650172,3.5e-24
883.742249,2.09e-25
883.742251,2.04e-25
883.742266,1.9899999999999999e-25
883.769725,8.493e-25
883.808152,8.638000000000001e-25
883.831505,3.11e-23
883.831537,3.24e-23
883.831553,3.37e-23
883.917734,3.435e-23
883.917749,3.25e-23
884.044887,6.446e-24
884.052669,1.25e-24
884.052737,1.3299999999999999e-24
884.052799,1.41e-24
884.157575,6.783e-24
884.304737,1.5299999999999999e-24
884.304774,1.44e-24
884.304828,1.36e-24
884.40433,1.01e-25
884.417097,2.77e-24
884.417553,2.84e-24
884.41776,2.72e-24
884.45289,2.73e-24
884.453098,2.84e-24
884.453511,2.9399999999999998e-24
884.46632,1.01e-25
884.482493,2.21e-25
884.482523,2.27e-25
884.48254,2.33e-25
884.54816,7.088e-25
884.58433,7.195000000000001e-25
884.590799,2.4e-25
884.590802,2.34e-25
884.590818,2.28e-25
884.666163,2.9e-23
884.666196,3.01e-23
884.666211,3.13e-23
884.749292,3.13e-23
884.749293,3.25e-23
884.749306,3.0199999999999995e-23
884.883343,6.139e-24
884.889908,1.12e-24
884.889984,1.19e-24
884.890056,1.2699999999999999e-24
884.991266,6.444e-24
885.104412,2.9920000000000003e-25
885.118181,3.497e-25
885.131381,4.066e-25
885.144023,4.706e-25
885.156116,5.421e-25
885.162784,1.38e-24
885.162827,1.2999999999999998e-24
885.162888,1.22e-24
885.16725,6.3190000000000005e-25
885.167671,6.215e-25
885.171939,3.052e-25
885.178697,7.09e-25
885.187413,3.568e-25
885.189199,8.048e-25
885.199186,9.091e-25
885.202397,4.151e-25
885.20426,1.16e-24
885.208664,1.022e-24
885.213529,1.46e-25
885.216907,4.807e-25
885.217637,1.142e-24
885.223599,2.32e-24
885.224161,2.36e-24
885.224485,2.22e-24
885.226109,1.271e-24
885.229109,1.602e-24
885.230961,5.54e-25
885.234082,1.406e-24
885.241558,1.547e-24
885.244574,6.354e-25
885.246774,1.971e-24
885.248535,1.6929999999999998e-24
885.255011,1.843e-24
885.257763,7.252000000000001e-25
885.258269,2.22e-24
885.258593,2.36e-24
885.259112,2.47e-24
885.259725,2.2739999999999998e-24
885.260981,1.994e-24
885.266438,2.145e-24
885.269224,1.47e-25
885.269349,2.519e-24
885.270545,8.236000000000001e-25
885.271371,2.293e-24
885.275766,2.436e-24
885.276493,2.71e-24
885.279604,2.571e-24
885.281708,2.852e-24
885.282861,2.695e-24
885.282937,9.308e-25
885.285369,2.949e-24
885.285508,2.804e-24
885.287503,2.895e-24
885.287739,3.005e-24
885.288798,2.965e-24
885.289011,3.023e-24
885.289329,3.009e-24
885.294954,1.047e-24
885.306615,1.171e-24
885.317936,1.303e-24
885.320634,5.846e-25
885.327766,2.51e-25
885.327796,2.58e-25
885.327813,2.65e-25
885.328936,1.443e-24
885.339633,1.589e-24
885.350047,1.741e-24
885.354381,5.918000000000001e-25
885.360197,1.896e-24
885.370106,2.053e-24
885.379797,2.2109999999999998e-24
885.389295,2.366e-24
885.398626,2.516e-24
885.407822,2.658e-24
885.416918,2.789e-24
885.425951,2.905e-24
885.434968,3.004e-24
885.439511,2.73e-25
885.439515,2.66e-25
885.439531,2.59e-25
885.444021,3.0799999999999997e-24
885.453173,3.13e-24
885.462502,3.151e-24
885.472101,3.136e-24
885.48209,3.084e-24
885.492621,2.988e-24
885.500081,2.69e-23
885.500115,2.79e-23
885.50013,2.8899999999999995e-23
885.503899,2.845e-24
885.516195,2.65e-24
885.529894,2.398e-24
885.545555,2.082e-24
885.564032,1.696e-24
885.580306,2.8899999999999995e-23
885.58031,3e-23
885.58032,2.79e-23
885.586719,1.23e-24
885.616093,6.706e-25
885.721067,5.819e-24
885.724912,9.57e-25
885.724998,1.03e-24
885.725081,1.0999999999999998e-24
885.824596,6.095e-24
885.830347,2.3e-25
885.834926,2.03e-25
885.838993,1.82e-25
886.016527,2.21e-25
886.022399,1.2099999999999999e-24
886.022448,1.13e-24
886.022519,1.06e-24
886.024164,1.94e-24
886.024873,1.94e-24
886.025399,1.75e-24
886.057551,1.75e-24
886.058077,1.94e-24
886.058742,2.06e-24
886.066423,2.22e-25
886.083215,4.757e-25
886.114342,4.803e-25
886.173,2.8399999999999998e-25
886.173031,2.92e-25
886.173048,3e-25
886.28839,3.1e-25
886.288394,3.01e-25
886.288411,2.93e-25
886.333255,2.48e-23
886.333291,2.57e-23
886.333305,2.66e-23
886.410753,2.66e-23
886.410758,2.7599999999999995e-23
886.410766,2.57e-23
886.556978,7.82e-25
886.557078,8.42e-25
886.557177,9.07e-25
886.558065,5.4899999999999995e-24
886.657616,5.7339999999999996e-24
886.818808,1.09e-25
886.823152,3.51e-25
886.828619,1.62e-24
886.829556,1.57e-24
886.830458,1.2999999999999998e-24
886.837497,3.807e-25
886.84216,2.24e-25
886.846939,2.01e-25
886.851243,1.82e-25
886.860565,1.2999999999999998e-24
886.861468,1.57e-24
886.86236,1.71e-24
886.865786,3.831e-25
886.867871,3.51e-25
886.872215,1.09e-25
886.88406,1.0099999999999999e-24
886.884119,9.36e-25
886.884201,8.73e-25
886.94937,3.77e-23
886.949386,4.32e-23
886.949392,3.29e-23
886.951232,6.79e-25
886.951444,6.79e-25
887.018182,3.18e-25
887.018213,3.28e-25
887.018231,3.38e-25
887.137442,3.4899999999999998e-25
887.137448,3.39e-25
887.137465,3.29e-25
887.165676,2.28e-23
887.165714,2.36e-23
887.165727,2.44e-23
887.208774,6.02e-25
887.209118,6.02e-25
887.211238,4.82e-23
887.211295,4.2799999999999993e-23
887.211323,3.8e-23
887.240607,2.44e-23
887.240615,2.52e-23
887.24062,2.36e-23
887.385058,5.95e-25
887.385176,6.45e-25
887.385295,6.99e-25
887.394341,5.156e-24
887.489968,5.379e-24
887.578302,2.995e-25
887.603569,3.004e-25
887.617423,1.5999999999999998e-25
887.621125,5.09e-25
887.624952,1.3399999999999999e-24
887.626235,1.23e-24
887.627766,8.54e-25
887.655024,8.53e-25
887.656556,1.23e-24
887.657794,1.42e-24
887.661666,5.099999999999998e-25
887.665369,1.5999999999999998e-25
887.748459,7.83e-25
887.74853,7.26e-25
887.748627,6.74e-25
887.802922,3.75e-23
887.802925,3.33e-23
887.802953,4.23e-23
887.804926,5.24e-25
887.805153,5.23e-25
887.811971,2.05e-25
887.81688,1.86e-25
887.821351,1.71e-25
887.863297,3.55e-25
887.863329,3.66e-25
887.863348,3.77e-25
887.986677,3.9e-25
887.986683,3.79e-25
887.986702,3.68e-25
887.997336,2.08e-23
887.997375,2.15e-23
887.997389,2.22e-23
888.042769,4.75e-25
888.043079,4.75e-25
888.045293,4.69e-23
888.045348,4.22e-23
888.045379,3.79e-23
888.069847,2.22e-23
888.069856,2.3e-23
888.069859,2.16e-23
888.207501,4.08e-25
888.207643,4.45e-25
888.207791,4.86e-25
888.229894,4.819e-24
888.322007,5.019e-24
888.422149,2.43e-25
888.424916,6.28e-25
888.427616,1.11e-24
888.429492,9.01e-25
888.431941,4.96e-25
888.455404,4.96e-25
888.457854,9.01e-25
888.459685,1.17e-24
888.462429,6.28e-25
888.465197,2.43e-25
888.616634,5.51e-25
888.616722,5.08e-25
888.616838,4.7e-25
888.655412,3.36e-23
888.655419,3.74e-23
888.655454,4.16e-23
888.657524,4.17e-25
888.65775,4.16e-25
888.708328,3.94e-25
888.70836,4.06e-25
888.70838,4.19e-25
888.754348,1.82e-25
888.759346,1.68e-25
888.763942,1.56e-25
888.828226,1.89e-23
888.828266,1.95e-23
888.828279,2.02e-23
888.836103,4.33e-25
888.83611,4.2e-25
888.836129,4.08e-25
888.877506,3.82e-25
888.877784,3.82e-25
888.880068,4.58e-23
888.880118,4.16e-23
888.88015,3.77e-23
888.898448,2.02e-23
888.89846,2.02e-23
889.02153,2.32e-25
889.021706,2.55e-25
889.021895,2.81e-25
889.064721,4.4829999999999996e-24
889.153544,4.662e-24
889.215199,3.39e-25
889.21704,6.35e-25
889.219113,9.05e-25
889.221907,6e-25
889.225259,2.87e-25
889.244209,2.87e-25
889.247562,5.99e-25
889.250309,9.56e-25
889.252428,6.35e-25
889.25427,3.4e-25
889.490223,3.26e-25
889.490334,2.99e-25
889.490476,2.73e-25
889.506539,3.37e-23
889.506551,3.71e-23
889.506587,4.09e-23
889.508732,3.38e-25
889.508952,3.37e-25
889.553256,4.33e-25
889.553288,4.47e-25
889.553309,4.61e-25
889.658332,1.7099999999999998e-23
889.658375,1.7699999999999998e-23
889.658387,1.82e-23
889.677554,1.61e-25
889.682616,1.5e-25
889.685731,4.78e-25
889.685739,4.63e-25
889.685759,4.49e-25
889.687308,1.4e-25
889.712916,3.14e-25
889.713166,3.13e-25
889.715504,4.47e-23
889.71555,4.09e-23
889.715581,3.75e-23
889.726389,1.82e-23
889.7264,1.7699999999999998e-23
889.726403,1.88e-23
889.822509,1.09e-25
889.898817,4.152e-24
889.984558,4.311e-24
890.017571,4.13e-25
890.018666,5.78e-25
890.020374,7.399999999999998e-25
890.02459,3.55e-25
890.028656,1.75e-25
890.042622,1.74e-25
890.046688,3.54e-25
890.050858,7.81e-25
890.052612,5.79e-25
890.053707,4.13e-25
890.356344,3.37e-23
890.356359,3.68e-23
890.356394,4.0199999999999993e-23
890.358598,2.78e-25
890.358809,2.78e-25
890.371986,1.3e-25
890.37213,1.18e-25
890.372309,1.07e-25
890.398059,4.73e-25
890.398091,4.88e-25
890.398113,5.04e-25
890.487645,1.55e-23
890.48769,1.6000000000000002e-23
890.487702,1.6499999999999998e-23
890.535574,5.23e-25
890.535583,5.06e-25
890.535604,4.91e-25
890.548864,2.61e-25
890.549089,2.61e-25
890.55147,4.36e-23
890.551512,4.03e-23
890.551541,3.71e-23
890.553648,1.6499999999999998e-23
890.553659,1.6000000000000002e-23
890.553663,1.69e-23
890.586703,1.4199999999999999e-25
890.591812,1.33e-25
890.596579,1.25e-25
890.732174,3.827e-24
890.804096,4.15e-25
890.804743,4.94e-25
890.806275,6.02e-25
890.81217,2.09e-25
890.815023,3.969e-24
890.816636,1.2e-25
890.825586,1.2e-25
890.830053,2.09e-25
890.8359,6.35e-25
890.837479,4.94e-25
890.838127,4.15e-25
891.204939,3.35e-23
891.204956,3.63e-23
891.20499,3.94e-23
891.207242,2.32e-25
891.207442,2.32e-25
891.242712,5.11e-25
891.242745,5.29e-25
891.242768,5.47e-25
891.31615,1.4000000000000002e-23
891.316197,1.4399999999999997e-23
891.316208,1.48e-23
891.380201,1.48e-23
891.380211,1.4399999999999997e-23
891.380219,1.5199999999999998e-23
891.385212,2.1899999999999998e-25
891.385416,2.1899999999999998e-25
891.385647,5.6799999999999995e-25
891.385658,5.5e-25
891.38568,5.32e-25
891.387831,4.26e-23
891.387868,3.95e-23
891.387897,3.67e-23
891.485158,1.24e-25
891.490302,1.17e-25
891.495129,1.11e-25
891.564783,3.511e-24
891.604891,3.78e-25
891.605239,4.09e-25
891.606688,4.88e-25
891.614612,1.28e-25
891.627789,1.28e-25
891.635666,5.14e-25
891.637161,4.09e-25
891.63751,3.78e-25
891.644912,3.637e-24
891.999808,1.01e-25
892.029923,5.586e-24
892.052439,3.32e-23
892.052458,3.58e-23
892.05249,3.85e-23
892.054782,1.95e-25
892.054972,1.95e-25
892.087187,5.49e-25
892.087221,5.69e-25
892.087245,5.9e-25
892.143835,1.25e-23
892.143884,1.28e-23
892.143895,1.32e-23
892.206028,1.32e-23
892.206038,1.28e-23
892.206049,1.36e-23
892.221839,1.86e-25
892.222023,1.85e-25
892.224466,4.14e-23
892.2245,3.86e-23
892.224527,3.6e-23
892.23597,6.13e-25
892.235981,5.93e-25
892.236005,5.73e-25
892.303788,6.32e-24
892.375235,1.09e-25
892.380405,1.04e-25
892.384414,3.2e-25
892.384565,3.28e-25
892.38603,3.94e-25
892.396632,3.207e-24
892.414151,4.15e-25
892.415665,3.28e-25
892.415816,3.2e-25
892.474198,3.318e-24
892.883153,5.54e-24
892.898948,3.27e-23
892.898967,3.5e-23
892.898997,3.76e-23
892.901322,1.66e-25
892.901502,1.66e-25
892.931451,5.86e-25
892.931486,6.07e-25
892.931512,6.3e-25
892.970682,1.11e-23
892.970735,1.14e-23
892.970746,1.1699999999999998e-23
893.031105,1.1699999999999998e-23
893.031115,1.14e-23
893.031129,1.2e-23
893.05864,1.59e-25
893.058807,1.59e-25
893.061273,4.0199999999999993e-23
893.061304,3.77e-23
893.061329,3.53e-23
893.086562,6.57e-25
893.086575,6.34e-25
893.0866,6.12e-25
893.125867,1.05e-25
893.13683,6.21e-24
893.184803,2.56e-25
893.18484,2.63e-25
893.186366,3.16e-25
893.213908,3.3299999999999998e-25
893.215482,2.63e-25
893.215518,2.56e-25
893.227711,2.916e-24
893.302858,3.013e-24
893.73543,5.5e-24
893.744547,3.21e-23
893.744567,3.42e-23
893.744595,3.65e-23
893.746948,1.4199999999999999e-25
893.747119,1.4199999999999999e-25
893.775466,6.18e-25
893.775503,6.42e-25
893.77553,6.67e-25
893.796682,9.78e-24
893.796738,1.01e-23
893.796748,1.0399999999999998e-23
893.855415,1.0399999999999998e-23
893.855424,1.01e-23
893.855441,1.06e-23
893.895526,1.36e-25
893.895679,1.36e-25
893.898164,3.89e-23
893.898192,3.66e-23
893.898216,3.44e-23
893.937451,6.97e-25
893.937466,6.72e-25
893.937492,6.48e-25
893.970625,6.109e-24
894.058006,2.639e-24
894.130864,2.724e-24
894.259484,1.05e-25
894.586341,5.455e-24
894.589304,3.13e-23
894.589325,3.32e-23
894.589351,3.53e-23
894.591729,1.21e-25
894.591891,1.21e-25
894.619187,6.47e-25
894.619225,6.73e-25
894.619255,7e-25
894.621812,8.62e-24
894.621871,8.85e-24
894.621881,9.08e-24
894.678929,9.08e-24
894.678938,8.859999999999999e-24
894.678959,9.32e-24
894.732424,1.17e-25
894.732563,1.17e-25
894.735065,3.75e-23
894.73509,3.5399999999999995e-23
894.735113,3.34e-23
894.788668,7.319999999999999e-25
894.788684,7.05e-25
894.788712,6.79e-25
894.805136,6.009e-24
894.887502,2.377e-24
894.958191,2.452e-24
895.407562,1.02e-25
895.433275,3.04e-23
895.433296,3.22e-23
895.433321,3.4099999999999995e-23
895.43572,1.04e-25
895.435874,1.04e-25
895.435907,5.398e-24
895.446063,7.57e-24
895.446127,7.76e-24
895.446135,7.96e-24
895.462562,6.6999999999999985e-25
895.462602,6.9799999999999995e-25
895.462633,7.27e-25
895.501634,7.97e-24
895.501642,7.769999999999999e-24
895.501667,8.17e-24
895.56927,1.01e-25
895.569396,1.01e-25
895.571913,3.61e-23
895.571935,3.4099999999999995e-23
895.571956,3.23e-23
895.640229,5.902e-24
895.640249,7.62e-25
895.640267,7.3299999999999985e-25
895.640297,7.04e-25
895.716182,2.132e-24
895.784815,2.197e-24
896.26941,6.61e-24
896.269477,6.77e-24
896.269485,6.94e-24
896.276502,2.93e-23
896.276523,3.1e-23
896.276547,3.27e-23
896.28424,5.326e-24
896.305525,6.85e-25
896.305567,7.15e-25
896.305602,7.47e-25
896.323497,6.949999999999999e-24
896.323505,6.779999999999999e-24
896.323535,7.119999999999999e-24
896.408651,3.45e-23
896.408672,3.2799999999999995e-23
896.408692,3.11e-23
896.475767,5.785e-24
896.492241,7.85e-25
896.492261,7.53e-25
896.492293,7.23e-25
896.544033,1.903e-24
896.610711,1.959e-24
897.091847,5.74e-24
897.091919,5.8799999999999995e-24
897.091926,6.0299999999999995e-24
897.119019,2.82e-23
897.11904,2.97e-23
897.119062,3.13e-23
897.131459,5.237e-24
897.144511,6.0299999999999995e-24
897.144518,5.89e-24
897.144553,6.17e-24
897.148001,6.93e-25
897.148046,7.25e-25
897.148083,7.58e-25
897.245234,3.29e-23
897.245252,3.13e-23
897.245272,2.98e-23
897.311623,5.655e-24
897.3447,7.99e-25
897.344722,7.649999999999999e-25
897.344756,7.3299999999999985e-25
897.371033,1.692e-24
897.43585,1.74e-24
897.913339,4.98e-24
897.913417,5.09e-24
897.913423,5.2099999999999996e-24
897.960851,2.7e-23
897.960873,2.84e-23
897.960894,2.98e-23
897.964635,5.2099999999999996e-24
897.964641,5.09e-24
897.964681,5.33e-24
897.977671,5.1289999999999996e-24
897.989895,6.91e-25
897.989942,7.24e-25
897.989983,7.59e-25
898.081619,3.13e-23
898.081635,2.98e-23
898.081653,2.85e-23
898.14769,5.51e-24
898.197169,1.497e-24
898.197694,8.02e-25
898.197719,7.67e-25
898.197756,7.34e-25
898.260213,1.538e-24
898.263197,2.23e-25
898.263246,2.27e-25
898.263255,2.31e-25
898.275397,2.72e-25
898.275444,2.77e-25
898.275453,2.82e-25
898.287203,3.29e-25
898.287248,3.36e-25
898.287258,3.43e-25
898.298621,3.9799999999999998e-25
898.298664,4.06e-25
898.298674,4.14e-25
898.309655,4.78e-25
898.309697,4.87e-25
898.309707,4.98e-25
898.32031,5.7e-25
898.32035,5.82e-25
898.32036,5.95e-25
898.321391,2.31e-25
898.321399,2.27e-25
898.321413,2.35e-25
898.33059,6.79e-25
898.330629,6.93e-25
898.33064,7.09e-25
898.334959,2.82e-25
898.334968,2.76e-25
898.33498,2.87e-25
898.340499,8.05e-25
898.340537,8.22e-25
898.340548,8.39e-25
898.348179,3.42e-25
898.348188,3.35e-25
898.348198,3.4899999999999998e-25
898.350042,9.48e-25
898.350079,9.69e-25
898.35009,9.91e-25
898.355105,2.09e-24
898.355231,2.32e-24
898.355387,2.62e-24
898.359221,1.12e-24
898.359257,1.1399999999999999e-24
898.359268,1.17e-24
898.361057,4.13e-25
898.361067,4.05e-25
898.361074,4.21e-25
898.368041,1.2999999999999998e-24
898.368076,1.3299999999999999e-24
898.368087,1.37e-24
898.373603,4.96e-25
898.373613,4.87e-25
898.373618,5.06e-25
898.376503,1.51e-24
898.376537,1.5499999999999998e-24
898.376549,1.5899999999999999e-24
898.384611,1.74e-24
898.384644,1.79e-24
898.384656,1.83e-24
898.385733,3.9e-24
898.385824,5.93e-25
898.385834,2.4404999999999998e-24
898.385838,6.05e-25
898.385956,4.78e-24
898.392366,2.01e-24
898.392399,2.06e-24
898.392411,2.11e-24
898.397728,7.07e-25
898.397738,6.92e-25
898.39774,7.22e-25
898.39977,2.3e-24
898.399802,2.36e-24
898.399815,2.4199999999999998e-24
898.406825,2.62e-24
898.406856,2.69e-24
898.406869,2.77e-24
898.40738,5.44e-24
898.407463,5.94e-24
898.407562,6.54e-24
898.409323,8.37e-25
898.409334,8.38e-25
898.41353,2.98e-24
898.41356,3.0599999999999998e-24
898.413574,3.14e-24
898.419885,3.36e-24
898.419915,3.45e-24
898.419929,3.55e-24
898.420618,9.88e-25
898.420628,1.0099999999999999e-24
898.420629,9.67e-25
898.423381,6.75e-24
898.423452,7.32e-24
898.423534,7.989999999999999e-24
898.425889,3.77e-24
898.425919,3.88e-24
898.425934,4e-24
898.431541,4.21e-24
898.431571,4.34e-24
898.431586,4.47e-24
898.431622,1.16e-24
898.431631,1.19e-24
898.431633,1.1399999999999999e-24
898.435529,7.83e-24
898.43559,8.43e-24
898.43566,9.14e-24
898.436837,4.68e-24
898.436866,4.8199999999999996e-24
898.436882,4.98e-24
898.441774,5.16e-24
898.441802,5.3199999999999996e-24
898.441819,5.5e-24
898.442343,1.36e-24
898.44235,1.39e-24
898.442354,1.3299999999999999e-24
898.444884,8.7e-24
898.444939,9.33e-24
898.444999,1.01e-23
898.446345,5.67e-24
898.446374,5.8599999999999996e-24
898.44639,6.05e-24
898.450543,6.199999999999999e-24
898.450572,6.41e-24
898.45059,6.63e-24
898.452122,9.38e-24
898.452171,9.97e-24
898.452224,1.08e-23
898.452789,1.58e-24
898.452795,1.62e-24
898.452801,1.5499999999999998e-24
898.454361,6.729999999999999e-24
898.45439,6.97e-24
898.454408,7.209999999999999e-24
898.457695,9.89e-24
898.45774,1.05e-23
898.457786,7.27e-24
898.457787,1.12e-23
898.457815,7.53e-24
898.457834,7.81e-24
898.460804,7.8e-24
898.460833,8.09e-24
898.460854,8.39e-24
898.46192,1.03e-23
898.461962,1.09e-23
898.462004,1.15e-23
898.46297,1.82e-24
898.462975,1.87e-24
898.462982,1.7799999999999994e-24
898.4634,8.31e-24
898.463429,8.62e-24
898.46345,8.97e-24
898.465023,1.0399999999999998e-23
898.465062,1.1e-23
898.4651,1.1699999999999998e-23
898.46555,8.79e-24
898.46558,9.14e-24
898.465603,9.52e-24
898.467174,1.05e-23
898.467211,1.11e-23
898.467232,9.24e-24
898.467246,1.1699999999999998e-23
898.467262,9.63e-24
898.467286,1.01e-23
898.468411,9.64e-24
898.468443,1.01e-23
898.468468,1.05e-23
898.468501,1.0399999999999998e-23
898.468536,1.1e-23
898.468567,1.15e-23
898.46905,9.97e-24
898.469083,1.05e-23
898.4691,1.03e-23
898.46911,1.1e-23
898.469134,1.08e-23
898.469163,1.13e-23
898.472894,2.1e-24
898.472898,2.1599999999999998e-24
898.472907,2.05e-24
898.482572,2.4099999999999998e-24
898.482575,2.48e-24
898.482585,2.35e-24
898.492013,2.75e-24
898.492015,2.83e-24
898.492025,2.69e-24
898.501226,3.13e-24
898.501227,3.2099999999999997e-24
898.501239,3.0499999999999998e-24
898.510223,3.59e-24
898.510237,3.44e-24
898.519013,4.09e-24
898.519014,3.98e-24
898.519028,3.87e-24
898.527609,4.5799999999999995e-24
898.527612,4.4499999999999995e-24
898.527626,4.3199999999999995e-24
898.536024,5.09e-24
898.536027,4.9499999999999996e-24
898.536042,4.81e-24
898.544269,5.64e-24
898.544274,5.4699999999999996e-24
898.544289,5.3e-24
898.55236,6.21e-24
898.552365,6.02e-24
898.552382,5.83e-24
898.560311,6.81e-24
898.560317,6.58e-24
898.560334,6.3799999999999996e-24
898.568139,7.41e-24
898.568146,7.169999999999999e-24
898.568164,6.93e-24
898.575861,8.029999999999999e-24
898.57587,7.75e-24
898.575888,7.49e-24
898.583499,8.63e-24
898.583508,8.33e-24
898.583527,8.05e-24
898.591073,9.24e-24
898.591084,8.89e-24
898.591104,8.57e-24
898.59861,9.82e-24
898.598623,9.44e-24
898.598644,9.09e-24
898.606139,1.0399999999999998e-23
898.606153,9.95e-24
898.606176,9.56e-24
898.613694,1.09e-23
898.613709,1.0399999999999998e-23
898.613733,9.97e-24
898.621312,1.13e-23
898.621329,1.08e-23
898.621354,1.0399999999999998e-23
898.629041,1.1699999999999998e-23
898.62906,1.12e-23
898.629087,1.0699999999999998e-23
898.636936,1.2e-23
898.636958,1.14e-23
898.636986,1.09e-23
898.645065,1.21e-23
898.645089,1.15e-23
898.64512,1.1e-23
898.65351,1.21e-23
898.653536,1.15e-23
898.65357,1.09e-23
898.662375,1.2e-23
898.662405,1.13e-23
898.662442,1.0699999999999998e-23
898.671795,1.1699999999999998e-23
898.671829,1.1e-23
898.67187,1.0399999999999998e-23
898.681943,1.12e-23
898.681982,1.05e-23
898.682027,9.87e-24
898.693052,1.05e-23
898.693096,9.8e-24
898.693147,9.18e-24
898.705441,9.56e-24
898.705492,8.87e-24
898.70555,8.289999999999999e-24
898.719567,8.36e-24
898.719627,7.72e-24
898.719693,7.16e-24
898.733892,4.29e-24
898.733976,4.39e-24
898.733981,4.49e-24
898.736109,6.859999999999999e-24
898.736179,6.28e-24
898.736257,5.79e-24
898.756128,5e-24
898.756213,4.55e-24
898.756307,4.1699999999999996e-24
898.781417,2.75e-24
898.781523,2.47e-24
898.781638,2.24e-24
898.783871,4.49e-24
898.783876,4.39e-24
898.783922,4.6e-24
898.802021,2.57e-23
898.802043,2.7e-23
898.802063,2.82e-23
898.822961,5.004e-24
898.831089,6.78e-25
898.83114,7.12e-25
898.831185,7.48e-25
898.917767,2.96e-23
898.917782,2.83e-23
898.9178,2.71e-23
898.983876,5.351e-24
899.022416,1.318e-24
899.051311,7.94e-25
899.051339,7.57e-25
899.05138,7.23e-25
899.083767,1.354e-24
899.553455,3.68e-24
899.553546,3.76e-24
899.55355,3.85e-24
899.602165,3.85e-24
899.602169,3.76e-24
899.602222,3.94e-24
899.642542,2.44e-23
899.642565,2.55e-23
899.642584,2.67e-23
899.667401,4.861e-24
899.671435,6.54e-25
899.67149,6.89e-25
899.67154,7.25e-25
899.753647,2.79e-23
899.753659,2.67e-23
899.753676,2.56e-23
899.820102,5.178e-24
899.84676,1.156e-24
899.90566,7.72e-25
899.90569,7.35e-25
899.905736,7e-25
899.906494,1.186e-24
900.372051,3.14e-24
900.372149,3.2099999999999997e-24
900.372152,3.28e-24
900.419537,3.28e-24
900.41954,3.2099999999999997e-24
900.4196,3.35e-24
900.482426,2.3e-23
900.482449,2.4e-23
900.482467,2.51e-23
900.510744,6.18e-25
900.510804,6.52e-25
900.51086,6.89e-25
900.511046,4.703e-24
900.589225,2.61e-23
900.589237,2.51e-23
900.589253,2.41e-23
900.656302,4.991e-24
900.670173,1.0089999999999999e-24
900.728359,1.035e-24
900.760879,7.37e-25
900.760913,7e-25
900.760963,6.6499999999999995e-25
901.189607,2.6699999999999998e-24
901.189714,2.72e-24
901.189715,2.78e-24
901.23591,2.76e-24
901.23598,2.85e-24
901.321681,2.16e-23
901.321705,2.25e-23
901.321722,2.3400000000000003e-23
901.348767,5.69e-25
901.348834,6.03e-25
901.348897,6.39e-25
901.353941,4.529e-24
901.424475,2.44e-23
901.424485,2.35e-23
901.424501,2.26e-23
901.492418,4.791e-24
901.492645,8.768e-25
901.549349,8.988e-25
901.617149,6.87e-25
901.617188,6.51e-25
901.617244,6.16e-25
902.006171,2.26e-24
902.006287,2.35e-24
902.006288,2.3e-24
902.051329,2.31e-24
902.051331,2.35e-24
902.051409,2.4099999999999998e-24
902.160312,2.02e-23
902.160336,2.1e-23
902.160353,2.18e-23
902.185174,5.09e-25
902.185248,5.41e-25
902.185321,5.75e-25
902.19612,4.343e-24
902.25937,2.2700000000000003e-23
902.259378,2.19e-23
902.259394,2.1e-23
902.314137,7.586000000000001e-25
902.328398,4.581e-24
902.36942,7.772e-25
902.465742,9.97e-26
902.465769,1.03e-25
902.465787,1.06e-25
902.474709,6.22e-25
902.474755,5.87e-25
902.474817,5.55e-25
902.586392,1.09e-25
902.586399,1.06e-25
902.586416,1.04e-25
902.821635,1.8999999999999998e-24
902.821761,1.98e-24
902.821764,1.94e-24
902.865682,1.94e-24
902.865686,1.98e-24
902.865774,2.0199999999999998e-24
902.99832,1.88e-23
902.998345,1.95e-23
902.998361,2.03e-23
903.019511,4.39e-25
903.019595,4.68e-25
903.019679,4.99e-25
903.03761,4.146e-24
903.093885,2.1e-23
903.093892,2.03e-23
903.093907,1.95e-23
903.13465,6.534e-25
903.164199,4.3609999999999996e-24
903.188568,6.691e-25
903.308588,1.14e-25
903.308616,1.17e-25
903.308634,1.2e-25
903.333881,5.43e-25
903.333933,5.11e-25
903.334005,4.82e-25
903.433098,1.24e-25
903.433106,1.21e-25
903.433123,1.18e-25
903.636093,1.5999999999999999e-24
903.636229,1.67e-24
903.636236,1.63e-24
903.679063,1.64e-24
903.679071,1.67e-24
903.679169,1.69e-24
903.835707,1.74e-23
903.835733,1.8e-23
903.835748,1.87e-23
903.851137,3.59e-25
903.851233,3.84e-25
903.851332,4.12e-25
903.878431,3.94e-24
903.927997,1.94e-23
903.928003,1.87e-23
903.928017,1.81e-23
903.954129,5.603000000000001e-25
903.999779,4.135e-24
904.006736,5.735e-25
904.036439,3.41e-25
904.069195,6.257000000000001e-25
904.072875,3.391e-25
904.081219,3.867e-25
904.089127,4.388e-25
904.092061,8.632000000000001e-25
904.096602,4.954e-25
904.103647,5.564e-25
904.108814,1.059e-24
904.110265,6.217e-25
904.116457,6.91e-25
904.121439,1.219e-24
904.122222,7.639999999999999e-25
904.127558,8.4e-25
904.131094,1.346e-24
904.132461,9.183e-25
904.136925,9.983e-25
904.138506,1.443e-24
904.140942,1.079e-24
904.14416,1.512e-24
904.1445,1.159e-24
904.147121,3.022e-25
904.147584,1.237e-24
904.14839,1.557e-24
904.150175,1.311e-24
904.151435,1.58e-24
904.15147,1.28e-25
904.151498,1.32e-25
904.151517,1.36e-25
904.152249,1.38e-24
904.153473,1.583e-24
904.153776,1.443e-24
904.154636,1.569e-24
904.154718,1.496e-24
904.155024,1.539e-24
904.158168,3.4650000000000003e-25
904.168894,3.953e-25
904.179311,4.487e-25
904.189436,5.069e-25
904.195107,4.53e-25
904.195169,4.25e-25
904.195251,3.9799999999999998e-25
904.199283,5.696e-25
904.20887,6.369e-25
904.218212,7.083e-25
904.227326,7.836000000000001e-25
904.236231,8.621e-25
904.244944,9.432e-25
904.253487,1.026e-24
904.261881,1.11e-24
904.270149,1.193e-24
904.278318,1.274e-24
904.280073,1.4e-25
904.280082,1.36e-25
904.2801,1.33e-25
904.286415,1.352e-24
904.294474,1.425e-24
904.302532,1.491e-24
904.31063,1.548e-24
904.31882,1.5939999999999999e-24
904.327161,1.627e-24
904.335725,1.644e-24
904.344601,1.643e-24
904.353899,1.622e-24
904.363761,1.578e-24
904.374373,1.508e-24
904.385981,1.409e-24
904.398928,1.278e-24
904.413706,1.112e-24
904.431048,9.076e-25
904.449377,1.3399999999999999e-24
904.449525,1.39e-24
904.449536,1.36e-24
904.452118,6.586000000000001e-25
904.478907,3.591e-25
904.491299,1.37e-24
904.491311,1.39e-24
904.491421,1.42e-24
904.672471,1.61e-23
904.672497,1.67e-23
904.672512,1.7199999999999998e-23
904.679113,2.73e-25
904.679225,2.94e-25
904.679343,3.17e-25
904.718598,3.727e-24
904.761685,1.7799999999999998e-23
904.761689,1.7199999999999998e-23
904.761703,1.67e-23
904.772591,4.784e-25
904.791642,1.13e-25
904.796175,1.02e-25
904.823936,4.894e-25
904.835102,3.903e-24
904.99437,1.44e-25
904.994399,1.48e-25
904.994419,1.52e-25
905.059017,3.53e-25
905.059091,3.29e-25
905.059187,3.07e-25
905.127325,1.57e-25
905.127335,1.53e-25
905.127354,1.49e-25
905.261652,1.11e-24
905.261816,1.16e-24
905.261832,1.13e-24
905.302556,1.13e-24
905.302573,1.16e-24
905.302698,1.18e-24
905.501997,1.87e-25
905.502132,2.03e-25
905.502274,2.2e-25
905.508609,1.48e-23
905.508636,1.53e-23
905.50865,1.5799999999999998e-23
905.558121,3.51e-24
905.589959,4.067e-25
905.594925,1.6399999999999998e-23
905.594928,1.5799999999999998e-23
905.594942,1.53e-23
905.640089,4.158e-25
905.670136,3.668e-24
905.806794,1.11e-25
905.811512,1.01e-25
905.837271,1.5999999999999998e-25
905.837301,1.65e-25
905.837321,1.69e-25
905.92654,2.48e-25
905.926629,2.3e-25
905.926742,2.13e-25
905.974862,1.74e-25
905.974873,1.69e-25
905.974892,1.65e-25
906.065153,2.4e-23
906.065168,2.4199999999999998e-23
906.06704,3.36e-25
906.067226,3.36e-25
906.072662,9.2e-25
906.072843,9.54e-25
906.072866,9.35e-25
906.11257,9.36e-25
906.112593,9.54e-25
906.112736,9.75e-25
906.317444,1.07e-25
906.317609,1.17e-25
906.317788,1.28e-25
906.327286,3.02e-25
906.327594,3.02e-25
906.329713,2.99e-23
906.329761,2.68e-23
906.329786,2.41e-23
906.344116,1.35e-23
906.344144,1.4000000000000002e-23
906.344158,1.4399999999999997e-23
906.397008,3.29e-24
906.406276,3.4420000000000004e-25
906.427699,1.49e-23
906.427701,1.4399999999999997e-23
906.427714,1.4000000000000002e-23
906.455235,3.517e-25
906.504849,3.432e-24
906.680153,1.75e-25
906.680183,1.81e-25
906.680204,1.87e-25
906.783029,1.02e-25
906.799102,1.46e-25
906.799212,1.35e-25
906.799349,1.25e-25
906.822695,1.93e-25
906.822706,1.87e-25
906.822727,1.82e-25
906.882681,7.59e-25
906.882882,7.86e-25
906.882914,7.699999999999998e-25
906.918807,2.2500000000000002e-23
906.918834,2.64e-23
906.92082,2.65e-25
906.92102,2.65e-25
906.921617,7.71e-25
906.92165,7.86e-25
906.921813,8.03e-25
907.163074,2.42e-25
907.163354,2.41e-25
907.16556,2.9e-23
907.165607,2.63e-23
907.165635,2.39e-23
907.178988,1.2299999999999998e-23
907.179016,1.27e-23
907.17903,1.31e-23
907.235262,3.071e-24
907.259987,1.33e-23
907.26,1.27e-23
907.339211,3.198e-24
907.522992,1.92e-25
907.523023,1.9899999999999999e-25
907.523046,2.05e-25
907.670836,2.12e-25
907.670848,2.06e-25
907.67087,2e-25
907.691316,6.23e-25
907.691542,6.44e-25
907.691586,6.31e-25
907.729296,6.31e-25
907.72934,6.44e-25
907.729528,6.58e-25
907.771583,2.13e-23
907.771591,2.3400000000000003e-23
907.771623,2.58e-23
907.773698,2.13e-25
907.773899,2.13e-25
907.999487,1.97e-25
907.999742,1.97e-25
908.002014,2.81e-23
908.002058,2.58e-23
908.002088,2.36e-23
908.013216,1.11e-23
908.013246,1.15e-23
908.013259,1.18e-23
908.072884,2.853e-24
908.091768,1.18e-23
908.091769,1.22e-23
908.09178,1.15e-23
908.173197,2.966e-24
908.365764,2.09e-25
908.365796,2.16e-25
908.36582,2.24e-25
908.499007,5.09e-25
908.499264,5.25e-25
908.499325,5.14e-25
908.519299,2.32e-25
908.519313,2.25e-25
908.519335,2.18e-25
908.536048,5.14e-25
908.536109,5.25e-25
908.536328,5.37e-25
908.62326,2.11e-23
908.623273,2.31e-23
908.623305,2.52e-23
908.62545,1.75e-25
908.625647,1.75e-25
908.836487,1.64e-25
908.836718,1.64e-25
908.839042,2.73e-23
908.839084,2.52e-23
908.839113,2.3300000000000002e-23
908.846795,9.97e-24
908.846826,1.03e-23
908.846839,1.06e-23
908.909872,2.638e-24
908.923024,1.06e-23
908.923027,1.09e-23
908.923037,1.03e-23
909.00678,2.739e-24
909.208439,2.26e-25
909.208472,2.34e-25
909.208497,2.42e-25
909.305158,4.15e-25
909.305454,4.27e-25
909.305539,4.17e-25
909.341263,4.18e-25
909.341348,4.27e-25
909.341606,4.3799999999999995e-25
909.368103,2.51e-25
909.368118,2.43e-25
909.368142,2.35e-25
909.473852,2.09e-23
909.473867,2.2700000000000003e-23
909.473899,2.4600000000000002e-23
909.4761,1.46e-25
909.476291,1.46e-25
909.673973,1.37e-25
909.674184,1.37e-25
909.67655,2.65e-23
909.676588,2.4600000000000002e-23
909.676616,2.29e-23
909.679716,8.939999999999999e-24
909.679747,9.21e-24
909.67976,9.48e-24
909.746224,2.429e-24
909.753738,9.48e-24
909.753742,9.76e-24
909.75375,9.22e-24
909.839935,2.518e-24
910.050984,2.42e-25
910.051018,2.5e-25
910.051045,2.59e-25
910.110455,3.36e-25
910.110801,3.45e-25
910.110922,3.36e-25
910.145628,3.36e-25
910.14575,3.45e-25
910.146057,3.54e-25
910.217269,2.7e-25
910.217285,2.61e-25
910.21731,2.52e-25
910.323435,2.06e-23
910.323451,2.22e-23
910.323483,2.4e-23
910.32573,1.22e-25
910.325913,1.22e-25
910.511841,1.16e-25
910.511969,7.989999999999999e-24
910.512002,8.22e-24
910.512014,8.45e-24
910.512034,1.16e-25
910.514433,2.57e-23
910.514468,2.4e-23
910.514496,2.24e-23
910.581935,2.226e-24
910.583891,8.45e-24
910.583896,8.69e-24
910.583902,8.23e-24
910.672639,2.305e-24
910.893359,2.56e-25
910.893395,2.66e-25
910.893423,2.75e-25
911.066821,2.87e-25
911.066839,2.77e-25
911.066865,2.6799999999999998e-25
911.172094,2.02e-23
911.172112,2.17e-23
911.172142,2.3300000000000002e-23
911.174428,1.03e-25
911.174603,1.03e-25
911.343546,7.1e-24
911.34358,7.299999999999999e-24
911.343592,7.5e-24
911.352596,2.49e-23
911.352628,2.3300000000000002e-23
911.352654,2.18e-23
911.413465,7.5e-24
911.413472,7.71e-24
911.413476,7.31e-24
911.416997,2.031e-24
911.504867,2.1e-24
911.73552,2.69e-25
911.735557,2.79e-25
911.735588,2.9e-25
911.749131,3.475e-24
911.916791,3.03e-25
911.916809,2.92e-25
911.916838,2.82e-25
912.013607,3.87e-24
912.019909,1.98e-23
912.019928,2.11e-23
912.019956,2.25e-23
912.174435,6.28e-24
912.174471,6.45e-24
912.174482,6.62e-24
912.190954,2.4e-23
912.190984,2.26e-23
912.191009,2.12e-23
912.242443,6.63e-24
912.242451,6.8e-24
912.242454,6.459999999999999e-24
912.251403,1.844e-24
912.336598,1.906e-24
912.577413,2.79e-25
912.577452,2.9e-25
912.577485,3.02e-25
912.601206,3.424e-24
912.767214,3.16e-25
912.767234,3.05e-25
912.767265,2.93e-25
912.848927,3.787e-24
912.866947,1.92e-23
912.866965,2.05e-23
912.866992,2.17e-23
913.004627,5.53e-24
913.004663,5.67e-24
913.004675,5.82e-24
913.029434,2.31e-23
913.029461,2.18e-23
913.029484,2.06e-23
913.070807,5.83e-24
913.070817,5.98e-24
913.070818,5.68e-24
913.085144,1.667e-24
913.167809,1.721e-24
913.418975,2.87e-25
913.419016,2.99e-25
913.419052,3.11e-25
913.452755,3.375e-24
913.618135,3.27e-25
913.618157,3.14e-25
913.61819,3.02e-25
913.684676,3.705e-24
913.713261,1.86e-23
913.713281,1.97e-23
913.713306,2.09e-23
913.834109,4.85e-24
913.834147,4.98e-24
913.834158,5.0999999999999995e-24
913.867971,2.21e-23
913.867996,2.09e-23
913.868018,1.98e-23
913.89854,5.0999999999999995e-24
913.898551,4.98e-24
913.898552,5.2299999999999995e-24
913.91821,1.501e-24
913.998478,1.548e-24
914.26013,2.91e-25
914.260174,3.04e-25
914.260212,3.17e-25
914.303346,3.3209999999999996e-24
914.469609,3.3299999999999998e-25
914.469633,3.2e-25
914.469669,3.07e-25
914.520901,3.623e-24
914.558899,1.8e-23
914.558918,1.9e-23
914.558942,2.0000000000000002e-23
914.662871,4.24e-24
914.66291,4.34e-24
914.662921,4.4499999999999995e-24
914.706511,2.11e-23
914.706534,2.0000000000000002e-23
914.706555,1.9e-23
914.725625,4.4499999999999995e-24
914.725635,4.35e-24
914.725638,4.5599999999999996e-24
914.750589,1.345e-24
914.828584,1.385e-24
915.100785,2.91e-25
915.100831,3.04e-25
915.100873,3.18e-25
915.152918,3.261e-24
915.321702,3.36e-25
915.321729,3.22e-25
915.321768,3.08e-25
915.357542,3.535e-24
915.403896,1.7199999999999998e-23
915.403915,1.81e-23
915.403938,1.91e-23
915.4909,3.68e-24
915.490941,3.77e-24
915.490951,3.86e-24
915.545005,2.0100000000000003e-23
915.545027,1.91e-23
915.545047,1.82e-23
915.552045,3.86e-24
915.552054,3.77e-24
915.552059,3.96e-24
915.582269,1.2e-24
915.658104,1.235e-24
915.940825,2.86e-25
915.940875,3e-25
915.940921,3.15e-25
916.001509,3.193e-24
916.174499,3.3299999999999998e-25
916.174529,3.18e-25
916.174571,3.05e-25
916.194515,3.4429999999999996e-24
916.248281,1.6499999999999998e-23
916.248301,1.73e-23
916.248323,1.81e-23
916.318183,3.1799999999999998e-24
916.318226,3.26e-24
916.318236,3.34e-24
916.377781,3.34e-24
916.377791,3.26e-24
916.377798,3.42e-24
916.383412,1.9e-23
916.383431,1.82e-23
916.383451,1.73e-23
916.413238,1.065e-24
916.487017,1.096e-24
916.508548,1.09e-24
916.508664,1.2e-24
916.508806,1.3399999999999999e-24
916.537012,2.01e-24
916.537106,2.2e-24
916.53722,2.4199999999999998e-24
916.55216,2.07e-25
916.552192,2.11e-25
916.552202,2.15e-25
916.557928,2.8099999999999998e-24
916.558007,3.04e-24
916.558101,3.32e-24
916.55852,2.48e-25
916.55855,2.53e-25
916.558561,2.59e-25
916.56462,2.97e-25
916.564651,3.03e-25
916.564661,3.1e-25
916.570465,3.54e-25
916.570495,3.61e-25
916.570506,3.69e-25
916.573939,3.47e-24
916.574007,3.74e-24
916.574086,4.05e-24
916.576056,4.19e-25
916.576085,4.28e-25
916.576096,4.3799999999999995e-25
916.581394,4.94e-25
916.581422,5.04e-25
916.581434,5.16e-25
916.586481,5.79e-25
916.586509,5.92e-25
916.586521,6.06e-25
916.586531,4.01e-24
916.586591,4.2999999999999996e-24
916.586659,4.63e-24
916.591319,6.76e-25
916.591346,6.92e-25
916.591359,7.09e-25
916.595908,7.86e-25
916.595935,8.05e-25
916.595947,8.25e-25
916.596615,4.44e-24
916.596668,4.74e-24
916.596727,5.07e-24
916.600248,9.08e-25
916.600275,9.31e-25
916.600288,9.54e-25
916.60434,1.05e-24
916.604367,1.0799999999999999e-24
916.60438,1.0999999999999998e-24
916.604784,4.76e-24
916.604832,5.05e-24
916.604885,5.39e-24
916.608183,1.2e-24
916.608209,1.23e-24
916.608223,1.26e-24
916.611445,5e-24
916.611489,5.28e-24
916.611535,5.6199999999999995e-24
916.611776,1.37e-24
916.611802,1.3999999999999999e-24
916.611816,1.44e-24
916.615116,1.5499999999999998e-24
916.615142,1.5899999999999999e-24
916.615157,1.64e-24
916.616884,5.14e-24
916.616925,5.42e-24
916.616967,5.74e-24
916.618203,1.74e-24
916.618228,1.79e-24
916.618243,1.84e-24
916.621031,1.95e-24
916.621057,2.01e-24
916.621072,2.07e-24
916.621314,5.2099999999999996e-24
916.621352,5.48e-24
916.62139,5.79e-24
916.622183,2.14e-25
916.622189,2.1899999999999998e-25
916.622193,2.1e-25
916.623597,2.18e-24
916.623622,2.24e-24
916.623638,2.31e-24
916.624891,5.2099999999999996e-24
916.624926,5.4699999999999996e-24
916.624961,5.76e-24
916.625895,2.4199999999999998e-24
916.62592,2.49e-24
916.625937,2.57e-24
916.627736,5.15e-24
916.627769,5.4e-24
916.627802,5.67e-24
916.627918,2.6699999999999998e-24
916.627944,2.76e-24
916.627961,2.84e-24
916.629658,2.9299999999999998e-24
916.629684,3.03e-24
916.629702,3.13e-24
916.629943,5.05e-24
916.629975,5.28e-24
916.630005,5.53e-24
916.630228,2.58e-25
916.630233,2.63e-25
916.630238,2.53e-25
916.631104,3.1999999999999998e-24
916.631131,3.31e-24
916.631149,3.42e-24
916.631586,4.899999999999999e-24
916.631617,5.11e-24
916.631645,5.3399999999999996e-24
916.632246,3.47e-24
916.632272,3.59e-24
916.632292,3.72e-24
916.632725,4.72e-24
916.632755,4.91e-24
916.632781,5.12e-24
916.633066,3.74e-24
916.633093,3.88e-24
916.633114,4.02e-24
916.633407,4.5e-24
916.633436,4.68e-24
916.63346,4.88e-24
916.633549,4.01e-24
916.633576,4.16e-24
916.633598,4.3199999999999995e-24
916.633671,4.26e-24
916.633699,4.4299999999999996e-24
916.633722,4.6e-24
916.638074,3.09e-25
916.638079,3.15e-25
916.638085,3.03e-25
916.64573,3.68e-25
916.645733,3.76e-25
916.645741,3.6e-25
916.6532,4.36e-25
916.653203,4.46e-25
916.653211,4.27e-25
916.660493,5.14e-25
916.660495,5.25e-25
916.660505,5.0299999999999995e-25
916.667616,6.04e-25
916.667617,6.18e-25
916.667627,5.91e-25
916.674574,7.06e-25
916.674575,7.22e-25
916.674586,6.9e-25
916.681377,8.305e-25
916.68139,8.03e-25
916.68803,9.74e-25
916.688032,9.499999999999999e-25
916.688044,9.28e-25
916.694544,1.13e-24
916.694546,1.0999999999999998e-24
916.694559,1.07e-24
916.700925,1.29e-24
916.700928,1.26e-24
916.700941,1.23e-24
916.707183,1.4699999999999999e-24
916.707187,1.44e-24
916.7072,1.3999999999999999e-24
916.713327,1.67e-24
916.713331,1.63e-24
916.713345,1.5899999999999999e-24
916.719366,1.88e-24
916.719371,1.83e-24
916.719386,1.7799999999999994e-24
916.725311,2.12e-24
916.725317,2.06e-24
916.725332,2e-24
916.731173,2.37e-24
916.73118,2.3e-24
916.731195,2.23e-24
916.736963,2.63e-24
916.736971,2.56e-24
916.736987,2.48e-24
916.742695,2.9199999999999998e-24
916.742704,2.83e-24
916.74272,2.74e-24
916.748382,3.2099999999999997e-24
916.748391,3.11e-24
916.748409,3.01e-24
916.754039,3.51e-24
916.75405,3.4e-24
916.754068,3.29e-24
916.759684,3.82e-24
916.759696,3.69e-24
916.759715,3.57e-24
916.765336,4.13e-24
916.765348,3.99e-24
916.765368,3.85e-24
916.771015,4.44e-24
916.771029,4.28e-24
916.771049,4.13e-24
916.776746,4.74e-24
916.776761,4.5599999999999996e-24
916.776782,4.399999999999999e-24
916.780108,2.77e-25
916.780162,2.91e-25
916.780213,3.06e-25
916.782556,5.01e-24
916.782573,4.83e-24
916.782595,4.65e-24
916.788478,5.28e-24
916.788496,5.0599999999999996e-24
916.78852,4.88e-24
916.794549,5.51e-24
916.794568,5.28e-24
916.794594,5.07e-24
916.800813,5.7099999999999996e-24
916.800834,5.46e-24
916.800861,5.2299999999999995e-24
916.807323,5.8599999999999996e-24
916.807346,5.5999999999999996e-24
916.807376,5.35e-24
916.814143,5.96e-24
916.814169,5.68e-24
916.8142,5.42e-24
916.821353,6e-24
916.821381,5.69e-24
916.821415,5.42e-24
916.82905,5.96e-24
916.829081,5.64e-24
916.829119,5.3599999999999995e-24
916.83736,5.83e-24
916.837395,5.5e-24
916.837436,5.2099999999999996e-24
916.846444,5.5999999999999996e-24
916.846483,5.27e-24
916.846528,4.99e-24
916.849187,3.1149999999999998e-24
916.856516,5.27e-24
916.856561,4.9499999999999996e-24
916.856611,4.65e-24
916.867869,4.8199999999999996e-24
916.867919,4.5e-24
916.867976,4.21e-24
916.880909,4.22e-24
916.880968,3.92e-24
916.881033,3.66e-24
916.896234,3.47e-24
916.896303,3.1999999999999998e-24
916.896378,2.97e-24
916.914755,2.5299999999999998e-24
916.914837,2.32e-24
916.914926,2.14e-24
916.937959,1.39e-24
916.938058,1.2699999999999999e-24
916.938165,1.16e-24
917.028103,3.25e-25
917.028136,3.1e-25
917.028182,2.96e-25
917.031732,3.343e-24
917.092079,1.5699999999999997e-23
917.092099,1.6499999999999998e-23
917.092119,1.7199999999999998e-23
917.144707,2.74e-24
917.144753,2.7999999999999998e-24
917.144763,2.87e-24
917.202819,2.87e-24
917.202828,2.8099999999999998e-24
917.202838,2.9399999999999998e-24
917.221692,1.8e-23
917.22171,1.7199999999999998e-23
917.221729,1.6499999999999998e-23
917.243481,9.419999999999999e-25
917.315303,9.681e-25
917.618452,2.62e-25
917.618512,2.76e-25
917.618569,2.91e-25
917.696018,3.029e-24
917.869115,3.236e-24
917.882648,3.1e-25
917.882685,2.96e-25
917.882736,2.81e-25
917.935307,1.49e-23
917.935327,1.56e-23
917.935347,1.6299999999999997e-23
917.970461,2.35e-24
917.970509,2.4e-24
917.970518,2.46e-24
918.027139,2.46e-24
918.027148,2.4e-24
918.02716,2.51e-24
918.059813,1.69e-23
918.05983,1.6299999999999997e-23
918.059848,1.56e-23
918.072984,8.291e-25
918.142939,8.515e-25
918.455624,2.42e-25
918.455689,2.56e-25
918.455753,2.7e-25
918.54206,2.933e-24
918.706592,3.122e-24
918.738305,2.9e-25
918.738347,2.75e-25
918.738403,2.61e-25
918.777979,1.4000000000000002e-23
918.777999,1.4599999999999998e-23
918.778018,1.53e-23
918.795429,2e-24
918.79548,2.05e-24
918.795488,2.09e-24
918.850726,2.1e-24
918.850735,2.05e-24
918.850749,2.14e-24
918.897744,1.5899999999999998e-23
918.897759,1.53e-23
918.897776,1.47e-23
918.901732,7.266000000000001e-25
918.969903,7.457e-25
919.291313,2.17e-25
919.291386,2.3e-25
919.291458,2.44e-25
919.387365,2.829e-24
919.544101,3.001e-24
919.595298,2.63e-25
919.595346,2.49e-25
919.595409,2.36e-25
919.619599,1.7e-24
919.619652,1.74e-24
919.61966,1.7799999999999994e-24
919.620106,1.31e-23
919.620127,1.37e-23
919.620145,1.43e-23
919.673562,1.7799999999999994e-24
919.67357,1.74e-24
919.673588,1.82e-24
919.729709,6.339e-25
919.735456,1.49e-23
919.73547,1.43e-23
919.735487,1.37e-23
919.796176,6.502e-25
920.1251,1.87e-25
920.125182,1.9899999999999999e-25
920.125266,2.11e-25
920.231973,2.718e-24
920.381587,2.874e-24
920.442956,1.45e-24
920.443012,1.48e-24
920.44302,1.51e-24
920.453927,2.3e-25
920.453982,2.17e-25
920.454053,2.05e-25
920.461696,1.2299999999999998e-23
920.461717,1.28e-23
920.461734,1.3299999999999998e-23
920.495631,1.51e-24
920.495638,1.48e-24
920.495659,1.5399999999999999e-24
920.556898,5.506e-25
920.572925,1.3799999999999998e-23
920.572937,1.3299999999999998e-23
920.572953,1.28e-23
920.621733,5.644000000000001e-25
920.956404,1.54e-25
920.956497,1.64e-25
920.956594,1.74e-25
921.075918,2.6e-24
921.219002,2.741e-24
921.265486,1.22e-24
921.265545,1.25e-24
921.265552,1.2699999999999999e-24
921.302754,1.14e-23
921.302775,1.18e-23
921.302792,1.2299999999999998e-23
921.314598,1.91e-25
921.314662,1.8e-25
921.314744,1.69e-25
921.316913,1.2699999999999999e-24
921.316921,1.25e-24
921.316945,1.2999999999999998e-24
921.383282,4.762e-25
921.410125,1.28e-23
921.410137,1.2299999999999998e-23
921.410152,1.19e-23
921.446554,4.878e-25
921.784385,1.18e-25
921.784494,1.26e-25
921.784609,1.35e-25
921.919225,2.476e-24
922.056302,2.604e-24
922.087174,1.02e-24
922.087237,1.05e-24
922.087244,1.07e-24
922.137395,1.07e-24
922.137402,1.05e-24
922.13743,1.09e-24
922.143282,1.05e-23
922.143304,1.09e-23
922.14332,1.13e-23
922.177884,1.49e-25
922.177959,1.4e-25
922.178053,1.31e-25
922.208844,4.1e-25
922.247035,1.18e-23
922.247046,1.13e-23
922.247061,1.1e-23
922.270617,4.198e-25
922.714677,3.1280000000000003e-25
922.734974,4.308e-25
922.750139,5.275000000000001e-25
922.758787,3.1510000000000003e-25
922.761737,6.053e-25
922.761917,2.349e-24
922.764127,3.5e-25
922.769061,3.865e-25
922.770714,6.6599999999999995e-25
922.773583,4.245e-25
922.777681,7.114e-25
922.777688,4.635000000000001e-25
922.781368,5.031e-25
922.783052,7.429e-25
922.784613,5.428e-25
922.787117,7.62e-25
922.787408,5.819e-25
922.789736,6.197e-25
922.790087,7.699999999999998e-25
922.791573,6.553000000000001e-25
922.792121,7.682e-25
922.792893,6.88e-25
922.793336,7.58e-25
922.793658,7.167e-25
922.793824,7.404e-25
922.864264,3.226e-25
922.872981,3.584e-25
922.881507,3.961e-25
922.88986,4.3530000000000005e-25
922.893447,2.464e-24
922.89806,4.756e-25
922.906129,5.167e-25
922.908006,8.53e-25
922.908073,8.7e-25
922.908079,8.87e-25
922.914087,5.578e-25
922.92196,5.9840000000000005e-25
922.929776,6.378e-25
922.937565,6.751e-25
922.945361,7.094e-25
922.953206,7.397e-25
922.957057,8.87e-25
922.957063,8.7e-25
922.957095,9.05e-25
922.961146,7.649999999999999e-25
922.969237,7.839000000000001e-25
922.977545,7.955e-25
922.983283,9.68e-24
922.983305,1.01e-23
922.98332,1.0399999999999998e-23
922.986151,7.982e-25
922.995157,7.909000000000001e-25
923.00469,7.72e-25
923.014916,7.402e-25
923.026054,6.939000000000001e-25
923.033565,3.515e-25
923.038403,6.3140000000000005e-25
923.044609,1.05e-25
923.052382,5.51e-25
923.068609,4.504e-25
923.083634,1.08e-23
923.083644,1.0399999999999998e-23
923.083658,1.01e-23
923.088036,3.273e-25
923.0939,3.5960000000000004e-25
923.604007,2.218e-24
923.727968,7.1e-25
923.728039,7.24e-25
923.728045,7.38e-25
923.730403,2.321e-24
923.775884,7.38e-25
923.775889,7.24e-25
923.775926,7.52e-25
923.822755,8.87e-24
923.822777,9.17e-24
923.822792,9.49e-24
923.857427,3e-25
923.916379,3.068e-25
923.919902,9.82e-24
923.91991,9.5e-24
923.919924,9.19e-24
924.445508,2.0849999999999998e-24
924.547042,5.87e-25
924.547118,5.99e-25
924.547123,6.099999999999999e-25
924.567137,2.178e-24
924.593855,6.099999999999999e-25
924.593859,5.99e-25
924.593901,6.22e-25
924.661698,8.1e-24
924.66172,8.36e-24
924.661735,8.639999999999999e-24
924.755819,8.92e-24
924.755826,8.639999999999999e-24
924.75584,8.37e-24
925.070265,1.41e-23
925.070275,1.27e-23
925.07028,1.5699999999999997e-23
925.072172,1.57e-25
925.072337,1.57e-25
925.286429,1.9509999999999998e-24
925.333605,1.43e-25
925.333885,1.43e-25
925.336002,1.7e-23
925.336042,1.55e-23
925.336066,1.41e-23
925.365217,4.85e-25
925.365299,4.94e-25
925.365302,5.02e-25
925.403619,2.035e-24
925.410958,5.02e-25
925.410961,4.94e-25
925.411009,5.12e-25
925.500107,7.35e-24
925.50013,7.59e-24
925.500144,7.84e-24
925.591367,8.09e-24
925.591373,7.84e-24
925.591387,7.599999999999999e-24
925.924236,1.26e-23
925.924238,1.3799999999999998e-23
925.924263,1.5199999999999998e-23
925.92626,1.26e-25
925.926437,1.26e-25
926.126773,1.818e-24
926.171227,1.16e-25
926.171484,1.16e-25
926.173682,1.6499999999999998e-23
926.173723,1.5099999999999998e-23
926.173749,1.3899999999999998e-23
926.182471,3.9799999999999998e-25
926.18256,4.05e-25
926.182562,4.13e-25
926.22717,4.13e-25
926.227172,4.05e-25
926.227226,4.2e-25
926.239822,1.893e-24
926.33798,6.649999999999999e-24
926.338004,6.85e-24
926.338017,7.07e-24
926.426529,7.29e-24
926.426535,7.07e-24
926.426547,6.859999999999999e-24
926.777496,1.24e-23
926.777504,1.36e-23
926.777533,1.48e-23
926.779612,1.03e-25
926.779792,1.03e-25
926.920053,9.97e-26
926.966543,1.6869999999999998e-24
926.998797,3.25e-25
926.998893,3.31e-25
926.998894,3.37e-25
927.011888,1.6000000000000002e-23
927.011928,1.48e-23
927.011955,1.36e-23
927.04248,3.37e-25
927.042481,3.31e-25
927.042542,3.43e-25
927.075718,1.753e-24
927.096912,1.04e-25
927.096929,1.01e-25
927.175312,5.98e-24
927.175336,6.1599999999999995e-24
927.175349,6.35e-24
927.261288,6.54e-24
927.261292,6.35e-24
927.261305,6.17e-24
927.62987,1.22e-23
927.629882,1.3299999999999998e-23
927.629912,1.4399999999999997e-23
927.760802,9.92e-26
927.760837,1.03e-25
927.760866,1.07e-25
927.805741,1.558e-24
927.850604,1.55e-23
927.850642,1.4399999999999997e-23
927.850669,1.3299999999999998e-23
927.911283,1.617e-24
927.945158,1.11e-25
927.945177,1.07e-25
927.945205,1.04e-25
928.012097,5.3599999999999995e-24
928.012121,5.52e-24
928.012134,5.68e-24
928.095627,5.8399999999999996e-24
928.09563,5.68e-24
928.095642,5.52e-24
928.481357,1.2e-23
928.481372,1.3e-23
928.481402,1.4000000000000002e-23
928.601471,1.05e-25
928.601508,1.09e-25
928.601539,1.13e-25
928.644363,1.432e-24
928.689761,1.5e-23
928.689796,1.4000000000000002e-23
928.689823,1.3e-23
928.746494,1.485e-24
928.793901,1.18e-25
928.793922,1.14e-25
928.793952,1.1e-25
928.848329,4.79e-24
928.848354,4.92e-24
928.848366,5.05e-24
928.929529,5.199999999999999e-24
928.929532,5.0599999999999996e-24
928.929544,4.93e-24
929.332009,1.18e-23
929.332025,1.26e-23
929.332054,1.35e-23
929.441946,1.09e-25
929.441985,1.13e-25
929.442018,1.18e-25
929.482407,1.311e-24
929.529278,1.4399999999999997e-23
929.529311,1.35e-23
929.529337,1.27e-23
929.581326,1.357e-24
929.643176,1.23e-25
929.643199,1.19e-25
929.64323,1.14e-25
929.684,4.25e-24
929.684026,4.37e-24
929.684038,4.49e-24
929.76298,4.61e-24
929.762982,4.49e-24
929.762993,4.37e-24
930.181888,1.15e-23
930.181905,1.22e-23
930.181933,1.3e-23
930.282165,1.13e-25
930.282206,1.17e-25
930.282242,1.22e-25
930.319868,1.195e-24
930.369079,1.3899999999999998e-23
930.36911,1.3e-23
930.369135,1.2299999999999998e-23
930.415759,1.236e-24
930.493027,1.28e-25
930.493051,1.23e-25
930.493085,1.18e-25
930.519105,3.76e-24
930.519131,3.86e-24
930.519143,3.96e-24
930.595963,4.07e-24
930.595964,3.96e-24
930.595975,3.86e-24
931.031055,1.11e-23
931.031073,1.18e-23
931.031099,1.26e-23
931.122053,1.15e-25
931.122096,1.19e-25
931.122136,1.24e-25
931.15674,1.084e-24
931.209094,1.3299999999999998e-23
931.209123,1.26e-23
931.209147,1.19e-23
931.24977,1.12e-24
931.249992,1.979e-24
931.343505,1.31e-25
931.343532,1.25e-25
931.343568,1.21e-25
931.353633,3.31e-24
931.35366,3.3899999999999996e-24
931.353672,3.48e-24
931.428464,3.525e-24
931.428475,3.4e-24
931.496299,2.176e-24
931.879562,1.0699999999999998e-23
931.87958,1.14e-23
931.879606,1.2e-23
931.96152,1.15e-25
931.961566,1.2e-25
931.961609,1.25e-25
931.993014,9.792e-25
932.049261,1.27e-23
932.049287,1.2e-23
932.04931,1.14e-23
932.083339,1.0099999999999999e-24
932.100442,1.938e-24
932.187578,2.9e-24
932.187605,2.97e-24
932.187616,3.0499999999999998e-24
932.194676,1.32e-25
932.194706,1.27e-25
932.194745,1.21e-25
932.260465,3.0499999999999998e-24
932.260467,3.12e-24
932.260476,2.97e-24
932.333864,2.12e-24
932.727454,1.03e-23
932.727473,1.09e-23
932.727497,1.15e-23
932.800456,1.14e-25
932.800506,1.19e-25
932.800553,1.24e-25
932.828684,8.806e-25
932.889524,1.21e-23
932.889549,1.15e-23
932.889571,1.09e-23
932.916445,9.078e-25
932.950793,1.898e-24
933.020929,2.52e-24
933.020958,2.59e-24
933.020969,2.65e-24
933.046621,1.31e-25
933.046652,1.26e-25
933.046695,1.2e-25
933.091954,2.65e-24
933.091957,2.72e-24
933.091965,2.59e-24
933.171498,2.064e-24
933.574769,9.85e-24
933.574788,1.0399999999999998e-23
933.574811,1.1e-23
933.638724,1.1e-25
933.638778,1.15e-25
933.638829,1.21e-25
933.663739,7.884000000000001e-25
933.729836,1.15e-23
933.729859,1.1e-23
933.72988,1.0399999999999998e-23
933.749068,8.121e-25
933.800563,1.856e-24
933.853679,2.19e-24
933.853708,2.25e-24
933.853719,2.3e-24
933.899438,1.28e-25
933.899473,1.23e-25
933.89952,1.17e-25
933.922916,2.3e-24
933.922919,2.36e-24
933.922926,2.25e-24
934.009329,2.007e-24
934.421537,9.39e-24
934.421556,9.86e-24
934.421578,1.0399999999999998e-23
934.473822,5.24e-25
934.47393,5.72e-25
934.474061,6.3e-25
934.476151,1.05e-25
934.47621,1.1e-25
934.476267,1.15e-25
934.49817,7.027e-25
934.50052,9.7e-25
934.500609,1.06e-24
934.500716,1.15e-24
934.520842,1.35e-24
934.520917,1.45e-24
934.521007,1.58e-24
934.536901,1.66e-24
934.536966,1.7699999999999998e-24
934.537043,1.91e-24
934.549936,1.8999999999999998e-24
934.549994,2.0299999999999998e-24
934.55006,2.17e-24
934.560728,2.09e-24
934.56078,2.23e-24
934.560838,2.38e-24
934.569799,2.24e-24
934.569846,2.37e-24
934.569898,2.52e-24
934.570155,1.09e-23
934.570176,1.0399999999999998e-23
934.570196,9.89e-24
934.577511,2.34e-24
934.577554,2.47e-24
934.577601,2.62e-24
934.581187,7.232000000000001e-25
934.584126,2.4e-24
934.584166,2.5299999999999998e-24
934.584208,2.6699999999999998e-24
934.589838,2.4199999999999998e-24
934.589875,2.5399999999999998e-24
934.589913,2.6799999999999998e-24
934.594792,2.4099999999999998e-24
934.594827,2.5299999999999998e-24
934.594862,2.65e-24
934.599102,2.37e-24
934.599135,2.48e-24
934.599168,2.6e-24
934.602858,2.31e-24
934.602889,2.4199999999999998e-24
934.602919,2.5299999999999998e-24
934.606129,2.23e-24
934.606159,2.33e-24
934.606188,2.43e-24
934.608974,2.14e-24
934.609002,2.23e-24
934.609029,2.32e-24
934.611189,2.03e-25
934.611213,2.08e-25
934.611225,2.13e-25
934.611437,2.0299999999999998e-24
934.611465,2.11e-24
934.61149,2.19e-24
934.612917,2.4e-25
934.612941,2.45e-25
934.612953,2.51e-25
934.613558,1.91e-24
934.613585,1.99e-24
934.613608,2.06e-24
934.614482,2.82e-25
934.614506,2.88e-25
934.614519,2.95e-25
934.615367,1.79e-24
934.615393,1.86e-24
934.615415,1.92e-24
934.615884,3.29e-25
934.615907,3.37e-25
934.61592,3.45e-25
934.61689,1.67e-24
934.616916,1.72e-24
934.616937,1.7799999999999994e-24
934.617121,3.82e-25
934.617144,3.91e-25
934.617158,4.01e-25
934.61815,1.5499999999999998e-24
934.618175,1.5999999999999999e-24
934.618193,4.42e-25
934.618195,1.65e-24
934.618217,4.53e-25
934.61823,4.64e-25
934.619099,5.08e-25
934.619122,5.21e-25
934.619136,5.34e-25
934.619164,1.42e-24
934.619188,1.4699999999999999e-24
934.619208,1.51e-24
934.619836,5.82e-25
934.61986,5.97e-25
934.619874,6.12e-25
934.619948,1.2999999999999998e-24
934.619972,1.3399999999999999e-24
934.61999,1.38e-24
934.620402,6.63e-25
934.620426,6.8e-25
934.62044,6.99e-25
934.620514,1.18e-24
934.620538,1.2099999999999999e-24
934.620555,1.25e-24
934.620794,7.51e-25
934.620817,7.71e-25
934.620832,7.93e-25
934.620873,1.06e-24
934.620897,1.09e-24
934.620914,1.12e-24
934.621006,8.45e-25
934.62103,8.69e-25
934.621035,9.48e-25
934.621045,8.94e-25
934.621058,9.75e-25
934.621075,1.0099999999999999e-24
934.649607,1.809e-24
934.685817,1.8899999999999998e-24
934.685847,1.94e-24
934.685858,1.99e-24
934.696557,2.16e-25
934.69656,2.12e-25
934.696571,2.07e-25
934.700441,2.56e-25
934.700444,2.5e-25
934.700456,2.45e-25
934.70425,3e-25
934.704253,2.94e-25
934.704265,2.87e-25
934.70799,3.51e-25
934.707995,3.43e-25
934.708007,3.36e-25
934.71167,4.09e-25
934.711674,3.99e-25
934.711687,3.9e-25
934.715295,4.74e-25
934.7153,4.62e-25
934.715313,4.51e-25
934.718873,5.45e-25
934.718879,5.31e-25
934.718893,5.19e-25
934.722413,6.25e-25
934.72242,6.09e-25
934.722434,5.94e-25
934.725923,7.13e-25
934.72593,6.95e-25
934.725945,6.77e-25
934.729412,8.1e-25
934.72942,7.88e-25
934.729434,7.68e-25
934.732889,9.14e-25
934.732897,8.89e-25
934.732912,8.65e-25
934.736364,1.03e-24
934.736374,9.97e-25
934.736389,9.71e-25
934.739849,1.15e-24
934.739859,1.12e-24
934.739876,1.09e-24
934.743356,1.28e-24
934.743367,1.24e-24
934.743384,1.2099999999999999e-24
934.746898,1.41e-24
934.74691,1.37e-24
934.746927,1.3299999999999999e-24
934.75049,1.5499999999999998e-24
934.750502,1.4999999999999998e-24
934.75052,1.4599999999999999e-24
934.753255,1.23e-25
934.753294,1.17e-25
934.753335,1.99e-24
934.75334,2.0299999999999998e-24
934.753345,1.12e-25
934.753346,1.94e-24
934.754147,1.69e-24
934.75416,1.64e-24
934.754179,1.5899999999999999e-24
934.757888,1.83e-24
934.757902,1.7699999999999998e-24
934.757922,1.71e-24
934.761733,1.98e-24
934.761749,1.91e-24
934.761769,1.84e-24
934.765705,2.12e-24
934.765722,2.04e-24
934.765744,1.97e-24
934.769832,2.26e-24
934.76985,2.17e-24
934.769873,2.09e-24
934.774143,2.38e-24
934.774162,2.2899999999999998e-24
934.774187,2.21e-24
934.778674,2.5e-24
934.778695,2.4e-24
934.778721,2.31e-24
934.783469,2.6e-24
934.783492,2.49e-24
934.783519,2.39e-24
934.788577,2.6799999999999998e-24
934.788601,2.57e-24
934.788631,2.46e-24
934.794059,2.74e-24
934.794086,2.61e-24
934.794118,2.5e-24
934.79999,2.77e-24
934.800019,2.63e-24
934.800054,2.51e-24
934.806463,2.76e-24
934.806495,2.62e-24
934.806533,2.49e-24
934.813594,2.71e-24
934.81363,2.56e-24
934.813671,2.43e-24
934.821533,2.61e-24
934.821573,2.47e-24
934.821618,2.33e-24
934.830477,2.46e-24
934.830521,2.32e-24
934.830572,2.19e-24
934.84069,2.25e-24
934.84074,2.11e-24
934.840796,1.99e-24
934.847367,1.948e-24
934.852536,1.98e-24
934.852593,1.85e-24
934.852657,1.73e-24
934.866539,1.64e-24
934.866605,1.52e-24
934.866678,1.42e-24
934.883482,1.2e-24
934.883559,1.0999999999999998e-24
934.883645,1.02e-24
934.904602,6.55e-25
934.904695,5.99e-25
934.904797,5.53e-25
935.267783,8.91e-24
935.267802,9.33e-24
935.267823,9.78e-24
935.312581,1.02e-25
935.312646,1.07e-25
935.331964,6.236000000000001e-25
935.410441,1.03e-23
935.410461,9.79e-24
935.410481,9.36e-24
935.412782,6.413e-25
935.497897,1.759e-24
935.517334,1.64e-24
935.517365,1.67e-24
935.517376,1.71e-24
935.583198,1.71e-24
935.583204,1.75e-24
935.583208,1.67e-24
935.608233,1.15e-25
935.608276,1.09e-25
935.608333,1.04e-25
935.685576,1.885e-24
936.113527,8.41e-24
936.113546,8.8e-24
936.113566,9.2e-24
936.165111,5.51e-25
936.243835,5.6620000000000005e-25
936.250662,9.61e-24
936.250681,9.2e-24
936.250699,8.82e-24
936.345446,1.705e-24
936.34822,1.41e-24
936.348251,1.44e-24
936.348262,1.4699999999999999e-24
936.41249,1.4699999999999999e-24
936.412497,1.4999999999999998e-24
936.4125,1.44e-24
936.464582,1.04e-25
936.464631,9.88e-26
936.523908,1.82e-24
936.958786,7.92e-24
936.958804,8.26e-24
936.958824,8.62e-24
936.997598,4.847e-25
937.074323,4.977000000000001e-25
937.090786,8.98e-24
937.090803,8.62e-24
937.090821,8.28e-24
937.178463,1.2e-24
937.178496,1.23e-24
937.178506,1.25e-24
937.192285,1.647e-24
937.241197,1.25e-24
937.241205,1.28e-24
937.241207,1.23e-24
937.362313,1.751e-24
937.80357,7.41e-24
937.803589,7.72e-24
937.803608,8.05e-24
937.82941,4.245e-25
937.904229,4.3560000000000005e-25
937.930785,8.36e-24
937.930802,8.05e-24
937.930819,7.74e-24
938.008054,1.02e-24
938.008088,1.04e-24
938.008098,1.06e-24
938.038443,1.584e-24
938.069304,1.06e-24
938.069313,1.09e-24
938.069314,1.04e-24
938.200739,1.678e-24
938.64789,6.909999999999999e-24
938.647909,7.19e-24
938.647927,7.469999999999999e-24
938.660536,3.701e-25
938.733532,3.795e-25
938.770634,7.769999999999999e-24
938.77065,7.48e-24
938.770666,7.199999999999999e-24
938.836981,8.59e-25
938.837016,8.779999999999999e-25
938.837026,8.96e-25
938.88395,1.518e-24
938.896797,8.96e-25
938.896807,8.779999999999999e-25
938.896808,9.15e-25
939.039141,1.604e-24
939.490959,3.213e-25
939.491754,6.41e-24
939.491773,6.66e-24
939.49179,6.909999999999999e-24
939.562211,3.2930000000000003e-25
939.610309,7.169999999999999e-24
939.610324,6.92e-24
939.61034,6.67e-24
939.665233,7.24e-25
939.66527,7.399999999999998e-25
939.665279,7.55e-25
939.723663,7.55e-25
939.723672,7.399999999999998e-25
939.723675,7.71e-25
939.728831,1.449e-24
939.877476,1.5259999999999999e-24
940.335164,5.92e-24
940.335183,6.1399999999999995e-24
940.3352,6.37e-24
940.449788,6.6e-24
940.449802,6.37e-24
940.449817,6.15e-24
940.4928,6.07e-25
940.492838,6.2e-25
940.492848,6.32e-25
940.549886,6.32e-25
940.549895,6.2e-25
940.5499,6.45e-25
940.573107,1.377e-24
940.715704,1.447e-24
941.178125,5.44e-24
941.178145,5.64e-24
941.178161,5.8399999999999996e-24
941.289051,6.04e-24
941.289063,5.8399999999999996e-24
941.289078,5.64e-24
941.31967,5.07e-25
941.319709,5.17e-25
941.319718,5.27e-25
941.375454,5.27e-25
941.375462,5.17e-25
941.375469,5.38e-25
941.416795,1.303e-24
941.55379,1.367e-24
942.020639,4.99e-24
942.020658,5.15e-24
942.020673,5.33e-24
942.128076,5.51e-24
942.128088,5.33e-24
942.128102,5.16e-24
942.14583,4.22e-25
942.145872,4.3e-25
942.14588,4.39e-25
942.200351,4.39e-25
942.200359,4.31e-25
942.200367,4.47e-25
942.259908,1.229e-24
942.391701,1.286e-24
942.862703,4.55e-24
942.862723,4.7e-24
942.862738,4.86e-24
942.966847,5e-24
942.966858,4.86e-24
942.966872,4.7e-24
942.97127,3.4899999999999998e-25
942.971314,3.56e-25
942.971322,3.63e-25
943.024563,3.63e-25
943.024571,3.56e-25
943.024582,3.7e-25
943.102455,1.153e-24
943.229406,1.2039999999999999e-24
943.704319,4.12e-24
943.704339,4.26e-24
943.704354,4.399999999999999e-24
943.805346,4.53e-24
943.805356,4.399999999999999e-24
943.80537,4.26e-24
943.888299,7.559999999999999e-24
943.888305,6.859999999999999e-24
943.888314,8.32e-24
943.944443,1.078e-24
944.066876,1.123e-24
944.154484,8.989999999999999e-24
944.15452,8.249999999999999e-24
944.154542,7.55e-24
944.545484,3.73e-24
944.545504,3.84e-24
944.545518,3.96e-24
944.643555,4.08e-24
944.643564,3.96e-24
944.643578,3.85e-24
944.742804,6.76e-24
944.742807,7.379999999999999e-24
944.74283,8.06e-24
944.785877,1.003e-24
944.904086,1.043e-24
944.994008,8.67e-24
944.994045,8.01e-24
944.994069,7.39e-24
945.386194,3.35e-24
945.386214,3.45e-24
945.386227,3.5599999999999995e-24
945.481459,3.66e-24
945.481467,3.5599999999999995e-24
945.48148,3.45e-24
945.596736,6.63e-24
945.596744,7.19e-24
945.596771,7.8e-24
945.626758,9.289e-25
945.741008,9.652e-25
945.834004,8.36e-24
945.83404,7.769999999999999e-24
945.834066,7.209999999999999e-24
946.226445,3e-24
946.226466,3.09e-24
946.226479,3.1799999999999998e-24
946.319041,3.27e-24
946.319049,3.1799999999999998e-24
946.319061,3.09e-24
946.449955,6.4899999999999996e-24
946.449967,6.989999999999999e-24
946.449995,7.54e-24
946.467087,8.569e-25
946.57762,8.891e-25
946.674466,8.06e-24
946.6745,7.52e-24
946.674526,7.01e-24
947.066233,2.6699999999999998e-24
947.066254,2.75e-24
947.066267,2.83e-24
947.156287,2.91e-24
947.156294,2.83e-24
947.156306,2.75e-24
947.302451,6.329999999999999e-24
947.302466,6.779999999999999e-24
947.302494,7.27e-24
947.306862,7.869000000000001e-25
947.413898,8.155000000000001e-25
947.515341,7.75e-24
947.515374,7.26e-24
947.5154,6.8e-24
947.905553,2.37e-24
947.905574,2.44e-24
947.905587,2.5e-24
947.993182,2.57e-24
947.993188,2.5e-24
947.9932,2.44e-24
948.146079,7.196000000000001e-25
948.15426,6.1399999999999995e-24
948.154276,6.56e-24
948.154303,7.000000000000001e-24
948.24982,7.447e-25
948.356568,7.429999999999999e-24
948.356599,6.989999999999999e-24
948.356624,6.58e-24
948.744399,2.09e-24
948.744421,2.1499999999999998e-24
948.744433,2.21e-24
948.82971,2.27e-24
948.829716,2.21e-24
948.829727,2.1499999999999998e-24
948.984734,6.551e-25
949.005427,5.94e-24
949.005443,6.32e-24
949.00547,6.71e-24
949.085365,6.772e-25
949.198084,7.11e-24
949.198113,6.71e-24
949.198137,6.34e-24
949.582765,1.84e-24
949.582787,1.8899999999999998e-24
949.582799,1.94e-24
949.665859,1.99e-24
949.665863,1.94e-24
949.665875,1.8899999999999998e-24
949.822821,5.938000000000001e-25
949.855997,5.72e-24
949.856014,6.06e-24
949.85604,6.4199999999999995e-24
949.920511,6.132e-25
950.039829,6.779999999999999e-24
950.039857,6.4199999999999995e-24
950.03988,6.08e-24
950.420643,1.62e-24
950.420665,1.66e-24
950.420677,1.69e-24
950.501613,1.74e-24
950.501617,1.69e-24
950.501628,1.66e-24
950.660332,5.358e-25
950.706013,5.4899999999999995e-24
950.706031,5.8e-24
950.706055,6.1199999999999996e-24
950.755238,5.528e-25
950.881752,6.45e-24
950.881778,6.1199999999999996e-24
950.8818,5.81e-24
951.258027,1.41e-24
951.25805,1.45e-24
951.258061,1.48e-24
951.33696,1.52e-24
951.336963,1.48e-24
951.336974,1.45e-24
951.49726,4.814e-25
951.555511,5.25e-24
951.555529,5.52e-24
951.555553,5.82e-24
951.589526,4.962000000000001e-25
951.723805,6.11e-24
951.72383,5.82e-24
951.723851,5.54e-24
952.09491,1.23e-24
952.094933,1.26e-24
952.094944,1.29e-24
952.171886,1.32e-24
952.171888,1.29e-24
952.171899,1.26e-24
952.189816,2.35e-25
952.189917,2.55e-25
952.190038,2.78e-25
952.215165,4.35e-25
952.215249,4.68e-25
952.21535,5.07e-25
952.235093,5.99e-25
952.235165,6.43e-25
952.235251,6.92e-25
952.251309,7.35e-25
952.251372,7.84e-25
952.251446,8.4e-25
952.264852,8.42e-25
952.264908,8.95e-25
952.264972,9.55e-25
952.276395,9.24e-25
952.276446,9.79e-25
952.276503,1.04e-24
952.286398,9.84e-25
952.286443,1.04e-24
952.286495,1.0999999999999998e-24
952.295183,1.03e-24
952.295225,1.0799999999999999e-24
952.295272,1.1399999999999999e-24
952.302989,1.05e-24
952.303028,1.0999999999999998e-24
952.30307,1.16e-24
952.309993,1.05e-24
952.310029,1.0999999999999998e-24
952.310068,1.16e-24
952.31633,1.04e-24
952.316364,1.09e-24
952.3164,1.1399999999999999e-24
952.322107,1.02e-24
952.322139,1.07e-24
952.322172,1.12e-24
952.327407,9.91e-25
952.327438,1.04e-24
952.327469,1.0799999999999999e-24
952.332298,9.53e-25
952.332328,9.91e-25
952.332356,1.04e-24
952.333596,4.307e-25
952.336834,9.08e-25
952.336862,9.429999999999999e-25
952.336889,9.81e-25
952.34106,8.58e-25
952.341087,8.899999999999999e-25
952.341112,9.25e-25
952.345011,8.06e-25
952.345038,8.34e-25
952.345061,8.65e-25
952.34872,7.51e-25
952.348746,7.77e-25
952.348768,8.05e-25
952.352211,6.95e-25
952.352236,7.18e-25
952.352257,7.43e-25
952.355506,6.39e-25
952.35553,6.6e-25
952.355551,6.82e-25
952.358623,5.84e-25
952.358647,6.02e-25
952.358666,6.21e-25
952.361577,5.3e-25
952.3616,5.46e-25
952.361619,5.63e-25
952.364381,4.79e-25
952.364404,4.93e-25
952.364422,5.07e-25
952.367047,4.3e-25
952.367069,4.43e-25
952.367086,4.56e-25
952.369583,3.84e-25
952.369605,3.95e-25
952.369621,4.06e-25
952.371997,3.41e-25
952.372019,3.5e-25
952.372035,3.6e-25
952.374296,3.01e-25
952.374318,3.09e-25
952.374333,3.17e-25
952.376486,2.64e-25
952.376507,2.71e-25
952.376522,2.78e-25
952.378571,2.31e-25
952.378592,2.37e-25
952.378607,2.43e-25
952.380555,2.01e-25
952.380576,2.06e-25
952.38059,2.11e-25
952.382442,1.74e-25
952.382463,1.78e-25
952.382477,1.82e-25
952.404521,5e-24
952.404539,5.24e-24
952.404562,5.5e-24
952.423355,4.435e-25
952.487122,2.15e-25
952.48713,2.1e-25
952.487144,2.05e-25
952.488066,2.48e-25
952.488075,2.42e-25
952.488089,2.36e-25
952.489052,2.8399999999999998e-25
952.489061,2.77e-25
952.489076,2.7e-25
952.490089,3.24e-25
952.490099,3.15e-25
952.490114,3.08e-25
952.491187,3.67e-25
952.491197,3.58e-25
952.491212,3.4899999999999998e-25
952.492354,4.15e-25
952.492365,4.03e-25
952.492381,3.93e-25
952.493601,4.66e-25
952.493613,4.53e-25
952.49363,4.4e-25
952.494941,5.19e-25
952.494954,5.04e-25
952.494971,4.91e-25
952.496386,5.76e-25
952.496399,5.59e-25
952.496417,5.43e-25
952.497949,6.36e-25
952.497963,6.16e-25
952.497982,5.98e-25
952.499647,6.9799999999999995e-25
952.499662,6.76e-25
952.499681,6.55e-25
952.501497,7.61e-25
952.501513,7.36e-25
952.501533,7.13e-25
952.503518,8.25e-25
952.503535,7.969999999999999e-25
952.503556,7.71e-25
952.505734,8.87e-25
952.505752,8.56e-25
952.505774,8.29e-25
952.508169,9.49e-25
952.508188,9.14e-25
952.508212,8.83e-25
952.510854,1.0099999999999999e-24
952.510874,9.69e-25
952.510899,9.35e-25
952.513822,1.06e-24
952.513844,1.02e-24
952.513871,9.82e-25
952.517115,1.11e-24
952.517139,1.07e-24
952.517167,1.03e-24
952.52078,1.15e-24
952.520806,1.0999999999999998e-24
952.520836,1.06e-24
952.524876,1.18e-24
952.524904,1.13e-24
952.524936,1.0799999999999999e-24
952.529473,1.19e-24
952.529503,1.1399999999999999e-24
952.529538,1.09e-24
952.534658,1.19e-24
952.534691,1.1399999999999999e-24
952.534729,1.09e-24
952.54054,1.18e-24
952.540576,1.12e-24
952.540617,1.06e-24
952.547258,1.1399999999999999e-24
952.547298,1.0799999999999999e-24
952.547343,1.03e-24
952.554992,1.0799999999999999e-24
952.555036,1.02e-24
952.555086,9.61e-25
952.563981,9.87e-25
952.564031,9.29e-25
952.564086,8.769999999999999e-25
952.565946,5.7699999999999995e-24
952.565969,5.5e-24
952.56599,5.25e-24
952.574552,8.69e-25
952.574608,8.15e-25
952.574671,7.67e-25
952.587165,7.16e-25
952.587229,6.6799999999999985e-25
952.5873,6.26e-25
952.602494,5.24e-25
952.602569,4.87e-25
952.602651,4.55e-25
952.621579,2.88e-25
952.621667,2.66e-25
952.621763,2.46e-25
952.931282,1.06e-24
952.931306,1.09e-24
952.931317,1.11e-24
953.006377,1.1399999999999999e-24
953.006379,1.11e-24
953.006389,1.09e-24
953.169329,3.836e-25
953.253069,4.73e-24
953.253087,4.96e-24
953.253109,5.1899999999999996e-24
953.256706,3.947e-25
953.408137,5.43e-24
953.408159,5.1899999999999996e-24
953.408178,4.9699999999999995e-24
953.767137,9.09e-25
953.767161,9.3e-25
953.767172,9.52e-25
953.840421,9.74e-25
953.840422,9.52e-25
953.840432,9.31e-25
954.004449,3.401e-25
954.089558,3.497e-25
954.101176,4.46e-24
954.101193,4.67e-24
954.101214,4.88e-24
954.250343,5.09e-24
954.250364,4.88e-24
954.250383,4.68e-24
954.602465,7.8e-25
954.60249,7.969999999999999e-25
954.6025,8.16e-25
954.674004,8.245e-25
954.674014,7.9799999999999985e-25
954.838944,3.003e-25
954.921893,3.085e-25
954.948857,4.1899999999999995e-24
954.948875,4.38e-24
954.948895,4.57e-24
955.092534,4.76e-24
955.092554,4.57e-24
955.092572,4.38e-24
955.437259,6.6499999999999995e-25
955.437284,6.8e-25
955.437294,6.95e-25
955.507113,7.024999999999999e-25
955.507123,6.8e-25
955.796128,3.92e-24
955.796145,4.08e-24
955.796165,4.25e-24
955.934682,4.42e-24
955.9347,4.25e-24
955.934718,4.09e-24
956.271509,5.64e-25
956.271534,5.77e-25
956.271545,5.89e-25
956.339735,5.89e-25
956.339737,6.02e-25
956.339745,5.77e-25
956.642997,3.6499999999999996e-24
956.643015,3.79e-24
956.643034,3.95e-24
956.776761,4.1e-24
956.776778,3.95e-24
956.776795,3.7999999999999995e-24
957.105206,4.78e-25
957.105232,4.88e-25
957.105242,4.99e-25
957.171859,4.99e-25
957.171861,5.08e-25
957.171868,4.88e-25
957.489474,3.38e-24
957.489492,3.51e-24
957.48951,3.6499999999999996e-24
957.618746,3.7799999999999996e-24
957.618763,3.6499999999999996e-24
957.618779,3.51e-24
957.93834,4.02e-25
957.938367,4.11e-25
957.938377,4.19e-25
958.003471,4.19e-25
958.003474,4.28e-25
958.00348,4.11e-25
958.335565,3.12e-24
958.335582,3.23e-24
958.3356,3.35e-24
958.460617,3.47e-24
958.460632,3.35e-24
958.460648,3.24e-24
958.770904,3.37e-25
958.770931,3.44e-25
958.770941,3.51e-25
958.834558,3.51e-25
958.834562,3.58e-25
958.834567,3.44e-25
959.181273,2.86e-24
959.18129,2.97e-24
959.181307,3.0699999999999998e-24
959.302351,3.1799999999999998e-24
959.302366,3.0699999999999998e-24
959.302381,2.97e-24
960.0266,2.62e-24
960.026618,2.71e-24
960.026634,2.7999999999999998e-24
960.143931,2.9e-24
960.143945,2.7999999999999998e-24
960.14396,2.71e-24
960.871549,2.38e-24
960.871567,2.46e-24
960.871583,2.5399999999999998e-24
960.985337,2.63e-24
960.98535,2.5399999999999998e-24
960.985365,2.46e-24
961.716119,2.1599999999999998e-24
961.716137,2.23e-24
961.716152,2.3e-24
961.826552,2.37e-24
961.826564,2.3e-24
961.826578,2.23e-24
962.45829,3.76e-24
962.458294,3.45e-24
962.458306,4.11e-24
962.560308,1.95e-24
962.560326,2.01e-24
962.560341,2.07e-24
962.667559,2.13e-24
962.667571,2.07e-24
962.667585,2.01e-24
962.725327,4.41e-24
962.725359,4.07e-24
962.72538,3.75e-24
963.313586,3.37e-24
963.31359,3.6499999999999996e-24
963.313612,3.96e-24
963.404116,1.75e-24
963.404134,1.7999999999999997e-24
963.404148,1.86e-24
963.508343,1.91e-24
963.508354,1.86e-24
963.508367,1.7999999999999997e-24
963.566682,4.24e-24
963.566714,3.9299999999999995e-24
963.566738,3.6499999999999996e-24
964.168412,3.28e-24
964.168421,3.5399999999999995e-24
964.168446,3.81e-24
964.247538,1.57e-24
964.247556,1.62e-24
964.24757,1.67e-24
964.348888,1.71e-24
964.348898,1.67e-24
964.348911,1.62e-24
964.408484,4.07e-24
964.408517,3.7999999999999995e-24
964.408541,3.5399999999999995e-24
965.022661,3.1899999999999998e-24
965.022673,3.42e-24
965.022699,3.6699999999999995e-24
965.090571,1.3999999999999999e-24
965.09059,1.44e-24
965.090603,1.48e-24
965.189179,1.52e-24
965.189189,1.48e-24
965.189201,1.44e-24
965.250729,3.9e-24
965.250761,3.66e-24
965.250785,3.4299999999999995e-24
965.87632,3.09e-24
965.876334,3.3e-24
965.876361,3.5199999999999996e-24
965.933212,1.24e-24
965.93323,1.28e-24
965.933243,1.31e-24
966.029202,1.35e-24
966.029211,1.31e-24
966.029223,1.28e-24
966.093376,3.73e-24
966.093406,3.51e-24
966.093431,3.3e-24
966.729415,2.98e-24
966.72943,3.17e-24
966.729456,3.37e-24
966.775454,1.0999999999999998e-24
966.775473,1.13e-24
966.775486,1.16e-24
966.868943,1.19e-24
966.868951,1.16e-24
966.868963,1.13e-24
966.936374,3.5599999999999995e-24
966.936403,3.36e-24
966.936427,3.1799999999999998e-24
967.581978,2.87e-24
967.581994,3.04e-24
967.58202,3.22e-24
967.617294,9.62e-25
967.617313,9.88e-25
967.617325,1.02e-24
967.708387,1.04e-24
967.708395,1.02e-24
967.708407,9.88e-25
967.779671,3.3899999999999996e-24
967.779699,3.2099999999999997e-24
967.779722,3.04e-24
968.434048,2.75e-24
968.434064,2.9e-24
968.434089,3.0599999999999998e-24
968.458725,8.42e-25
968.458744,8.64e-25
968.458756,8.86e-25
968.547523,9.08e-25
968.54753,8.86e-25
968.547541,8.64e-25
968.623217,3.22e-24
968.623243,3.0599999999999998e-24
968.623266,2.9e-24
969.285655,2.62e-24
969.285672,2.76e-24
969.285696,2.9e-24
969.29974,7.34e-25
969.29976,7.53e-25
969.299771,7.72e-25
969.386336,7.9e-25
969.386342,7.72e-25
969.386354,7.53e-25
969.466966,3.04e-24
969.466991,2.9e-24
969.467013,2.76e-24
969.619927,1.07e-25
969.620041,1.16e-25
969.64432,1.81e-25
969.6444,1.94e-25
969.644496,2.09e-25
969.664158,2.49e-25
969.664227,2.66e-25
969.664309,2.85e-25
969.680751,3.04e-25
969.680812,3.24e-25
969.680883,3.45e-25
969.694978,3.48e-25
969.695032,3.68e-25
969.695095,3.92e-25
969.707424,3.8e-25
969.707473,4.02e-25
969.707529,4.25e-25
969.718494,4.03e-25
969.718539,4.25e-25
969.718589,4.49e-25
969.72848,4.18e-25
969.728522,4.39e-25
969.728567,4.62e-25
969.737598,4.25e-25
969.737637,4.45e-25
969.737679,4.67e-25
969.746011,4.25e-25
969.746047,4.45e-25
969.746086,4.66e-25
969.753845,4.2e-25
969.753879,4.3799999999999995e-25
969.753914,4.58e-25
969.761199,4.1e-25
969.761231,4.27e-25
969.761264,4.46e-25
969.768153,3.96e-25
969.768183,4.12e-25
969.768214,4.29e-25
969.774769,3.79e-25
969.774798,3.93e-25
969.774827,4.09e-25
969.7811,3.59e-25
969.781128,3.73e-25
969.781155,3.87e-25
969.787189,3.38e-25
969.787215,3.5e-25
969.787241,3.63e-25
969.79307,3.16e-25
969.793096,3.27e-25
969.79312,3.39e-25
969.798775,2.93e-25
969.798799,3.03e-25
969.798822,3.13e-25
969.804326,2.7e-25
969.80435,2.79e-25
969.804372,2.88e-25
969.809746,2.47e-25
969.80977,2.55e-25
969.809791,2.63e-25
969.815053,2.25e-25
969.815076,2.31e-25
969.815095,2.39e-25
969.82026,2.03e-25
969.820283,2.09e-25
969.820302,2.15e-25
969.825382,1.82e-25
969.825404,1.88e-25
969.825422,1.93e-25
969.830428,1.64e-25
969.83045,1.67e-25
969.830467,1.72e-25
969.962093,2.94e-25
969.96211,2.85e-25
969.96213,2.77e-25
969.962194,3.21e-25
969.962212,3.1e-25
969.962227,2.69e-25
969.962234,3e-25
969.962243,2.61e-25
969.962263,2.53e-25
969.962553,3.47e-25
969.962572,3.35e-25
969.962578,2.44e-25
969.962593,2.37e-25
969.962595,3.24e-25
969.962612,2.3e-25
969.963128,2.2e-25
969.963143,2.14e-25
969.963161,2.08e-25
969.963195,3.72e-25
969.963215,3.59e-25
969.963239,3.47e-25
969.963863,1.97e-25
969.963876,1.92e-25
969.963894,1.86e-25
969.964148,3.97e-25
969.964169,3.83e-25
969.964195,3.69e-25
969.964767,1.76e-25
969.96478,1.71e-25
969.964797,1.67e-25
969.965446,4.2e-25
969.965469,4.04e-25
969.965495,3.9e-25
969.967127,4.4e-25
969.967152,4.23e-25
969.96718,4.07e-25
969.969239,4.57e-25
969.969265,4.39e-25
969.969295,4.22e-25
969.971836,4.7099999999999995e-25
969.971864,4.51e-25
969.971897,4.33e-25
969.974985,4.79e-25
969.975016,4.58e-25
969.97505,4.39e-25
969.978769,4.81e-25
969.978802,4.59e-25
969.978839,4.39e-25
969.983288,4.76e-25
969.983324,4.53e-25
969.983365,4.32e-25
969.988673,4.62e-25
969.988713,4.39e-25
969.988758,4.18e-25
969.995089,4.3799999999999995e-25
969.995133,4.15e-25
969.995182,3.94e-25
970.002754,4.04e-25
970.002803,3.81e-25
970.002857,3.61e-25
970.011961,3.56e-25
970.012016,3.35e-25
970.012077,3.16e-25
970.023119,2.94e-25
970.023181,2.76e-25
970.02325,2.59e-25
970.036811,2.16e-25
970.036883,2.01e-25
970.036961,1.88e-25
970.05392,1.19e-25
970.054003,1.11e-25
970.054095,1.03e-25
970.136831,2.48e-24
970.136848,2.61e-24
970.136871,2.74e-24
970.140335,6.37e-25
970.140354,6.53e-25
970.140366,6.69e-25
970.224814,6.84e-25
970.22482,6.6799999999999985e-25
970.224831,6.53e-25
970.310877,2.87e-24
970.310901,2.74e-24
970.310921,2.61e-24
970.980501,5.5e-25
970.98052,5.63e-25
970.980532,5.77e-25
970.987599,2.35e-24
970.987616,2.46e-24
970.987638,2.58e-24
971.062943,5.9e-25
971.062949,5.77e-25
971.062959,5.63e-25
971.154911,2.7e-24
971.154934,2.58e-24
971.154954,2.47e-24
971.820231,4.74e-25
971.820251,4.85e-25
971.820262,4.96e-25
971.837981,2.21e-24
971.837998,2.31e-24
971.838019,2.4199999999999998e-24
971.900713,5.06e-25
971.900717,4.96e-25
971.900728,4.85e-25
971.999036,2.52e-24
971.999057,2.4199999999999998e-24
971.999077,2.32e-24
972.659518,4.06e-25
972.659539,4.15e-25
972.659549,4.24e-25
972.687994,2.07e-24
972.688011,2.1599999999999998e-24
972.688032,2.26e-24
972.738109,4.34e-25
972.738113,4.24e-25
972.738124,4.15e-25
972.843218,2.35e-24
972.843239,2.26e-24
972.843258,2.17e-24
973.498355,3.46e-25
973.498376,3.54e-25
973.498386,3.62e-25
973.537652,1.94e-24
973.537669,2.0199999999999998e-24
973.537689,2.1e-24
973.57512,3.69e-25
973.575124,3.61e-25
973.575134,3.54e-25
973.687432,2.18e-24
973.687451,2.1e-24
973.687469,2.0199999999999998e-24
974.386967,1.7999999999999997e-24
974.386984,1.87e-24
974.387003,1.95e-24
974.531649,2.0199999999999998e-24
974.531667,1.95e-24
974.531685,1.87e-24
975.235948,1.67e-24
975.235965,1.73e-24
975.235983,1.7999999999999997e-24
975.375846,1.86e-24
975.375864,1.79e-24
975.375881,1.73e-24
976.0846,1.5399999999999999e-24
976.084617,1.5999999999999999e-24
976.084635,1.66e-24
976.220002,1.71e-24
976.220018,1.66e-24
976.220035,1.5999999999999999e-24
976.932929,1.42e-24
976.932946,1.4699999999999999e-24
976.932963,1.52e-24
977.064094,1.57e-24
977.06411,1.52e-24
977.064125,1.4699999999999999e-24
977.780939,1.29e-24
977.780956,1.3399999999999999e-24
977.780972,1.38e-24
977.908103,1.43e-24
977.908118,1.38e-24
977.908134,1.3399999999999999e-24
978.62863,1.18e-24
978.628647,1.22e-24
978.628663,1.26e-24
978.752012,1.2999999999999998e-24
978.752026,1.26e-24
978.752041,1.22e-24
979.476005,1.07e-24
979.476022,1.0999999999999998e-24
979.476037,1.1399999999999999e-24
979.595802,1.17e-24
979.595816,1.1399999999999999e-24
979.59583,1.0999999999999998e-24
980.323061,9.59e-25
980.323078,9.89e-25
980.323093,1.02e-24
980.439457,1.05e-24
980.43947,1.02e-24
980.439484,9.89e-25
980.743665,1.73e-24
980.743667,1.6099999999999997e-24
980.743681,1.88e-24
981.013518,2.01e-24
981.013547,1.86e-24
981.013567,1.73e-24
981.169799,8.61e-25
981.169816,8.87e-25
981.16983,9.14e-25
981.282961,9.4e-25
981.282973,9.13e-25
981.282987,8.87e-25
981.600096,1.56e-24
981.600101,1.67e-24
981.600121,1.7999999999999997e-24
981.856688,1.92e-24
981.856718,1.79e-24
981.856741,1.67e-24
982.016215,7.699999999999998e-25
982.016232,7.93e-25
982.016246,8.16e-25
982.126298,8.38e-25
982.12631,8.16e-25
982.126323,7.93e-25
982.456124,1.52e-24
982.456133,1.62e-24
982.456156,1.73e-24
982.700317,1.84e-24
982.700347,1.72e-24
982.70037,1.62e-24
982.862307,6.85e-25
982.862324,7.05e-25
982.862338,7.25e-25
982.969454,7.45e-25
982.969466,7.25e-25
982.969479,7.05e-25
983.311674,1.4599999999999999e-24
983.311686,1.56e-24
983.31171,1.67e-24
983.544393,1.75e-24
983.544423,1.66e-24
983.544447,1.56e-24
983.708072,6.07e-25
983.708089,6.24e-25
983.708103,6.42e-25
983.812415,6.59e-25
983.812426,6.41e-25
983.812439,6.24e-25
984.166739,1.41e-24
984.166752,1.4999999999999998e-24
984.166777,1.5899999999999999e-24
984.388882,1.67e-24
984.38891,1.5899999999999999e-24
984.388934,1.4999999999999998e-24
984.553505,5.3599999999999995e-25
984.553522,5.5e-25
984.553535,5.65e-25
984.655167,5.8e-25
984.655177,5.65e-25
984.65519,5.5e-25
985.021339,1.35e-24
985.021353,1.43e-24
985.021378,1.52e-24
985.233737,1.5999999999999999e-24
985.233764,1.51e-24
985.233787,1.43e-24
985.398602,4.7099999999999995e-25
985.398619,4.84e-25
985.398632,4.97e-25
985.497696,5.08e-25
985.497706,4.96e-25
985.497718,4.84e-25
985.875502,1.29e-24
985.875518,1.36e-24
985.875542,1.44e-24
986.078912,1.51e-24
986.078939,1.44e-24
986.078961,1.36e-24
986.243357,4.12e-25
986.243374,4.23e-25
986.243387,4.34e-25
986.339989,4.44e-25
986.339998,4.34e-25
986.34001,4.23e-25
986.729259,1.23e-24
986.729275,1.29e-24
986.729298,1.36e-24
986.924365,1.43e-24
986.92439,1.36e-24
986.924412,1.2999999999999998e-24
987.087766,3.59e-25
987.087783,3.68e-25
987.087795,3.77e-25
987.182034,3.86e-25
987.182042,3.77e-25
987.182054,3.68e-25
987.582636,1.17e-24
987.582652,1.22e-24
987.582675,1.29e-24
987.770052,1.3399999999999999e-24
987.770076,1.28e-24
987.770097,1.23e-24
987.931822,3.11e-25
987.931839,3.19e-25
987.931851,3.27e-25
988.435658,1.0999999999999998e-24
988.435675,1.15e-24
988.435697,1.2099999999999999e-24
988.615937,1.26e-24
988.61596,1.2099999999999999e-24
988.615981,1.15e-24
989.288348,1.04e-24
989.288364,1.0799999999999999e-24
989.288386,1.13e-24
989.461986,1.18e-24
989.462008,1.13e-24
989.462028,1.0799999999999999e-24
990.140721,9.67e-25
990.140737,1.0099999999999999e-24
990.140758,1.06e-24
990.308166,1.0999999999999998e-24
990.308187,1.05e-24
990.308206,1.0099999999999999e-24
990.992793,9.01e-25
990.99281,9.39e-25
990.992829,9.78e-25
991.154449,1.02e-24
991.154469,9.77e-25
991.154488,9.39e-25
991.844576,8.37e-25
991.844592,8.7e-25
991.844612,9.05e-25
992.000808,9.39e-25
992.000828,9.04e-25
992.000845,8.71e-25
992.696079,7.74e-25
992.696095,8.04e-25
992.696114,8.34e-25
992.847219,8.64e-25
992.847238,8.33e-25
992.847255,8.05e-25
993.54731,7.13e-25
993.547326,7.39e-25
993.547344,7.67e-25
993.693659,7.94e-25
993.693677,7.66e-25
993.693694,7.399999999999998e-25
994.398274,6.53e-25
994.39829,6.77e-25
994.398307,7.01e-25
994.540107,7.25e-25
994.540124,7e-25
994.54014,6.77e-25
995.248975,5.96e-25
995.248991,6.17e-25
995.249008,6.38e-25
995.386542,6.59e-25
995.386558,6.38e-25
995.386574,6.17e-25
996.099415,5.42e-25
996.099431,5.6e-25
996.099448,5.79e-25
996.232946,5.97e-25
996.232962,5.78e-25
996.232977,5.6e-25
996.949596,4.91e-25
996.949613,5.06e-25
996.949628,5.23e-25
997.079302,5.39e-25
997.079316,5.22e-25
997.079331,5.06e-25
997.799519,4.43e-25
997.799535,4.57e-25
997.79955,4.7099999999999995e-25
997.925591,4.85e-25
997.925605,4.7e-25
997.925619,4.57e-25
998.649181,3.97e-25
998.649197,4.09e-25
998.649212,4.22e-25
998.771798,4.34e-25
998.771812,4.21e-25
998.771826,4.09e-25
999.498581,3.55e-25
999.498597,3.6499999999999998e-25
999.498612,3.76e-25
999.617907,3.86e-25
999.61792,3.76e-25
999.617934,3.6499999999999998e-25
1000.347717,3.16e-25
1000.347733,3.25e-25
1000.347747,3.34e-25
1000.463904,3.43e-25
1000.463917,3.34e-25
1000.46393,3.25e-25
1153.014373,1.012e-25
1154.082977,1.119e-25
1154.143482,1.092e-25
1155.145912,1.23e-25
1155.207654,1.2e-25
1156.203165,1.345e-25
1156.266204,1.311e-25
1157.254722,1.462e-25
1157.319122,1.425e-25
1157.360584,1.091e-25
1157.410645,1.067e-25
1158.300568,1.582e-25
1158.3664,1.54e-25
1158.457559,1.251e-25
1158.508372,1.224e-25
1159.34069,1.702e-25
1159.408028,1.656e-25
1159.549368,1.429e-25
1159.600973,1.397e-25
1160.375075,1.82e-25
1160.443997,1.77e-25
1160.635958,1.623e-25
1160.688395,1.586e-25
1161.403706,1.936e-25
1161.474298,1.881e-25
1161.717321,1.834e-25
1161.770635,1.792e-25
1162.426572,2.048e-25
1162.498925,1.987e-25
1162.793418,2.061e-25
1162.847652,2.013e-25
1163.111431,1.015e-25
1163.152364,9.969e-26
1163.443657,2.153e-25
1163.51787,2.088e-25
1163.864231,2.305e-25
1163.919436,2.251e-25
1164.232823,1.199e-25
1164.27437,1.177e-25
1164.454948,2.251e-25
1164.531125,2.18e-25
1164.92973,2.565e-25
1164.985957,2.5030000000000003e-25
1165.349207,1.409e-25
1165.391389,1.383e-25
1165.460429,2.34e-25
1165.538685,2.263e-25
1165.989894,2.838e-25
1166.047198,2.768e-25
1166.460087,2.417e-25
1166.460529,1.6490000000000002e-25
1166.503373,1.617e-25
1166.540542,2.3350000000000003e-25
1167.044696,3.1240000000000003e-25
1167.103135,3.045e-25
1167.453906,2.4820000000000003e-25
1167.536691,2.394e-25
1167.566795,1.919e-25
1167.610327,1.882e-25
1168.094114,3.421e-25
1168.153752,3.332e-25
1168.441873,2.533e-25
1168.527126,2.44e-25
1168.667968,2.223e-25
1168.712216,2.1790000000000003e-25
1169.138124,3.725e-25
1169.199028,3.626e-25
1169.423971,2.568e-25
1169.511842,2.47e-25
1169.764043,2.563e-25
1169.809036,2.511e-25
1170.176704,4.035e-25
1170.238945,3.925e-25
1170.400188,2.588e-25
1170.490834,2.4840000000000003e-25
1170.854989,2.939e-25
1170.900761,2.878e-25
1171.209832,4.346000000000001e-25
1171.273486,4.225e-25
1171.370507,2.591e-25
1171.464096,2.4820000000000003e-25
1171.563869,1.064e-25
1171.598589,1.046e-25
1171.940797,3.354e-25
1171.987381,3.2830000000000003e-25
1172.237484,4.655000000000001e-25
1172.302634,4.522e-25
1172.334917,2.576e-25
1172.431621,2.463e-25
1172.693865,1.281e-25
1172.729082,1.259e-25
1173.021442,3.808e-25
1173.068874,3.726e-25
1173.259639,4.959000000000001e-25
1173.293404,2.545e-25
1173.326373,4.812e-25
1173.3934,2.428e-25
1173.819153,1.535e-25
1173.85488,1.509e-25
1174.096909,4.303e-25
1174.145228,4.208e-25
1174.245959,2.4970000000000003e-25
1174.276275,5.252e-25
1174.34469,5.092e-25
1174.34942,2.376e-25
1174.939909,1.832e-25
1174.976166,1.7990000000000002e-25
1175.167177,4.836e-25
1175.192576,2.433e-25
1175.216425,4.727e-25
1175.287371,5.53e-25
1175.299664,2.308e-25
1175.357569,5.357e-25
1176.055921,2.1740000000000003e-25
1176.092726,2.135e-25
1176.133255,2.353e-25
1176.232231,5.408e-25
1176.244099,2.226e-25
1176.28245,5.283000000000001e-25
1176.292906,5.79e-25
1176.364998,5.602000000000001e-25
1177.068009,2.261e-25
1177.167323,2.569e-25
1177.182675,2.13e-25
1177.204698,2.521e-25
1177.292049,6.015e-25
1177.292859,6.026e-25
1177.343288,5.873e-25
1177.366964,5.824e-25
1177.996871,2.156e-25
1178.115305,2.022e-25
1178.273952,3.02e-25
1178.287207,6.234000000000001e-25
1178.311917,2.9630000000000003e-25
1178.346615,6.657e-25
1178.363456,6.018e-25
1178.398924,6.496e-25
1178.919913,2.041e-25
1179.041833,1.905e-25
1179.275931,6.411e-25
1179.354464,6.181e-25
1179.375895,3.534e-25
1179.395911,7.328e-25
1179.414473,3.4660000000000003e-25
1179.449343,7.146e-25
1179.837272,1.919e-25
1179.961967,1.78e-25
1180.25901,6.553000000000001e-25
1180.339978,6.3080000000000005e-25
1180.439918,8.024e-25
1180.473031,4.115e-25
1180.494531,7.819e-25
1180.512247,4.034e-25
1180.749222,1.791e-25
1180.875131,1.6490000000000002e-25
1181.236421,6.656e-25
1181.319991,6.397e-25
1181.478618,8.739e-25
1181.534475,8.51e-25
1181.56541,4.767e-25
1181.605289,4.672000000000001e-25
1181.656325,1.662e-25
1181.678944,1.166e-25
1181.707653,1.147e-25
1181.780081,1.515e-25
1182.208145,6.718e-25
1182.294494,6.446e-25
1182.511994,9.467e-25
1182.569161,9.211e-25
1182.652945,5.496e-25
1182.693515,5.384e-25
1182.795953,1.424e-25
1182.825219,1.4010000000000002e-25
1183.174161,6.738e-25
1183.263481,6.452e-25
1183.540026,1.02e-24
1183.598577,9.916e-25
1183.735659,6.3050000000000005e-25
1183.776948,6.174e-25
1183.928618,1.732e-25
1183.95822,1.703e-25
1184.134446,6.713e-25
1184.226946,6.416e-25
1184.562699,1.093e-24
1184.622711,1.062e-24
1184.813487,7.197000000000001e-25
1184.855527,7.044e-25
1185.040815,2.096e-25
1185.070964,2.06e-25
1185.088982,6.6460000000000005e-25
1185.184883,6.336e-25
1185.579992,1.164e-24
1185.64155,1.13e-24
1185.886434,8.174000000000001e-25
1185.929259,7.996e-25
1186.037749,6.534e-25
1186.137284,6.214e-25
1186.162848,2.525e-25
1186.193386,2.4810000000000003e-25
1186.591888,1.233e-24
1186.655083,1.196e-24
1186.954452,9.237e-25
1186.980728,6.382e-25
1186.998096,9.03e-25
1187.084142,6.051e-25
1187.269223,3.027e-25
1187.30031,2.9730000000000003e-25
1187.598368,1.299e-24
1187.663301,1.259e-24
1187.917905,6.19e-25
1188.017533,1.038e-24
1188.025441,5.851e-25
1188.062036,1.015e-24
1188.381161,3.612e-25
1188.412687,3.547e-25
1188.599415,1.361e-24
1188.666192,1.317e-24
1188.849271,5.963000000000001e-25
1188.961158,5.615000000000001e-25
1189.07564,1.161e-24
1189.121041,1.134e-24
1189.480911,4.289e-25
1189.512998,4.21e-25
1189.595009,1.417e-24
1189.663749,1.369e-24
1189.774827,5.705e-25
1189.891251,5.3490000000000005e-25
1190.128758,1.292e-24
1190.175101,1.261e-24
1190.583118,5.069e-25
1190.585132,1.467e-24
1190.615693,4.974000000000001e-25
1190.655963,1.415e-24
1190.694595,5.42e-25
1190.815641,5.056e-25
1191.176856,1.43e-24
1191.224188,1.3949999999999999e-24
1191.569763,1.509e-24
1191.608633,5.114e-25
1191.642827,1.454e-24
1191.675602,5.961000000000001e-25
1191.708758,5.847e-25
1191.734176,4.743e-25
1192.219915,1.575e-24
1192.268286,1.535e-24
1192.270356,1.114e-25
1192.293794,1.097e-25
1192.517074,4.795e-25
1192.548884,1.543e-24
1192.624334,1.485e-24
1192.646552,4.414e-25
1192.76831,6.976e-25
1192.802004,6.84e-25
1193.257907,1.725e-24
1193.307372,1.68e-24
1193.420201,4.468e-25
1193.522475,1.568e-24
1193.552121,4.076e-25
1193.600479,1.507e-24
1193.773818,1.393e-25
1193.794206,1.371e-25
1193.853014,8.124e-25
1193.887318,7.962e-25
1194.290811,1.879e-24
1194.318645,4.141e-25
1194.341429,1.829e-24
1194.449362,3.733e-25
1194.490514,1.584e-24
1194.530473,1.706e-25
1194.554453,1.678e-25
1194.571258,1.519e-24
1194.936356,9.415e-25
1194.971248,9.224e-25
1195.318603,2.035e-24
1195.370437,1.98e-24
1195.45298,1.5899999999999999e-24
1195.536669,1.522e-24
1195.939619,2.11e-25
1195.961249,2.075e-25
1196.012865,1.086e-24
1196.048406,1.063e-24
1196.34126,2.193e-24
1196.394378,2.131e-24
1196.409851,1.585e-24
1196.496708,1.514e-24
1196.771419,2.564e-25
1196.796016,2.521e-25
1197.086893,1.246e-24
1197.123078,1.219e-24
1197.358759,2.35e-24
1197.361105,1.57e-24
1197.413235,2.282e-24
1197.451377,1.497e-24
1198.103721,3.1360000000000003e-25
1198.126554,3.082e-25
1198.154868,1.422e-24
1198.191749,1.391e-24
1198.306718,1.545e-24
1198.371077,2.504e-24
1198.400674,1.469e-24
1198.426992,2.429e-24
1198.993963,3.78e-25
1199.019248,3.714e-25
1199.219582,1.615e-24
1199.246667,1.511e-24
1199.257167,1.58e-24
1199.344601,1.432e-24
1199.37819,2.653e-24
1199.435631,2.571e-24
1200.180927,1.4659999999999999e-24
1200.263883,4.574e-25
1200.278743,1.825e-24
1200.283158,1.385e-24
1200.287894,4.493e-25
1200.31708,1.784e-24
1200.380077,2.795e-24
1200.43914,2.706e-24
1201.109478,1.414e-24
1201.198703,5.466e-25
1201.216342,1.3309999999999999e-24
1201.22475,5.369e-25
1201.334099,2.052e-24
1201.373209,2.005e-24
1201.376714,2.9279999999999998e-24
1201.437502,2.831e-24
1202.0323,1.354e-24
1202.144143,1.2689999999999999e-24
1202.368077,3.049e-24
1202.384208,2.296e-24
1202.418095,6.545e-25
1202.424137,2.241e-24
1202.430706,2.945e-24
1202.443272,6.426e-25
1202.649957,1.055e-25
1202.682941,1.041e-25
1202.949383,1.288e-24
1203.066533,1.2009999999999999e-24
1203.354144,3.156e-24
1203.38609,7.755e-25
1203.412971,7.611e-25
1203.418739,3.044e-24
1203.430135,2.554e-24
1203.470914,2.492e-24
1203.860732,1.217e-24
1203.93587,1.19e-25
1203.983452,1.128e-24
1204.007288,1.149e-25
1204.334892,3.2469999999999998e-24
1204.40159,3.128e-24
1204.47099,2.827e-24
1204.512667,2.757e-24
1204.564563,9.189e-25
1204.59091,9.015e-25
1204.766389,1.142e-24
1204.894764,1.052e-24
1205.204916,1.604e-25
1205.247899,1.653e-25
1205.310297,3.3209999999999996e-24
1205.37925,3.194e-24
1205.507397,3.113e-24
1205.550012,3.034e-24
1205.556433,1.079e-24
1205.584226,1.058e-24
1205.666469,1.066e-24
1205.800165,9.725e-25
1206.280333,3.375e-24
1206.35171,3.241e-24
1206.538817,3.409e-24
1206.561259,9.891e-25
1206.582423,3.32e-24
1206.698941,8.925e-25
1206.701692,1.2649999999999999e-24
1206.729226,1.24e-24
1207.091978,1.397e-25
1207.163428,1.357e-25
1207.244977,3.409e-24
1207.318963,3.268e-24
1207.451454,9.146e-25
1207.565601,3.714e-24
1207.589216,8.126e-25
1207.610248,3.614e-24
1207.709924,1.472e-24
1207.725149,2.605e-25
1207.73871,1.443e-24
1207.749989,2.57e-25
1207.758979,1.001e-25
1208.204204,3.421e-24
1208.281006,3.273e-24
1208.587426,4.023e-24
1208.633173,3.912e-24
1208.828068,1.708e-24
1208.856824,1.673e-24
1208.990801,1.058e-25
1209.110922,1.045e-25
1209.130124,1.255e-25
1209.157985,3.411e-24
1209.201977,1.24e-25
1209.237834,3.256e-24
1209.373892,1.534e-25
1209.377616,1.5590000000000002e-25
1209.604475,4.335e-24
1209.651383,4.211e-24
1209.846649,1.969e-24
1209.876514,1.927e-24
1210.106295,3.3779999999999996e-24
1210.124884,1.575e-25
1210.168653,3.976e-25
1210.189448,3.218e-24
1210.194467,3.912e-25
1210.194748,1.528e-25
1210.616556,4.645e-24
1210.664695,4.508e-24
1210.942441,2.261e-24
1210.972469,2.2129999999999998e-24
1211.043218,2.346e-25
1211.044079,2.386e-25
1211.049104,3.324e-24
1211.135848,3.158e-24
1211.623756,4.949e-24
1211.673197,4.799e-24
1211.9666,2.58e-24
1211.986381,3.248e-24
1211.99764,2.524e-24
1212.077039,3.077e-24
1212.270585,1.006e-25
1212.421632,1.08e-25
1212.505695,1.032e-25
1212.560558,5.934000000000001e-25
1212.566979,1.152e-25
1212.586242,5.833e-25
1212.625956,5.243e-24
1212.654256,1.099e-25
1212.676781,5.079e-24
1212.706605,1.221e-25
1212.756719,3.589e-25
1212.758664,3.529e-25
1212.797379,1.1620000000000002e-25
1212.840484,1.285e-25
1212.844706,2.108e-25
1212.91186,2.08e-25
1212.918096,3.153e-24
1212.935077,1.22e-25
1212.968589,1.343e-25
1213.013026,2.977e-24
1213.035974,1.703e-25
1213.043704,2.933e-24
1213.06737,1.271e-25
1213.07507,2.868e-24
1213.090888,1.393e-25
1213.104188,1.6490000000000002e-25
1213.194282,1.314e-25
1213.207344,1.433e-25
1213.315844,1.347e-25
1213.317912,1.461e-25
1213.422542,1.475e-25
1213.432096,1.368e-25
1213.521169,1.474e-25
1213.543093,1.375e-25
1213.613712,1.454e-25
1213.623187,5.522e-24
1213.648902,1.367e-25
1213.675484,5.3439999999999996e-24
1213.700071,1.415e-25
1213.749616,1.341e-25
1213.780113,1.353e-25
1213.844215,3.039e-24
1213.845357,1.296e-25
1213.853659,1.267e-25
1213.920464,1.153e-25
1213.936295,1.229e-25
1213.943818,2.858e-24
1213.980171,1.008e-25
1214.007782,1.7990000000000002e-25
1214.022669,1.139e-25
1214.069695,3.314e-24
1214.102016,3.239e-24
1214.104824,1.024e-25
1214.123312,1.776e-25
1214.513112,5.307000000000001e-25
1214.517784,5.215e-25
1214.615375,5.7829999999999996e-24
1214.66924,5.59e-24
1214.764703,2.909e-24
1214.869423,2.7249999999999998e-24
1214.904381,8.672000000000001e-25
1214.929862,8.518e-25
1215.130879,3.728e-24
1215.163669,3.641e-24
1215.602519,6.02e-24
1215.658059,5.813e-24
1215.679529,2.765e-24
1215.789845,2.577e-24
1215.827664,1.761e-25
1215.89446,1.703e-25
1216.155786,4.169e-24
1216.189507,4.07e-24
1216.310149,7.709e-25
1216.317453,7.571000000000001e-25
1216.411553,3.4510000000000003e-25
1216.474239,3.403e-25
1216.584568,6.2299999999999996e-24
1216.588661,2.611e-24
1216.6419,6.007e-24
1216.705079,2.419e-24
1217.2031,4.641e-24
1217.204138,1.241e-24
1217.22951,1.218e-24
1217.23742,4.528e-24
1217.492083,2.448e-24
1217.561505,6.408e-24
1217.61509,2.253e-24
1217.620759,6.17e-24
1218.144151,1.0999999999999998e-24
1218.153981,1.079e-24
1218.224673,5.1369999999999996e-24
1218.25993,5.008e-24
1218.389807,2.282e-24
1218.503448,1.739e-25
1218.519772,2.082e-24
1218.53329,6.5499999999999995e-24
1218.5692,1.678e-25
1218.59461,6.298e-24
1218.889033,3.001e-25
1218.999855,2.96e-25
1219.259596,5.6569999999999996e-24
1219.281917,2.114e-24
1219.295575,5.511e-24
1219.41884,1.909e-24
1219.463599,1.74e-24
1219.489001,1.707e-24
1219.499898,6.654e-24
1219.563444,6.387e-24
1219.835142,5.508e-25
1219.893631,5.427e-25
1220.011003,1.5399999999999999e-24
1220.023247,1.511e-24
1220.168678,1.9509999999999998e-24
1220.276114,6.194e-24
1220.311523,1.737e-24
1220.313066,6.031e-24
1220.461295,6.717e-24
1220.527245,6.435e-24
1221.05084,1.797e-24
1221.067894,1.636e-25
1221.133089,1.574e-25
1221.195493,1.567e-24
1221.299679,6.747999999999999e-24
1221.337476,6.565e-24
1221.417451,6.736e-24
1221.486005,6.4409999999999996e-24
1221.686201,2.389e-24
1221.711789,2.3409999999999998e-24
1221.906297,2.117e-24
1221.920842,2.075e-24
1222.309835,7.31e-24
1222.348666,7.105e-24
1222.36833,6.712e-24
1222.439712,6.404e-24
1223.120823,8.565e-25
1223.175419,8.432e-25
1223.264642,1.013e-25
1223.313901,6.641999999999999e-24
1223.322735,7.876e-24
1223.362539,7.649e-24
1223.388365,6.323e-24
1223.465874,1.148e-25
1223.521287,1.114e-25
1223.526581,1.463e-25
1223.591812,1.4020000000000002e-25
1223.62953,4.905e-25
1223.6618,1.295e-25
1223.718632,1.255e-25
1223.735548,4.835e-25
1223.82547,2.854e-24
1223.842213,2.795e-24
1223.852407,1.454e-25
1223.875036,3.213e-24
1223.900969,3.145e-24
1223.910743,1.408e-25
1224.037671,1.623e-25
1224.097608,1.57e-25
1224.217577,1.803e-25
1224.254128,6.529e-24
1224.279218,1.742e-25
1224.325538,8.437e-24
1224.331961,6.199e-24
1224.366467,8.185999999999999e-24
1224.392104,1.992e-25
1224.455563,1.922e-25
1224.561233,2.1899999999999998e-25
1224.626638,2.11e-25
1224.724944,2.393e-25
1224.792434,2.303e-25
1224.883218,2.601e-25
1224.942568,1.02e-26
1224.952948,2.4990000000000003e-25
1225.036033,2.8110000000000003e-25
1225.108177,2.696e-25
1225.183368,3.019e-25
1225.188973,6.374e-24
1225.258119,2.891e-25
1225.270501,6.034e-24
1225.325199,3.224e-25
1225.328208,8.987e-24
1225.370249,8.713e-24
1225.402775,3.081e-25
1225.461502,3.421e-25
1225.54215,3.262e-25
1225.592252,3.606e-25
1225.67625,3.431e-25
1225.717419,3.776e-25
1225.76394,3.775e-24
1225.782787,3.693e-24
1225.805086,3.583e-25
1225.836971,3.925e-25
1225.885972,1.238e-25
1225.910806,1.065e-26
1225.928675,3.714e-25
1225.942367,1.03e-26
1225.950873,4.05e-25
1225.951948,1.184e-25
1226.032849,4.23e-24
1226.047038,3.819e-25
1226.059083,4.145e-25
1226.059291,4.138e-24
1226.118397,6.179e-24
1226.160205,3.894e-25
1226.161554,4.205e-25
1226.203992,5.83e-24
1226.258228,4.225e-25
1226.268216,3.935e-25
1226.274673,1.298e-24
1226.322911,9.518e-24
1226.325722,1.277e-24
1226.349036,4.201e-25
1226.366195,9.218e-24
1226.371124,3.936e-25
1226.43389,4.127e-25
1226.469,3.892e-25
1226.512679,3.998e-25
1226.561942,3.8e-25
1226.585258,3.808e-25
1226.609274,1.092e-26
1226.623882,1.056e-26
1226.65008,3.654e-25
1226.651429,3.552e-25
1226.710915,3.223e-25
1226.733599,3.4510000000000003e-25
1226.763313,2.8120000000000003e-25
1226.807999,2.308e-25
1226.812764,3.185e-25
1226.843949,1.694e-25
1226.887967,2.853e-25
1226.959821,2.449e-25
1227.02934,1.968e-25
1227.042358,5.947e-24
1227.098363,1.4030000000000002e-25
1227.132446,5.591e-24
1227.315593,1.002e-23
1227.36015,9.697e-24
1227.717211,4.893e-24
1227.738086,4.783e-24
1227.96081,5.684e-24
1228.008731,1.104e-26
1228.040883,1.065e-26
1228.055877,5.3199999999999996e-24
1228.162053,5.4539999999999996e-24
1228.189167,5.329e-24
1228.224764,7.851000000000001e-25
1228.301627,1.049e-23
1228.30894,1.135e-26
1228.325904,7.731e-25
1228.326953,1.095e-26
1228.347579,1.014e-23
1228.873704,5.3929999999999996e-24
1228.974308,5.023e-24
1229.284428,1.092e-23
1229.303328,1.916e-24
1229.33184,1.054e-23
1229.351233,1.8839999999999998e-24
1229.68097,6.217e-24
1229.703819,6.071e-24
1229.780987,5.0799999999999996e-24
1229.887763,4.704e-24
1230.0374,1.144e-26
1230.058887,1.101e-26
1230.059026,1.106e-26
1230.092186,1.063e-26
1230.261357,1.129e-23
1230.264736,6.882e-24
1230.292691,6.717e-24
1230.310355,1.088e-23
1230.556259,1.44e-25
1230.585654,1.464e-25
1230.682605,4.7509999999999996e-24
1230.796263,4.371e-24
1231.234285,1.161e-23
1231.284968,1.117e-23
1231.578507,4.4139999999999996e-24
1231.651158,7.738e-24
1231.67595,7.546e-24
1231.699813,4.027e-24
1231.749781,2.201e-25
1231.778352,2.238e-25
1231.789843,1.115e-26
1231.814913,1.07e-26
1232.065743,1.066e-26
1232.100381,1.0210000000000002e-26
1232.201763,1.186e-23
1232.213773,2.756e-24
1232.254274,1.14e-23
1232.259056,2.708e-24
1232.34268,8.5e-24
1232.371649,8.285e-24
1232.468662,4.076e-24
1232.598359,3.681e-24
1232.67081,1.229e-24
1232.767026,1.209e-24
1232.942694,3.3090000000000003e-25
1232.970517,3.365e-25
1233.16476,1.204e-23
1233.219233,1.155e-23
1233.353097,3.744e-24
1233.49167,3.336e-24
1233.561003,1.048e-26
1233.589832,1.002e-26
1233.624013,9.43e-24
1233.650747,9.184e-24
1233.70382,1.042e-25
1233.808808,1e-25
1234.122509,1.214e-23
1234.139771,4.895e-25
1234.168,4.97e-25
1234.179112,1.162e-23
1234.232021,3.427e-24
1234.378952,2.999e-24
1234.397375,1.027e-23
1234.403479,1.139e-25
1234.427542,9.996e-24
1234.503989,1.096e-25
1235.012911,3.858e-24
1235.056538,3.793e-24
1235.07547,1.216e-23
1235.097208,1.226e-25
1235.106204,3.139e-24
1235.134382,1.162e-23
1235.193632,1.182e-25
1235.257297,2.671e-24
1235.274504,1.061e-25
1235.315683,1.035e-25
1235.345626,7.124e-25
1235.360027,7.096e-25
1235.499015,1.238e-25
1235.541043,1.207e-25
1235.596101,1.125e-23
1235.624811,1.094e-23
1235.717752,1.437e-25
1235.760686,1.4e-25
1235.78503,1.301e-25
1235.877713,1.256e-25
1235.932414,1.66e-25
1235.976286,1.616e-25
1236.023249,1.21e-23
1236.08468,1.154e-23
1236.141607,1.908e-25
1236.186475,1.857e-25
1236.346368,2.183e-25
1236.392276,2.123e-25
1236.430039,1.214e-23
1236.461603,1.179e-23
1236.466966,1.363e-25
1236.545835,2.4860000000000003e-25
1236.556211,1.318e-25
1236.564705,1.02e-24
1236.58445,1.038e-24
1236.592848,2.416e-25
1236.740623,2.8170000000000003e-25
1236.788796,2.735e-25
1236.826013,1.022e-26
1236.845407,1.046e-26
1236.930208,3.177e-25
1236.964404,1.88e-24
1236.966037,1.196e-23
1236.979613,3.081e-25
1237.03022,1.138e-23
1237.055677,1.847e-24
1237.114937,3.564e-25
1237.143033,1.41e-25
1237.165645,3.4540000000000003e-25
1237.229108,1.366e-25
1237.294499,3.979e-25
1237.346593,3.851e-25
1237.469077,4.419e-25
1237.522643,4.273e-25
1237.56433,1.312e-23
1237.595088,1.274e-23
1237.638486,4.882e-25
1237.693623,4.715e-25
1237.702134,5.069e-24
1237.751123,5.178e-24
1237.801284,1.437e-24
1237.802814,5.366e-25
1237.813247,1.443e-25
1237.81991,1.4639999999999999e-24
1237.859628,5.175e-25
1237.896391,1.398e-25
1237.903629,1.174e-23
1237.957941,2.201e-25
1237.961949,5.866e-25
1237.970835,1.114e-23
1238.02056,5.65e-25
1238.115923,6.377e-25
1238.151659,1.192e-26
1238.176463,6.133e-25
1238.177537,1.173e-26
1238.264665,6.894000000000001e-25
1238.327281,6.62e-25
1238.408177,7.41e-25
1238.441639,1.402e-23
1238.473033,7.104e-25
1238.474819,1.36e-23
1238.477621,1.46e-25
1238.546409,7.919e-25
1238.558048,1.417e-25
1238.61369,7.578000000000001e-25
1238.679345,8.411000000000001e-25
1238.749259,8.032e-25
1238.806945,8.878e-25
1238.83608,1.144e-23
1238.879729,8.46e-25
1238.906617,1.082e-23
1238.929181,9.311e-25
1239.005105,8.85e-25
1239.046016,9.699e-25
1239.05945,1.992e-24
1239.07628,2.031e-24
1239.125388,9.194e-25
1239.136169,1.463e-25
1239.157413,1.003e-24
1239.214069,1.421e-25
1239.240592,9.48e-25
1239.263329,1.03e-24
1239.35073,9.699e-25
1239.363717,1.049e-24
1239.455829,9.839e-25
1239.458524,1.059e-24
1239.472201,1.3600000000000002e-26
1239.485243,1.393e-26
1239.525945,1.497e-23
1239.547686,1.059e-24
1239.555925,9.89e-25
1239.558867,1.451e-23
1239.631126,1.048e-24
1239.651069,9.842e-25
1239.708749,1.024e-24
1239.74133,9.685e-25
1239.763273,1.107e-23
1239.780433,9.88e-25
1239.788901,1.451e-25
1239.826807,9.408e-25
1239.837499,1.044e-23
1239.84602,9.374e-25
1239.864446,1.41e-25
1239.905292,8.712000000000001e-25
1239.907639,9.004e-25
1239.95794,7.882000000000001e-25
1239.984021,8.463e-25
1240.003507,6.864e-25
1240.041269,5.631000000000001e-25
1240.056243,7.777e-25
1240.07,4.142e-25
1240.087384,2.317e-25
1240.124748,6.937000000000001e-25
1240.19024,5.932000000000001e-25
1240.253933,4.75e-25
1240.317615,7.002e-24
1240.31813,3.377e-25
1240.343081,2.715e-24
1240.350203,6.891e-24
1240.357803,2.77e-24
1240.387933,1.794e-25
1240.432911,1.582e-23
1240.435828,1.426e-25
1240.467953,1.532e-23
1240.476584,1.136e-26
1240.478826,1.112e-26
1240.509175,1.387e-25
1240.685197,1.063e-23
1240.763525,9.983e-24
1240.791973,1.5160000000000002e-26
1240.80505,1.5600000000000002e-26
1241.076961,1.389e-25
1241.103032,2.806e-24
1241.148249,1.352e-25
1241.189379,2.754e-24
1241.270478,1.01e-26
1241.478518,1.6679999999999998e-23
1241.513771,1.614e-23
1241.601767,1.013e-23
1241.655806,3.639e-24
1241.668201,3.716e-24
1241.684685,9.475e-24
1241.712307,1.341e-25
1241.781665,1.307e-25
1242.114934,1.651e-26
1242.126816,1.7010000000000002e-26
1242.341876,1.285e-25
1242.404381,1.744e-23
1242.40942,1.253e-25
1242.441571,1.6839999999999998e-23
1242.480124,1.475e-26
1242.481682,1.442e-26
1242.512937,9.583e-24
1242.601014,8.919e-24
1242.74699,1.073e-25
1242.755595,1.09e-25
1242.827561,9.143e-24
1242.851971,1.013e-25
1242.861013,8.937e-24
1242.965676,1.221e-25
1242.970827,1.025e-25
1242.977979,1.011e-25
1243.000954,4.796e-24
1243.010844,4.901e-24
1243.031514,1.191e-25
1243.418627,8.995e-24
1243.419926,1.816e-23
1243.444653,1.753e-26
1243.454916,1.811e-26
1243.45774,1.752e-23
1243.512538,8.323999999999999e-24
1243.58364,1.24e-25
1243.583715,1.151e-25
1243.585021,1.33e-26
1243.594799,1.3010000000000002e-26
1243.647944,1.124e-25
1243.694707,1.178e-25
1243.876097,1.331e-25
1243.882253,1.312e-25
1244.196002,1.077e-25
1244.258711,1.053e-25
1244.309412,1.477e-25
1244.318763,8.379999999999999e-24
1244.356389,1.876e-23
1244.381481,6.212e-24
1244.388709,6.354e-24
1244.396065,1.807e-23
1244.414798,1.408e-25
1244.419306,7.702e-24
1244.44225,1.873e-26
1244.4435,1.827e-26
1244.646253,1.74e-25
1244.656133,1.768e-25
1244.784314,1.814e-26
1244.792665,1.877e-26
1244.802542,1.001e-25
1245.029337,1.717e-25
1245.085036,4.083e-24
1245.129626,1.6410000000000002e-25
1245.166508,4.002e-24
1245.213256,7.746999999999999e-24
1245.257727,1.158e-23
1245.290531,1.13e-23
1245.321376,7.063e-24
1245.34833,1.928e-23
1245.374937,1.738e-25
1245.381911,1.713e-25
1245.38901,1.855e-23
1245.743458,1.953e-25
1245.79988,7.906e-24
1245.804308,8.093e-24
1245.83915,1.871e-25
1245.897507,1.714e-26
1245.907283,1.675e-26
1246.102008,7.112e-24
1246.136728,1.826e-26
1246.142909,1.894e-26
1246.218807,6.4199999999999995e-24
1246.219362,2.236e-25
1246.225124,2.203e-25
1246.28911,1.967e-23
1246.331681,1.89e-23
1246.361453,2.3230000000000003e-26
1246.365647,2.23e-26
1246.451809,2.1790000000000003e-25
1246.488494,2.764e-25
1246.499561,2.81e-25
1246.543335,2.091e-25
1246.984922,6.487e-24
1247.111631,5.782e-24
1247.154422,2.389e-25
1247.242155,2.297e-25
1247.25808,9.881e-24
1247.259588,1.013e-23
1247.262139,1.996e-23
1247.306087,1.914e-23
1247.50436,1.7840000000000002e-26
1247.508113,1.856e-26
1247.613267,1.43e-23
1247.64541,1.392e-23
1247.763897,2.896e-25
1247.770711,2.853e-25
1247.851324,2.578e-25
1247.861934,5.888e-24
1247.93559,2.4830000000000003e-25
1247.999728,5.16e-24
1248.010445,1.021e-25
1248.040939,9.988e-26
1248.183074,1.214e-25
1248.202576,2.0100000000000003e-23
1248.209463,2.16e-26
1248.214848,1.188e-25
1248.219132,2.109e-26
1248.229874,2.7240000000000004e-26
1248.236619,2.815e-26
1248.248546,1.924e-23
1248.273596,4.306e-25
1248.285626,4.3799999999999995e-25
1248.45881,1.443e-25
1248.490678,1.411e-25
1248.538606,3.688e-25
1248.542538,2.742e-25
1248.543953,3.632e-25
1248.623623,2.6460000000000003e-25
1248.640076,1.702e-25
1248.673104,1.663e-25
1248.733131,5.333e-24
1248.755822,1.244e-23
1248.757336,1.212e-23
1248.88237,4.561e-24
1248.889351,1.688e-26
1248.890396,1.7620000000000002e-26
1248.893994,2.004e-25
1248.909708,5.782e-24
1248.927305,1.957e-25
1248.986398,5.659e-24
1249.07953,2.3430000000000003e-25
1249.113927,2.287e-25
1249.159989,2.012e-23
1249.20773,1.922e-23
1249.228085,2.877e-25
1249.306243,2.78e-25
1249.314989,2.733e-25
1249.349836,2.6650000000000003e-25
1249.501342,3.167e-25
1249.537238,3.087e-25
1249.599214,4.847e-24
1249.720902,3.658e-25
1249.755911,3.985e-24
1249.757399,3.563e-25
1249.90023,1.7199999999999998e-23
1249.905367,4.2e-25
1249.907987,2.9820000000000003e-25
1249.931926,1.672e-23
1249.942911,4.089e-25
1249.983441,2.885e-25
1250.002476,6.569000000000001e-25
1250.014755,6.693e-25
1250.062003,3.24e-26
1250.06711,3.3290000000000004e-26
1250.096692,1.999e-23
1250.110938,4.804e-25
1250.13836,4.74e-25
1250.145034,4.667000000000001e-25
1250.1467,1.905e-23
1250.149226,4.674000000000001e-25
1250.291416,5.465e-25
1250.29157,1.615e-26
1250.293505,1.4989999999999998e-23
1250.293544,1.542e-26
1250.298126,1.459e-23
1250.330782,5.313000000000001e-25
1250.391384,1.148e-25
1250.484387,6.191e-25
1250.522217,2.6610000000000004e-26
1250.524638,6.013e-25
1250.53133,2.5920000000000005e-26
1250.58226,3.055e-25
1250.655209,2.9590000000000003e-25
1250.659267,6.976e-25
1250.700658,6.769e-25
1250.83305,5.9740000000000005e-25
1250.83796,5.882e-25
1250.840619,7.825e-25
1250.883043,7.586000000000001e-25
1251.008668,8.73e-25
1251.034274,1.5680000000000002e-25
1251.0407,1.973e-23
1251.05182,1.545e-25
1251.052326,8.455e-25
1251.09293,1.876e-23
1251.179063,9.693e-25
1251.223915,9.378e-25
1251.250922,3.095e-25
1251.321546,3.001e-25
1251.339348,1.0709999999999999e-24
1251.385563,1.035e-24
1251.499207,1.177e-24
1251.546799,1.1359999999999999e-24
1251.651019,1.286e-24
1251.685979,9.416e-25
1251.688102,1.003e-24
1251.700143,1.24e-24
1251.713158,1.425e-26
1251.718524,1.3550000000000002e-26
1251.800581,1.3979999999999999e-24
1251.847406,3.735e-26
1251.851299,1.346e-24
1251.85288,3.84e-26
1251.872267,1.771e-23
1251.880064,1.721e-23
1251.913988,3.103e-25
1251.943379,1.512e-24
1251.971255,1.932e-23
1251.982447,3.012e-25
1251.995847,1.453e-24
1252.02613,1.832e-23
1252.082753,1.626e-24
1252.124409,2.017e-23
1252.137076,1.56e-24
1252.155949,1.957e-23
1252.21612,1.738e-24
1252.27247,1.665e-24
1252.345316,1.848e-24
1252.403847,1.767e-24
1252.468918,1.952e-24
1252.499077,7.619e-25
1252.505636,7.5e-25
1252.529836,1.862e-24
1252.571475,3.081e-25
1252.577387,7.96e-24
1252.587878,2.049e-24
1252.637914,2.994e-25
1252.649435,7.778e-24
1252.651392,1.9509999999999998e-24
1252.701438,2.138e-24
1252.767808,2.0299999999999998e-24
1252.810048,2.2149999999999998e-24
1252.836778,3.2020000000000005e-26
1252.838644,2.9830000000000004e-26
1252.87956,2.097e-24
1252.903249,1.879e-23
1252.913315,2.279e-24
1252.960895,1.776e-23
1252.986309,2.151e-24
1253.011418,2.327e-24
1253.088288,2.189e-24
1253.101814,9.503e-25
1253.104144,2.357e-24
1253.106263,9.352e-25
1253.156425,1.204e-26
1253.165644,1.1380000000000002e-26
1253.185358,2.208e-24
1253.191528,2.368e-24
1253.223396,3.03e-25
1253.273432,2.356e-24
1253.277644,2.208e-24
1253.287347,1.442e-24
1253.287945,2.947e-25
1253.307584,1.472e-24
1253.349808,2.32e-24
1253.365123,2.185e-24
1253.420528,2.258e-24
1253.447897,2.139e-24
1253.48547,2.168e-24
1253.490815,2.05e-23
1253.501845,1.989e-23
1253.526037,2.067e-24
1253.544452,2.048e-24
1253.588493,4.193e-26
1253.594591,4.317e-26
1253.59724,1.896e-24
1253.599693,1.968e-24
1253.64349,1.711e-24
1253.66906,1.84e-24
1253.682689,1.487e-24
1253.714005,1.22e-24
1253.734451,1.683e-24
1253.735973,9.002e-25
1253.745681,5.082e-25
1253.796351,1.494e-24
1253.797425,2.554e-25
1253.815772,2.515e-25
1253.825961,1.813e-23
1253.855563,1.272e-24
1253.869768,2.954e-25
1253.886803,1.708e-23
1253.913529,1.014e-24
1253.932547,2.875e-25
1253.973141,7.184e-25
1254.041412,3.801e-25
1254.291211,2.305e-23
1254.322922,2.232e-23
1254.510601,2.855e-25
1254.568114,1.114e-25
1254.571718,2.781e-25
1254.679793,1.042e-25
1254.746721,1.7359999999999998e-23
1254.811052,1.6289999999999998e-23
1254.846908,1.2029999999999999e-24
1254.853377,1.183e-24
1254.856543,2.0789999999999998e-24
1254.875869,2.119e-24
1255.145915,2.736e-25
1255.146923,2.323e-23
1255.153693,3.7620000000000006e-26
1255.161236,2.25e-23
1255.167374,3.652e-26
1255.205467,2.6670000000000003e-25
1255.286989,4.5830000000000005e-26
1255.293714,4.726e-26
1255.313145,1.494e-25
1255.343912,1.484e-24
1255.347873,1.4599999999999999e-24
1255.418194,1.4060000000000002e-25
1255.660406,1.649e-23
1255.728723,1.5409999999999998e-23
1255.775717,2.601e-25
1255.833795,2.537e-25
1256.052411,1.917e-25
1256.089531,1.064e-23
1256.15161,1.812e-25
1256.157123,1.038e-23
1256.376751,2.933e-24
1256.396329,2.9909999999999998e-24
1256.400029,2.454e-25
1256.405618,2.566e-23
1256.437861,2.479e-23
1256.456715,2.395e-25
1256.570268,1.5539999999999998e-23
1256.581472,4.084e-25
1256.600571,4.019e-25
1256.64306,1.445e-23
1256.785978,2.371e-25
1256.837473,2.575e-23
1256.855121,2.489e-23
1256.879976,2.251e-25
1256.945332,4.872e-26
1256.952589,5.033e-26
1257.018854,2.298e-25
1257.074224,2.244e-25
1257.182825,1.864e-24
1257.189234,1.833e-24
1257.473618,4.3040000000000006e-26
1257.474067,1.452e-23
1257.485846,4.189e-26
1257.513902,2.846e-25
1257.551997,1.342e-23
1257.558243,2.275e-24
1257.561688,2.237e-24
1257.603248,2.71e-25
1257.63222,2.136e-25
1257.686343,2.088e-25
1257.853026,4.057e-24
1257.87296,4.139e-24
1258.236228,3.327e-25
1258.240122,1.972e-25
1258.293064,1.928e-25
1258.32139,3.178e-25
1258.373031,1.345e-23
1258.454828,1.0210000000000002e-26
1258.456859,1.235e-23
1258.472184,2.78e-23
1258.479045,9.992e-27
1258.505355,2.679e-23
1258.558546,2.79e-23
1258.566807,5.0310000000000006e-26
1258.57444,5.209000000000001e-26
1258.579598,2.69e-23
1258.842597,1.807e-25
1258.894417,1.768e-25
1258.953,3.802e-25
1259.034378,3.64e-25
1259.266249,1.235e-23
1259.290065,5.502e-24
1259.310271,5.617e-24
1259.356943,1.125e-23
1259.386757,6.407e-25
1259.406485,6.3020000000000005e-25
1259.439631,1.6460000000000002e-25
1259.448747,1.379e-23
1259.490384,1.611e-25
1259.507922,2.837e-24
1259.512122,1.342e-23
1259.514302,2.789e-24
1259.664249,4.258e-25
1259.74219,4.086e-25
1259.743589,3.423e-24
1259.746489,3.363e-24
1259.79433,4.8160000000000006e-26
1259.806413,4.6750000000000005e-26
1260.031275,1.489e-25
1260.081011,1.458e-25
1260.154033,1.126e-23
1260.15552,5.042e-26
1260.163328,5.233e-26
1260.252778,1.015e-23
1260.30557,2.95e-23
1260.330128,2.837e-23
1260.370018,4.6830000000000005e-25
1260.444822,4.502e-25
1260.495038,2.932e-23
1260.529583,2.816e-23
1260.617495,1.338e-25
1260.666263,1.311e-25
1260.692822,7.317e-24
1260.713159,7.475e-24
1261.035979,1.017e-23
1261.070323,5.067e-25
1261.142254,4.88e-25
1261.144266,9.057e-24
1261.154531,1.166e-25
1261.180865,1.143e-25
1261.198366,1.195e-25
1261.24621,1.171e-25
1261.311424,1.234e-26
1261.338546,1.223e-26
1261.705318,1.697e-25
1261.716299,4.896e-26
1261.724041,5.0940000000000006e-26
1261.732043,1.662e-25
1261.765213,5.401e-25
1261.773828,1.06e-25
1261.820788,1.04e-25
1261.823419,4.238e-24
1261.829803,4.164e-24
1261.834503,5.21e-25
1261.898618,5.052e-24
1261.900944,4.962e-24
1261.912012,9.126e-24
1262.03168,7.996e-24
1262.066458,9.545e-24
1262.073496,3.041e-23
1262.086774,9.758e-24
1262.10172,2.915e-23
1262.115651,5.238e-26
1262.127509,5.077e-26
1262.212957,9.865e-25
1262.225226,2.425e-25
1262.232996,9.695e-25
1262.252454,2.372e-25
1262.454685,5.679e-25
1262.477891,3.005e-23
1262.514325,2.876e-23
1262.521539,5.485e-25
1262.658779,1.732e-23
1262.697272,1.024e-25
1262.710377,1.004e-25
1262.71601,3.4e-25
1262.718229,1.6809999999999998e-23
1262.743869,3.323e-25
1262.781861,8.146e-24
1262.915067,6.98e-24
1262.917313,1.4850000000000002e-25
1262.932646,1.455e-25
1263.138807,5.895e-25
1263.157525,2.119e-25
1263.175039,2.074e-25
1263.179306,4.6790000000000005e-25
1263.184774,1.032e-25
1263.203408,5.701e-25
1263.207935,4.569e-25
1263.254535,4.5960000000000006e-26
1263.261938,4.798e-26
1263.414859,2.9740000000000003e-25
1263.416228,1.221e-23
1263.434507,2.907e-25
1263.436397,1.249e-23
1263.616616,6.32e-25
1263.645402,7.263e-24
1263.646166,6.163e-25
1263.686006,4.101e-25
1263.707744,4.006e-25
1263.793984,6.018e-24
1263.817545,6.046e-25
1263.85699,3.053e-23
1263.880055,5.855e-25
1263.889132,2.915e-23
1263.967532,5.559e-25
1263.99133,5.423e-25
1264.021886,7.315e-24
1264.023613,7.179e-24
1264.02929,8.377000000000001e-25
1264.059924,8.158000000000001e-25
1264.130658,6.213e-24
1264.13467,1.428e-25
1264.137079,6.0999999999999996e-24
1264.157903,1.488e-26
1264.173841,1.464e-26
1264.256003,7.403e-25
1264.281849,7.213000000000001e-25
1264.418521,1.089e-24
1264.424056,2.992e-23
1264.43494,5.541000000000001e-26
1264.44651,5.36e-26
1264.45042,1.059e-24
1264.462989,2.851e-23
1264.491007,6.133e-25
1264.503049,6.529e-24
1264.548073,9.681e-25
1264.551572,5.945000000000001e-25
1264.575979,9.419999999999999e-25
1264.663916,5.09e-24
1264.747357,1.5329999999999998e-23
1264.767367,1.569e-23
1264.775991,4.161e-26
1264.782756,4.36e-26
1264.785341,1.389e-24
1264.818701,1.348e-24
1264.840558,1.243e-24
1264.870567,1.208e-24
1265.059021,1.49e-24
1265.077957,1.4609999999999999e-24
1265.128594,2.373e-25
1265.130486,1.566e-24
1265.130612,1.736e-24
1265.159102,6.155e-25
1265.162676,1.519e-24
1265.165657,1.683e-24
1265.217853,5.9730000000000005e-25
1265.415127,1.935e-24
1265.449621,1.873e-24
1265.455034,2.128e-24
1265.49202,2.058e-24
1265.650636,2.98e-23
1265.687077,2.832e-23
1265.69201,2.344e-24
1265.724434,2.104e-23
1265.728982,2.264e-24
1265.759144,2.555e-24
1265.780304,2.037e-23
1265.798371,2.464e-24
1265.822011,6.116e-25
1265.879065,5.941000000000001e-25
1265.958921,2.782e-24
1265.998613,2.6799999999999998e-24
1266.043328,3.003e-24
1266.064936,1.886e-23
1266.085153,2.888e-24
1266.085351,1.929e-23
1266.111858,1.038e-23
1266.112968,1.018e-23
1266.213901,3.233e-24
1266.256634,3.105e-24
1266.286594,3.6210000000000005e-26
1266.292393,3.8110000000000006e-26
1266.307825,3.452e-24
1266.336449,2.8899999999999995e-23
1266.352686,3.31e-24
1266.378638,2.739e-23
1266.431095,8.936e-24
1266.437587,8.769e-24
1266.455227,3.673e-24
1266.479544,6.02e-25
1266.501429,3.5159999999999996e-24
1266.53501,5.853e-25
1266.552741,3.879e-24
1266.601182,3.706e-24
1266.681392,4.077e-24
1266.731629,3.886e-24
1266.749011,5.695e-26
1266.760157,5.496000000000001e-26
1266.778054,4.255e-24
1266.830772,4.046e-24
1266.89108,4.4139999999999996e-24
1266.946108,4.186e-24
1266.963023,1.758e-26
1266.980127,1.714e-26
1266.983627,4.547e-24
1267.041535,4.299e-24
1267.083126,4.652e-24
1267.132014,5.872e-25
1267.143976,4.384e-24
1267.169202,4.723e-24
1267.185986,5.713e-25
1267.233537,4.434e-24
1267.256481,4.758e-24
1267.324588,4.448e-24
1267.324898,7.811999999999999e-24
1267.334395,4.7509999999999996e-24
1267.373832,2.277e-23
1267.406891,4.42e-24
1267.410147,4.701e-24
1267.424475,1.555e-23
1267.449102,2.823e-23
1267.459591,1.287e-25
1267.47865,4.604e-24
1267.487583,4.3489999999999996e-24
1267.490421,2.667e-23
1267.543077,4.457e-24
1267.556385,1.194e-25
1267.561854,4.2309999999999996e-24
1267.601144,4.257e-24
1267.632982,4.065e-24
1267.653977,4.003e-24
1267.699024,3.847e-24
1267.70052,3.691e-24
1267.740845,3.3169999999999996e-24
1267.761449,3.576e-24
1267.774138,2.878e-24
1267.779061,5.678e-25
1267.792231,3.0130000000000003e-26
1267.796706,3.189e-26
1267.799572,2.362e-24
1267.815361,1.751e-24
1267.817859,1.002e-24
1267.819806,3.2509999999999998e-24
1267.831631,5.529e-25
1267.875038,2.869e-24
1267.923142,2.2089999999999998e-24
1267.927807,2.429e-24
1267.95493,2.126e-24
1267.979911,1.927e-24
1268.034923,1.357e-24
1268.102717,7.126e-25
1268.166928,1.445e-23
1268.167422,1.4159999999999998e-23
1268.211933,1.884e-25
1268.217602,2.703e-23
1268.264018,2.545e-23
1268.302812,1.762e-25
1268.421213,5.444e-25
1268.472457,5.305000000000001e-25
1268.651453,2.4700000000000003e-23
1268.678622,2.695e-23
1268.691859,2.7599999999999995e-23
1268.704145,2.385e-23
1268.72629,1.261e-23
1268.732883,1.236e-23
1268.958697,2.583e-25
1269.044378,2.431e-25
1269.053885,5.676e-26
1269.057839,5.178e-25
1269.06442,5.464e-26
1269.107837,5.049e-25
1269.247287,2.591e-23
1269.294354,2.429e-23
1269.298565,2.383e-26
1269.301316,2.539e-26
1269.637864,1.005e-26
1269.689813,4.887e-25
1269.700115,3.367e-25
1269.736864,2.016e-26
1269.738623,4.769e-25
1269.752877,1.961e-26
1269.781189,3.183e-25
1269.827837,1.051e-26
1269.870603,1.005e-26
1269.983546,3.127e-23
1269.996706,3.214e-23
1270.069658,2.444e-23
1270.121605,2.282e-23
1270.185383,1.93e-23
1270.185463,1.971e-23
1270.275149,1.445e-25
1270.312051,1.424e-25
1270.316068,4.577e-25
1270.363763,4.469e-25
1270.436016,4.215e-25
1270.512986,4e-25
1270.802766,3.213e-24
1270.810889,1.7740000000000003e-26
1270.811448,1.907e-26
1270.827936,3.152e-24
1270.938024,4.256e-25
1270.956496,1.199e-25
1270.984648,4.158e-25
1270.997018,1.179e-25
1271.017878,1.744e-23
1271.024592,1.709e-23
1271.040425,2.297e-23
1271.094556,2.134e-23
1271.166807,5.103e-25
1271.179757,1.1320000000000002e-26
1271.220104,1.087e-26
1271.221786,1.111e-26
1271.240088,4.859e-25
1271.254619,1.064e-26
1271.292481,3.556e-23
1271.304479,3.662e-23
1271.344876,5.478000000000001e-26
1271.35457,5.258e-26
1271.446332,2.8000000000000003e-23
1271.496304,2.694e-23
1271.553937,3.929e-25
1271.599559,3.841e-25
1271.892036,6.007e-25
1271.894355,2.131e-23
1271.953675,1.968e-23
1271.961995,5.736e-25
1272.003436,1.815e-25
1272.042674,1.784e-25
1272.165353,2.575e-23
1272.165853,2.633e-23
1272.16607,3.6020000000000004e-25
1272.210717,3.523e-25
1272.331801,1.334e-26
1272.334017,1.226e-26
1272.473503,2.256e-26
1272.487883,2.1910000000000003e-26
1272.488645,1.172e-26
1272.527225,1.128e-26
1272.60893,3.961e-23
1272.612471,6.901000000000001e-25
1272.61935,4.086e-23
1272.679409,6.606000000000001e-25
1272.771641,3.28e-25
1272.815383,3.21e-25
1272.823556,1.179e-26
1272.824118,1.964e-23
1272.852014,1.133e-26
1272.887357,1.8009999999999998e-23
1272.987368,2.693e-25
1273.025567,2.6440000000000003e-25
1273.307528,2.365e-23
1273.314365,2.316e-23
1273.327151,7.76e-25
1273.374184,2.9680000000000003e-25
1273.391349,7.445e-25
1273.417033,2.905e-25
1273.616745,5.1080000000000007e-26
1273.625334,4.8850000000000005e-26
1273.692966,1.789e-23
1273.69463,4.585e-24
1273.705293,2.34e-25
1273.719331,4.498e-24
1273.741396,2.304e-25
1273.750647,1.169e-26
1273.762415,1.627e-23
1273.788005,1.129e-26
1273.909322,3.916e-25
1273.936023,4.319e-23
1273.944578,4.464e-23
1273.946815,3.842e-25
1273.969373,2.6670000000000003e-25
1274.011402,2.612e-25
1274.037517,8.564e-25
1274.099191,8.231000000000001e-25
1274.106261,3.36e-23
1274.106584,3.445e-23
1274.116093,3.06e-23
1274.163869,2.933e-23
1274.448292,1.207e-26
1274.472649,1.163e-26
1274.513229,1.461e-25
1274.562619,2.382e-25
1274.573777,1.427e-25
1274.594306,1.615e-23
1274.603821,2.3340000000000003e-25
1274.669953,1.454e-23
1274.741705,9.291e-25
1274.770167,5.572e-25
1274.801082,8.946e-25
1274.807724,5.471e-25
1274.961494,1.1270000000000002e-26
1274.998099,1.091e-26
1275.147327,2.114e-25
1275.168871,2.463e-26
1275.181293,2.387e-26
1275.187786,2.072e-25
1275.276531,4.609e-23
1275.28297,4.774e-23
1275.442333,9.926e-25
1275.466162,1.4419999999999998e-23
1275.499567,9.572e-25
1275.550174,1.282e-23
1275.565335,7.472e-25
1275.596892,3.144e-23
1275.603809,3.075e-23
1275.609778,7.633e-25
1275.731643,1.865e-25
1275.757031,1.753e-24
1275.771329,1.829e-25
1275.863889,4.5860000000000007e-26
1275.87107,4.3680000000000005e-26
1276.006326,4.411e-23
1276.012838,4.134e-23
1276.100628,1.195e-26
1276.116495,1.051e-26
1276.121076,1.155e-26
1276.136007,1.045e-24
1276.152755,1.02e-26
1276.191292,1.0089999999999999e-24
1276.216457,2.249e-25
1276.275424,2.195e-25
1276.305697,1.635e-25
1276.32525,1.063e-24
1276.344711,1.604e-25
1276.34707,1.275e-23
1276.354629,1.044e-24
1276.440788,1.115e-23
1276.53342,1.056e-25
1276.59484,6.417e-24
1276.619433,6.293e-24
1276.632886,4.808e-23
1276.636962,4.992e-23
1276.668053,3.222e-23
1276.714232,3.074e-23
1276.827315,1.087e-24
1276.880747,1.051e-24
1276.881547,1.425e-25
1276.919828,1.3990000000000002e-25
1277.012673,1.433e-24
1277.044081,1.3969999999999999e-24
1277.112866,3.724e-25
1277.148169,3.667e-25
1277.213679,1.117e-23
1277.319994,9.56e-24
1277.433446,1.277e-25
1277.444672,1.235e-25
1277.482349,1.212e-25
1277.510347,1.116e-24
1277.562114,1.0799999999999999e-24
1277.648305,1.883e-24
1277.680075,1.833e-24
1277.784526,1.147e-26
1277.801208,1.111e-26
1277.819417,2.619e-26
1277.829612,2.534e-26
1277.855277,5.359e-23
1277.859784,3.398e-25
1277.864041,5.527999999999999e-23
1277.887533,4.094e-23
1277.89436,3.999e-23
1277.917074,3.3110000000000003e-25
1278.007204,4.899e-23
1278.008655,5.101e-23
1278.012646,1.064e-25
1278.049618,1.045e-25
1278.078124,9.717e-24
1278.080536,3.95e-26
1278.085969,3.744e-26
1278.192873,1.133e-24
1278.200321,8.065e-24
1278.232692,2.423e-24
1278.243012,1.098e-24
1278.264674,2.354e-24
1278.344216,1.654e-25
1278.45812,3.57e-25
1278.767743,3.053e-24
1278.800038,2.96e-24
1278.864996,1.1379999999999999e-24
1278.913702,1.104e-24
1278.933579,8.445999999999999e-24
1279.076112,6.667e-24
1279.109572,3.263e-23
1279.154852,3.096e-23
1279.255605,3.765e-24
1279.2694,2.42e-25
1279.28841,3.643e-24
1279.399847,5.087e-23
1279.401314,4.869e-23
1279.441716,5.039e-25
1279.497122,4.897e-25
1279.498973,8.809999999999999e-24
1279.503116,1.0710000000000002e-26
1279.516152,1.039e-26
1279.523459,8.634e-24
1279.539452,1.132e-24
1279.586702,1.099e-24
1279.672,6.596999999999999e-23
1279.679101,6.774e-23
1279.698514,4.543e-24
1279.732089,4.386e-24
1279.782344,7.449e-24
1279.854181,1.024e-25
1279.936006,1.002e-25
1279.944769,5.287e-24
1280.098745,5.362e-24
1280.133408,5.163e-24
1280.180833,5.22e-23
1280.186813,5.083e-23
1280.200206,1.114e-24
1280.239715,4.636000000000001e-25
1280.246225,1.083e-24
1280.260947,3.2460000000000005e-26
1280.264243,3.0570000000000003e-26
1280.421992,2.711e-26
1280.429704,2.6170000000000004e-26
1280.458578,6.188e-24
1280.492307,5.824e-25
1280.494712,5.939e-24
1280.527278,5.738e-25
1280.764915,1.12e-25
1280.780265,6.974e-24
1280.812059,4.944e-23
1280.816786,4.714e-23
1280.818335,6.669e-24
1280.826345,1.048e-26
1280.844676,1.028e-25
1280.86754,1.087e-24
1280.879475,1.004e-26
1280.91223,1.058e-24
1280.96134,7.344e-25
1281.014089,7.099e-25
1281.065999,7.671e-24
1281.073501,1.452e-25
1281.10658,7.303e-24
1281.221965,3.732e-24
1281.230656,4.462e-24
1281.236726,3.066e-24
1281.237127,3.613e-24
1281.24889,4.311e-24
1281.249002,2.974e-24
1281.262616,5.237e-24
1281.273751,2.4749999999999998e-24
1281.283344,2.405e-24
1281.284102,5.047e-24
1281.316407,6.028e-24
1281.317878,8.221e-24
1281.330424,1.965e-24
1281.337562,1.911e-24
1281.341338,5.793e-24
1281.361699,7.785e-24
1281.389516,6.798e-24
1281.402708,1.533e-24
1281.407648,1.494e-24
1281.418124,6.512e-24
1281.444161,7.898e-23
1281.447822,3.173e-23
1281.451413,8.116e-23
1281.476979,1.059e-26
1281.478572,7.503e-24
1281.485217,1.177e-24
1281.488248,1.148e-24
1281.493044,2.989e-23
1281.511157,7.159e-24
1281.516208,1.052e-24
1281.522435,1.921e-25
1281.532176,1.018e-26
1281.537872,8.569e-24
1281.559845,1.024e-24
1281.571341,8.884e-25
1281.572781,8.674000000000001e-25
1281.579577,8.092e-24
1281.585888,8.06e-24
1281.59723,1.784e-25
1281.616557,7.683e-24
1281.653404,6.594000000000001e-25
1281.653598,6.444e-25
1281.684546,1.117e-25
1281.684862,1.139e-25
1281.688142,8.510999999999999e-24
1281.72217,4.706e-25
1281.722857,4.812e-25
1281.727773,8.662e-24
1281.730115,8.033e-24
1281.760388,1.6460000000000002e-25
1281.761389,1.679e-25
1281.7693,3.377e-25
1281.770486,3.45e-25
1281.781286,8.078e-24
1281.785336,2.38e-25
1281.786627,2.429e-25
1281.799701,8.707e-24
1281.847548,8.157e-24
1281.889139,8.455e-24
1281.909677,8.632e-24
1281.950009,7.797e-24
1281.964727,8.008e-24
1282.00074,1.0210000000000002e-26
1282.013597,8.247e-24
1282.023189,7.916e-24
1282.077925,7.551e-24
1282.094246,7.187e-24
1282.107102,7.523e-24
1282.130606,7.023999999999999e-24
1282.177681,1.0089999999999999e-24
1282.184123,6.76e-24
1282.185756,6.443e-24
1282.21105,5.761e-24
1282.216523,6.231e-24
1282.220077,9.828e-25
1282.244293,4.983e-24
1282.246559,4.678e-23
1282.253074,1.678e-25
1282.254967,4.439e-23
1282.261591,4.088e-24
1282.26908,1.781e-24
1282.273451,3.049e-24
1282.281073,2.931e-25
1282.281576,5.624e-24
1282.320515,4.923e-24
1282.33309,1.6420000000000002e-25
1282.346985,2.385e-25
1282.351383,2.744e-25
1282.371428,4.135e-24
1282.399598,2.5250000000000003e-26
1282.400291,2.36e-26
1282.402187,1.186e-23
1282.414231,3.252e-24
1282.426508,1.162e-23
1282.446562,8.11e-25
1282.452992,4.203e-23
1282.465376,2.268e-24
1282.466633,1.0089999999999999e-24
1282.477887,6.515e-23
1282.488369,1.044e-26
1282.533162,1.171e-24
1282.552569,2.152e-23
1282.813204,9.594e-25
1282.854717,9.354e-25
1282.973811,2.726e-26
1282.978774,2.625e-26
1283.026053,4.128e-25
1283.092581,3.887e-25
1283.173848,9.236e-23
1283.181539,9.502e-23
1283.470483,9.057e-25
1283.510803,8.836e-25
1283.689576,2.956e-23
1283.704381,4.298e-23
1283.717007,4.055e-23
1283.735801,2.7599999999999995e-23
1283.778014,5.482e-25
1283.798715,1.418e-24
1283.828974,8.585e-25
1283.840943,5.185e-25
1283.853563,1.404e-24
1283.873744,8.824e-25
1283.89861,2.1780000000000003e-25
1284.091365,8.481e-25
1284.130968,8.279e-25
1284.173924,1.0880000000000002e-26
1284.17925,1.062e-26
1284.39027,1.2940000000000002e-26
1284.402032,1.2270000000000002e-26
1284.488838,1.702e-26
1284.491337,1.84e-26
1284.509145,6.9530000000000005e-25
1284.56915,6.602000000000001e-25
1284.593888,2.707e-25
1284.671968,2.6440000000000003e-25
1284.746636,7.888000000000001e-25
1284.779383,7.956e-23
1284.785059,7.705e-25
1284.791026,7.729999999999999e-23
1284.862633,1.055e-22
1284.870792,1.087e-22
1285.12171,1.9529999999999998e-24
1285.173843,1.914e-24
1285.186337,3.827e-23
1285.203903,3.583e-23
1285.256871,8.501e-25
1285.299314,1.566e-23
1285.313855,8.097e-25
1285.323479,1.5329999999999998e-23
1285.350815,7.279e-25
1285.388693,7.114e-25
1285.472427,2.6560000000000004e-26
1285.474349,2.55e-26
1285.608951,1.083e-25
1285.841015,2.63e-23
1285.889669,2.427e-23
1285.971994,1.0079999999999999e-24
1286.006923,6.676e-25
1286.026724,9.626e-25
1286.043592,6.528e-25
1286.311246,1.527e-26
1286.319075,1.4550000000000002e-26
1286.376235,2.618e-24
1286.426596,2.555e-24
1286.456918,2.06e-25
1286.512755,1.176e-22
1286.52131,1.213e-22
1286.525011,1.126e-26
1286.53152,1.235e-26
1286.591629,6.075e-25
1286.627941,5.943000000000001e-25
1286.679286,1.873e-25
1286.693025,3.291e-23
1286.716548,3.052e-23
1286.718857,1.164e-24
1286.77093,1.115e-24
1286.849276,1.315e-26
1286.851242,1.281e-26
1286.868157,4.293e-25
1286.944252,4.184e-25
1287.085477,9.501e-23
1287.09609,9.239e-23
1287.156709,1.354e-24
1287.182711,1.3339999999999999e-24
1287.252237,5.498e-25
1287.287268,5.381e-25
1287.292206,2.602e-25
1287.414722,1.315e-24
1287.465105,1.261e-24
1287.465665,2.381e-25
1287.562227,3.429e-24
1287.611108,3.336e-24
1287.813817,4.936e-25
1287.848701,4.834e-25
1287.907546,2.226e-23
1287.914247,2.394e-26
1287.915702,2.502e-26
1287.9607,2.022e-23
1288.108273,2.688e-25
1288.127256,1.2789999999999998e-22
1288.136072,1.3229999999999998e-22
1288.165337,1.456e-24
1288.184727,2.024e-23
1288.209165,1.983e-23
1288.213255,1.3999999999999999e-24
1288.224804,2.724e-23
1288.249822,1.7260000000000002e-26
1288.251155,2.4830000000000003e-25
1288.254238,1.6520000000000003e-26
1288.2558,2.493e-23
1288.483594,4.411e-25
1288.517076,4.321000000000001e-25
1288.679237,4.391e-24
1288.726818,4.261e-24
1288.837302,1.583e-24
1288.884047,1.524e-24
1288.930644,2.41e-25
1288.952135,1.629e-25
1288.99414,1.604e-25
1289.01731,3.909e-25
1289.05089,3.832e-25
1289.051918,2.248e-25
1289.067489,6.689e-25
1289.141988,6.484e-25
1289.395673,1.109e-22
1289.406076,1.077e-22
1289.445864,1.51e-26
1289.447391,1.5520000000000003e-26
1289.597868,1.695e-24
1289.642195,1.635e-24
1289.702152,3.4520000000000003e-25
1289.70997,1.3569999999999998e-22
1289.718869,1.406e-22
1289.722056,1.889e-25
1289.726876,5.497e-24
1289.734153,3.385e-25
1289.773322,5.319e-24
1289.781731,2.159e-23
1289.822628,1.939e-23
1289.828147,1.781e-25
1289.836381,1.039e-25
1289.893579,1.783e-23
1289.954561,1.582e-23
1289.958276,1.047e-25
1290.042083,1.007e-26
1290.201953,3.021e-25
1290.204255,1.88e-26
1290.205674,1.805e-26
1290.23434,2.9630000000000003e-25
1290.239547,1.787e-24
1290.283212,1.725e-24
1290.296551,2.163e-26
1290.30179,2.27e-26
1290.338947,2.597e-25
1290.377391,2.554e-25
1290.423519,2.0159999999999998e-24
1290.449459,1.981e-24
1290.544742,1.269e-25
1290.623174,1.1710000000000002e-26
1290.638231,1.212e-25
1290.684456,1.205e-26
1290.704869,6.722e-24
1290.750357,6.486e-24
1290.909229,2.637e-25
1290.939797,2.587e-25
1291.018243,1.862e-24
1291.047188,2.473e-23
1291.0594,1.7999999999999997e-24
1291.078367,2.515e-23
1291.079148,1.114e-26
1291.120768,1.091e-26
1291.183805,1.024e-24
1291.263155,9.31e-25
1291.265445,1.403e-22
1291.274209,1.458e-22
1291.302995,1.031e-24
1291.363377,1.628e-23
1291.367485,2.279e-25
1291.380195,1.354e-26
1291.398781,2.237e-25
1291.418459,1.42e-23
1291.437917,1.3960000000000002e-26
1291.439653,1.274e-25
1291.601765,4.044e-25
1291.613055,8.026e-24
1291.621098,1.91e-24
1291.636661,3.973e-25
1291.657792,7.719e-24
1291.662135,1.849e-24
1291.708718,1.2639999999999998e-22
1291.71903,1.2259999999999998e-22
1291.80213,1.345e-23
1291.877033,1.147e-23
1291.893853,1.393e-25
1291.962557,1.737e-26
1291.967699,1.788e-26
1292.10632,1.968e-25
1292.135483,1.932e-25
1292.171288,1.905e-26
1292.172518,1.978e-26
1292.242717,1.51e-26
1292.297267,1.5620000000000002e-26
1292.428522,1.944e-24
1292.451379,9.347e-24
1292.466822,1.8839999999999998e-24
1292.495619,8.956e-24
1292.513527,1.68e-25
1292.543829,1.65e-25
1292.619573,1.872e-26
1292.629109,1.975e-26
1292.742326,6.146e-25
1292.763782,1.347e-26
1292.773769,6.031e-25
1292.792831,1.3790000000000002e-26
1292.798807,1.414e-22
1292.807186,1.473e-22
1292.968268,1.163e-23
1292.981409,1.9489999999999998e-24
1293.02019,1.891e-24
1293.046216,9.617e-24
1293.080439,1.778e-25
1293.128898,1.47e-26
1293.134825,1.359e-26
1293.204509,1.622e-26
1293.209562,1.538e-24
1293.219875,1.061e-23
1293.256336,1.683e-26
1293.263937,1.012e-23
1293.271452,1.514e-24
1293.295116,1.435e-25
1293.307555,2.191e-25
1293.322885,1.41e-25
1293.633745,9.522e-24
1293.639569,1.211e-25
1293.645028,2.944e-24
1293.668967,1.19e-25
1293.669406,2.892e-24
1293.735963,7.511e-24
1293.763055,9.115e-25
1293.775828,2.276e-25
1293.791185,8.935e-25
1293.831059,1.943e-24
1293.86673,1.887e-24
1293.910398,3.183e-23
1293.918643,1.171e-23
1293.925999,3.126e-23
1293.96294,1.111e-23
1294.022535,1.4079999999999998e-22
1294.032712,1.363e-22
1294.148706,1.9470000000000003e-26
1294.152276,2.0180000000000003e-26
1294.258572,1.6740000000000003e-26
1294.273855,1.102e-25
1294.308194,1.7420000000000003e-26
1294.315579,1.3859999999999998e-22
1294.319726,1.907e-24
1294.323296,1.4489999999999998e-22
1294.356566,1.854e-24
1294.401645,1.946e-26
1294.410519,2.006e-26
1294.477522,1.024e-25
1294.486101,1.585e-26
1294.503889,1.007e-25
1294.516042,1.629e-26
1294.547828,1.255e-23
1294.591899,7.935e-24
1294.59291,1.183e-23
1294.666969,1.319e-24
1294.691961,1.291e-24
1294.714275,5.745e-24
1294.782518,3.64e-25
1294.881815,1.542e-26
1294.896328,1.637e-26
1294.919941,2.085e-26
1294.923305,1.949e-26
1295.107588,1.303e-23
1295.137978,2.266e-24
1295.154213,1.219e-23
1295.199158,2.223e-24
1295.228524,1.868e-24
1295.261725,1.8169999999999998e-24
1295.309873,1.39e-25
1295.364816,1.279e-25
1295.382526,6.653e-24
1295.39738,1.653e-26
1295.445395,1.727e-26
1295.457619,1.861e-24
1295.479672,1.82e-24
1295.541883,3.766e-24
1295.598056,1.306e-23
1295.635066,1.798e-24
1295.647313,1.208e-23
1295.67024,1.75e-24
1295.672832,8.682000000000001e-25
1295.784499,1.251e-25
1295.821495,1.321e-22
1295.828247,1.387e-22
1295.845741,1.311e-25
1295.866922,1.293e-25
1295.888472,2.605e-25
1295.943015,2.425e-25
1296.019275,1.255e-23
1296.072824,1.145e-23
1296.135235,1.934e-26
1296.139054,2.561e-24
1296.140859,1.999e-26
1296.158392,2.501e-24
1296.23957,1.814e-26
1296.269769,1.868e-26
1296.334198,1.529e-22
1296.344116,1.477e-22
1296.371083,1.148e-23
1296.431649,1.024e-23
1296.613129,1.556e-26
1296.623914,1.733e-24
1296.652842,9.81e-24
1296.65475,1.688e-24
1296.660232,1.634e-26
1296.714171,2.76e-26
1296.715581,2.6e-26
1296.715823,3.437e-24
1296.725403,8.468e-24
1296.730442,3.902e-23
1296.732693,3.352e-24
1296.747175,3.806e-23
1296.764385,2.121e-26
1296.777112,2.1910000000000003e-26
1296.815755,4.224e-24
1296.838115,4.145e-24
1296.862626,7.563e-24
1296.889565,4.181e-25
1296.926204,1.637e-24
1296.937366,3.921e-25
1296.953895,1.432e-25
1296.957976,6.136e-24
1296.959954,1.5959999999999999e-24
1296.963234,3.271e-24
1296.974796,1.291e-25
1296.99376,4.671e-24
1297.021718,3.1999999999999998e-24
1297.025816,1.814e-25
1297.081921,1.1990000000000002e-26
1297.09406,2.835e-24
1297.102356,1.283e-26
1297.142536,1.087e-25
1297.144514,3.2569999999999998e-24
1297.176759,6.341e-24
1297.184379,1.813e-25
1297.192997,4.496e-24
1297.207673,4.378e-24
1297.262251,9.143e-24
1297.284619,4.868e-24
1297.289771,1.4030000000000002e-25
1297.316122,1.619e-24
1297.318842,1.5670000000000002e-25
1297.322302,1.222e-22
1297.327757,1.2889999999999998e-22
1297.332779,7.691e-24
1297.353974,1.118e-25
1297.355385,6.058e-25
1297.362896,1.152e-23
1297.384366,1.774e-25
1297.404737,5.712e-25
1297.413841,1.013e-23
1297.478812,1.349e-23
1297.517431,1.217e-23
1297.576213,5.736e-24
1297.588998,5.576e-24
1297.606887,1.501e-23
1297.636959,1.378e-23
1297.742367,1.607e-23
1297.76618,1.493e-23
1297.871715,7.135e-24
1297.87934,1.665e-23
1297.88294,6.923e-24
1297.897983,1.3890000000000002e-26
1297.898441,1.561e-23
1297.945006,1.4670000000000002e-26
1298.010954,1.6759999999999998e-23
1298.018076,2.017e-26
1298.020556,1.556e-24
1298.026485,1.583e-23
1298.048717,2.0810000000000003e-26
1298.049083,1.518e-24
1298.086377,8.654e-24
1298.096409,8.380999999999999e-24
1298.127849,1.868e-26
1298.129582,1.6419999999999998e-23
1298.13524,1.928e-26
1298.142447,1.56e-23
1298.191648,1.443e-24
1298.224196,1.409e-24
1298.226976,1.569e-23
1298.227693,1.024e-23
1298.236937,9.893e-24
1298.23793,1.497e-23
1298.294441,1.4629999999999998e-23
1298.303732,1.182e-23
1298.304142,1.401e-23
1298.312628,1.139e-23
1298.323028,1.331e-23
1298.332061,1.279e-23
1298.473399,8.248e-25
1298.506101,3.27e-26
1298.506158,3.4510000000000004e-26
1298.515267,7.81e-25
1298.639961,1.619e-22
1298.649444,1.5609999999999998e-22
1298.680646,4.622e-24
1298.735991,4.512e-24
1298.788585,1.054e-24
1298.795269,1.557e-25
1298.823584,1.094e-22
1298.827373,1.161e-22
1298.834005,1.001e-24
1299.045432,2.1770000000000003e-25
1299.052963,2.245e-26
1299.063511,2.145e-25
1299.069676,2.324e-26
1299.244292,1.167e-26
1299.292266,1.242e-26
1299.422095,1.355e-24
1299.429628,1.235e-24
1299.448329,1.323e-24
1299.46118,1.207e-24
1299.49592,3.055e-25
1299.521474,4.661e-23
1299.537276,4.537e-23
1299.746362,2.4880000000000003e-25
1299.815937,2.1760000000000003e-26
1299.847357,2.249e-26
1299.931251,5.95e-24
1299.951315,5.835e-24
1300.066679,1.313e-24
1300.103412,1.251e-24
1300.123158,1.759e-26
1300.132,1.811e-26
1300.185342,1.548e-24
1300.227772,1.48e-24
1300.286799,6.386e-24
1300.288978,3.912e-26
1300.290086,4.108e-26
1300.306277,1.715e-25
1300.330607,9.458e-23
1300.332308,1.011e-22
1300.338839,6.221e-24
1300.536774,5.732e-25
1300.638076,1.026e-24
1300.668825,1.004e-24
1300.69317,4.784e-25
1300.832463,1.147e-24
1300.856388,1.121e-24
1300.886074,1.118e-25
1300.935344,1.6700000000000001e-22
1300.944174,1.6049999999999998e-22
1301.071116,7.05e-25
1301.196379,6.073e-25
1301.270441,2.302e-26
1301.291303,2.39e-26
1301.542524,2.029e-24
1301.582707,1.9469999999999998e-24
1301.62791,2.2740000000000003e-26
1301.660518,2.3570000000000003e-26
1301.674744,1.825e-24
1301.706876,1.748e-24
1301.779627,8.62e-24
1301.814615,8.299e-25
1301.82766,1.88e-25
1301.828314,8.379e-24
1301.844747,8.127e-25
1301.84731,8.483999999999999e-23
1301.848215,7.853999999999999e-23
1302.05813,4.48e-26
1302.059922,4.6850000000000005e-26
1302.117399,1.615e-26
1302.127245,1.6600000000000002e-26
1302.164137,3.549e-25
1302.179051,3.496e-25
1302.255833,9.449e-25
1302.277406,9.246e-25
1302.277693,5.446999999999999e-23
1302.291995,5.293999999999999e-23
1302.322747,7.785e-25
1302.413723,6.829e-25
1302.544738,1.07e-26
1302.551716,6.9720000000000005e-25
1302.565336,1.097e-26
1302.639724,6.246000000000001e-25
1302.856605,2.439e-24
1302.895148,2.349e-24
1302.956546,6.536e-25
1302.98624,6.406e-25
1302.987373,8.228e-24
1303.004921,8.063e-24
1303.158429,1.135e-23
1303.171005,1.289e-25
1303.203796,1.101e-23
1303.215269,1.6759999999999998e-22
1303.223189,1.6059999999999998e-22
1303.3028,2.305e-24
1303.330694,2.216e-24
1303.363786,2.066e-25
1303.376556,6.816e-23
1303.380751,6.224e-23
1303.420633,2.283e-26
1303.445861,2.377e-26
1303.44918,2.2980000000000003e-26
1303.483454,2.389e-26
1303.696549,7.586000000000001e-25
1303.715704,7.431e-25
1303.807463,4.931e-26
1303.809613,5.1380000000000006e-26
1303.952248,4.556e-25
1304.022861,4.194e-25
1304.060841,5.0160000000000005e-25
1304.090265,4.921e-25
1304.106433,1.448e-26
1304.112597,1.184e-26
1304.116032,1.483e-26
1304.122159,6.441e-25
1304.123657,2.7369999999999998e-24
1304.13911,1.214e-26
1304.161069,2.644e-24
1304.184682,5.831e-25
1304.423818,1.458e-23
1304.465962,1.41e-23
1304.664382,1.042e-25
1304.694639,1.056e-25
1304.731695,1.291e-26
1304.754842,1.325e-26
1304.918521,2.298e-25
1304.923556,5.202e-23
1304.932052,4.657e-23
1304.955742,2.703e-24
1304.979649,2.6069999999999998e-24
1304.994906,6.226999999999999e-23
1305.007367,6.041e-23
1305.124139,3.755e-25
1305.153443,3.687e-25
1305.159031,5.943000000000001e-25
1305.175688,5.826e-25
1305.200712,5.678e-25
1305.212425,5.591e-25
1305.273283,1.774e-25
1305.275351,2.24e-26
1305.311845,2.336e-26
1305.334456,1.674e-25
1305.339338,2.9e-24
1305.376064,2.808e-24
1305.419555,1.344e-26
1305.420516,1.236e-26
1305.434719,1.465e-25
1305.47423,1.6349999999999998e-22
1305.480951,1.5609999999999998e-22
1305.507952,2.1810000000000003e-26
1305.531074,5.234000000000001e-26
1305.533288,5.438000000000001e-26
1305.537848,2.2790000000000003e-26
1305.577611,1.824e-23
1305.616681,1.7589999999999998e-23
1305.942349,3.566e-25
1305.980236,1.117e-23
1305.98838,3.3040000000000003e-25
1305.995074,1.093e-23
1306.085756,1.269e-26
1306.10796,1.248e-26
1306.142761,2.743e-25
1306.157079,1.409e-26
1306.172045,2.695e-25
1306.185153,1.4470000000000003e-26
1306.491032,3.725e-23
1306.495322,2.6430000000000003e-25
1306.498893,2.9219999999999998e-24
1306.505546,3.232e-23
1306.531029,1.746e-25
1306.53532,2.836e-24
1306.542397,1.509e-25
1306.559469,1.771e-25
1306.593181,1.036e-25
1306.622646,2.219e-23
1306.637959,2.9869999999999998e-24
1306.647665,4.548e-25
1306.654725,1.4870000000000002e-25
1306.658057,2.888e-24
1306.65884,2.133e-23
1306.660682,1.978e-26
1306.661733,4.461e-25
1306.665028,1.84e-26
1306.674608,1.049e-25
1306.876323,1.519e-26
1306.902069,1.561e-26
1306.997528,1.768e-25
1307.074034,1.792e-25
1307.10242,2.1e-26
1307.112794,1.955e-25
1307.141801,2.1980000000000003e-26
1307.141991,1.923e-25
1307.223452,5.372000000000001e-26
1307.225478,5.568e-26
1307.523669,2.9590000000000003e-25
1307.537202,2.001e-26
1307.562575,2.624e-23
1307.572206,2.099e-26
1307.595364,3.001e-25
1307.596133,2.513e-23
1307.597151,2.816e-24
1307.633612,2.738e-24
1307.669438,6.959e-23
1307.671474,1.6420000000000002e-25
1307.679781,6.738e-23
1307.706491,1.547e-22
1307.711684,1.47e-22
1307.848074,2.689e-26
1307.855241,2.524e-26
1307.892738,2.292e-25
1308.000152,2.257e-25
1308.030835,1.359e-25
1308.050529,1.0880000000000002e-26
1308.058842,1.3399999999999999e-25
1308.066,1.114e-26
1308.080654,2.448e-23
1308.097693,3.2940000000000003e-25
1308.104708,2.007e-23
1308.154821,8.913e-25
1308.163325,8.771e-25
1308.166672,3.402e-25
1308.170215,4.856e-25
1308.178057,3.339e-25
1308.187645,1.6350000000000002e-26
1308.217525,1.681e-26
1308.23725,4.927e-25
1308.353161,3.14e-24
1308.369589,3.042e-24
1308.401619,3.013e-23
1308.432824,2.872e-23
1308.445787,2.869e-25
1308.472742,2.912e-25
1308.628552,2.604e-24
1308.665294,2.537e-24
1308.722787,2.847e-25
1308.774345,2.66e-25
1308.879678,5.342000000000001e-26
1308.881303,5.524e-26
1308.906249,1.4859999999999998e-23
1308.9182,1.454e-23
1308.926751,1.884e-26
1308.934666,7.804e-25
1308.969849,1.982e-26
1308.981879,1.74e-26
1308.98617,3.4320000000000004e-26
1308.99571,3.244e-26
1308.99723,7.923e-25
1309.010314,1.7910000000000003e-26
1309.090356,3.391e-25
1309.144333,3.352e-23
1309.173509,3.177e-23
1309.192808,3.336e-25
1309.513369,1.7520000000000003e-26
1309.554129,1.849e-26
1309.587275,2.318e-24
1309.624307,2.263e-24
1309.683038,6.864e-25
1309.69203,1.415e-23
1309.719966,2.49e-25
1309.728579,2.445e-25
1309.73161,5.167e-25
1309.734459,6.49e-25
1309.735485,1.011e-23
1309.795373,3.608e-23
1309.813445,1.228e-24
1309.822901,3.396e-23
1309.871767,1.248e-24
1309.875503,1.816e-25
1309.906278,1.4159999999999998e-22
1309.909572,1.3379999999999998e-22
1310.079911,4.1530000000000005e-26
1310.09145,3.947e-26
1310.104239,3.162e-24
1310.117114,3.069e-24
1310.131968,4.877e-25
1310.202636,1.8470000000000003e-26
1310.229437,4.793e-25
1310.234592,1.9030000000000003e-26
1310.298013,7.595e-23
1310.305975,7.339e-23
1310.359295,3.747e-23
1310.385633,3.496e-23
1310.40225,4.623e-25
1310.428097,4.6930000000000005e-25
1310.46837,1.981e-24
1310.495574,5.154e-26
1310.496635,5.32e-26
1310.504198,1.9469999999999998e-24
1310.537398,1.169e-24
1310.589598,1.114e-24
1310.74504,1.6090000000000002e-26
1310.792928,1.7030000000000003e-26
1310.801968,1.891e-24
1310.84038,3.74e-23
1310.845563,1.2e-25
1310.856312,1.922e-24
1310.866118,3.449e-23
1311.015044,6.805e-25
1311.026963,1.372e-24
1311.032272,1.35e-24
1311.051324,1.941e-26
1311.082589,2.001e-26
1311.107545,6.679e-25
1311.134628,4.8010000000000006e-26
1311.147833,4.5830000000000005e-26
1311.242486,3.566e-23
1311.246244,1.587e-24
1311.251486,1.652e-25
1311.26845,3.236e-23
1311.278508,1.641e-24
1311.298147,1.619e-24
1311.311017,1.784e-25
1311.315302,6.5589999999999996e-24
1311.316778,1.753e-25
1311.332236,1.572e-24
1311.441397,1.456e-26
1311.444231,3.289e-24
1311.488884,1.546e-26
1311.539106,1.597e-25
1311.55961,1.478e-25
1311.568899,3.216e-23
1311.582429,1.357e-25
1311.582861,2.31e-25
1311.596392,2.849e-23
1311.73791,9.189e-25
1311.762181,1.94e-23
1311.771077,1.896e-23
1311.822132,2.695e-23
1311.825494,9.008e-25
1311.832356,2.04e-25
1311.843333,3.349e-25
1311.853557,2.295e-23
1311.893176,3.065e-24
1311.89476,2.849e-24
1311.898841,2.024e-24
1311.902608,2.98e-24
1311.945422,2.898e-24
1311.952799,1.326e-24
1311.95473,1.9469999999999998e-24
1311.999024,1.302e-24
1312.003406,2.02e-23
1312.010422,3.3020000000000003e-25
1312.037352,5.238e-25
1312.041191,1.982e-25
1312.044368,1.5899999999999998e-23
1312.067802,4.832e-26
1312.067964,1.251e-22
1312.068199,4.9780000000000005e-26
1312.068924,1.1739999999999998e-22
1312.110192,1.212e-23
1312.114068,6.555000000000001e-25
1312.155881,5.327000000000001e-26
1312.170452,5.1040000000000006e-26
1312.177553,9.766e-25
1312.181429,7.53e-24
1312.200675,2.031e-26
1312.235008,2.0960000000000003e-26
1312.299854,1.198e-24
1312.382614,1.173e-24
1312.390935,2.265e-24
1312.394266,7.302e-25
1312.419537,7.414e-25
1312.449531,2.187e-24
1312.551882,1.034e-24
1312.55426,1.298e-26
1312.599459,1.015e-24
1312.608399,1.383e-26
1312.701217,1.503e-24
1312.747638,2.344e-24
1312.779294,1.469e-24
1312.809419,2.27e-24
1312.877713,8.087999999999999e-23
1312.88303,7.795999999999999e-23
1312.942713,1.252e-25
1312.943472,1.809e-24
1312.945556,1.232e-25
1312.962352,2.271e-24
1313.017055,1.764e-24
1313.027732,2.206e-24
1313.029254,2.0789999999999998e-24
1313.042024,7.801e-25
1313.085586,4.195e-24
1313.087307,2.104e-26
1313.091931,7.661e-25
1313.098587,2.023e-24
1313.121601,2.1740000000000003e-26
1313.132891,4.271e-24
1313.149286,5.696e-26
1313.164948,5.476000000000001e-26
1313.325965,1.136e-26
1313.381663,1.2160000000000002e-26
1313.41612,5.708e-25
1313.44921,6.019e-25
1313.464544,5.6570000000000005e-25
1313.468894,5.61e-25
1313.593623,4.5330000000000006e-26
1313.59389,4.405e-26
1313.609725,1.216e-25
1313.666843,4.052e-25
1313.677707,1.199e-25
1313.721002,2.873e-24
1313.722904,3.986e-25
1313.727106,2.797e-24
1313.770071,1.869e-25
1313.787067,2.793e-25
1313.818449,2.071e-24
1313.820603,2.036e-24
1313.831299,1.792e-24
1313.83377,1.842e-25
1313.835175,3.536e-25
1313.846781,2.75e-25
1313.964103,1.066e-24
1314.120313,5.887e-26
1314.136821,5.674000000000001e-26
1314.163239,2.138e-25
1314.180638,2.168e-26
1314.184326,9.866e-23
1314.186233,1.061e-22
1314.2177,2.243e-26
1314.367618,6.041e-24
1314.411919,6.154e-24
1314.414068,1.05e-26
1314.415974,1.131e-24
1314.442263,1.146e-24
1314.545246,2.481e-23
1314.550932,2.422e-23
1315.071419,4.019e-26
1315.072094,3.9090000000000005e-26
1315.074093,5.892e-26
1315.091231,5.693e-26
1315.09216,2.214e-26
1315.129757,2.292e-26
1315.380171,1.306e-24
1315.391156,1.237e-24
1315.405963,8.393e-23
1315.408348,8.067999999999999e-23
1315.564024,3.618e-24
1315.571039,1.823e-25
1315.587819,2.611e-24
1315.590716,2.545e-24
1315.61062,2.839e-24
1315.733597,8.5e-24
1315.775279,8.667e-24
1316.015224,5.723e-26
1316.032815,5.541000000000001e-26
1316.141629,2.245e-26
1316.181833,2.328e-26
1316.236803,2.283e-25
1316.250738,7.887e-23
1316.256222,8.587999999999999e-23
1316.461832,1.716e-24
1316.475332,1.71e-24
1316.499997,3.3590000000000004e-26
1316.500919,3.473e-26
1316.530415,3.01e-24
1316.531361,3.065e-24
1316.947634,5.401e-26
1316.965546,5.238e-26
1317.067905,2.255e-26
1317.109174,2.3420000000000003e-26
1317.119485,1.116e-25
1317.134611,1.132e-25
1317.151385,1.416e-25
1317.15836,1.437e-25
1317.176004,1.169e-23
1317.215501,1.192e-23
1317.253212,3.107e-23
1317.255541,3.029e-23
1317.306917,3.73e-24
1317.330757,2.208e-24
1317.334181,3.176e-24
1317.337999,2.104e-24
1317.492675,2.251e-24
1317.492851,2.306e-24
1317.874777,4.9490000000000005e-26
1317.879629,8.119e-23
1317.880499,8.474e-23
1317.882176,2.928e-26
1317.892234,2.81e-26
1317.892765,4.814e-26
1317.918939,1.004e-26
1317.951649,1.029e-26
1318.082947,2.249e-26
1318.1268,2.338e-26
1318.25762,2.421e-25
1318.263536,5.923999999999999e-23
1318.273641,6.563e-23
1318.526636,2.554e-24
1318.546928,2.5969999999999998e-24
1318.687215,1.569e-23
1318.725085,1.602e-23
1318.797647,4.433e-26
1318.816184,4.311e-26
1318.98123,1.103e-26
1319.015295,1.131e-26
1319.016265,2.22e-26
1319.061696,2.312e-26
1319.068864,2.852e-24
1319.086685,2.529e-24
1319.164486,4.3609999999999996e-24
1319.168462,4.443e-24
1319.215839,2.41e-26
1319.222994,2.35e-26
1319.299488,3.219e-24
1319.303457,3.081e-24
1319.431437,1.939e-24
1319.434542,1.985e-24
1319.468585,1.848e-25
1319.484319,1.875e-25
1319.647869,8.199999999999999e-24
1319.649708,5.8559999999999996e-24
1319.716649,2.3310000000000003e-25
1319.719243,3.863e-26
1319.725673,2.366e-25
1319.732478,8.372e-24
1319.738916,5.9739999999999996e-24
1319.739136,3.7530000000000005e-26
1319.766651,1.124e-23
1319.770497,4.1e-24
1319.846711,1.149e-23
1319.864313,4.178e-24
1319.883343,3.708e-23
1319.884506,3.807e-23
1320.004059,2.173e-26
1320.004276,1.204e-26
1320.006749,1.506e-23
1320.007694,2.817e-24
1320.039301,1.236e-26
1320.052191,2.267e-26
1320.082351,1.5409999999999998e-23
1320.106095,2.868e-24
1320.218436,4.092e-23
1320.222151,2.561e-25
1320.234925,4.655e-23
1320.259639,2.058e-23
1320.294844,7.928999999999999e-23
1320.297022,2.099e-23
1320.299353,8.308e-23
1320.357991,1.902e-24
1320.367786,1.97e-23
1320.43907,2.019e-23
1320.46092,1.935e-24
1320.503041,1.937e-26
1320.510541,1.893e-26
1320.605532,3.723e-24
1320.626553,3.791e-24
1320.639597,3.2850000000000005e-26
1320.647698,3.062e-26
1320.817405,1.262e-24
1320.848237,2.512e-23
1320.849292,1.605e-24
1320.861222,1.459e-24
1320.915395,2.579e-23
1320.924782,1.284e-24
1320.938681,2.105e-26
1320.988927,2.2e-26
1321.049172,1.3060000000000002e-26
1321.085581,1.342e-26
1321.284629,4.24e-24
1321.285708,4.072e-24
1321.381364,8.248e-25
1321.404783,1.629e-24
1321.410659,1.666e-24
1321.4454,3.117e-23
1321.493083,8.383000000000001e-25
1321.508677,3.207e-23
1321.558738,2.727e-26
1321.574129,2.658e-26
1321.726161,6.1889999999999996e-24
1321.733087,6.31e-24
1321.740331,1.011e-26
1321.745311,1.522e-26
1321.753532,1.49e-26
1321.807191,3.005e-25
1321.823629,3.051e-25
1321.853553,9.2e-24
1321.885838,2.635e-23
1321.90456,2.019e-26
1321.953131,1.7799999999999998e-23
1321.957779,2.114e-26
1322.044772,5.309000000000001e-25
1322.065982,1.4080000000000003e-26
1322.103522,1.448e-26
1322.111053,2.491e-23
1322.127873,2.725e-25
1322.137522,2.965e-23
1322.155403,3.759e-23
1322.160706,5.393e-25
1322.215102,3.876e-23
1322.233554,3.764e-25
1322.24454,3.823e-25
1322.433542,4.436e-23
1322.438324,4.562e-23
1322.476115,2.211e-26
1322.492104,2.16e-26
1322.645585,5.202e-25
1322.652202,7.495e-23
1322.653371,4.813e-25
1322.660824,7.89e-23
1322.694024,5.319e-24
1322.715481,5.421e-24
1322.80206,3.369e-25
1322.836319,1.914e-26
1322.892262,2.01e-26
1322.913355,1.285e-26
1322.922062,3.42e-25
1322.92527,1.368e-26
1322.944611,1.17e-26
1322.953624,1.146e-26
1322.973278,4.399e-23
1323.029761,4.547e-23
1323.095443,1.509e-26
1323.134435,1.5520000000000003e-26
1323.282681,4.984e-24
1323.284167,5.175e-24
1323.390736,1.753e-26
1323.406873,1.714e-26
1323.40993,1.337e-24
1323.418406,1.367e-24
1323.558622,3.293e-23
1323.58876,3.369e-23
1323.647233,2.108e-25
1323.771136,2.14e-25
1323.784135,1.7940000000000002e-26
1323.843512,1.888e-26
1323.893095,4.988e-23
1323.934449,1.192e-23
1323.946784,5.169e-23
1323.974314,2.948e-25
1323.980934,1.563e-23
1324.038792,1.6380000000000002e-26
1324.045893,1.7330000000000002e-26
1324.104641,1.6060000000000002e-26
1324.133395,4.794e-25
1324.144941,1.653e-26
1324.15063,4.87e-25
1324.219218,8.601e-24
1324.229014,8.775e-24
1324.3013,1.359e-26
1324.317477,1.331e-26
1324.573895,1.302e-25
1324.701519,1.3210000000000002e-25
1324.70526,5.962000000000001e-25
1324.710077,1.6600000000000002e-26
1324.718134,6.057e-25
1324.772926,1.7520000000000003e-26
1324.787974,7.444e-24
1324.809926,7.592999999999999e-24
1324.9062,5.183e-23
1324.908137,5.468e-23
1324.910891,1.004e-26
1324.914721,5.34e-23
1324.950117,6.833e-23
1324.959518,5.685e-23
1324.963466,7.235e-23
1325.099988,1.975e-26
1325.102877,2.077e-26
1325.120135,1.698e-26
1325.161997,1.7500000000000002e-26
1325.206303,1.031e-26
1325.222499,1.01e-26
1325.271115,4.014e-23
1325.29203,5.739e-24
1325.295791,5.944e-24
1325.302,4.122e-23
1325.443634,1.0739999999999999e-24
1325.454526,1.096e-24
1325.639643,2.525e-24
1325.642505,1.515e-26
1325.709499,1.6040000000000002e-26
1325.770592,3.029e-25
1325.774248,4.764e-24
1326.011122,5.786e-23
1326.060755,6.039e-23
1326.097113,2.3760000000000003e-26
1326.097977,2.27e-26
1326.120748,1.783e-26
1326.164111,1.838e-26
1326.270504,3.326e-25
1326.272788,3.108e-25
1326.445515,7.505e-25
1326.463642,7.627e-25
1326.560571,1.363e-26
1326.632031,1.448e-26
1326.647737,1.1699999999999998e-23
1326.660324,1.195e-23
1326.821333,1.18e-26
1326.862472,1.25e-26
1326.883601,1.02e-23
1326.906189,1.042e-23
1327.016814,4.773e-23
1327.029716,2.609e-26
1327.03397,2.5010000000000003e-26
1327.047932,4.911e-23
1327.123365,1.858e-26
1327.134715,9.261e-25
1327.149417,9.414e-25
1327.168451,1.9180000000000003e-26
1327.187165,5.978999999999999e-23
1327.194441,5.896e-23
1327.206075,6.378e-23
1327.242973,6.180999999999999e-23
1327.302293,5.909999999999999e-23
1327.311105,6.281e-24
1327.314674,6.099e-23
1327.316867,6.492e-24
1327.413881,1.071e-23
1327.417538,9.49e-25
1327.479347,1.205e-26
1327.482125,1.365e-24
1327.483105,2.211e-23
1327.485781,1.613e-23
1327.489725,4.754e-25
1327.502288,8.437e-25
1327.515391,8.61e-25
1327.517328,7.242000000000001e-25
1327.523948,2.7499999999999995e-23
1327.556035,1.286e-26
1327.5668,3.189e-23
1327.576449,3.007e-25
1327.587994,4.656000000000001e-25
1327.597643,3.707e-23
1327.677716,3.979e-23
1327.690489,2.07e-25
1327.691468,3.236e-25
1327.704241,4.466e-23
1327.820267,4.558e-23
1327.828886,2.3320000000000003e-25
1327.836288,1.4810000000000002e-25
1327.844907,5.005e-23
1327.902045,2.761e-26
1327.909388,2.655e-26
1327.998028,4.914e-23
1328.002675,1.707e-25
1328.017447,1.078e-25
1328.022094,5.315e-23
1328.089811,1.589e-24
1328.090238,1.4999999999999998e-24
1328.11472,1.923e-26
1328.161488,1.987e-26
1328.17422,3.423e-24
1328.214705,5.052e-23
1328.21603,1.254e-25
1328.239025,5.405e-23
1328.305169,6.83e-24
1328.388084,1.046e-26
1328.450388,5.767999999999999e-23
1328.470654,1.1210000000000002e-26
1328.474321,4.991e-23
1328.498584,6.079e-23
1328.499482,5.296e-23
1328.715728,2.825e-26
1328.725897,2.7250000000000003e-26
1328.74209,1.152e-24
1328.761203,1.172e-24
1328.781205,4.761e-23
1328.789616,5.53e-23
1328.80766,5.019e-23
1328.821135,5.701e-23
1328.832636,1.383e-26
1328.873997,1.456e-26
1328.977473,1.37e-23
1329.000867,1.399e-23
1329.015953,1.558e-23
1329.031265,1.592e-23
1329.105256,1.975e-26
1329.1399,4.401e-23
1329.153943,2.044e-26
1329.16802,4.616e-23
1329.336925,6.581e-24
1329.344412,6.789e-24
1329.362025,4.987e-23
1329.387688,5.369999999999999e-23
1329.47268,2.804e-26
1329.485435,2.7100000000000004e-26
1329.524635,1.41e-24
1329.541121,1.435e-24
1329.555012,3.952e-23
1329.581987,6.495e-25
1329.585112,4.127e-23
1329.597062,6.6240000000000005e-25
1329.62372,6.566e-23
1329.640092,6.790999999999999e-23
1329.771379,5.396e-23
1329.820174,5.726e-23
1329.844121,5.717e-24
1329.847778,6.35e-25
1329.887642,8.443e-24
1329.905632,3.532e-24
1329.906621,3.721e-24
1330.031027,3.454e-23
1330.063378,3.594e-23
1330.086918,2.0130000000000003e-26
1330.137571,2.085e-26
1330.17514,2.703e-26
1330.19025,2.618e-26
1330.57209,2.943e-23
1330.583836,6.24e-23
1330.606918,3.053e-23
1330.616075,6.446999999999999e-23
1330.825697,2.5370000000000003e-26
1330.842915,2.4620000000000003e-26
1330.910367,1.5280000000000002e-26
1330.952725,1.6e-26
1331.021863,1.736e-24
1331.042054,1.766e-24
1331.065925,2.0350000000000003e-26
1331.066503,1.799e-23
1331.090885,1.84e-23
1331.11876,2.111e-26
1331.150121,4.802e-23
1331.181768,2.448e-23
1331.200719,5.139e-23
1331.219259,2.532e-23
1331.328138,2.029e-23
1331.346123,2.076e-23
1331.366159,6.633999999999999e-24
1331.375062,6.834e-24
1331.394865,6.4939999999999996e-24
1331.401486,2.573e-25
1331.418306,8.085e-24
1331.427339,2.32e-26
1331.446362,2.255e-26
1331.473383,3.923e-23
1331.507617,4.279e-23
1331.5128,1.01e-25
1331.678593,4.901e-25
1331.695308,4.995000000000001e-25
1331.713178,6.2339999999999996e-24
1331.715203,6.535e-24
1331.862824,1.99e-23
1331.87327,7.099e-23
1331.877498,2.107e-24
1331.893784,7.361e-23
1331.895739,2.1439999999999998e-24
1331.903113,2.053e-23
1331.983582,2.0690000000000003e-26
1332.003888,2.016e-26
1332.037581,2.04e-26
1332.092706,2.119e-26
1332.394215,6.85e-23
1332.427563,7.093999999999999e-23
1332.499817,1.7910000000000003e-26
1332.519167,1.7600000000000002e-26
1332.57973,4.031e-23
1332.587522,1.044e-25
1332.606166,1.059e-25
1332.616999,1.582e-23
1332.633789,4.363e-23
1332.660165,1.6299999999999997e-23
1332.873744,5.4579999999999996e-24
1332.883393,1.226e-25
1332.887108,6.366e-24
1332.965474,1.5160000000000002e-26
1332.996233,1.502e-26
1333.005487,2.028e-26
1333.062167,1.602e-26
1333.063111,2.109e-26
1333.106178,1.6700000000000002e-26
1333.147937,2.313e-23
1333.173499,2.368e-23
1333.283769,2.564e-24
1333.305132,2.611e-24
1333.395118,6.459999999999999e-24
1333.405,6.643e-24
1333.411369,1.281e-26
1333.439462,1.253e-26
1333.444848,1.233e-23
1333.490902,1.268e-23
1333.506948,9.335e-24
1333.509671,9.748e-24
1333.519739,2.86e-23
1333.565545,3.178e-23
1333.574545,1.043e-25
1333.588485,2.584e-23
1333.609114,2.647e-23
1333.710392,1.342e-25
1333.728945,1.362e-25
1333.787764,3.626e-25
1333.805425,3.692e-25
1333.825014,1.046e-26
1333.853517,1.023e-26
1333.966964,1.997e-26
1334.027271,2.0810000000000003e-26
1334.053747,3.1499999999999995e-23
1334.054515,7.457e-23
1334.079372,7.755e-23
1334.100981,1.045e-25
1334.113751,3.463e-23
1334.195546,3.084e-24
1334.215529,3.141e-24
1334.21591,7.307999999999999e-23
1334.250818,7.587999999999999e-23
1334.286736,3.602e-24
1334.293593,4.059e-24
1334.345639,9.421e-24
1334.394499,9.67e-24
1334.786594,2.089e-24
1334.806224,2.963e-24
1334.808398,2.132e-24
1334.825219,3.028e-24
1334.844575,1.443e-24
1334.856912,1.017e-26
1334.869345,1.471e-24
1334.900026,4.116e-24
1334.916395,4.209e-24
1334.924018,1.948e-26
1334.966848,1.7220000000000002e-25
1334.983073,9.766e-25
1334.98661,1.748e-25
1334.987259,2.033e-26
1335.010928,9.95e-25
1335.064044,5.594e-24
1335.078,5.727e-24
1335.204402,6.479e-25
1335.219342,2.908e-23
1335.235407,6.597000000000001e-25
1335.246286,2.981e-23
1335.281053,1.252e-23
1335.284174,1.303e-23
1335.29381,7.441e-24
1335.295673,1.603e-26
1335.305588,7.627e-24
1335.317365,7.065e-24
1335.341908,1.6650000000000002e-26
1335.368766,7.242e-24
1335.419748,6.094e-24
1335.429502,6.248e-24
1335.498877,1.87e-23
1335.510247,4.216e-25
1335.52692,3.714e-24
1335.54435,4.29e-25
1335.54955,3.783e-24
1335.561799,2.138e-23
1335.56594,2.239e-23
1335.575762,1.044e-25
1335.584306,9.68e-24
1335.594172,9.937e-24
1335.631016,1.078e-25
1335.636051,2.519e-23
1335.637292,1.705e-24
1335.639378,1.883e-24
1335.801018,3.217e-23
1335.82429,3.3e-23
1335.851303,1.085e-26
1335.875197,1.8810000000000003e-26
1335.893226,1.112e-26
1335.901771,2.692e-25
1335.90499,2.632e-25
1335.917118,2.629e-25
1335.929929,1.232e-23
1335.938177,1.266e-23
1335.938533,2.737e-25
1335.941626,1.967e-26
1336.044486,7.564e-23
1336.081478,7.878e-23
1336.095578,2.195e-25
1336.115422,2.228e-25
1336.171676,7.596e-23
1336.201148,7.927e-23
1336.324443,1.532e-23
1336.331402,1.578e-23
1336.357212,5.199999999999999e-24
1336.384661,1.66e-25
1336.41017,5.329e-24
1336.417827,1.715e-25
1336.480789,4.425e-24
1336.502518,4.509e-24
1336.760959,1.863e-23
1336.766994,1.922e-23
1336.821558,1.797e-26
1336.878884,1.176e-26
1336.891491,1.883e-26
1336.922693,1.206e-26
1336.927125,4.118e-25
1336.928794,3.766e-25
1336.9322,1.034e-25
1336.981117,1.055e-25
1337.029837,1.5459999999999998e-23
1337.033087,1.604e-23
1337.109442,1.3799999999999998e-23
1337.197785,1.613e-23
1337.202074,1.062e-25
1337.231943,2.214e-23
1337.237458,2.289e-23
1337.278595,3.574e-23
1337.307135,3.668e-23
1337.325081,2.789e-25
1337.346001,2.832e-25
1337.383007,1.988e-24
1337.406019,1.018e-23
1337.422004,2.411e-24
1337.435646,5.5799999999999996e-24
1337.482584,3.737e-24
1337.49827,1.226e-23
1337.513909,3.857e-24
1337.521582,1.361e-24
1337.618271,1.5350000000000002e-26
1337.667227,1.59e-26
1337.729271,2.572e-23
1337.734711,2.664e-23
1337.750593,5.272e-24
1337.762355,1.697e-26
1337.774587,5.374e-24
1337.836133,1.7820000000000002e-26
1337.875896,7.581e-23
1337.900528,1.265e-26
1337.915594,7.925e-23
1337.946261,1.2990000000000002e-26
1337.969526,3.913e-23
1337.995473,4.019e-23
1338.025598,1.875e-25
1338.05135,1.902e-25
1338.22943,7.485e-23
1338.24433,2.918e-23
1338.250185,3.031e-23
1338.263907,7.841999999999999e-23
1338.45589,3.522e-25
1338.477047,3.577e-25
1338.546887,1.045e-26
1338.592767,1.117e-26
1338.610807,2.6719999999999998e-24
1338.672732,6.516e-24
1338.674048,2.747e-24
1338.698325,1.5790000000000002e-26
1338.735019,6.222e-24
1338.748067,1.787e-23
1338.751218,1.851e-23
1338.758515,6.345e-24
1338.76817,3.234e-23
1338.774978,3.369e-23
1338.776138,1.666e-26
1338.799589,8.215e-24
1338.915904,1.3500000000000002e-26
1338.963607,1.388e-26
1339.187229,1.21e-26
1339.223128,3.6419999999999996e-24
1339.228046,1.2880000000000002e-26
1339.291676,3.499e-23
1339.300033,3.657e-23
1339.323863,4.291e-23
1339.342929,8.582e-25
1339.350224,8.124e-25
1339.35423,4.411e-23
1339.38247,4.9459999999999996e-24
1339.438083,4.9699999999999995e-24
1339.454556,5.074e-24
1339.628233,1.456e-26
1339.66245,4.431e-25
1339.684527,4.501e-25
1339.706456,7.338e-23
1339.71119,1.5380000000000002e-26
1339.749623,7.706e-23
1339.805769,3.692e-23
1339.816345,3.875e-23
1339.819294,1.8819999999999998e-24
1339.883692,1.926e-24
1339.925578,1.43e-26
1339.954209,7.332999999999999e-24
1339.97532,1.4720000000000002e-26
1339.979672,7.481e-24
1340.03684,1.414e-26
1340.084142,1.371e-26
1340.088955,1.459e-26
1340.097509,4.647e-23
1340.124872,1.454e-26
1340.126203,4.781e-23
1340.144765,1.311e-25
1340.169894,1.333e-25
1340.200987,1.3349999999999999e-24
1340.232709,7.112e-23
1340.272758,7.488e-23
1340.301595,3.795e-23
1340.31516,4.003e-23
1340.43111,1.957e-23
1340.433973,2.022e-23
1340.456352,2.106e-24
1340.479743,2.875e-24
1340.489179,2.7309999999999998e-24
1340.553297,1.3210000000000002e-26
1340.591986,1.09e-25
1340.595546,1.072e-25
1340.636621,1.5350000000000002e-26
1340.641601,1.4e-26
1340.671859,1.622e-26
1340.770696,3.793e-23
1340.788174,4.025e-23
1340.79197,5.546e-25
1340.81447,5.636000000000001e-25
1340.929376,1.5040000000000002e-26
1340.959821,8.571e-24
1340.981234,1.549e-26
1340.985122,8.748e-24
1341.06909,1.302e-24
1341.135183,1.3309999999999999e-24
1341.205146,3.674e-23
1341.227707,3.929e-23
1341.353591,5.03e-23
1341.38604,5.179e-23
1341.422057,4.309e-24
1341.437875,4.407e-24
1341.472888,1.179e-26
1341.493281,1.7290000000000002e-25
1341.498424,1.7e-25
1341.532812,6.835e-23
1341.567274,1.2540000000000002e-26
1341.575835,5.839e-24
1341.580421,7.217e-23
1341.587051,5.569e-24
1341.597633,3.432e-23
1341.61026,1.683e-26
1341.626859,3.708e-23
1341.632042,1.179e-25
1341.64696,1.7740000000000003e-26
1341.927639,1.5690000000000003e-26
1341.932447,1.038e-25
1341.941447,3.067e-23
1341.979681,3.359e-23
1341.98171,1.6180000000000002e-26
1341.988681,1.546e-25
1342.007451,5.3e-25
1342.012548,6.688e-25
1342.042651,1.832e-26
1342.073023,1.926e-26
1342.075065,2.043e-23
1342.077499,2.108e-23
1342.137325,9.993e-24
1342.164368,1.02e-23
1342.186485,6.489e-23
1342.188152,5.385e-23
1342.216317,1.4010000000000002e-25
1342.219715,5.549e-23
1342.23028,2.582e-23
1342.232945,6.874e-23
1342.281393,2.885e-23
1342.295356,2.058e-25
1342.352586,8.871e-25
1342.387059,1.034e-26
1342.420324,9.061e-25
1342.436252,1.973e-25
1342.436279,2.693e-25
1342.442655,2.6460000000000003e-25
1342.457454,1.988e-23
1342.488404,1.104e-26
1342.528884,2.292e-23
1342.550086,2.8170000000000003e-25
1342.557521,1.2540000000000002e-26
1342.578446,3.011e-25
1342.57957,5.544e-25
1342.612391,1.289e-23
1342.61317,1.292e-26
1342.636645,9.401e-24
1342.646931,4.65e-24
1342.649318,9e-24
1342.722341,1.574e-23
1342.749799,3.866e-25
1342.756287,3.985e-25
1342.78938,8.924999999999999e-24
1342.869604,2.312e-25
1342.874515,6.647e-24
1342.886643,1.626e-23
1342.920288,1.624e-26
1342.941876,4.9e-25
1342.943088,1.148e-23
1342.976682,1.6770000000000002e-26
1342.982668,4.588e-25
1342.983056,1.92e-23
1342.98488,1.545e-25
1342.98917,2.234e-23
1343.000095,3.218e-25
1343.061765,2.529e-23
1343.066055,2.277e-25
1343.104383,8.569e-25
1343.11251,2.712e-23
1343.117545,1.087e-25
1343.127951,1.954e-26
1343.128266,8.712000000000001e-25
1343.156591,1.156e-23
1343.161477,2.049e-26
1343.167316,1.661e-25
1343.172351,2.995e-23
1343.183757,1.181e-23
1343.260636,3.055e-23
1343.300052,1.237e-25
1343.312822,3.318e-23
1343.351901,6.096999999999999e-23
1343.366477,5.752e-23
1343.382356,3.6419999999999996e-24
1343.398075,3.724e-24
1343.400369,2.0790000000000003e-26
1343.401295,5.933e-23
1343.405247,6.482e-23
1343.412118,4.12e-25
1343.419357,4.046e-25
1343.42635,2.175e-26
1343.435183,3.26e-23
1343.482504,3.5e-23
1343.637053,3.334e-23
1343.661397,5.956000000000001e-25
1343.667778,1.315e-23
1343.676843,2.045e-23
1343.678773,2.106e-23
1343.681205,3.548e-23
1343.681615,1.263e-23
1343.730609,6.08e-25
1343.866846,3.29e-23
1343.907524,1.668e-26
1343.908944,3.477e-23
1343.966372,1.724e-26
1344.095551,5.652e-23
1344.12501,3.146e-23
1344.149686,6.033e-23
1344.165826,3.307e-23
1344.244311,6.082999999999999e-23
1344.269177,1.057e-24
1344.278921,6.281e-23
1344.293872,1.0749999999999999e-24
1344.299614,1.334e-23
1344.300676,9.102e-25
1344.328357,1.363e-23
1344.411409,6.191e-25
1344.411889,2.925e-23
1344.419125,6.077e-25
1344.429605,5.5919999999999996e-24
1344.451981,3.06e-23
1344.595622,1.026e-23
1344.640238,2.163e-26
1344.671271,2.258e-26
1344.674825,1.6679999999999998e-23
1344.68956,1.607e-23
1344.704602,2.255e-26
1344.726509,2.35e-26
1344.727737,2.649e-23
1344.767525,2.761e-23
1344.889317,1.6990000000000002e-26
1344.950767,1.759e-26
1344.986962,3.942e-25
1345.057455,4.021e-25
1345.07272,2.341e-23
1345.112526,2.432e-23
1345.160881,5.171e-23
1345.167962,5.202e-25
1345.185505,1.075e-26
1345.221779,5.545e-23
1345.234178,1.97e-23
1345.235323,6.107e-24
1345.235629,2.027e-23
1345.245003,1.104e-26
1345.313646,3.003e-24
1345.326553,1.527e-23
1345.329253,3.069e-24
1345.355663,1.562e-23
1345.36125,9.143e-24
1345.361459,6.408999999999999e-23
1345.393634,1.299e-24
1345.398976,6.624e-23
1345.418947,1.321e-24
1345.424385,9.141e-25
1345.432182,8.966e-25
1345.446905,2.022e-23
1345.486982,2.094e-23
1345.663165,1.965e-23
1345.678559,1.897e-23
1345.850246,1.7069999999999998e-23
1345.865787,1.7160000000000002e-26
1345.890802,1.765e-23
1345.930009,1.7790000000000002e-26
1345.950153,2.35e-26
1345.964298,4.657e-23
1345.968194,2.4420000000000003e-26
1346.028068,5.021e-23
1346.139063,3.1470000000000003e-25
1346.150493,2.2930000000000003e-26
1346.178644,6.114e-24
1346.179597,2.3860000000000003e-26
1346.268508,6.692e-23
1346.282576,1.412e-23
1346.282959,8.214e-24
1346.306413,6.924e-23
1346.320805,2.571e-25
1346.323784,1.456e-23
1346.392429,2.622e-25
1346.440852,1.742e-23
1346.441087,1.326e-24
1346.448566,1.2999999999999998e-24
1346.471429,1.782e-23
1346.542645,1.587e-24
1346.568825,1.615e-24
1346.637772,2.18e-23
1346.65362,2.11e-23
1346.743593,1.144e-23
1346.745478,1.831e-23
1346.746739,1.883e-23
1346.785606,1.177e-23
1346.792356,1.962e-25
1346.826302,5.847e-24
1346.836925,1.7180000000000002e-26
1346.904115,1.783e-26
1346.905808,7.385e-24
1346.957016,4.124e-23
1347.028167,4.474e-23
1347.131999,2.3620000000000003e-26
1347.14631,2.448e-26
1347.210583,2.417e-24
1347.225961,2.4689999999999998e-24
1347.232847,9.079e-24
1347.27582,9.327e-24
1347.337682,6.951e-23
1347.378291,7.202e-23
1347.45156,1.891e-24
1347.458325,1.852e-24
1347.470775,1.974e-23
1347.50193,2.021e-23
1347.603042,2.3e-23
1347.619176,2.229e-23
1347.654672,1.651e-25
1347.660167,1.931e-24
1347.66247,2.338e-26
1347.686969,1.965e-24
1347.690127,2.426e-26
1347.727454,1.685e-25
1347.749735,7.069e-24
1347.79387,7.248e-24
1347.796442,3.578e-23
1347.802799,1.705e-26
1347.873018,3.912e-23
1347.87318,1.7720000000000002e-26
1347.921038,1.33e-25
1347.938077,5.218e-24
1348.01367,6.321e-24
1348.208654,1.638e-23
1348.211537,1.693e-23
1348.245507,2.297e-26
1348.25618,2.3740000000000003e-26
1348.262942,7.159e-23
1348.293495,5.4e-24
1348.304479,7.425999999999999e-23
1348.337181,4.59e-24
1348.339202,5.522e-24
1348.392865,5.412e-24
1348.446073,2.65e-24
1348.451737,2.593e-24
1348.560904,2.227e-23
1348.562659,2.321e-23
1348.578963,2.254e-23
1348.593464,2.281e-23
1348.737433,3.035e-23
1348.763408,1.675e-26
1348.794398,2.3369999999999998e-24
1348.811497,1.335e-25
1348.822073,2.379e-24
1348.823165,3.348e-23
1348.837236,1.744e-26
1348.863201,4.049e-24
1348.912373,4.099e-24
1348.979982,1.042e-25
1349.055004,1.067e-25
1349.067929,1.8999999999999998e-24
1349.08295,1.939e-24
1349.12771,1.155e-25
1349.152297,1.172e-25
1349.18033,2.3010000000000003e-26
1349.206967,2.3810000000000003e-26
1349.286623,2.165e-26
1349.293726,2.234e-26
1349.294483,7.327e-23
1349.338655,7.612e-23
1349.386749,5.443e-25
1349.415337,3.649e-24
1349.41953,3.568e-24
1349.457768,2.98e-24
1349.493506,2.963e-24
1349.519503,2.252e-23
1349.535935,2.19e-23
1349.590185,2.497e-23
1349.594558,2.502e-23
1349.623514,2.558e-23
1349.630122,1.4759999999999998e-23
1349.642556,1.387e-23
1349.689445,2.79e-23
1349.718785,1.63e-26
1349.720572,3.683e-24
1349.77685,2.964e-24
1349.781359,4.25e-24
1349.796355,1.7e-26
1349.817693,3.372e-24
1349.904381,2.814e-24
1349.932739,2.8649999999999998e-24
1350.072529,1.049e-25
1350.075951,2.155e-24
1350.120374,2.204e-24
1350.154384,1.022e-25
1350.229502,7.434999999999999e-23
1350.252035,1.983e-26
1350.255627,2.0420000000000003e-26
1350.275118,7.736e-23
1350.306403,1.4790000000000002e-25
1350.311588,1.544e-25
1350.331639,1.501e-25
1350.350726,4.9379999999999996e-24
1350.353095,4.824e-24
1350.408078,1.5680000000000002e-25
1350.475623,2.109e-23
1350.492306,2.053e-23
1350.498479,1.991e-23
1350.606496,2.252e-23
1350.618378,2.222e-25
1350.659707,2.785e-23
1350.668924,1.5690000000000003e-26
1350.694423,2.855e-23
1350.708659,2.19e-26
1350.710592,2.264e-25
1350.716358,1.5299999999999999e-24
1350.73466,2.261e-26
1350.750577,1.639e-26
1350.762791,1.565e-24
1350.880669,1.459e-24
1350.895256,1.488e-24
1350.99607,3.1240000000000003e-25
1351.003137,1.251e-23
1351.008775,1.22e-23
1351.024883,3.372e-24
1351.054126,3.435e-24
1351.085321,3.186e-25
1351.139292,1.7670000000000002e-26
1351.139433,1.817e-26
1351.148335,1.446e-24
1351.178751,1.612e-24
1351.231357,7.492e-23
1351.244479,6.566e-24
1351.2447,6.407e-24
1351.279677,7.807999999999999e-23
1351.358919,1.5119999999999998e-23
1351.377456,1.068e-24
1351.425262,1.091e-24
1351.432257,1.91e-23
1351.447686,4.285e-25
1351.450013,1.858e-23
1351.476816,1.884e-25
1351.482795,1.742e-23
1351.502674,1.912e-25
1351.534218,2.07e-24
1351.534264,4.3750000000000005e-25
1351.586487,2.324e-24
1351.613832,1.493e-26
1351.685589,3.087e-23
1351.699964,1.563e-26
1351.72125,3.167e-23
1351.72981,1.022e-26
1351.943621,1.576e-26
1351.94686,1.5350000000000002e-26
1351.976052,5.728e-25
1352.057584,7.325e-25
1352.060096,5.854e-25
1352.087673,8.357e-24
1352.089899,8.575e-24
1352.106554,7.477e-25
1352.12663,4.02e-24
1352.156622,4.0969999999999996e-24
1352.169779,7.482e-23
1352.22007,7.811e-23
1352.233634,1.076e-23
1352.252485,2.02e-26
1352.278194,2.0810000000000003e-26
1352.331634,1.031e-23
1352.337131,1.008e-23
1352.371157,1.079e-23
1352.379932,1.272e-23
1352.389898,1.678e-23
1352.453086,3.865e-25
1352.470735,5.5839999999999996e-24
1352.475574,4.28e-25
1352.553493,1.403e-26
1352.583738,7.452e-25
1352.64406,1.094e-24
1352.644567,1.473e-26
1352.644762,2.389e-25
1352.65832,1.116e-24
1352.665371,7.625e-25
1352.667591,1.334e-26
1352.671289,2.426e-25
1352.674128,1.3010000000000002e-26
1352.679851,1.062e-26
1352.737261,3.404e-23
1352.737987,1.093e-26
1352.754973,4.939e-25
1352.774331,3.494e-23
1352.804998,5.038e-25
1352.876567,1.0699999999999998e-23
1352.881507,1.1e-23
1353.083111,6.937e-24
1353.147928,7.411999999999999e-23
1353.201139,7.754e-23
1353.234274,4.77e-24
1353.261095,8.495e-24
1353.265175,4.862e-24
1353.272979,9.422e-25
1353.311626,1.103e-26
1353.321363,1.077e-26
1353.348398,1.432e-23
1353.352364,9.654e-25
1353.360573,1.3949999999999998e-23
1353.384886,7.9e-25
1353.432064,8.746000000000001e-25
1353.467757,3.274e-25
1353.487886,1.302e-26
1353.518761,3.338e-25
1353.563299,1.027e-26
1353.584447,1.371e-26
1353.607273,1.345e-23
1353.615168,1.384e-23
1353.616963,8.274999999999999e-24
1353.622915,8.101e-24
1353.681411,1.1270000000000002e-26
1353.741529,1.16e-26
1353.757682,3.73e-23
1353.795868,3.831e-23
1353.80531,3.015e-25
1353.817285,1.8080000000000003e-26
1353.832491,3.062e-25
1353.842991,1.859e-26
1353.923115,3.753e-24
1354.045533,1.155e-24
1354.085085,7.274e-23
1354.122973,1.186e-24
1354.140846,7.625999999999999e-23
1354.151631,4.864e-24
1354.193996,2.134e-25
1354.245915,2.1740000000000003e-25
1354.261288,1.123e-26
1354.277095,1.6579999999999998e-23
1354.288162,1.709e-23
1354.307079,1.189e-23
1354.319625,1.194e-26
1354.320141,1.162e-23
1354.327228,5.629e-24
1354.353018,8.008e-25
1354.358948,5.741e-24
1354.368114,8.181000000000001e-25
1354.416973,1.191e-26
1354.51967,1.257e-26
1354.678231,1.187e-26
1354.722718,1.362e-24
1354.740452,1.224e-26
1354.793616,4.064e-23
1354.833271,4.178e-23
1354.860655,6.478e-24
1354.866163,3.565e-25
1354.867215,6.347e-24
1354.876944,3.726e-25
1354.88475,2.004e-23
1354.899191,2.069e-23
1354.902212,1.37e-24
1354.931693,1.368e-25
1354.962682,3.787e-25
1354.97861,1.412e-24
1354.984468,1.393e-25
1354.990558,3.848e-25
1355.01897,1.285e-26
1355.043914,7.073e-23
1355.045312,1.952e-24
1355.073991,1.3620000000000002e-26
1355.102986,7.433e-23
1355.264866,9.613e-24
1355.278056,9.407e-24
1355.322523,1.068e-25
1355.340699,1.072e-26
1355.40898,1.5720000000000002e-26
1355.422709,6.611e-24
1355.430311,2.372e-23
1355.434834,1.614e-26
1355.448325,2.454e-23
1355.450309,1.136e-26
1355.455372,6.745e-24
1355.525237,1.035e-24
1355.528653,7.012e-25
1355.544797,1.501e-24
1355.555447,1.055e-24
1355.555934,4.666000000000001e-25
1355.559758,7.137e-25
1355.5743,1.5299999999999999e-24
1355.586244,2.137e-24
1355.588149,4.745e-25
1355.607766,3.051e-25
1355.615256,2.18e-24
1355.641458,3.098e-25
1355.648296,2.988e-24
1355.670307,1.242e-26
1355.677156,3.049e-24
1355.684624,1.96e-25
1355.721189,1.982e-25
1355.729488,4.1009999999999996e-24
1355.734766,1.2820000000000002e-26
1355.759118,4.177e-24
1355.76672,1.4450000000000002e-26
1355.786773,1.237e-25
1355.789199,1.981e-24
1355.807064,4.4e-23
1355.807384,1.218e-25
1355.814544,1.02e-24
1355.81864,1.527e-26
1355.828186,5.524e-24
1355.84801,4.527e-23
1355.888776,3.676e-24
1355.914122,5.629000000000001e-25
1355.915084,2.747e-23
1355.920101,1.626e-24
1355.936884,2.85e-23
1355.942597,7.299999999999999e-24
1355.966892,7.473e-24
1355.976217,1.3969999999999999e-24
1355.97646,6.807e-23
1355.982402,1.4639999999999999e-24
1356.021249,5.864e-25
1356.024339,5.519e-25
1356.038773,7.171999999999999e-23
1356.064338,4.949e-24
1356.070788,9.464e-24
1356.071545,4.853e-24
1356.096508,9.715e-24
1356.113323,4.735e-25
1356.141912,4.802e-25
1356.210704,1.203e-23
1356.220395,7.582e-24
1356.233542,7.427e-24
1356.237172,1.237e-23
1356.341424,3.112e-23
1356.360185,1.5e-23
1356.367265,3.237e-23
1356.376454,1.008e-26
1356.387417,1.544e-23
1356.506461,7.722999999999999e-24
1356.515293,1.5990000000000002e-26
1356.516989,1.832e-23
1356.540014,7.883e-24
1356.545164,1.89e-23
1356.564534,1.685e-26
1356.657639,1.29e-26
1356.678814,2.191e-23
1356.708189,2.265e-23
1356.712513,3.442e-23
1356.724483,1.332e-26
1356.742723,3.593e-23
1356.828857,4.735e-23
1356.843322,2.566e-23
1356.87137,4.876e-23
1356.87422,2.658e-23
1356.88006,1.755e-24
1356.91908,6.482e-23
1356.947559,1.808e-24
1356.985317,6.85e-23
1357.008162,2.938e-23
1357.023217,2.965e-24
1357.025353,3.101e-24
1357.032117,3.713e-23
1357.033921,1.329e-26
1357.040974,3.052e-23
1357.059263,1.359e-26
1357.067146,3.89e-23
1357.170991,3.288e-23
1357.172123,5.837e-24
1357.185182,5.7219999999999996e-24
1357.206196,3.426e-23
1357.229661,3.693e-24
1357.237513,3.624e-24
1357.249469,1.744e-26
1357.260267,5.892e-25
1357.289556,5.9890000000000005e-25
1357.296078,1.833e-26
1357.304331,3.897e-23
1357.329498,3.591e-23
1357.344816,4.103e-23
1357.367688,3.755e-23
1357.481418,3.821e-23
1357.523347,4.013e-23
1357.533335,3.969e-23
1357.580207,4.204e-23
1357.590323,8.977e-24
1357.608056,4.035e-25
1357.61505,4.11e-25
1357.624543,3.951e-23
1357.624868,9.166e-24
1357.640224,1.33e-26
1357.671201,4.172e-23
1357.709616,1.375e-26
1357.723158,3.908e-23
1357.756719,3.958e-23
1357.777809,4.17e-23
1357.809452,4.207e-23
1357.834249,5.064e-23
1357.844665,6.1e-23
1357.87581,3.822e-23
1357.877427,3.695e-23
1357.878243,5.219e-23
1357.915034,6.468e-23
1357.936549,4.096e-23
1357.94065,3.728e-25
1357.942028,3.98e-23
1357.951826,1.139e-25
1357.964718,1.085e-25
1357.976747,1.2410000000000002e-25
1357.979598,3.529e-23
1357.990206,1.878e-26
1357.993035,1.878e-24
1357.999064,3.32e-23
1358.006803,5.05e-24
1358.008291,4.843e-24
1358.010858,1.328e-25
1358.019435,3.216e-25
1358.024994,1.5630000000000002e-25
1358.03464,1.9690000000000003e-26
1358.051279,3.824e-23
1358.051884,2.6570000000000003e-25
1358.053484,1.847e-25
1358.056232,2.206e-25
1358.060275,1.936e-24
1358.065507,3.07e-23
1358.077173,3.623e-23
1358.089691,2.778e-23
1358.090893,1.418e-25
1358.118418,4.39e-24
1358.124411,1.624e-25
1358.12976,2.444e-23
1358.131269,6.342e-24
1358.131387,4.307e-24
1358.147955,2.068e-23
1358.152983,3.379e-23
1358.161519,1.173e-23
1358.164055,1.646e-23
1358.187661,3.088e-23
1358.207632,1.857e-25
1358.242058,2.751e-23
1358.252358,2.126e-25
1358.278806,2.365e-23
1358.318334,2.428e-25
1358.321591,1.922e-23
1358.358237,2.694e-24
1358.360122,1.41e-23
1358.366714,2.645e-24
1358.370529,2.756e-25
1358.400981,7.297e-25
1358.405327,7.964e-24
1358.430997,7.418e-25
1358.433761,3.065e-25
1358.502205,3.209e-25
1358.595946,2.674e-25
1358.618057,1.3600000000000002e-26
1358.664583,1.038e-23
1358.690181,1.4080000000000003e-26
1358.69886,1.094e-26
1358.700094,1.06e-23
1358.708904,1.997e-26
1358.737134,1.07e-26
1358.751021,2.089e-26
1358.773173,5.669e-23
1358.843094,5.382e-23
1358.848393,6.033e-23
1358.888792,5.552e-23
1358.927985,7.065e-24
1358.932753,6.794e-24
1359.057623,3.228e-24
1359.07052,3.169e-24
1359.140932,2.769e-25
1359.147609,2.8170000000000003e-25
1359.190183,1.929e-24
1359.218324,6.501e-25
1359.256609,1.992e-24
1359.260638,6.805e-25
1359.443765,2.099e-26
1359.451606,1.922e-24
1359.460681,1.8879999999999998e-24
1359.484133,2.192e-26
1359.53762,8.993000000000001e-25
1359.568394,9.145e-25
1359.591131,1.38e-26
1359.66619,1.43e-26
1359.690156,5.195e-23
1359.737252,1.194e-23
1359.770739,5.552e-23
1359.773814,1.22e-23
1359.790384,8.918e-24
1359.79814,8.598e-24
1359.839678,5.680999999999999e-23
1359.887068,5.867e-23
1359.988115,2.322e-24
1360.000968,2.281e-24
1360.144183,2.183e-26
1360.182427,2.275e-26
1360.442811,5.571e-25
1360.468108,1.899e-24
1360.50124,1.013e-25
1360.51121,1.342e-24
1360.520852,1.319e-24
1360.533908,1.967e-24
1360.559437,1.388e-26
1360.595752,1.043e-23
1360.605827,4.688e-23
1360.606238,1.008e-23
1360.612138,1.859e-25
1360.617783,1.89e-25
1360.63766,1.44e-26
1360.668404,1.103e-24
1360.692675,5.035e-23
1360.699944,1.122e-24
1360.733117,1.12e-23
1360.801826,1.365e-23
1360.836452,5.957e-23
1360.839437,1.396e-23
1360.876074,2.2470000000000003e-26
1360.885732,6.157999999999999e-23
1360.907488,1.622e-23
1360.908342,1.635e-24
1360.912956,2.338e-26
1360.921181,1.606e-24
1361.278577,1.663e-24
1361.321347,1.738e-24
1361.34614,1.148e-23
1361.359117,1.111e-23
1361.379451,3.974e-25
1361.512988,4.157e-23
1361.522963,1.3840000000000002e-26
1361.538375,9.175e-25
1361.548552,9.024e-25
1361.554246,2.2910000000000003e-26
1361.57007,1.031e-23
1361.589088,2.38e-26
1361.604608,1.4380000000000002e-26
1361.607024,4.49e-23
1361.613654,1.626e-25
1361.617795,1.599e-25
1361.720138,1.3799999999999998e-23
1361.794843,1.346e-24
1361.816844,1.127e-24
1361.822882,1.788e-24
1361.82372,6.203e-23
1361.827181,1.37e-24
1361.829701,1.108e-24
1361.863633,1.553e-23
1361.874938,6.42e-23
1361.888462,1.856e-24
1361.902368,1.589e-23
1362.020779,1.221e-25
1362.025173,1.24e-25
1362.043923,1.201e-23
1362.059152,1.165e-23
1362.260375,2.626e-25
1362.287325,2.314e-26
1362.321185,2.4010000000000003e-26
1362.402458,9.319e-24
1362.416368,3.612e-23
1362.481687,1.3670000000000002e-26
1362.518914,3.927e-23
1362.530081,1.18e-23
1362.534303,6.144e-25
1362.544985,6.046e-25
1362.567055,1.4230000000000002e-26
1362.662624,2.563e-25
1362.664281,2.52e-25
1362.691827,1.203e-23
1362.709053,1.1699999999999998e-23
1362.712274,7.61e-25
1362.72518,7.486e-25
1362.809061,6.414e-23
1362.86241,6.647e-23
1362.915706,1.635e-24
1362.918396,1.758e-23
1362.937798,2.317e-26
1362.948856,1.664e-24
1362.958273,1.799e-23
1362.969597,2.4010000000000003e-26
1363.116728,1.756e-25
1363.228898,8.177999999999999e-24
1363.249608,1.605e-24
1363.292977,1.161e-23
1363.311879,1.13e-23
1363.312582,3.064e-23
1363.315511,1.671e-24
1363.339302,9.965e-24
1363.408721,2.882e-24
1363.425244,3.359e-23
1363.435752,1.337e-26
1363.452662,3.004e-24
1363.500076,4.032e-25
1363.511234,3.969e-25
1363.525022,1.3940000000000002e-26
1363.5934,5.036e-25
1363.606384,4.957000000000001e-25
1363.646477,3.902e-25
1363.647341,3.971e-25
1363.677832,2.3010000000000003e-26
1363.709054,2.382e-26
1363.78668,6.584e-23
1363.842265,6.832e-23
1363.851023,1.081e-23
1363.871052,1.055e-23
1363.952359,1.188e-25
1363.969598,1.978e-23
1364.010688,2.026e-23
1364.032038,1.977e-24
1364.044081,6.935e-24
1364.066029,2.0119999999999998e-24
1364.140933,8.22e-24
1364.2034,2.525e-23
1364.293288,2.266e-26
1364.322323,2.343e-26
1364.328389,2.795e-23
1364.37125,9.705e-24
1364.384747,1.295e-26
1364.390359,9.537e-24
1364.436652,2.594e-25
1364.44826,2.554e-25
1364.459109,3.267e-25
1364.472197,3.217e-25
1364.478534,1.3520000000000002e-26
1364.564636,5.935000000000001e-25
1364.568032,6.043e-25
1364.74241,1.369e-24
1364.761041,6.706999999999999e-23
1364.809312,1.43e-24
1364.819066,6.969e-23
1364.839027,8.246e-24
1364.860533,5.655e-24
1364.873943,8.375e-24
1364.946924,6.5669999999999996e-24
1365.014482,2.214e-23
1365.048061,2.2150000000000003e-26
1365.056819,2.269e-23
1365.076966,2.287e-26
1365.08709,2.007e-23
1365.094834,3.323e-25
1365.132703,1.314e-25
1365.142998,2.377e-24
1365.153951,1.33e-25
1365.177851,2.421e-24
1365.227389,2.249e-23
1365.297853,7.305e-24
1365.308401,2.079e-25
1365.321618,2.048e-25
1365.326269,7.155e-24
1365.32897,1.24e-26
1365.344879,1.636e-25
1365.356913,1.612e-25
1365.396241,1.136e-25
1365.41991,8.865e-25
1365.423718,1.155e-25
1365.425828,9.033e-25
1365.427619,1.297e-26
1365.595671,2.08e-25
1365.60469,2.078e-25
1365.616278,4.08e-24
1365.618896,2.1470000000000003e-26
1365.645372,2.2150000000000003e-26
1365.656719,4.399e-24
1365.662003,4.24e-24
1365.723697,6.084e-24
1365.728802,6.778e-23
1365.734147,5.031e-24
1365.752085,5.955e-24
1365.789431,7.054e-23
1365.963654,1.5199999999999998e-23
1366.055278,2.464e-23
1366.060293,3.235e-25
1366.075342,1.128e-25
1366.076555,3.29e-25
1366.098933,2.526e-23
1366.105399,1.174e-25
1366.123546,1.73e-23
1366.127565,4.936e-24
1366.140387,1.297e-25
1366.153755,1.278e-25
1366.156355,4.834e-24
1366.214194,1.2999999999999998e-24
1366.222609,1.326e-24
1366.225497,1.012e-25
1366.249301,2.845e-24
1366.268301,1.173e-26
1366.285046,2.898e-24
1366.294544,1.106e-24
1366.363263,1.159e-24
1366.372313,1.23e-26
1366.398665,2.067e-26
1366.425529,2.131e-26
1366.470013,3.227e-24
1366.514979,3.909e-24
1366.524461,4.944e-25
1366.540711,3.648e-24
1366.541807,5.033e-25
1366.544169,3.831e-24
1366.5524,1.441e-25
1366.5805,1.463e-25
1366.692492,6.794e-23
1366.755963,7.083e-23
1366.831345,1.077e-23
1366.891143,3.025e-24
1366.912504,1.975e-26
1366.920641,2.966e-24
1366.936575,2.034e-26
1366.949965,1.873e-24
1366.960844,1.911e-24
1366.986085,7.423e-25
1367.004135,7.562000000000001e-25
1367.017229,1.252e-23
1367.090251,2.726e-23
1367.135274,2.797e-23
1367.202691,1.096e-26
1367.24123,2.188e-24
1367.261084,2.288e-24
1367.290795,2.244e-24
1367.305287,2.453e-24
1367.312655,1.152e-26
1367.350383,3.388e-24
1367.387045,3.452e-24
1367.443112,1.095e-24
1367.461851,1.116e-24
1367.629559,1.692e-24
1367.630116,2.648e-24
1367.643427,2.704e-24
1367.650263,6.752e-23
1367.659471,1.661e-24
1367.687886,6.888e-24
1367.700225,1.81e-25
1367.716805,7.052e-23
1367.728789,1.832e-25
1367.730506,1.875e-26
1367.755574,1.929e-26
1367.893552,1.587e-24
1367.898561,8.417000000000001e-25
1367.908703,5.07e-24
1367.910046,8.247e-24
1367.913054,1.619e-24
1367.956748,5.254e-24
1367.970085,8.862e-25
1368.000939,1.225e-24
1368.031404,1.2019999999999999e-24
1368.060583,1.322e-24
1368.120289,1.474e-24
1368.120799,2.998e-23
1368.132082,1.009e-26
1368.167266,3.078e-23
1368.17169,1.766e-26
1368.174299,1.496e-25
1368.19346,1.816e-26
1368.209663,1.531e-25
1368.248695,1.064e-26
1368.257803,3.675e-24
1368.273517,3.757e-24
1368.335496,2.258e-24
1368.355873,2.305e-24
1368.379081,8.677e-25
1368.416245,8.357000000000001e-25
1368.446699,4.012e-24
1368.484338,4.092e-24
1368.527755,3.687e-24
1368.603479,6.649999999999999e-23
1368.673389,6.96e-23
1368.767138,3.155e-24
1368.76723,6.019e-25
1368.78852,3.225e-24
1368.791621,5.9e-25
1368.796221,6.606000000000001e-25
1368.804427,4.614e-24
1368.836305,5.005e-24
1368.840714,2.1660000000000003e-25
1368.85041,7.359e-25
1368.854408,5.121e-24
1368.867465,2.124e-25
1369.044692,1.654e-26
1369.068185,1.7e-26
1369.145854,3.278e-23
1369.167934,4.089e-25
1369.186793,4.33e-24
1369.193503,4.02e-25
1369.19383,3.368e-23
1369.209325,4.429e-24
1369.255785,1.0210000000000002e-26
1369.336492,1.32e-24
1369.36891,6.688e-24
1369.389406,6.851e-24
1369.393716,1.5380000000000002e-26
1369.413249,1.578e-26
1369.537953,4.731e-24
1369.546511,6e-25
1369.551161,6.488e-23
1369.576551,4.825e-24
1369.583005,2.721e-25
1369.592911,5.832e-24
1369.608337,2.677e-25
1369.616748,5.971e-24
1369.622044,6.349e-25
1369.624757,6.804999999999999e-23
1369.63467,2.226e-25
1369.68629,2.5030000000000003e-25
1369.705873,1.778e-24
1369.858821,8.768e-24
1369.881737,8.992e-24
1369.939918,1.11e-26
1369.951232,1.8e-25
1369.958308,1.188e-25
1369.984086,7.708e-24
1370.009024,1.176e-26
1370.009401,7.901e-24
1370.01351,1.775e-25
1370.038286,1.747e-25
1370.080251,1.149e-25
1370.080781,1.812e-25
1370.166275,3.563e-23
1370.215846,3.664e-23
1370.293146,5.731e-24
1370.309081,1.127e-23
1370.334477,1.158e-23
1370.342601,1.422e-26
1370.34398,5.923e-24
1370.356115,1.894e-25
1370.35907,9.997e-24
1370.364725,1.459e-26
1370.386051,1.026e-23
1370.390849,1.939e-25
1370.459799,1.134e-25
1370.483891,1.117e-25
1370.494004,6.264999999999999e-23
1370.57167,6.587e-23
1370.575531,1.3040000000000002e-26
1370.592858,1.337e-26
1370.624398,5.548e-24
1370.664011,5.6609999999999996e-24
1370.691759,1.258e-26
1370.716773,1.272e-23
1370.722528,1.4209999999999998e-23
1370.745628,1.307e-23
1370.750499,1.461e-23
1370.757286,1.329e-26
1371.056265,1.586e-23
1371.087229,1.6319999999999998e-23
1371.101759,1.755e-23
1371.132445,1.808e-23
1371.156923,1.022e-26
1371.166873,3.205e-25
1371.181424,3.849e-23
1371.190976,3.4680000000000003e-25
1371.230162,3.977e-25
1371.23267,3.961e-23
1371.311196,4.234e-25
1371.376773,1.938e-23
1371.410117,1.998e-23
1371.431502,5.984e-23
1371.438712,1.3990000000000002e-26
1371.449112,2.124e-23
1371.48271,2.192e-23
1371.500591,1.476e-26
1371.513678,6.309e-23
1371.625909,1.192e-26
1371.646859,1.2210000000000002e-26
1371.677675,2.32e-23
1371.705813,6.473e-24
1371.713716,2.397e-23
1371.713791,1.079e-26
1371.728913,1.105e-26
1371.746478,6.607e-24
1371.766662,2.516e-23
1371.803433,2.602e-23
1371.805978,2.895e-25
1371.84616,2.9870000000000003e-25
1371.958489,2.718e-23
1371.997606,2.814e-23
1372.056223,2.916e-23
1372.059158,1.018e-26
1372.096515,3.023e-23
1372.139688,1.052e-26
1372.179659,1.5380000000000002e-26
1372.191814,4.132e-23
1372.218859,3.114e-23
1372.238785,1.6160000000000002e-26
1372.244834,4.256e-23
1372.261512,3.232e-23
1372.288793,4.419e-25
1372.31834,4.558e-25
1372.319353,3.303e-23
1372.363622,3.434e-23
1372.363973,5.649999999999999e-23
1372.451185,5.975e-23
1372.458531,3.485e-23
1372.505297,3.628e-23
1372.557366,3.652e-23
1372.606216,3.809e-23
1372.6085,2.3290000000000003e-25
1372.642479,2.386e-25
1372.67734,3.804e-23
1372.728954,3.975e-23
1372.742389,7.382e-25
1372.771339,3.935e-23
1372.776214,6.015e-24
1372.78241,7.512e-24
1372.783072,7.689e-25
1372.824168,7.671e-24
1372.825573,4.12e-23
1372.830247,6.203e-24
1372.875169,4.043e-23
1372.915606,1.6640000000000003e-26
1372.932595,4.242e-23
1372.941205,2.426e-25
1372.962118,4.123e-23
1372.971991,1.7450000000000002e-26
1373.022823,4.336e-23
1373.029651,2.601e-25
1373.034296,1.0380000000000002e-26
1373.051915,4.172e-23
1373.116457,4.4e-23
1373.11802,1.075e-26
1373.1303,4.186e-23
1373.197074,4.407e-23
1373.198993,4.428e-23
1373.207424,4.162e-23
1373.25197,4.543e-23
1373.252936,1.363e-24
1373.265726,2.6540000000000003e-25
1373.2762,4.098e-23
1373.28091,4.418e-23
1373.287743,1.423e-24
1373.291151,5.266e-23
1373.341391,3.991e-23
1373.34268,1.07e-25
1373.355065,4.366e-23
1373.3559,2.599e-25
1373.37591,1.2410000000000002e-25
1373.384021,5.588e-23
1373.398759,2.281e-25
1373.399737,3.839e-23
1373.400474,1.444e-25
1373.414381,1.682e-25
1373.415336,1.962e-25
1373.416458,5.584e-25
1373.426505,4.27e-23
1373.448003,5.717e-25
1373.453153,3.639e-23
1373.492087,4.127e-23
1373.500165,3.391e-23
1373.515045,1.113e-25
1373.541198,3.093e-23
1373.554078,3.935e-23
1373.575278,2.742e-23
1373.590822,1.262e-25
1373.601547,7.315e-24
1373.601687,2.338e-23
1373.611373,3.691e-23
1373.618526,1.875e-23
1373.621992,1.345e-23
1373.64607,1.778e-26
1373.664551,1.428e-25
1373.665029,3.392e-23
1373.699914,1.86e-26
1373.714997,3.036e-23
1373.735628,1.611e-25
1373.762117,2.618e-23
1373.805752,1.807e-25
1373.807269,2.13e-23
1373.85234,1.556e-23
1373.854041,8.673e-24
1373.875893,2.009e-25
1373.896931,8.859999999999999e-24
1373.901199,8.677e-24
1373.948467,2.195e-25
1374.004777,1.051e-26
1374.027037,2.312e-25
1374.091937,1.089e-26
1374.118431,2.231e-25
1374.197505,4.6699999999999993e-23
1374.213135,4.84e-23
1374.23702,1.6410000000000002e-25
1374.254393,4.819e-23
1374.280825,2.135e-24
1374.312416,5.156e-23
1374.317735,2.23e-24
1374.37139,1.877e-26
1374.422884,1.9590000000000003e-26
1374.540109,6.9470000000000005e-25
1374.573155,7.095e-25
1374.655159,3.017e-24
1374.67143,1.342e-25
1374.685211,3.148e-24
1374.769828,1.452e-25
1374.920839,9.96e-24
1374.923897,2.781e-25
1374.957387,2.851e-25
1374.964908,1.018e-23
1374.970588,1.054e-26
1375.061458,1.094e-26
1375.091016,1.9590000000000003e-26
1375.129751,4.379e-23
1375.140319,2.041e-26
1375.192898,4.916e-23
1375.23636,4.686e-23
1375.251903,5.077e-23
1375.363755,5.94e-24
1375.42134,6.1119999999999996e-24
1375.661496,8.552e-25
1375.695714,8.728000000000001e-25
1375.805676,2.023e-26
1375.812581,3.978e-24
1375.846505,4.147e-24
1375.852949,2.105e-26
1375.931715,1.048e-26
1375.982716,1.138e-23
1376.007608,4.974e-24
1376.026604,1.089e-26
1376.028011,1.163e-23
1376.033325,5.179e-24
1376.040954,3.891e-23
1376.156026,4.186e-23
1376.183423,5.139e-23
1376.244686,5.314e-23
1376.514287,2.0690000000000003e-26
1376.559648,2.15e-26
1376.601227,3.516e-25
1376.777961,1.047e-24
1376.813348,1.068e-24
1376.888139,1.031e-26
1376.946555,3.388e-23
1376.987396,1.073e-26
1377.039758,1.292e-23
1377.058597,1.545e-23
1377.071513,3.666e-23
1377.086331,1.322e-23
1377.168967,5.334e-23
1377.218287,2.0960000000000003e-26
1377.232643,5.522e-23
1377.2367,2.019e-23
1377.261875,2.175e-26
1377.294493,3.223e-25
1377.3051,6.949e-24
1377.32676,7.218e-24
1377.327873,3.3090000000000003e-25
1377.340739,5.98e-24
1377.372312,6.219e-24
1377.551227,2.795e-25
1377.839835,1.004e-26
1377.846354,2.878e-23
1377.887047,1.337e-23
1377.890997,1.274e-24
1377.915653,2.105e-26
1377.927464,1.299e-24
1377.943861,1.047e-26
1377.957538,2.1810000000000003e-26
1377.983028,3.137e-23
1378.047666,1.68e-23
1378.060669,5.569e-24
1378.091912,1.4599999999999998e-23
1378.122102,5.72e-24
1378.139819,1.4939999999999998e-23
1378.14962,5.496e-23
1378.215884,5.695999999999999e-23
1378.446671,1.979e-25
1378.542497,8.695e-24
1378.560286,9.01e-24
1378.609024,2.0960000000000003e-26
1378.649359,2.1690000000000003e-26
1378.712763,1.143e-23
1378.740018,2.374e-23
1378.855182,1.3899999999999998e-23
1378.868731,7.868999999999999e-24
1378.890804,2.611e-23
1378.896028,1.011e-26
1378.898486,8.163e-24
1378.9992,1.541e-24
1379.036787,1.573e-24
1379.041325,1.009e-25
1379.053955,1.025e-25
1379.125323,5.62e-23
1379.139234,1.6399999999999998e-23
1379.188534,1.68e-23
1379.194367,5.833e-23
1379.294779,2.0690000000000003e-26
1379.31256,1.372e-25
1379.333601,2.139e-26
1379.532327,9.529e-24
1379.627065,1.887e-23
1379.65934,1.13e-23
1379.71216,3.627e-25
1379.714911,1.003e-23
1379.72895,1.037e-23
1379.745865,3.727e-25
1379.764574,1.615e-25
1379.778844,1.6410000000000002e-25
1379.782141,1.286e-25
1379.795195,2.097e-23
1379.798734,1.307e-25
1379.977663,2.027e-26
1380.015101,2.093e-26
1380.09612,5.701e-23
1380.103507,1.855e-24
1380.142188,1.893e-24
1380.168164,5.926e-23
1380.181693,1.832e-23
1380.232452,1.878e-23
1380.345619,7.697e-24
1380.400364,9.425e-24
1380.404489,2.038e-25
1380.422114,2.072e-25
1380.42876,9.755e-24
1380.450862,2.539e-25
1380.459884,8.956e-24
1380.466748,2.583e-25
1380.50672,1.428e-23
1380.651358,1.97e-26
1380.687412,2.032e-26
1380.696708,1.609e-23
1380.817902,1.085e-23
1380.828279,1.119e-23
1380.870781,4.991e-24
1380.936304,5.118e-24
1380.949495,1.144e-25
1380.985024,1.1620000000000002e-25
1381.006613,3.173e-25
1381.025344,3.228e-25
1381.061975,5.737e-23
1381.102178,3.923e-25
1381.119668,3.992e-25
1381.137266,5.972e-23
1381.152821,5.9699999999999996e-24
1381.203097,2.222e-24
1381.219325,2.035e-23
1381.242916,2.268e-24
1381.256479,6.845e-24
1381.271613,2.087e-23
1381.323977,1.901e-26
1381.358839,1.9590000000000003e-26
1381.377702,1.009e-23
1381.587932,4.856e-25
1381.596134,1.157e-23
1381.607847,4.943e-25
1381.720338,5.955000000000001e-25
1381.739435,6.063e-25
1381.847664,1.112e-23
1381.854444,1.146e-23
1381.939843,1.05e-23
1381.954273,4.397e-24
1381.967288,1.085e-23
1381.984979,1.821e-26
1382.018565,1.875e-26
1382.022905,5.723e-23
1382.049013,4.985e-24
1382.101722,5.968e-23
1382.113027,1.449e-25
1382.147974,7.301e-25
1382.149328,1.471e-25
1382.168579,3.958e-25
1382.169156,7.436e-25
1382.20308,4.073e-25
1382.2377,6.426e-24
1382.252115,2.248e-23
1382.298536,2.647e-24
1382.306006,2.306e-23
1382.306988,8.879e-25
1382.327708,9.046e-25
1382.339495,2.702e-24
1382.494774,7.553e-24
1382.647732,1.732e-26
1382.680227,1.783e-26
1382.686375,1.078e-24
1382.708908,1.099e-24
1382.749919,3.021e-24
1382.801163,1.09e-23
1382.804408,1.121e-23
1382.837061,3.397e-24
1382.863608,1.2999999999999998e-24
1382.885981,1.326e-24
1382.978884,5.657e-23
1383.061548,5.911e-23
1383.082064,3.418e-24
1383.202862,1.564e-24
1383.226841,1.5959999999999999e-24
1383.271853,1.826e-25
1383.280084,2.468e-23
1383.295186,1.637e-26
1383.308947,1.854e-25
1383.326494,1.683e-26
1383.335661,2.534e-23
1383.389337,3.137e-24
1383.391522,1.87e-24
1383.394954,4.1619999999999996e-24
1383.415596,1.908e-24
1383.43148,3.203e-24
1383.491791,1.103e-23
1383.518652,1.137e-23
1383.540308,1.878e-24
1383.62092,2.101e-24
1383.676015,1.053e-23
1383.676239,1.026e-23
1383.697256,2.229e-24
1383.722781,2.275e-24
1383.796766,4.297e-24
1383.866567,4.399999999999999e-24
1383.891908,2.641e-24
1383.899658,1.214e-24
1383.917746,2.697e-24
1383.929906,5.539e-23
1383.9487,1.536e-26
1383.979049,1.578e-26
1384.016784,5.799e-23
1384.169453,3.118e-24
1384.196637,3.1859999999999998e-24
1384.301334,1.563e-24
1384.303224,2.693e-23
1384.32476,9.953e-25
1384.360576,2.767e-23
1384.365809,3.661e-24
1384.393495,3.742e-24
1384.399677,1.113e-24
1384.425974,2.29e-25
1384.463881,2.3260000000000003e-25
1384.46803,9.551e-24
1384.471648,9.314e-24
1384.475831,3.698e-24
1384.519177,3.7759999999999996e-24
1384.581454,1.432e-26
1384.610669,1.47e-26
1384.61942,4.283e-24
1384.648387,4.379e-24
1384.655382,4.189e-25
1384.691178,4.316000000000001e-25
1384.814148,4.983e-24
1384.843786,5.098e-24
1384.875942,5.368e-23
1384.967461,5.633e-23
1385.047184,5.774e-24
1385.061258,1.102e-23
1385.078077,5.91e-24
1385.087865,1.134e-23
1385.104603,3.884e-25
1385.174546,4.3760000000000005e-25
1385.180124,8.383e-24
1385.187047,8.184e-24
1385.226666,1.327e-26
1385.237737,6.655e-24
1385.255049,1.361e-26
1385.269456,6.816e-24
1385.321549,2.921e-23
1385.380774,3.003e-23
1385.452822,7.638e-24
1385.485803,7.827e-24
1385.499562,1.017e-26
1385.557727,4.337e-24
1385.575384,2.858e-25
1385.576664,1.073e-26
1385.602322,4.4299999999999996e-24
1385.614129,2.904e-25
1385.637291,8.721e-24
1385.671246,8.942e-24
1385.812821,7.14e-24
1385.816969,5.146e-23
1385.822944,6.978e-24
1385.836452,9.913e-24
1385.843182,1.2210000000000002e-26
1385.870455,1.252e-26
1385.871709,1.017e-23
1385.913622,5.414e-23
1386.013436,1.121e-23
1386.049816,1.151e-23
1386.198222,1.262e-23
1386.235977,1.296e-23
1386.247474,1.142e-26
1386.320795,1.202e-26
1386.335055,3.148e-23
1386.366722,1.413e-23
1386.367408,5.914e-24
1386.380611,5.785e-24
1386.396259,3.239e-23
1386.405754,1.452e-23
1386.481438,1.118e-26
1386.508011,1.145e-26
1386.538303,1.574e-23
1386.578816,1.6189999999999998e-23
1386.635217,5.058e-24
1386.653728,1.054e-23
1386.680355,1.082e-23
1386.681091,5.169e-24
1386.697627,1.745e-23
1386.720084,3.551e-25
1386.739589,1.797e-23
1386.752944,4.875e-23
1386.75969,3.609e-25
1386.84013,3.57e-24
1386.845828,4.771e-24
1386.855313,5.143e-23
1386.856879,1.924e-23
1386.861978,4.672e-24
1386.900463,1.983e-23
1386.914348,3.651e-24
1386.990092,1.262e-26
1387.006568,2.11e-23
1387.051797,2.177e-23
1387.059939,1.325e-26
1387.079691,1.016e-26
1387.105147,1.041e-26
1387.154137,2.303e-23
1387.16428,4.296e-25
1387.201172,2.378e-23
1387.201897,4.432e-25
1387.250581,3.755e-24
1387.269525,3.68e-24
1387.293903,2.499e-23
1387.342813,2.583e-23
1387.343749,3.371e-23
1387.407048,3.472e-23
1387.409042,2.258e-25
1387.430262,2.697e-23
1387.467057,2.294e-25
1387.481212,2.791e-23
1387.559935,2.894e-23
1387.584615,2.887e-24
1387.606185,2.831e-24
1387.61304,2.999e-23
1387.683816,4.559e-23
1387.685423,3.088e-23
1387.708128,5.869e-24
1387.727411,1.373e-26
1387.740867,3.204e-23
1387.75533,6e-24
1387.792591,4.825e-23
1387.794051,1.4380000000000002e-26
1387.804912,3.274e-23
1387.851252,2.169e-24
1387.860071,4.39e-25
1387.86286,3.402e-23
1387.875248,2.129e-24
1387.900563,4.463e-25
1387.919764,3.451e-23
1387.980436,3.591e-23
1388.026733,1.059e-25
1388.029021,3.614e-23
1388.029569,1.956e-25
1388.029595,2.571e-25
1388.054136,1.5949999999999999e-24
1388.059051,1.386e-25
1388.066859,1.044e-25
1388.068309,3.173e-25
1388.080299,1.566e-24
1388.092642,3.767e-23
1388.10086,2.711e-25
1388.105583,2.074e-25
1388.133388,3.76e-23
1388.136202,3.329e-25
1388.141522,1.4790000000000002e-25
1388.153947,1.652e-25
1388.155113,3.696e-25
1388.169368,6.766e-25
1388.193036,1.627e-25
1388.197264,1.148e-24
1388.200235,3.926e-23
1388.220775,3.863e-25
1388.224246,6.998e-25
1388.225155,1.129e-24
1388.232382,3.884e-23
1388.24749,2.529e-25
1388.275118,9.683e-24
1388.285549,2.49e-25
1388.2857,8.081e-25
1388.299452,4.084e-25
1388.301901,9.931e-24
1388.302093,3.797e-25
1388.302761,4.064e-23
1388.303434,5.367e-25
1388.313835,7.966e-25
1388.326337,3.983e-23
1388.3396,3.74e-25
1388.347629,3.586e-23
1388.350531,5.512e-25
1388.363852,4.254e-25
1388.400612,4.177e-23
1388.413151,3.697e-23
1388.415019,4.053e-23
1388.459417,1.473e-26
1388.493611,4.26e-23
1388.498558,4.091e-23
1388.510638,4.296e-25
1388.523086,1.54e-26
1388.530246,1.895e-25
1388.57461,4.46e-25
1388.576827,4.092e-23
1388.581968,4.311e-23
1388.609517,4.203e-23
1388.627382,2.028e-25
1388.649839,4.052e-23
1388.665649,4.324e-23
1388.677871,1.088e-25
1388.678998,1.865e-25
1388.698836,1.253e-25
1388.703103,1.65e-25
1388.708172,1.441e-25
1388.717485,3.969e-23
1388.725522,4.465e-23
1388.744794,4.296e-23
1388.776563,6.773e-24
1388.779685,3.84e-23
1388.797685,4.313e-25
1388.819452,4.223e-23
1388.825134,6.927e-24
1388.836276,3.662e-23
1388.86195,4.464e-25
1388.887045,3.432e-23
1388.889757,4.103e-23
1388.918208,1.3359999999999999e-24
1388.931655,3.148e-23
1388.955837,3.931e-23
1388.969583,2.807e-23
1388.970102,1.389e-24
1388.995342,5.401e-25
1388.999962,2.405e-23
1389.017881,3.704e-23
1389.019514,7.574e-24
1389.021241,1.937e-23
1389.030294,1.393e-23
1389.036748,5.492e-25
1389.061869,1.047e-25
1389.07614,3.419e-23
1389.130979,3.07e-23
1389.145061,1.173e-25
1389.16918,4.142e-25
1389.182945,2.654e-23
1389.186097,1.561e-26
1389.227056,1.307e-25
1389.232933,2.159e-23
1389.234355,4.276e-25
1389.247002,1.6280000000000002e-26
1389.282514,1.574e-23
1389.308959,1.442e-25
1389.334834,8.701e-24
1389.346697,3.79e-23
1389.39239,1.5670000000000002e-25
1389.414583,3.911e-23
1389.479805,1.662e-25
1389.529955,3.814e-23
1389.575175,1.681e-25
1389.633208,3.815e-25
1389.65419,4.068e-23
1389.670049,2.169e-24
1389.685427,1.534e-25
1389.68718,4.265e-25
1389.699793,3.927e-25
1389.719395,2.259e-24
1389.72717,4.406e-25
1389.824102,1.047e-25
1389.840421,7.774e-24
1389.890415,7.954e-24
1389.907425,1.634e-26
1389.931755,8.581e-24
1389.958158,8.773e-24
1389.96575,1.702e-26
1390.001247,2.872e-24
1390.079974,2.934e-24
1390.125897,6.613000000000001e-25
1390.168243,6.726e-25
1390.197365,3.376e-25
1390.265668,3.4640000000000003e-25
1390.34095,3.978e-23
1390.404765,3.135e-24
1390.411357,4.109e-23
1390.445008,3.399e-23
1390.45154,3.266e-24
1390.578698,3.642e-23
1390.623381,1.692e-26
1390.679289,1.7600000000000002e-26
1390.869218,2.878e-25
1390.899755,8.874e-24
1390.938826,2.941e-25
1390.951224,9.083e-24
1391.149621,4.197e-24
1391.194323,4.369e-24
1391.251732,8.057e-25
1391.295049,8.198000000000001e-25
1391.330388,4.145e-23
1391.333926,1.734e-26
1391.354507,2.966e-23
1391.387563,1.8010000000000002e-26
1391.403486,4.287e-23
1391.499182,3.196e-23
1391.594678,2.586e-24
1391.616708,1.372e-25
1391.630349,7.352e-24
1391.694255,4.9379999999999996e-24
1391.72558,2.406e-25
1391.867969,5.31e-24
1391.910374,5.5229999999999996e-24
1391.954505,1.007e-23
1392.007508,1.032e-23
1392.039038,1.7600000000000002e-26
1392.090531,1.8250000000000003e-26
1392.21627,4.094e-25
1392.258222,2.525e-23
1392.25922,4.238e-25
1392.315003,4.288e-23
1392.372847,9.768e-25
1392.390986,4.44e-23
1392.415818,2.739e-23
1392.417164,9.942e-25
1392.550665,1.832e-25
1392.608105,6.438e-24
1392.631767,1.899e-25
1392.64885,6.689999999999999e-24
1392.702703,2.1650000000000003e-25
1392.738658,1.7690000000000003e-26
1392.788122,1.833e-26
1393.004695,1.137e-23
1393.059294,1.165e-23
1393.155819,2.086e-23
1393.279426,2.244e-24
1393.294791,4.402e-23
1393.306854,7.539e-24
1393.328247,1.7409999999999998e-23
1393.328849,2.28e-23
1393.345457,7.826e-24
1393.362713,2.289e-24
1393.373873,4.564e-23
1393.377941,6.102e-24
1393.412274,6.216e-24
1393.432765,1.763e-26
1393.480302,1.824e-26
1393.489239,1.178e-24
1393.507291,2.148e-23
1393.534572,1.2e-24
1393.579071,1.408e-25
1393.660882,1.832e-25
1393.662796,1.449e-25
1394.045579,8.587e-24
1394.046813,1.659e-23
1394.050287,1.276e-23
1394.082909,8.904e-24
1394.106552,1.308e-23
1394.121271,1.7420000000000003e-26
1394.15015,1.452e-23
1394.16697,1.8e-26
1394.238614,1.831e-23
1394.269743,4.484e-23
1394.316015,1.751e-23
1394.352164,4.655e-23
1394.566559,1.357e-25
1394.600906,1.415e-24
1394.64734,1.441e-24
1394.720229,9.542e-24
1394.736229,1.043e-25
1394.744094,3.796e-25
1394.755466,9.884e-24
1394.790629,3.936e-25
1394.804163,1.7060000000000002e-26
1394.823688,1.069e-25
1394.848105,1.761e-26
1394.930459,1.256e-23
1394.969471,1.193e-23
1395.09129,1.4239999999999998e-23
1395.120493,1.409e-23
1395.145607,1.402e-23
1395.149294,1.4599999999999998e-23
1395.181834,4.913e-24
1395.216979,5.0109999999999996e-24
1395.239847,4.529e-23
1395.321524,1.195e-25
1395.325878,4.709e-23
1395.343416,1.214e-25
1395.462209,1.0399999999999998e-23
1395.481306,1.658e-26
1395.49656,1.076e-23
1395.523558,1.7090000000000002e-26
1395.614947,1.507e-25
1395.637218,1.532e-25
1395.707848,1.6889999999999998e-24
1395.755386,1.721e-24
1395.783504,9.549e-24
1395.805555,8.867e-24
1395.921104,1.109e-23
1395.934268,1.894e-25
1395.957451,1.925e-25
1396.050577,1.005e-23
1396.106655,1.111e-23
1396.127679,1.5799999999999998e-23
1396.138859,1.148e-23
1396.152712,1.598e-26
1396.18569,1.043e-25
1396.187503,1.621e-23
1396.193335,1.646e-26
1396.205088,4.536e-23
1396.22109,2.369e-25
1396.226184,1.059e-25
1396.2448,2.409e-25
1396.295036,4.723e-23
1396.524363,2.95e-25
1396.548898,3.001e-25
1396.591843,7.381e-24
1396.67003,5.635e-24
1396.67301,1.707e-24
1396.71779,8.459e-24
1396.760866,1.74e-24
1396.803154,3.658e-25
1396.81006,2.008e-24
1396.818161,1.529e-26
1396.828294,3.722e-25
1396.857205,1.573e-26
1396.858279,1.1699999999999998e-23
1396.858745,2.046e-24
1396.890012,1.208e-23
1396.95473,6.522e-24
1397.049495,3.842e-24
1397.08658,3.917e-24
1397.091956,4.516e-25
1397.117913,4.596e-25
1397.159453,1.743e-23
1397.165448,4.501e-23
1397.221183,1.789e-23
1397.259662,4.696e-23
1397.263594,3.394e-25
1397.314391,3.526e-25
1397.35218,1.314e-25
1397.361889,5.551e-25
1397.388516,5.6510000000000005e-25
1397.393541,1.334e-25
1397.394518,5.447e-24
1397.464426,1.211e-23
1397.47772,1.451e-26
1397.49385,1.25e-23
1397.510411,6.178e-24
1397.515228,1.492e-26
1397.519945,2.986e-24
1397.637212,6.792e-25
1397.664668,6.917000000000001e-25
1397.86014,3.558e-24
1397.897722,8.274e-25
1397.907543,2.374e-24
1397.92591,8.429000000000001e-25
1397.935111,1.091e-25
1397.950795,1.053e-25
1397.957417,2.4199999999999998e-24
1398.120903,4.424e-23
1398.131031,1.3670000000000002e-26
1398.160304,1.004e-24
1398.167032,1.405e-26
1398.186594,1.91e-23
1398.189346,1.023e-24
1398.191636,3.777e-24
1398.219782,4.624e-23
1398.234221,1.24e-23
1398.250326,1.962e-23
1398.263642,1.279e-23
1398.298827,4.251e-24
1398.346665,1.055e-24
1398.411001,1.212e-24
1398.439014,1.066e-25
1398.440837,1.235e-24
1398.443126,1.022e-25
1398.513883,1.6470000000000002e-25
1398.556135,1.673e-25
1398.661412,1.456e-24
1398.692138,1.485e-24
1398.770747,1.314e-24
1398.778253,1.279e-26
1398.791546,1.251e-23
1398.812773,1.3130000000000002e-26
1398.818379,1.289e-23
1398.82371,1.233e-25
1398.838071,1.188e-25
1398.902035,1.742e-24
1398.933621,1.777e-24
1398.983304,2.397e-24
1398.988442,2.9219999999999998e-24
1399.000293,2.7919999999999998e-24
1399.028014,2.977e-24
1399.051402,2.847e-24
1399.071423,4.304e-23
1399.082914,2.685e-24
1399.140721,2.075e-24
1399.173244,2.118e-24
1399.175428,4.508e-23
1399.201596,1.052e-25
1399.209096,2.081e-23
1399.224218,1.018e-25
1399.274934,2.139e-23
1399.324011,1.183e-25
1399.324085,1.131e-25
1399.371105,2.461e-24
1399.404557,2.512e-24
1399.418806,1.187e-26
1399.451852,1.217e-26
1399.590641,1.252e-23
1399.598416,2.904e-24
1399.618013,1.288e-23
1399.632864,2.966e-24
1399.670797,2.055e-25
1399.710527,1.386e-25
1399.713967,2.088e-25
1399.723195,1.332e-25
1399.768143,2.919e-25
1399.769607,1.325e-24
1399.818469,3.411e-24
1399.82395,3.04e-25
1399.853922,3.486e-24
1399.862566,1.482e-24
1400.016972,4.141e-23
1400.034684,3.989e-24
1400.053009,1.094e-26
1400.071203,4.078e-24
1400.084585,1.1210000000000002e-26
1400.085711,1.234e-23
1400.08831,3.267e-24
1400.092891,1.214e-25
1400.110087,1.269e-23
1400.115226,1.172e-25
1400.126635,4.348e-23
1400.140699,3.333e-24
1400.179473,1.2659999999999999e-24
1400.202349,1.246e-25
1400.207515,1.308e-25
1400.226944,2.253e-23
1400.244364,4.643e-24
1400.271875,1.29e-24
1400.281973,4.749e-24
1400.295002,2.317e-23
1400.449704,5.378e-24
1400.488465,5.504e-24
1400.550615,5.699e-25
1400.595599,1.551e-25
1400.606094,1.4870000000000002e-25
1400.637696,6.417e-25
1400.649008,6.201e-24
1400.679922,9.999999999999999e-27
1400.688956,6.349e-24
1400.710009,1.024e-26
1400.82292,2.551e-25
1400.843655,7.115e-24
1400.867034,2.593e-25
1400.884854,7.289e-24
1400.928345,1.21e-23
1400.953901,1.243e-23
1400.957502,3.937e-23
1400.982334,1.391e-25
1401.004248,1.341e-25
1401.006104,2.162e-24
1401.032605,8.125e-24
1401.048581,2.201e-24
1401.073448,4.144e-23
1401.075103,8.329e-24
1401.077629,1.367e-25
1401.089708,1.44e-25
1401.171589,3.802e-24
1401.216706,9.233e-24
1401.225311,3.881e-24
1401.24013,2.423e-23
1401.260573,9.47e-24
1401.310531,2.494e-23
1401.326369,1.318e-25
1401.344288,1.168e-23
1401.362875,1.008e-25
1401.366297,1.2e-23
1401.395339,1.044e-23
1401.40822,1.536e-25
1401.408575,1.075e-25
1401.440638,1.072e-23
1401.478986,1.7260000000000002e-25
1401.486663,1.65e-25
1401.569016,1.175e-23
1401.615823,1.207e-23
1401.736241,1.025e-26
1401.73738,1.315e-23
1401.785774,1.352e-23
1401.869932,1.584e-25
1401.89125,1.525e-25
1401.892954,3.695e-23
1401.900734,1.465e-23
1401.949475,1.493e-25
1401.950804,1.5069999999999998e-23
1401.970247,3.1510000000000003e-25
1401.970865,1.58e-25
1402.015335,3.204e-25
1402.015917,3.901e-23
1402.058881,1.6239999999999998e-23
1402.110721,1.6709999999999998e-23
1402.211995,1.79e-23
1402.223051,1.093e-25
1402.248365,1.125e-23
1402.24864,2.589e-23
1402.25013,4.402e-24
1402.251561,2.409e-25
1402.265713,1.844e-23
1402.272315,1.155e-23
1402.292905,1.175e-25
1402.305238,4.496e-24
1402.313215,2.516e-25
1402.32152,2.668e-23
1402.359973,1.962e-23
1402.360774,1.913e-25
1402.364759,1.823e-25
1402.398187,1.072e-26
1402.415686,2.024e-23
1402.475211,1.122e-26
1402.502915,2.1400000000000003e-23
1402.560751,2.209e-23
1402.564312,1.066e-23
1402.584004,1.094e-23
1402.64077,2.321e-23
1402.700872,2.399e-23
1402.755698,1.794e-25
1402.773591,2.503e-23
1402.77619,1.7230000000000002e-25
1402.817156,1.625e-25
1402.823252,3.418e-23
1402.83612,2.5900000000000002e-23
1402.851419,1.73e-25
1402.862251,1.5640000000000002e-25
1402.901355,2.684e-23
1402.935201,1.557e-25
1402.954108,3.62e-23
1402.966489,2.78e-23
1403.024091,2.861e-23
1403.092029,2.967e-23
1403.109662,1.559e-24
1403.112778,3.875e-25
1403.135613,1.158e-26
1403.141784,3.031e-23
1403.155412,1.586e-24
1403.158868,3.94e-25
1403.209432,1.21e-26
1403.212754,3.148e-23
1403.240173,2.005e-25
1403.241089,2.111e-25
1403.252461,2.748e-23
1403.254446,3.19e-23
1403.291922,1.113e-25
1403.320141,1.077e-25
1403.323929,5.07e-24
1403.327971,2.834e-23
1403.328703,3.318e-23
1403.362065,3.336e-23
1403.380481,5.179e-24
1403.439902,3.475e-23
1403.464638,3.464e-23
1403.546389,3.615e-23
1403.551979,1.01e-23
1403.562147,3.571e-23
1403.574517,1.036e-23
1403.622427,5.727e-25
1403.639656,2.019e-25
1403.648201,3.734e-23
1403.654573,3.652e-23
1403.659012,1.935e-25
1403.674399,1.327e-25
1403.679395,1.762e-25
1403.691558,5.881e-25
1403.732088,1.89e-25
1403.741885,3.705e-23
1403.742479,9.41e-24
1403.745379,3.827e-23
1403.748297,3.111e-23
1403.759868,9.639e-24
1403.775539,1.517e-25
1403.795523,9.188e-25
1403.82404,3.725e-23
1403.833296,1.448e-25
1403.837973,3.891e-23
1403.863115,1.311e-25
1403.86733,1.023e-25
1403.868033,1.235e-26
1403.872929,1.1630000000000002e-25
1403.8881,3.308e-23
1403.892419,9.352e-25
1403.900982,3.708e-23
1403.926037,3.922e-23
1403.938876,1.2880000000000002e-26
1403.972632,3.651e-23
1404.009638,3.915e-23
1404.038879,3.551e-23
1404.088856,3.867e-23
1404.099574,3.403e-23
1404.112586,2.194e-25
1404.120125,2.3210000000000003e-25
1404.154498,3.205e-23
1404.163793,3.774e-23
1404.182382,1.306e-25
1404.203335,2.954e-23
1404.210835,1.262e-25
1404.234578,3.631e-23
1404.245604,2.645e-23
1404.250508,4.741e-25
1404.25158,2.896e-23
1404.28053,2.275e-23
1404.297634,4.823e-25
1404.301382,3.435e-23
1404.306786,1.837e-23
1404.320078,7.185e-24
1404.321844,1.323e-23
1404.329886,2.99e-23
1404.364439,3.182e-23
1404.377383,1.216e-24
1404.392984,5.807e-24
1404.424083,2.867e-23
1404.443038,1.259e-24
1404.451043,5.935e-24
1404.480811,2.482e-23
1404.52184,2.26e-25
1404.533753,1.903e-25
1404.535411,2.021e-23
1404.539644,2.16e-25
1404.589223,1.47e-23
1404.595448,1.3010000000000002e-26
1404.614135,2.063e-25
1404.644787,8.088e-24
1404.663517,1.354e-26
1404.667961,2.781e-23
1404.700445,1.083e-25
1404.708112,1.902e-25
1404.776574,1.992e-25
1404.796757,1.157e-25
1404.817995,2.969e-23
1404.840731,8.788e-24
1404.862043,8.998e-24
1404.875162,8.047e-24
1404.890234,8.234e-24
1404.898226,1.198e-25
1404.981496,2.392e-25
1404.998181,2.544e-25
1405.008901,1.176e-25
1405.070969,1.521e-25
1405.099602,1.466e-25
1405.127217,2.047e-24
1405.135529,1.031e-25
1405.189695,2.126e-24
1405.235489,1.085e-25
1405.245983,3.031e-23
1405.305886,1.095e-24
1405.317857,1.354e-26
1405.327268,3.132e-23
1405.344082,1.112e-25
1405.355239,1.114e-24
1405.383333,1.4080000000000003e-26
1405.383436,5.773e-25
1405.402304,2.517e-25
1405.417984,2.398e-25
1405.431631,5.874e-25
1405.457292,6.615e-24
1405.516923,6.763999999999999e-24
1405.582071,2.433e-23
1405.743924,2.612e-23
1405.747016,1.294e-25
1405.846051,2.596e-25
1405.854336,1.327e-25
1405.871766,3.024e-24
1405.875747,2.78e-25
1405.931326,3.144e-24
1405.95768,1.756e-25
1405.958439,6.681e-24
1405.971152,6.828999999999999e-24
1405.986415,1.69e-25
1406.03534,1.393e-26
1406.098298,1.448e-26
1406.116459,7.417e-24
1406.136718,7.586e-24
1406.235653,3.149e-23
1406.281129,2.789e-25
1406.293891,2.6480000000000003e-25
1406.320121,3.257e-23
1406.33473,1.496e-25
1406.441092,1.537e-25
1406.490394,2.077e-23
1406.511558,6.994e-25
1406.51685,7.493e-24
1406.560858,7.118e-25
1406.578125,7.665999999999999e-24
1406.611247,4.104e-24
1406.66606,2.242e-23
1406.668121,4.267e-24
1406.704704,2.8080000000000003e-25
1406.747564,1.422e-26
1406.753657,3.034e-25
1406.808391,1.4740000000000002e-26
1406.842516,2.014e-25
1406.871244,1.934e-25
1406.98814,5.3929999999999996e-24
1406.995926,1.677e-25
1406.998433,5.508e-24
1407.101669,1.7250000000000002e-25
1407.132494,1.43e-25
1407.15844,3.077e-25
1407.167149,2.91e-25
1407.208897,1.503e-25
1407.220574,3.246e-23
1407.308453,3.361e-23
1407.345306,5.244e-24
1407.381302,6.084e-24
1407.392603,1.719e-23
1407.399689,5.449e-24
1407.400682,6.217e-24
1407.454907,1.436e-26
1407.513589,1.4870000000000002e-26
1407.517198,6.527e-25
1407.55432,3.026e-25
1407.571655,8.44e-24
1407.584638,1.869e-23
1407.600962,7.509e-25
1407.618509,6.64e-25
1407.633442,3.31e-25
1407.63465,8.639999999999999e-24
1407.634872,8.431000000000001e-25
1407.654218,7.629e-25
1407.685314,8.584e-25
1407.725485,2.292e-25
1407.727914,1.82e-25
1407.75405,2.196e-25
1407.833409,1.875e-25
1407.959917,4.239e-24
1407.96771,4.325e-24
1408.034431,3.381e-25
1408.037429,3.181e-25
1408.074413,6.403e-24
1408.126491,6.648e-24
1408.157201,1.437e-26
1408.200726,3.319e-23
1408.21387,1.4860000000000003e-26
1408.288229,1.37e-23
1408.292272,3.442e-23
1408.499985,1.501e-23
1408.528009,1.91e-25
1408.606601,2.593e-25
1408.621702,9.453e-24
1408.633664,1.97e-25
1408.634785,2.477e-25
1408.637725,4.858e-24
1408.656393,4.959e-24
1408.686501,9.682e-24
1408.686949,1.267e-25
1408.753375,1.011e-24
1408.797842,7.54e-24
1408.805,1.03e-24
1408.847764,7.821e-24
1408.854441,1.425e-26
1408.869332,3.246e-24
1408.874534,3.31e-24
1408.904185,3.4610000000000003e-25
1408.909212,1.473e-26
1408.909415,3.702e-25
1409.176088,3.367e-23
1409.176569,1.037e-23
1409.271587,3.496e-23
1409.393523,1.934e-25
1409.412569,1.149e-23
1409.422073,1.198e-25
1409.456359,1.153e-25
1409.479119,1.6939999999999998e-23
1409.485891,2.913e-25
1409.499795,1.999e-25
1409.513382,2.775e-25
1409.516555,8.622e-24
1409.519825,1.019e-25
1409.546617,1.402e-26
1409.564476,8.935e-24
1409.599595,1.448e-26
1409.605531,1.076e-25
1409.649578,1.112e-25
1409.657336,2.012e-23
1409.666989,1.053e-23
1409.711971,2.425e-24
1409.714482,2.4709999999999998e-24
1409.733679,1.079e-23
1409.766464,3.751e-25
1409.783919,4.044e-25
1409.867064,1.207e-24
1409.888528,3.7799999999999996e-24
1409.906649,3.855e-24
1409.919913,1.229e-24
1410.000337,5.0250000000000005e-25
1410.056526,7.327e-24
1410.057761,5.102e-25
1410.146635,3.385e-23
1410.229156,9.617e-24
1410.233716,1.3690000000000003e-26
1410.246411,3.52e-23
1410.275186,9.957e-24
1410.284997,1.412e-26
1410.295257,1.3719999999999998e-23
1410.312899,1.429e-25
1410.321764,1.886e-25
1410.323091,8.225e-24
1410.34783,1.373e-25
1410.363398,3.254e-25
1410.389751,3.089e-25
1410.429168,1.953e-25
1410.463263,1.607e-23
1410.483286,1.7999999999999997e-24
1410.483565,1.768e-24
1410.597708,1.048e-25
1410.622442,4.049e-25
1410.624995,1.064e-25
1410.658879,4.411e-25
1410.707509,1.165e-23
1410.776188,1.195e-23
1410.782526,1.376e-25
1410.844176,1.439e-25
1410.898694,1.3220000000000002e-25
1410.915727,1.326e-26
1410.926269,4.654e-24
1410.92667,1.343e-25
1410.937485,1.05e-23
1410.965396,1.366e-26
1410.975937,1.433e-24
1410.98176,1.086e-23
1411.030055,1.4599999999999999e-24
1411.108684,1.088e-23
1411.11234,3.373e-23
1411.136862,2.868e-24
1411.154592,2.923e-24
1411.176968,1.281e-24
1411.180134,1.259e-24
1411.195358,1.661e-25
1411.201621,1.685e-25
1411.216762,3.513e-23
1411.224055,1.688e-25
1411.232647,5.316e-24
1411.237204,1.617e-25
1411.239194,3.614e-25
1411.263756,3.417e-25
1411.264494,1.258e-23
1411.310032,1.767e-25
1411.339942,4.547e-25
1411.419158,1.835e-25
1411.445564,4.623e-25
1411.468154,4.3530000000000005e-25
1411.485774,2.078e-25
1411.515199,2.112e-25
1411.536102,4.815e-25
1411.592634,1.275e-26
1411.638979,1.126e-23
1411.640772,1.312e-26
1411.681574,1.163e-23
1411.743259,1.282e-23
1411.771551,2.587e-25
1411.782482,2.462e-24
1411.791982,8.913e-25
1411.79812,8.766e-25
1411.801733,2.631e-25
1411.814031,1.315e-23
1411.917286,8.379e-24
1412.051414,3.208e-25
1412.061493,9.573e-24
1412.073169,3.328e-23
1412.079989,1.6929999999999998e-24
1412.082365,3.264e-25
1412.088242,1.967e-25
1412.11339,3.994e-25
1412.11608,1.137e-25
1412.124472,1.885e-25
1412.135194,3.759e-25
1412.135424,1.726e-24
1412.143066,2.881e-24
1412.162206,1.155e-25
1412.182657,3.472e-23
1412.264423,1.217e-26
1412.311105,1.252e-26
1412.325342,6.064e-25
1412.326432,3.96e-25
1412.334523,5.967000000000001e-25
1412.336985,1.187e-23
1412.355625,1.588e-25
1412.358181,4.03e-25
1412.37803,1.225e-23
1412.386235,2.124e-24
1412.403705,2.164e-24
1412.467155,1.652e-25
1412.508576,3.2850000000000003e-25
1412.570397,3.334e-25
1412.584051,2.06e-25
1412.595774,4.868e-25
1412.618394,8.677e-25
1412.628338,4.955000000000001e-25
1412.644478,2.148e-25
1412.720578,6.188e-24
1412.774232,1.402e-23
1412.774737,4.037e-25
1412.787012,3.974e-25
1412.847212,1.439e-23
1412.854317,7.004e-24
1412.860142,5.956000000000001e-25
1412.893551,6.064e-25
1412.931078,1.153e-26
1412.972767,2.275e-25
1412.976371,1.185e-26
1412.986171,4.393e-25
1413.003735,4.111e-25
1413.009619,2.1750000000000003e-25
1413.026994,1.232e-23
1413.029085,3.25e-23
1413.057658,1.052e-24
1413.066527,1.271e-23
1413.118979,7.253000000000001e-25
1413.138614,2.631e-25
1413.144123,3.397e-23
1413.153282,7.39e-25
1413.15401,2.591e-25
1413.179218,1.989e-24
1413.23602,2.028e-24
1413.285749,1.418e-25
1413.317037,1.025e-25
1413.332875,1.441e-25
1413.369124,1.074e-25
1413.372814,8.798e-25
1413.407994,8.965000000000001e-25
1413.416228,1.679e-25
1413.417382,1.028e-25
1413.41902,1.116e-25
1413.434746,1.655e-25
1413.455839,1.363e-25
1413.466712,1.15e-25
1413.469166,1.066e-25
1413.512184,1.172e-25
1413.51848,4.319e-24
1413.518949,1.096e-25
1413.555417,1.182e-25
1413.56675,1.114e-25
1413.570579,1.422e-25
1413.592584,1.086e-26
1413.596386,1.177e-25
1413.607662,1.051e-25
1413.612591,1.12e-25
1413.62125,1.062e-24
1413.629275,1.036e-25
1413.635062,1.155e-25
1413.636552,1.115e-26
1413.640523,1.537e-24
1413.642915,4.855e-24
1413.656501,1.112e-25
1413.657354,1.083e-24
1413.657786,1.564e-24
1413.671407,1.113e-25
1413.698517,1.087e-25
1413.705369,1.049e-25
1413.714828,1.263e-23
1413.738688,1.043e-25
1413.752984,1.302e-23
1413.800424,1.523e-23
1413.855204,2.608e-25
1413.857847,4.815e-25
1413.864597,1.277e-24
1413.868819,4.473e-25
1413.875734,1.566e-23
1413.892623,2.4880000000000003e-25
1413.90166,1.302e-24
1413.980043,3.138e-23
1414.101189,3.288e-23
1414.102656,1.5269999999999999e-24
1414.140711,1.558e-24
1414.248922,1.015e-26
1414.27362,2.325e-24
1414.291623,1.042e-26
1414.31102,2.782e-24
1414.331845,2.372e-24
1414.335612,1.8189999999999998e-24
1414.374696,1.856e-24
1414.392836,1.278e-23
1414.427207,3.114e-24
1414.429613,1.316e-23
1414.44379,2.8210000000000003e-25
1414.450454,1.76e-25
1414.49861,1.789e-25
1414.503699,2.933e-25
1414.563351,2.157e-24
1414.603501,2.201e-24
1414.60798,1.113e-25
1414.726892,1.165e-25
1414.728958,5.264e-25
1414.729416,4.845e-25
1414.735567,2.9650000000000003e-25
1414.773451,2.82e-25
1414.785989,2.545e-24
1414.821826,1.6449999999999998e-23
1414.827247,2.5989999999999998e-24
1414.899601,1.692e-23
1414.903971,1.087e-24
1414.920729,1.105e-24
1414.925987,2.994e-23
1415.003462,2.99e-24
1415.045872,3.0539999999999998e-24
1415.052791,1.049e-25
1415.053892,3.145e-23
1415.070776,1.278e-23
1415.088602,1.016e-25
1415.098252,1.586e-24
1415.106328,1.315e-23
1415.118899,1.154e-25
1415.129249,2.1e-25
1415.155586,1.116e-25
1415.182925,1.261e-25
1415.195659,2.13e-25
1415.207111,1.773e-24
1415.215846,3.495e-24
1415.220559,1.219e-25
1415.244864,1.371e-25
1415.258672,3.11e-25
1415.259455,3.5729999999999996e-24
1415.283523,1.3230000000000002e-25
1415.304709,1.48e-25
1415.344479,1.427e-25
1415.362452,1.589e-25
1415.363193,2.703e-24
1415.368481,3.16e-25
1415.403431,1.529e-25
1415.418086,1.695e-25
1415.422896,2.759e-24
1415.423109,4.068e-24
1415.460383,1.628e-25
1415.467967,4.16e-24
1415.471601,1.795e-25
1415.51534,1.7210000000000002e-25
1415.522988,1.887e-25
1415.568308,1.807e-25
1415.572234,1.969e-25
1415.583428,5.223e-25
1415.600515,5.749e-25
1415.610189,2.1730000000000003e-25
1415.613876,3.345e-25
1415.619298,1.881e-25
1415.619327,2.038e-25
1415.625299,4.711e-24
1415.652059,3.172e-25
1415.659408,2.21e-25
1415.664251,2.091e-25
1415.668318,1.942e-25
1415.671462,4.8199999999999996e-24
1415.706987,2.123e-25
1415.715385,1.987e-25
1415.736087,1.265e-23
1415.747513,2.133e-25
1415.760516,2.012e-25
1415.770361,1.3e-23
1415.785801,2.116e-25
1415.803733,2.015e-25
1415.821817,2.069e-25
1415.822403,5.431e-24
1415.838431,1.765e-23
1415.845069,1.992e-25
1415.855517,1.988e-25
1415.866852,2.82e-23
1415.869928,5.559e-24
1415.880231,7.306e-25
1415.884563,1.939e-25
1415.886841,1.867e-25
1415.915711,1.703e-25
1415.91882,1.816e-23
1415.922271,1.853e-25
1415.942018,1.491e-25
1415.958266,1.731e-25
1415.965601,1.224e-25
1415.982554,8.21e-25
1415.992657,1.569e-25
1416.002281,2.97e-23
1416.014453,6.2299999999999996e-24
1416.0256,1.362e-25
1416.057337,1.107e-25
1416.063405,6.381e-24
1416.181194,7.512000000000001e-25
1416.191382,7.485e-25
1416.201446,7.112e-24
1416.251893,7.289e-24
1416.368254,3.58e-25
1416.383405,8.079999999999999e-24
1416.404595,1.239e-23
1416.425904,5.606000000000001e-25
1416.428232,3.714e-25
1416.435422,8.286e-24
1416.437782,1.273e-23
1416.447932,3.126e-24
1416.474599,6.289000000000001e-25
1416.490167,3.747e-25
1416.509175,3.1919999999999998e-24
1416.528375,3.539e-25
1416.560333,9.134e-24
1416.614,9.373e-24
1416.657003,2.085e-25
1416.732245,1.027e-23
1416.753468,2.402e-25
1416.764952,2.671e-25
1416.787649,1.055e-23
1416.802555,2.618e-23
1416.815267,2.716e-25
1416.850231,1.88e-23
1416.899147,1.15e-23
1416.933395,1.937e-23
1416.946413,2.765e-23
1416.956384,1.182e-23
1417.056272,1.202e-23
1417.061049,1.28e-23
1417.088254,1.234e-23
1417.120225,1.317e-23
1417.217957,1.418e-23
1417.279186,1.459e-23
1417.364499,4.169e-25
1417.369879,1.562e-23
1417.402291,3.921e-25
1417.433287,1.609e-23
1417.47717,5.079e-25
1417.50037,5.145e-25
1417.516819,1.712e-23
1417.527834,3.596e-24
1417.582545,1.765e-23
1417.590684,3.674e-24
1417.658782,1.865e-23
1417.716062,1.155e-23
1417.726979,1.925e-23
1417.732993,2.391e-23
1417.747087,1.186e-23
1417.787125,1.211e-25
1417.79577,2.021e-23
1417.810903,1.075e-25
1417.82642,1.166e-25
1417.84343,1.045e-25
1417.857215,1.99e-23
1417.864864,1.313e-25
1417.866609,2.088e-23
1417.884668,1.209e-25
1417.886364,2.534e-23
1417.91474,3.266e-25
1417.91785,1.174e-25
1417.927783,2.177e-23
1417.936016,1.331e-25
1417.943334,2.052e-23
1417.956424,1.352e-25
1417.966187,3.322e-25
1417.990308,1.312e-25
1418.001454,2.252e-23
1418.026162,1.504e-25
1418.05482,2.332e-23
1418.060799,1.458e-25
1418.093876,1.665e-25
1418.129322,1.612e-25
1418.131536,2.415e-23
1418.159556,1.832e-25
1418.176877,2.482e-23
1418.195874,1.773e-25
1418.223196,2.006e-25
1418.236967,4.612e-25
1418.256877,2.573e-23
1418.260454,1.938e-25
1418.273629,4.314e-25
1418.284787,2.183e-25
1418.293948,2.625e-23
1418.32306,2.106e-25
1418.344319,2.362e-25
1418.352852,1.101e-23
1418.36307,4.251e-25
1418.377502,2.726e-23
1418.382718,1.129e-23
1418.383693,2.276e-25
1418.401783,2.54e-25
1418.406022,2.758e-23
1418.423595,4.401e-25
1418.442352,2.444e-25
1418.45717,2.715e-25
1418.493437,2.868e-23
1418.49904,2.608e-25
1418.510467,2.883e-25
1418.513084,2.878e-23
1418.553759,2.764e-25
1418.561664,3.04e-25
1418.602894,4.113e-24
1418.60471,2.997e-23
1418.606513,2.91e-25
1418.610747,3.183e-25
1418.615116,2.981e-23
1418.657308,3.04e-25
1418.657702,3.3070000000000003e-25
1418.658033,2.144e-23
1418.667421,4.204e-24
1418.671269,1.46e-25
1418.702512,3.409e-25
1418.706154,3.1520000000000003e-25
1418.711356,3.11e-23
1418.711773,1.4030000000000002e-25
1418.71209,3.064e-23
1418.745157,3.482e-25
1418.745549,1.085e-25
1418.75306,3.24e-25
1418.785614,3.523e-25
1418.797233,3.361e-25
1418.798042,3.3e-25
1418.803972,3.123e-23
1418.807156,1.067e-25
1418.81341,3.202e-23
1418.819639,3.41e-25
1418.82223,2.281e-23
1418.823858,3.526e-25
1418.84112,3.328e-25
1418.859374,2.091e-23
1418.859853,3.485e-25
1418.882319,3.319e-25
1418.890716,3.155e-23
1418.893559,3.395e-25
1418.910916,3.271e-23
1418.921676,3.267e-25
1418.924921,3.25e-25
1418.948643,2.158e-23
1418.953868,3.044e-25
1418.956408,4.522e-25
1418.959238,3.168e-25
1418.972261,3.156e-23
1418.980303,2.77e-25
1418.995068,3.016e-25
1419.003925,3.312e-23
1419.004089,2.42e-25
1419.004971,1.041e-23
1419.025022,1.984e-25
1419.02926,2.8070000000000003e-25
1419.034009,1.067e-23
1419.038487,4.608e-25
1419.042785,1.449e-25
1419.048528,3.122e-23
1419.05955,3.975e-25
1419.061943,2.534e-25
1419.092497,3.321e-23
1419.093318,2.193e-25
1419.104947,1.01e-26
1419.107735,5.076e-25
1419.112167,4.044e-25
1419.119408,3.05e-23
1419.123697,1.777e-25
1419.14209,4.717e-25
1419.153611,1.278e-25
1419.176709,3.294e-23
1419.184755,2.937e-23
1419.244364,2.778e-23
1419.256653,3.228e-23
1419.267831,2.091e-25
1419.297941,2.571e-23
1419.332451,3.119e-23
1419.34505,2.311e-23
1419.381681,2.124e-25
1419.385012,1.993e-23
1419.404261,2.962e-23
1419.416696,1.614e-23
1419.438056,1.163e-23
1419.444854,6.3149999999999996e-24
1419.472301,2.752e-23
1419.536873,2.486e-23
1419.553454,1.739e-25
1419.577502,1.881e-23
1419.595236,1.666e-25
1419.598426,2.157e-23
1419.625214,9.753e-24
1419.653109,9.991e-24
1419.657646,1.758e-23
1419.673109,4.68e-24
1419.712641,1.038e-24
1419.715673,1.278e-23
1419.739387,4.785e-24
1419.75404,1.015e-26
1419.754137,2.011e-23
1419.77456,7.007999999999999e-24
1419.790761,1.0709999999999999e-24
1419.82738,1.055e-26
1419.856693,2.18e-23
1419.949331,2.253e-23
1419.977089,5.564e-25
1420.007132,5.128e-25
1420.147051,2.1760000000000003e-25
1420.170258,2.208e-25
1420.199378,4.812e-25
1420.253204,4.898e-25
1420.271146,9.076e-24
1420.298349,9.293e-24
1420.43288,4.754e-25
1420.433664,2.048e-25
1420.463776,1.815e-24
1420.474342,1.05e-26
1420.476784,1.957e-25
1420.491169,1.61e-23
1420.494301,4.913e-25
1420.538267,1.88e-24
1420.545066,1.09e-26
1420.68225,1.73e-23
1420.738473,5.294e-24
1420.806584,5.416e-24
1420.845558,6.083e-25
1420.84916,2.257e-23
1420.867691,5.544e-25
1420.872664,8.378e-24
1420.898709,8.573e-24
1420.94541,2.334e-23
1421.189716,1.075e-26
1421.209816,2.739e-24
1421.257982,1.114e-26
1421.280968,2.842e-24
1421.311879,2.386e-25
1421.33422,5.798e-25
1421.356393,2.272e-25
1421.389298,5.903e-25
1421.398718,1.336e-23
1421.514453,7.683e-24
1421.532598,1.379e-25
1421.539952,7.859e-24
1421.557143,1.3990000000000002e-25
1421.606793,1.444e-23
1421.664708,1.052e-25
1421.695777,1.025e-25
1421.714191,6.6470000000000005e-25
1421.721427,5.964000000000001e-25
1421.743651,1.201e-25
1421.775275,1.17e-25
1421.798981,5.954e-24
1421.820674,1.365e-25
1421.836756,2.317e-23
1421.852889,1.328e-25
1421.869013,6.095e-24
1421.895767,1.544e-25
1421.900154,1.089e-26
1421.928612,1.501e-25
1421.936889,2.4e-23
1421.950761,3.767e-24
1421.966106,1.128e-26
1421.968918,1.737e-25
1422.002436,1.687e-25
1422.018831,3.911e-24
1422.040117,1.945e-25
1422.074355,1.887e-25
1422.094409,6.989999999999999e-24
1422.109352,2.1660000000000003e-25
1422.118703,7.145999999999999e-24
1422.144361,2.1e-25
1422.176613,2.4e-25
1422.18809,2.752e-25
1422.21245,2.3240000000000003e-25
1422.234031,2.612e-25
1422.241888,2.6440000000000003e-25
1422.278615,2.558e-25
1422.299705,1.066e-23
1422.305166,2.899e-25
1422.342852,2.8010000000000003e-25
1422.366435,3.159e-25
1422.405156,3.049e-25
1422.425684,3.424e-25
1422.464074,6.9490000000000005e-25
1422.465524,3.3e-25
1422.482899,3.69e-25
1422.520447,7.078e-25
1422.523954,3.55e-25
1422.528076,1.162e-23
1422.538067,3.951e-25
1422.562215,6.38e-25
1422.580444,3.796e-25
1422.58134,5.036e-25
1422.58531,7.286e-25
1422.591167,4.206e-25
1422.605647,1.093e-26
1422.634994,4.033e-25
1422.642345,4.441e-25
1422.643799,5.198e-25
1422.669415,1.131e-26
1422.686606,4.857e-24
1422.687607,4.257e-25
1422.691198,4.67e-25
1422.734807,6.323e-24
1422.738037,4.87e-25
1422.738284,4.462e-25
1422.75182,5.041e-24
1422.75872,6.462e-24
1422.782756,5.04e-25
1422.787032,4.642000000000001e-25
1422.819464,2.36e-23
1422.825333,5.174e-25
1422.833859,4.792e-25
1422.85463,6.658e-24
1422.865741,5.265e-25
1422.878777,4.905e-25
1422.903953,5.306000000000001e-25
1422.921803,4.976000000000001e-25
1422.923783,2.447e-23
1422.926676,6.819999999999999e-24
1422.939935,5.29e-25
1422.96296,4.997000000000001e-25
1422.973646,5.21e-25
1423.002278,4.962000000000001e-25
1423.005035,5.059e-25
1423.034033,4.828e-25
1423.039799,4.865e-25
1423.060553,4.509e-25
1423.06229,3.1440000000000003e-25
1423.075581,4.6980000000000005e-25
1423.084471,4.093e-25
1423.105611,3.569e-25
1423.109658,2.9730000000000003e-25
1423.109704,4.456e-25
1423.123706,2.924e-25
1423.138328,2.136e-25
1423.142282,4.132e-25
1423.148726,1.178e-25
1423.173484,3.718e-25
1423.193477,8.088e-24
1423.203571,3.207e-25
1423.232963,2.59e-25
1423.262405,1.858e-25
1423.289549,5.674e-24
1423.306182,1.0880000000000002e-26
1423.312171,5.796e-24
1423.361425,1.383e-25
1423.367887,1.124e-26
1423.417346,5.967e-24
1423.446535,8.895e-24
1423.479153,1.4040000000000002e-25
1423.479909,6.19e-24
1423.588936,8.287e-25
1423.646652,8.443e-25
1423.797261,2.382e-23
1423.905411,7.401e-24
1423.906107,2.474e-23
1423.932187,5.067e-24
1423.934485,3.562e-25
1423.95462,5.173e-24
1423.979574,7.585e-24
1423.983218,3.353e-25
1424.001747,1.073e-26
1424.061498,1.107e-26
1424.079041,5.717e-24
1424.142969,7.06e-24
1424.20306,7.318e-24
1424.362815,6.361e-24
1424.457059,4.4869999999999996e-24
1424.478069,4.579e-24
1424.692327,1.0490000000000002e-26
1424.708801,9.832e-25
1424.750225,1.0820000000000002e-26
1424.767911,1.002e-24
1424.77012,2.383e-23
1424.804698,4.004e-25
1424.811565,5.066e-25
1424.854623,3.748e-25
1424.863471,8.101e-24
1424.874471,5.235e-25
1424.883881,2.479e-23
1424.921252,8.391e-24
1424.95132,8.177999999999999e-24
1424.954792,3.632e-24
1425.027709,8.387e-24
1425.10665,3.957e-24
1425.1277,4.037e-24
1425.277903,4.102e-24
1425.377907,1.018e-26
1425.434044,1.0490000000000002e-26
1425.453835,1.459e-23
1425.578826,9.061e-24
1425.595774,3.46e-24
1425.615217,3.528e-24
1425.629923,1.687e-23
1425.634445,9.377e-24
1425.672985,4.468e-25
1425.72373,4.156e-25
1425.738012,2.36e-23
1425.817946,1.921e-24
1425.823667,1.16e-24
1425.857127,2.459e-23
1425.884223,1.183e-24
1425.944582,1.018e-25
1425.99235,8.981e-24
1426.001502,1.03e-25
1426.038396,1.006e-25
1426.071085,9.217e-24
1426.11293,1.01e-26
1426.131301,1.138e-25
1426.167273,1.11e-25
1426.193395,2.2129999999999998e-24
1426.201588,1.259e-25
1426.232357,1.285e-25
1426.253105,1.257e-25
1426.258344,3.016e-24
1426.264515,1.148e-23
1426.278101,3.074e-24
1426.288406,1.225e-25
1426.289037,9.916e-24
1426.342624,1.025e-23
1426.368472,1.39e-25
1426.403292,1.354e-25
1426.432575,1.315e-23
1426.467082,1.105e-25
1426.477941,1.537e-25
1426.482945,1.584e-25
1426.499411,1.08e-25
1426.512463,1.496e-25
1426.514806,1.616e-25
1426.539459,4.955000000000001e-25
1426.582428,1.698e-25
1426.590285,4.574e-25
1426.616796,1.652e-25
1426.663139,6.762e-25
1426.68235,1.877e-25
1426.700899,2.314e-23
1426.70437,2.604e-24
1426.716699,1.825e-25
1426.722276,2.653e-24
1426.760536,1.98e-25
1426.778247,2.072e-25
1426.793396,2.02e-25
1426.812688,2.014e-25
1426.825871,2.416e-23
1426.870414,2.284e-25
1426.905049,2.219e-25
1426.933529,1.362e-24
1426.959174,2.515e-25
1426.994064,1.065e-23
1426.994094,2.441e-25
1426.995587,1.39e-24
1427.028493,9.802e-24
1427.032919,2.466e-25
1427.044729,2.762e-25
1427.045739,1.1e-23
1427.066814,2.517e-25
1427.07227,8.794999999999999e-24
1427.080019,2.6799999999999998e-25
1427.086557,3.3070000000000003e-25
1427.109703,1.007e-23
1427.112069,8.018e-25
1427.127277,3.027e-25
1427.163018,2.935e-25
1427.186134,1.599e-25
1427.187676,5.039e-25
1427.206955,3.3080000000000003e-25
1427.230253,9.992e-24
1427.243225,3.205e-25
1427.283888,3.605e-25
1427.301072,3.056e-25
1427.320763,3.489e-25
1427.335971,3.1190000000000004e-25
1427.358166,3.915e-25
1427.387524,2.244e-24
1427.395726,3.786e-25
1427.404347,5.468e-25
1427.406072,2.286e-24
1427.429869,4.236e-25
1427.439876,1.054e-25
1427.453798,4.997000000000001e-25
1427.468194,4.093e-25
1427.477792,1.0820000000000002e-25
1427.499058,4.567e-25
1427.528761,1.177e-25
1427.538231,4.407e-25
1427.564155,3.771e-25
1427.565782,4.903e-25
1427.580357,1.197e-25
1427.600098,3.849e-25
1427.605894,4.726e-25
1427.630081,5.241e-25
1427.658739,2.243e-23
1427.671226,5.046e-25
1427.691986,5.577e-25
1427.693921,1.124e-23
1427.734268,5.362e-25
1427.743793,1.16e-23
1427.751521,5.907e-25
1427.781349,1.914e-24
1427.790147,2.347e-23
1427.795053,5.67e-25
1427.797732,1.9489999999999998e-24
1427.808702,6.223e-25
1427.822761,4.63e-25
1427.853611,5.965000000000001e-25
1427.859744,4.727e-25
1427.863543,6.522e-25
1427.875439,6.493e-24
1427.909967,6.24e-25
1427.916049,6.796e-25
1427.964147,6.489e-25
1427.966225,7.039e-25
1428.014066,7.245000000000001e-25
1428.016173,6.707e-25
1428.023425,7.32e-24
1428.038383,1.5909999999999999e-24
1428.059568,7.404e-25
1428.059741,1.063e-23
1428.06607,6.885000000000001e-25
1428.076391,5.6610000000000005e-25
1428.102005,1.624e-24
1428.102719,7.511e-25
1428.113861,7.018e-25
1428.114454,5.781e-25
1428.143501,7.558000000000001e-25
1428.143568,1.092e-23
1428.159574,7.098e-25
1428.181891,7.536000000000001e-25
1428.20324,7.118e-25
1428.217859,7.439e-25
1428.244895,7.07e-25
1428.25136,7.258000000000001e-25
1428.26811,6.016e-25
1428.28234,6.985e-25
1428.284584,6.9480000000000005e-25
1428.310722,6.613000000000001e-25
1428.313234,5.423e-25
1428.322367,6.745e-25
1428.325398,6.887000000000001e-25
1428.336399,6.132e-25
1428.358321,6.454e-25
1428.359222,5.532e-25
1428.364553,7.035e-25
1428.378965,4.799e-25
1428.388545,1.169e-23
1428.392552,6.067e-25
1428.395281,3.916e-25
1428.407589,2.857e-25
1428.41483,1.577e-25
1428.425209,5.579e-25
1428.427742,1.0790000000000002e-25
1428.436712,1.205e-23
1428.456517,4.982000000000001e-25
1428.473257,1.033e-25
1428.486821,4.268e-25
1428.494564,1.632e-24
1428.511986,1.661e-24
1428.516701,3.425e-25
1428.547214,2.443e-25
1428.569487,8.341000000000001e-25
1428.580576,1.306e-25
1428.609774,8.524e-25
1428.611477,2.149e-23
1428.668034,1.292e-25
1428.673535,4.551e-24
1428.699124,1.26e-25
1428.707664,1.454e-25
1428.749993,2.253e-23
1428.760415,1.478e-25
1428.808863,1.005e-24
1428.812208,5.101e-24
1428.825022,1.375e-24
1428.839881,1.3989999999999999e-24
1428.850305,1.028e-24
1428.892952,1.054e-25
1428.900003,1.0790000000000002e-25
1429.043353,1.207e-24
1429.077977,1.199e-23
1429.085992,1.234e-24
1429.086086,1.145e-23
1429.124531,1.235e-23
1429.13176,6.618000000000001e-25
1429.138224,1.848e-24
1429.166084,5.848e-25
1429.172684,1.178e-23
1429.203474,1.887e-24
1429.246361,2.0570000000000003e-26
1429.273074,1.441e-24
1429.278317,1.9999999999999998e-26
1429.304844,1.345e-25
1429.316943,1.474e-24
1429.352305,1.283e-25
1429.466422,2.965e-24
1429.497926,1.713e-24
1429.511747,4.528e-25
1429.54307,1.7519999999999998e-24
1429.55905,2.031e-23
1429.579977,1.16e-24
1429.583837,4.652000000000001e-25
1429.596352,1.18e-24
1429.596605,3.31e-24
1429.625564,1.07e-25
1429.705458,2.135e-23
1429.717973,2.026e-24
1429.740015,1.065e-25
1429.76211,1.214e-23
1429.764433,2.074e-24
1429.807132,1.25e-23
1429.833488,9.656e-25
1429.838048,1.155e-25
1429.846807,9.821e-25
1429.881309,1.786e-25
1429.933157,2.386e-24
1429.935251,1.816e-25
1429.944868,1.137e-25
1429.980984,2.443e-24
1429.99778,7.315e-25
1430.004803,6.256000000000001e-25
1430.011184,1.248e-25
1430.015651,1.278e-25
1430.046143,1.233e-25
1430.107516,1.225e-23
1430.143512,2.7959999999999998e-24
1430.145529,1.202e-25
1430.179975,1.6420000000000002e-25
1430.192756,2.8629999999999998e-24
1430.197056,1.261e-23
1430.22955,1.56e-25
1430.233049,2.135e-24
1430.250161,1.304e-25
1430.254077,1.73e-24
1430.299995,2.181e-24
1430.34139,1.257e-25
1430.343784,1.1630000000000002e-25
1430.349006,3.26e-24
1430.376577,1.929e-24
1430.386876,1.197e-25
1430.399725,3.34e-24
1430.44104,1.215e-23
1430.449524,1.365e-25
1430.484607,1.25e-23
1430.501376,1.893e-23
1430.532594,1.302e-25
1430.549656,3.783e-24
1430.601907,3.878e-24
1430.644388,1.415e-25
1430.644428,8.067e-25
1430.656601,1.995e-23
1430.659836,8.203000000000001e-25
1430.718759,1.335e-25
1430.745441,4.368e-24
1430.799292,4.48e-24
1430.804625,6.6350000000000005e-25
1430.805611,1.455e-25
1430.816375,6.745e-25
1430.8344,1.454e-25
1430.835718,1.417e-25
1430.899931,1.357e-25
1430.93637,5.02e-24
1430.99189,5.15e-24
1431.019626,1.478e-25
1431.036517,8.372e-25
1431.049691,2.184e-25
1431.053078,1.971e-25
1431.075865,1.365e-25
1431.104864,2.221e-25
1431.104949,1.865e-25
1431.114583,1.203e-23
1431.12243,5.739e-24
1431.124022,1.302e-23
1431.152074,9.375e-25
1431.156763,1.237e-23
1431.179697,5.892e-24
1431.185747,1.44e-25
1431.187533,1.476e-25
1431.199851,1.489e-25
1431.216689,1.341e-23
1431.246553,1.359e-25
1431.292036,2.297e-26
1431.303625,6.529e-24
1431.322852,2.453e-24
1431.3236,2.228e-26
1431.333968,2.188e-26
1431.343203,2.126e-26
1431.36272,6.706e-24
1431.375092,1.4840000000000002e-25
1431.391569,2.507e-24
1431.41183,1.3399999999999999e-25
1431.438356,1.735e-23
1431.479945,7.39e-24
1431.540961,7.594e-24
1431.545221,1.465e-25
1431.571658,1.308e-25
1431.603498,1.834e-23
1431.65139,8.321e-24
1431.68875,5.491e-25
1431.703272,5.581e-25
1431.710234,1.432e-25
1431.714425,8.556e-24
1431.725919,1.263e-25
1431.736075,4.462e-25
1431.746213,4.533e-25
1431.782931,1.179e-23
1431.81377,2.737e-25
1431.817953,9.321e-24
1431.823791,1.212e-23
1431.870057,1.384e-25
1431.874556,1.207e-25
1431.883115,9.591e-24
1431.923044,3.1240000000000003e-25
1431.924136,2.3280000000000003e-25
1431.978487,2.192e-25
1431.979632,1.039e-23
1431.989311,4.031e-25
1432.017474,1.14e-25
1432.024682,1.3230000000000002e-25
1432.047039,1.069e-23
1432.062552,4.13e-25
1432.13559,1.374e-23
1432.13642,1.151e-23
1432.154608,1.064e-25
1432.174072,1.25e-25
1432.206202,1.186e-23
1432.212807,2.6560000000000003e-25
1432.23159,1.417e-23
1432.269252,2.703e-25
1432.288311,1.269e-23
1432.318226,1.167e-25
1432.360612,1.308e-23
1432.36986,1.561e-23
1432.407628,2.803e-24
1432.416711,1.659e-25
1432.417683,1.616e-25
1432.4353,1.3899999999999998e-23
1432.44577,1.145e-23
1432.457136,1.075e-25
1432.478194,2.8649999999999998e-24
1432.485365,1.175e-23
1432.510277,1.435e-23
1432.546244,1.656e-23
1432.577377,1.5149999999999998e-23
1432.625237,2.937e-25
1432.633706,2.9830000000000003e-25
1432.655207,1.565e-23
1432.713961,3.66e-25
1432.714535,1.6419999999999998e-23
1432.727677,3.717e-25
1432.760052,2.414e-26
1432.77222,2.3420000000000003e-26
1432.793116,2.712e-25
1432.795413,1.6969999999999998e-23
1432.846763,1.768e-23
1432.850126,2.54e-25
1432.886133,1.574e-25
1432.915535,1.53e-25
1432.930906,1.83e-23
1432.974048,1.892e-23
1433.061702,1.96e-23
1433.096376,2.012e-23
1433.103456,1.101e-23
1433.141846,1.13e-23
1433.142208,1.439e-23
1433.182561,1.25e-25
1433.187816,2.087e-23
1433.213729,2.125e-23
1433.231262,1.287e-25
1433.231571,1.022e-25
1433.241766,1.485e-23
1433.251354,1.062e-25
1433.280253,1.037e-25
1433.291041,2.4860000000000003e-26
1433.295723,1.374e-23
1433.309268,2.207e-23
1433.322539,2.406e-26
1433.326085,2.229e-23
1433.332135,1.231e-25
1433.36153,1.2e-25
1433.370653,3.215e-25
1433.412088,1.419e-25
1433.426078,2.318e-23
1433.428414,3.272e-25
1433.433419,2.321e-23
1433.441996,1.383e-25
1433.46927,1.893e-25
1433.475998,1.922e-25
1433.484961,1.464e-23
1433.487373,3.185e-24
1433.489946,1.628e-25
1433.520404,1.586e-25
1433.535699,2.398e-23
1433.538274,2.418e-23
1433.559873,3.2569999999999998e-24
1433.566648,1.859e-25
1433.597682,1.81e-25
1433.632884,2.457e-23
1433.641408,2.113e-25
1433.645886,2.502e-23
1433.660007,3.12e-25
1433.673057,2.056e-25
1433.703419,1.811e-25
1433.707207,1.761e-25
1433.714782,2.391e-25
1433.71982,2.904e-25
1433.721275,2.389e-25
1433.724926,2.494e-23
1433.734271,2.425e-25
1433.747081,2.3230000000000003e-25
1433.74895,2.568e-23
1433.755461,1.05e-23
1433.786291,2.691e-25
1433.792692,1.077e-23
1433.811761,2.507e-23
1433.819283,2.613e-25
1433.847511,2.612e-23
1433.856249,3.014e-25
1433.88998,2.924e-25
1433.893309,2.492e-23
1433.924368,3.359e-25
1433.941623,2.631e-23
1433.958898,3.256e-25
1433.969464,2.446e-23
1433.990816,3.724e-25
1434.02615,3.606e-25
1434.031355,2.622e-23
1434.040085,2.365e-23
1434.044055,1.157e-25
1434.05542,4.108e-25
1434.091666,3.974e-25
1434.104981,2.247e-23
1434.11468,3.358e-25
1434.116791,2.58e-23
1434.11826,4.508e-25
1434.143858,1.495e-23
1434.144984,1.112e-25
1434.155473,4.3560000000000005e-25
1434.163881,2.087e-23
1434.17923,4.92e-25
1434.198044,2.502e-23
1434.208321,3.396e-25
1434.215724,1.179e-23
1434.216395,1.883e-23
1434.217483,4.748e-25
1434.237117,2.595e-26
1434.23836,5.3410000000000005e-25
1434.247228,1.545e-23
1434.252237,2.5130000000000003e-26
1434.261928,1.6299999999999997e-23
1434.265092,1.196e-25
1434.269996,1.213e-25
1434.275258,2.385e-23
1434.277733,5.148e-25
1434.295584,5.766e-25
1434.299523,1.322e-23
1434.327514,9.548e-24
1434.336168,5.55e-25
1434.342662,5.182e-24
1434.34863,2.224e-23
1434.350902,6.19e-25
1434.392798,5.948000000000001e-25
1434.402412,9.929e-24
1434.40427,6.606000000000001e-25
1434.418435,2.015e-23
1434.41981,1.263e-23
1434.438536,1.018e-23
1434.447592,6.337e-25
1434.455672,7.008e-25
1434.48507,1.752e-23
1434.500548,6.71e-25
1434.505073,7.388e-25
1434.523225,3.872e-25
1434.524811,3.55e-25
1434.547429,3.4560000000000003e-25
1434.549133,1.43e-23
1434.551649,7.06e-25
1434.552451,7.738e-25
1434.56208,3.598e-24
1434.582349,3.942e-25
1434.587479,3.2790000000000004e-25
1434.597772,8.051e-25
1434.600893,7.379e-25
1434.611586,1.0399999999999998e-23
1434.622709,3.537e-25
1434.636604,3.682e-24
1434.641008,8.317000000000001e-25
1434.648272,7.658e-25
1434.6741,5.691e-24
1434.682124,8.527e-25
1434.693786,7.89e-25
1434.712121,1.528e-25
1434.721085,8.674000000000001e-25
1434.724484,1.55e-25
1434.737438,8.066e-25
1434.757851,8.746000000000001e-25
1434.779237,8.177000000000001e-25
1434.792377,8.737e-25
1434.8192,8.215000000000001e-25
1434.824608,8.636000000000001e-25
1434.853774,1.279e-25
1434.854481,8.436e-25
1434.855392,1.2e-25
1434.857351,8.171000000000001e-25
1434.871435,8.387000000000001e-25
1434.881913,8.127e-25
1434.89373,8.037e-25
1434.906801,7.699999999999998e-25
1434.915515,1.63e-25
1434.928393,7.806e-25
1434.929003,7.147e-25
1434.944505,1.581e-25
1434.947249,1.231e-25
1434.94832,6.455e-25
1434.960732,8.622e-25
1434.96142,7.47e-25
1434.964459,5.61e-25
1434.976954,4.591e-25
1434.985013,3.365e-25
1434.987123,1.873e-25
1434.98823,1.144e-25
1434.992931,7.022e-25
1435.023104,6.455e-25
1435.043434,9.314e-24
1435.046981,1.914e-25
1435.052215,5.761e-25
1435.053628,1.859e-25
1435.078488,9.541e-24
1435.080712,4.932e-25
1435.109372,3.957e-25
1435.129566,9.812e-24
1435.139693,2.8210000000000003e-25
1435.140525,1.542e-23
1435.175065,1.506e-25
1435.247986,1.595e-23
1435.248411,2.6030000000000003e-26
1435.280187,2.514e-26
1435.351005,1.057e-23
1435.387575,4.001e-25
1435.452933,3.661e-25
1435.623107,1.522e-24
1435.631743,4.041e-24
1435.660839,1.385e-25
1435.670519,4.639000000000001e-25
1435.675669,1.456e-25
1435.679586,8.67e-24
1435.70839,4.137e-24
1435.708408,1.573e-24
1435.713619,8.876e-24
1435.731055,4.724e-25
1435.747911,1.335e-25
1435.761432,2.713e-26
1435.779532,2.6220000000000004e-26
1435.795534,1.39e-25
1435.95195,1.305e-25
1436.006707,1.346e-25
1436.036834,7.852e-24
1436.132186,1.5769999999999998e-23
1436.244052,1.633e-23
1436.248433,4.475e-25
1436.278836,8.512e-24
1436.30945,8.011e-24
1436.315807,4.044e-25
1436.342488,8.197e-24
1436.369703,2.344e-24
1436.445767,1.952e-25
1436.451318,2.429e-24
1436.4553,1.892e-25
1436.465334,1.475e-25
1436.49279,1.702e-25
1436.546853,1.423e-25
1436.601998,1.627e-25
1436.641666,1.183e-25
1436.696355,4.512e-24
1436.709114,1.155e-25
1436.775231,4.622e-24
1436.812531,5.529e-25
1436.874531,5.633000000000001e-25
1436.899242,1.608e-25
1436.928128,1.556e-25
1436.934756,7.348e-24
1436.936932,5.969e-24
1436.966851,7.515e-24
1437.107722,4.98e-25
1437.111227,3.266e-24
1437.118819,1.5979999999999998e-23
1437.168742,2.633e-26
1437.1752,4.424e-25
1437.185001,2.864e-25
1437.189431,3.387e-24
1437.201168,2.536e-26
1437.203711,6.525e-24
1437.235442,1.6579999999999998e-23
1437.262613,2.928e-25
1437.267322,1.548e-25
1437.306981,1.934e-25
1437.328553,2.752e-26
1437.343987,1.494e-25
1437.349673,2.6520000000000003e-26
1437.407292,1.851e-25
1437.553253,6.693e-24
1437.584418,6.842e-24
1437.630451,1.054e-25
1437.633405,1.0820000000000002e-25
1437.718388,1.111e-25
1437.755911,5.0069999999999996e-24
1437.828972,4.2269999999999996e-24
1437.83713,5.132e-24
1437.847682,4.246e-24
1437.897194,1.912e-25
1437.909634,1.85e-25
1437.92272,4.403e-24
1437.949257,6.556000000000001e-25
1437.96631,5.536e-25
1438.012776,6.682e-25
1438.028591,4.793e-25
1438.066853,1.602e-25
1438.100397,1.605e-23
1438.118404,2.146e-25
1438.126218,4.667e-24
1438.139244,1.548e-25
1438.167696,6.0549999999999996e-24
1438.197984,6.188e-24
1438.211188,2.057e-25
1438.222174,1.667e-23
1438.458654,1.442e-25
1438.579067,5.247e-24
1438.608097,1.364e-25
1438.648439,1.3210000000000002e-25
1438.651157,5.439e-24
1438.709726,1.365e-25
1438.711556,2.688e-24
1438.774574,5.442e-24
1438.803987,5.558e-24
1438.810402,5.5229999999999996e-24
1438.826689,6.196e-25
1438.84236,1.5e-25
1438.863965,1.638e-25
1438.866779,5.125e-25
1438.871469,1.447e-25
1438.894088,5.664e-24
1438.927178,2.3340000000000003e-25
1438.932568,1.585e-25
1438.933474,2.701e-26
1438.95769,2.596e-26
1439.013519,2.241e-25
1439.047239,3.007e-24
1439.056196,2.5670000000000003e-26
1439.076888,1.596e-23
1439.080692,7.733e-25
1439.089684,2.4640000000000003e-26
1439.145789,7.884000000000001e-25
1439.204269,1.661e-23
1439.282622,1.847e-25
1439.305377,6.233e-24
1439.34528,1.191e-25
1439.374718,6.458e-24
1439.378173,4.859e-24
1439.397782,1.786e-25
1439.406771,4.961e-24
1439.413151,1.7240000000000002e-25
1439.41547,1.749e-25
1439.432575,1.224e-25
1439.582344,1.422e-24
1439.65869,1.657e-25
1439.723917,1.604e-25
1439.733394,2.4970000000000003e-25
1439.814165,2.4e-25
1439.853394,1.444e-25
1439.859819,6.054e-24
1439.899985,2.299e-25
1439.916548,1.407e-25
1439.946107,6.213e-24
1439.968161,1.618e-24
1439.973125,4.31e-24
1439.980097,2.347e-25
1440.000892,4.399e-24
1440.02661,7.174e-24
1440.048254,1.571e-23
1440.093377,7.427e-24
1440.102894,2.254e-25
1440.181754,1.638e-23
1440.206832,9.072e-25
1440.222498,2.138e-25
1440.27357,9.254e-25
1440.437054,5.0080000000000005e-25
1440.451052,1.658e-25
1440.513255,1.608e-25
1440.53712,2.63e-25
1440.565952,3.7999999999999995e-24
1440.570811,2.5570000000000003e-26
1440.592961,3.877e-24
1440.598253,2.449e-26
1440.613034,2.532e-25
1440.68771,1.064e-25
1440.725952,1.0810000000000002e-25
1440.742757,8.042e-24
1440.749481,1.309e-25
1440.779165,1.259e-25
1440.807112,8.319e-24
1440.891318,5.834e-25
1440.904155,6.593e-24
1440.914517,2.4030000000000003e-26
1440.919824,2.6550000000000003e-25
1440.943265,1.578e-25
1440.949537,2.297e-26
1440.961593,1.519e-25
1440.978383,1.331e-25
1440.993191,6.771e-24
1441.014452,1.529e-23
1441.017498,1.353e-25
1441.02863,2.523e-25
1441.082456,1.272e-25
1441.148597,3.33e-24
1441.154659,1.597e-23
1441.173276,1.306e-25
1441.174811,3.396e-24
1441.201812,1.127e-23
1441.241072,1.6450000000000002e-25
1441.263962,1.659e-25
1441.269375,1.296e-25
1441.300553,1.596e-25
1441.303975,1.687e-25
1441.327671,1.059e-24
1441.337694,1.3399999999999999e-25
1441.338411,2.735e-25
1441.348192,1.103e-25
1441.374739,1.277e-23
1441.374981,1.076e-25
1441.396117,1.0799999999999999e-24
1441.400302,1.003e-25
1441.401806,1.273e-25
1441.410055,2.636e-25
1441.429331,1.2410000000000002e-25
1441.453811,8.816e-24
1441.488559,1.473e-25
1441.515899,9.111e-24
1441.516405,1.435e-25
1441.544451,2.058e-25
1441.546241,1.685e-25
1441.574804,1.6410000000000002e-25
1441.585372,2.093e-25
1441.626023,1.929e-25
1441.655019,1.878e-25
1441.685823,2.189e-25
1441.715544,2.129e-25
1441.730799,2.901e-24
1441.733652,3.04e-25
1441.756308,2.957e-24
1441.75987,2.48e-25
1441.790132,2.41e-25
1441.819856,2.542e-25
1441.820288,2.788e-25
1441.8335,2.895e-25
1441.851308,2.707e-25
1441.861764,2.586e-25
1441.889459,3.1260000000000003e-25
1441.92113,3.033e-25
1441.9434,7.133e-24
1441.949346,3.481e-25
1441.975428,1.47e-23
1441.981834,3.374e-25
1442.007037,8.594e-24
1442.014214,3.862e-25
1442.028766,1.617e-25
1442.035344,7.332e-24
1442.047469,3.74e-25
1442.072693,4.259e-25
1442.085787,1.57e-25
1442.090179,3.1250000000000003e-25
1442.106849,4.12e-25
1442.123023,1.539e-23
1442.133072,3.18e-25
1442.133614,4.6750000000000005e-25
1442.137313,2.81e-25
1442.159761,9.478e-24
1442.168667,4.518e-25
1442.173618,9.686e-24
1442.190013,5.103e-25
1442.205175,2.711e-25
1442.219715,9.787e-24
1442.226082,4.925e-25
1442.234994,2.3250000000000003e-26
1442.247182,5.542e-25
1442.265871,2.2180000000000003e-26
1442.2843,5.3420000000000005e-25
1442.300661,2.511e-24
1442.300989,5.9850000000000005e-25
1442.303512,1.168e-25
1442.325403,2.559e-24
1442.339271,5.761e-25
1442.354481,6.428e-25
1442.355428,3.825e-25
1442.356726,1.173e-25
1442.360606,1.097e-25
1442.381214,1.009e-25
1442.393996,6.178e-25
1442.39934,3.894e-25
1442.405295,6.864e-25
1442.413416,1.193e-25
1442.440159,1.147e-25
1442.443204,1.229e-24
1442.446166,6.586000000000001e-25
1442.455104,7.288e-25
1442.459702,1.17e-25
1442.497435,6.9799999999999995e-25
1442.502606,7.691e-25
1442.513429,1.254e-24
1442.528742,1.3e-25
1442.544546,3.402e-25
1442.546542,7.352e-25
1442.548666,8.066e-25
1442.550088,1.247e-25
1442.59259,8.404e-25
1442.594352,7.694e-25
1442.615605,4.662000000000001e-25
1442.624784,1.051e-25
1442.63479,8.698000000000001e-25
1442.636857,3.246e-25
1442.640209,7.998e-25
1442.655433,1.007e-25
1442.660573,4.747e-25
1442.674905,8.939e-25
1442.684539,8.256e-25
1442.68987,1.79e-25
1442.70057,2.141e-26
1442.7131,9.118e-25
1442.727023,8.46e-25
1442.747041,2.15e-26
1442.749182,9.227e-25
1442.759067,2.0740000000000003e-26
1442.767862,8.602e-25
1442.772644,1.827e-25
1442.78319,9.258e-25
1442.784147,2.046e-26
1442.806916,8.673e-25
1442.809092,6.337e-24
1442.814148,1.576e-25
1442.815002,9.201e-25
1442.841726,1.316e-25
1442.844284,8.666000000000001e-25
1442.844587,9.051e-25
1442.860599,1.002e-23
1442.868936,1.531e-25
1442.870716,5.6550000000000005e-25
1442.871839,8.799e-25
1442.872472,2.162e-24
1442.879929,8.573e-25
1442.896562,2.203e-24
1442.896669,8.439e-25
1442.913922,8.387000000000001e-25
1442.916777,5.76e-25
1442.918538,1.033e-23
1442.918941,7.964e-25
1442.924603,1.688e-25
1442.931117,1.3949999999999998e-23
1442.933945,2.852e-25
1442.938483,7.365e-25
1442.9463,8.102e-25
1442.955046,6.6330000000000005e-25
1442.967324,7.102e-24
1442.968257,5.755e-25
1442.977166,7.712e-25
1442.977516,4.711e-25
1442.977542,7.665999999999999e-24
1442.97886,1.946e-25
1442.981761,3.4650000000000003e-25
1442.983745,1.6410000000000002e-25
1442.99835,2.758e-25
1443.006648,7.211000000000001e-25
1443.006762,1.107e-25
1443.014662,1.083e-25
1443.034965,6.595000000000001e-25
1443.062454,5.858e-25
1443.072569,7.884999999999999e-24
1443.086893,1.464e-23
1443.089689,4.992000000000001e-25
1443.117705,3.988e-25
1443.120766,6.829e-25
1443.148613,2.833e-25
1443.167959,6.9580000000000005e-25
1443.169348,1.458e-25
1443.187632,1.506e-25
1443.2302,1.359e-25
1443.352626,3.735e-25
1443.356172,1.007e-25
1443.365759,8.21e-25
1443.373319,1.454e-25
1443.414126,8.368e-25
1443.428963,1.85e-24
1443.438516,3.57e-25
1443.452303,1.8839999999999998e-24
1443.503657,1.506e-25
1443.523445,1.538e-25
1443.542642,1.36e-25
1443.553067,1.434e-25
1443.553427,1.418e-24
1443.556311,1.042e-23
1443.597228,1.524e-25
1443.605699,9.824e-25
1443.606659,4.455e-24
1443.611089,1.459e-25
1443.612345,1.075e-23
1443.625507,1.449e-24
1443.643245,2.005e-26
1443.649984,1.4820000000000002e-25
1443.655284,1.002e-24
1443.728008,2.873e-25
1443.756299,4.969e-24
1443.789547,2.778e-25
1443.813063,1.228e-25
1443.840591,1.17e-24
1443.88144,1.305e-23
1443.888959,1.273e-25
1443.891442,1.194e-24
1443.920445,2.02e-26
1443.990729,1.575e-24
1444.00657,8.181e-24
1444.013468,1.603e-24
1444.032746,1.773e-25
1444.046327,1.3719999999999998e-23
1444.070439,1.387e-24
1444.097851,1.6390000000000002e-25
1444.104871,8.422e-24
1444.122607,1.416e-24
1444.157978,4.035e-25
1444.204338,1.9899999999999999e-25
1444.238342,3.862e-25
1444.246886,1.0699999999999998e-23
1444.295248,1.637e-24
1444.301116,1.102e-23
1444.348785,1.671e-24
1444.351589,1.866e-25
1444.378017,1.462e-25
1444.399283,2.927e-24
1444.428916,1.423e-25
1444.515021,1.923e-24
1444.519914,2.863e-25
1444.533119,1.3329999999999999e-24
1444.540689,3.254e-24
1444.544977,1.935e-25
1444.555119,1.356e-24
1444.564853,1.977e-25
1444.569986,1.964e-24
1444.578737,2.771e-25
1444.613626,2.3980000000000003e-26
1444.619934,1.317e-25
1444.658334,1.628e-24
1444.711933,1.358e-25
1444.729761,2.248e-24
1444.732351,1.663e-24
1444.74372,1.744e-25
1444.786216,2.297e-24
1444.803121,1.775e-25
1444.826299,1.2e-23
1444.893652,1.606e-25
1444.894087,2.11e-25
1444.90211,1.5670000000000002e-25
1444.932309,1.084e-23
1444.939473,2.615e-24
1444.960666,4.296e-25
1444.963972,1.933e-25
1444.984827,1.116e-23
1444.997483,2.674e-24
1445.001397,1.266e-23
1445.030471,8.669e-24
1445.031105,2.55e-25
1445.036232,4.118e-25
1445.042925,1.371e-25
1445.049991,1.347e-25
1445.085285,1.122e-24
1445.106729,1.142e-24
1445.132258,8.933e-24
1445.144159,3.028e-24
1445.156521,1.393e-25
1445.161412,2.396e-25
1445.1868,1.738e-24
1445.203796,3.098e-24
1445.205719,1.357e-25
1445.309522,2.8280000000000003e-25
1445.32053,1.93e-24
1445.343822,3.49e-24
1445.3659,2.74e-25
1445.405164,3.571e-24
1445.532794,2.365e-26
1445.538465,4.002e-24
1445.55182,1.355e-25
1445.569616,2.432e-25
1445.587958,2.283e-26
1445.589427,2.4870000000000003e-25
1445.601594,4.0969999999999996e-24
1445.610285,2.853e-26
1445.612566,1.085e-23
1445.612713,9.39e-25
1445.622175,2.9050000000000004e-26
1445.633426,9.551e-25
1445.637558,1.382e-25
1445.663458,1.117e-23
1445.72809,4.566e-24
1445.753078,2.466e-25
1445.757918,1.858e-24
1445.760736,4.516e-25
1445.76557,1.083e-23
1445.793095,4.6779999999999996e-24
1445.828276,2.232e-25
1445.832102,4.336000000000001e-25
1445.83396,1.8999999999999998e-24
1445.854229,3.116e-25
1445.860176,1.883e-25
1445.912699,5.184e-24
1445.915642,1.825e-25
1445.928682,2.111e-25
1445.932749,1.318e-25
1445.952194,1.147e-23
1445.969157,8.734000000000001e-25
1445.971132,2.936e-25
1445.979677,5.314e-24
1445.980384,1.285e-25
1445.989508,2.149e-25
1446.04923,9.118e-24
1446.092292,5.855e-24
1446.095812,9.731e-25
1446.096854,2.77e-25
1446.151018,2.687e-25
1446.154736,9.404e-24
1446.155581,7.818e-25
1446.161349,6.006e-24
1446.175722,7.949e-25
1446.266871,6.58e-24
1446.278847,1.122e-25
1446.287642,1.075e-23
1446.336986,1.105e-23
1446.338122,6.754e-24
1446.362925,1.165e-25
1446.413985,1.274e-25
1446.436435,7.356e-24
1446.510004,7.556e-24
1446.511258,1.318e-25
1446.558218,4.6940000000000005e-25
1446.583121,2.99e-25
1446.600983,8.18e-24
1446.602751,3.06e-25
1446.60983,2.8399999999999998e-25
1446.614118,3.323e-26
1446.625885,4.513e-25
1446.627311,3.4030000000000004e-26
1446.667293,6.474e-25
1446.674104,3.675e-25
1446.677008,8.409e-24
1446.686763,6.582000000000001e-25
1446.690695,2.53e-25
1446.699091,9.571e-24
1446.706704,1.2390000000000002e-25
1446.746347,3.1440000000000003e-25
1446.7529,1.208e-25
1446.754956,2.283e-25
1446.760514,9.047e-24
1446.765443,2.213e-25
1446.780154,3.4720000000000003e-25
1446.839144,9.307e-24
1446.852174,2.109e-24
1446.866508,3.554e-25
1446.881927,2.693e-25
1446.898835,1.017e-23
1446.915024,9.951e-24
1446.930334,2.157e-24
1446.934075,2.614e-25
1446.957523,1.054e-23
1446.996425,1.025e-23
1447.00539,1.083e-23
1447.062832,9.517e-24
1447.06451,1.088e-23
1447.097672,1.979e-25
1447.104698,1.944e-25
1447.107946,2.543e-25
1447.148864,1.122e-23
1447.170249,2.589e-25
1447.172314,9.826e-24
1447.208965,1.183e-23
1447.234955,4.045e-25
1447.235667,5.137e-25
1447.296475,1.221e-23
1447.348383,1.279e-23
1447.353135,4.829e-25
1447.417523,4.65e-25
1447.439274,1.321e-23
1447.464412,3.236e-25
1447.478393,1.157e-25
1447.482754,1.374e-23
1447.490999,4.214e-25
1447.52326,1.129e-25
1447.550576,2.82e-25
1447.577277,1.4209999999999998e-23
1447.588092,3.992e-25
1447.590969,3.594e-25
1447.610417,3.681e-25
1447.612067,1.467e-23
1447.622189,1.023e-23
1447.626656,8.241e-24
1447.629566,3.7870000000000005e-26
1447.642345,3.887e-26
1447.664753,2.598e-25
1447.668648,1.051e-23
1447.696362,4.37e-25
1447.710504,1.518e-23
1447.714625,4.441e-25
1447.715061,2.524e-25
1447.736305,1.556e-23
1447.838974,1.612e-23
1447.841474,8.793e-24
1447.855452,1.639e-23
1447.941095,2.38e-24
1447.962713,1.7e-23
1447.969482,1.713e-23
1448.021474,2.435e-24
1448.071257,9.854e-24
1448.078368,1.777e-23
1448.081747,1.7799999999999998e-23
1448.145498,4.921e-25
1448.182073,1.828e-23
1448.185002,1.019e-23
1448.196107,1.849e-23
1448.206967,4.744e-25
1448.22086,1.188e-25
1448.228269,3.56e-25
1448.23895,2.499e-26
1448.246115,3.617e-25
1448.247818,1.073e-25
1448.280551,1.863e-23
1448.281507,3.046e-25
1448.281627,9.847e-24
1448.291247,2.404e-26
1448.291456,1.048e-25
1448.305106,4.723e-25
1448.305832,1.905e-23
1448.317394,3.673e-25
1448.323201,1.232e-25
1448.326739,1.01e-23
1448.345342,3.103e-25
1448.373744,1.88e-23
1448.394689,4.485e-25
1448.40573,3.091e-25
1448.410965,1.946e-23
1448.445343,2.4880000000000003e-25
1448.461576,1.876e-23
1448.493965,2.419e-25
1448.511559,1.967e-23
1448.517075,2.634e-26
1448.519053,2.694e-26
1448.543951,1.849e-23
1448.547983,6.877e-24
1448.572774,1.016e-25
1448.589108,3.179e-25
1448.598464,4.222e-25
1448.607681,1.968e-23
1448.608788,2.95e-25
1448.618309,4.322000000000001e-25
1448.620739,1.795e-23
1448.660712,4.22e-26
1448.665931,1.995e-25
1448.672486,4.3390000000000005e-26
1448.691765,1.711e-23
1448.699373,2.889e-25
1448.699412,1.944e-23
1448.71646,2.934e-25
1448.718109,1.927e-25
1448.756786,1.595e-23
1448.760103,1.026e-25
1448.780311,7.376e-24
1448.786856,1.892e-23
1448.815458,1.444e-23
1448.867263,1.253e-23
1448.870149,1.809e-23
1448.911392,1.019e-23
1448.935312,4.972000000000001e-25
1448.935815,9.391e-24
1448.946488,7.369e-24
1448.949471,1.693e-23
1448.970043,4.001e-24
1448.979637,9.629e-24
1448.994171,4.799e-25
1449.024673,2.669e-24
1449.02507,1.5379999999999998e-23
1449.047037,2.3350000000000003e-25
1449.074484,1.012e-23
1449.097299,1.34e-23
1449.107381,2.732e-24
1449.116565,5.192e-25
1449.150748,2.349e-25
1449.153226,2.8020000000000003e-25
1449.160252,2.75e-25
1449.166678,1.096e-23
1449.170935,4.202e-25
1449.192813,1.047e-23
1449.199767,4.941e-25
1449.223706,2.366e-25
1449.2263,2.3310000000000003e-25
1449.23402,7.969e-24
1449.243133,2.367e-25
1449.245149,3.3020000000000003e-25
1449.270781,2.302e-25
1449.300689,4.359e-24
1449.44936,3.631e-25
1449.462691,5.518e-24
1449.514783,3.7e-25
1449.542351,2.434e-26
1449.551617,2.3860000000000003e-26
1449.561155,1.6450000000000002e-25
1449.58474,8.882e-24
1449.610653,4.844e-25
1449.627327,9.102e-24
1449.660732,3.328e-25
1449.675721,1.871e-25
1449.691656,1.9e-25
1449.69734,1.188e-25
1449.711266,4.5960000000000006e-26
1449.715616,5.954e-24
1449.721685,4.7330000000000006e-26
1449.722575,4.983000000000001e-25
1449.77909,4.815e-25
1449.803693,6.393e-25
1449.891588,1.093e-25
1449.90277,6.562000000000001e-25
1449.925482,5.613000000000001e-25
1449.999853,2.236e-25
1450.003201,5.353e-25
1450.037622,1.065e-25
1450.045501,2.1770000000000003e-25
1450.07249,1.03e-23
1450.102902,2.975e-24
1450.145597,1.107e-25
1450.188056,3.048e-24
1450.19576,1.067e-23
1450.200419,1.495e-25
1450.216229,1.518e-25
1450.228376,8.334e-24
1450.262825,3.502e-26
1450.264742,3.58e-26
1450.269777,8.536e-24
1450.358761,3.529e-25
1450.370239,4.205e-24
1450.394487,4.334000000000001e-25
1450.507277,4.956000000000001e-25
1450.535727,1.7990000000000002e-25
1450.555254,1.2049999999999999e-24
1450.561681,4.794e-25
1450.611499,4.304e-25
1450.624736,1.188e-25
1450.632265,5.422e-25
1450.639536,1.205e-25
1450.644962,5.553e-25
1450.647766,4.571e-24
1450.650048,1.245e-24
1450.67857,4.388e-25
1450.69921,1.661e-25
1450.73194,5.9790000000000005e-25
1450.773791,2.098e-25
1450.784564,4.8850000000000005e-26
1450.793359,5.04e-26
1450.804901,5.714e-25
1450.818122,2.044e-25
1450.826295,2.519e-26
1450.866715,7.759e-24
1450.876255,2.4130000000000003e-26
1450.906977,7.943e-24
1450.922346,1.13e-25
1450.947691,1.102e-25
1451.065247,1.039e-23
1451.080435,1.492e-25
1451.106498,1.454e-25
1451.175773,3.297e-24
1451.193862,1.078e-23
1451.211213,3.889e-25
1451.218272,3.814e-25
1451.227998,1.934e-25
1451.254922,1.881e-25
1451.2635,3.379e-24
1451.269834,2.984e-24
1451.289401,4.896e-25
1451.30173,1.894e-24
1451.341901,4.74e-25
1451.34843,1.995e-25
1451.366029,2.459e-25
1451.368717,2.469e-25
1451.392555,1.962e-24
1451.393975,2.388e-25
1451.397765,1.921e-25
1451.431567,1.286e-25
1451.45341,1.254e-25
1451.475726,1.688e-25
1451.495358,3.067e-25
1451.499166,1.6430000000000002e-25
1451.499722,7.169999999999999e-24
1451.50994,2.288e-25
1451.524504,2.9730000000000003e-25
1451.533198,2.1720000000000003e-25
1451.536006,6.287000000000001e-25
1451.538888,7.336e-24
1451.545527,1.957e-25
1451.558254,2.111e-25
1451.577291,3.272e-24
1451.58864,1.908e-25
1451.598844,3.294e-26
1451.600959,2.74e-25
1451.604803,6.019e-25
1451.607596,3.224e-26
1451.616649,3.749e-25
1451.627678,2.6590000000000003e-25
1451.647197,3.627e-25
1451.667675,5.917000000000001e-25
1451.676234,3.388e-25
1451.680336,6.083e-25
1451.7047,3.2810000000000004e-25
1451.730404,4.49e-25
1451.756512,4.104e-25
1451.76259,4.334000000000001e-25
1451.767917,5.076e-25
1451.786853,3.966e-25
1451.836702,5.176e-25
1451.836975,5.266e-25
1451.839547,4.868e-25
1451.871081,5.07e-25
1451.871941,4.6930000000000005e-25
1451.883579,5.062e-26
1451.890511,5.233e-26
1451.923352,5.6510000000000005e-25
1451.936572,6.042e-25
1451.958043,5.432e-25
1451.97294,5.799e-25
1451.975934,4.5520000000000007e-26
1451.978126,4.654e-26
1452.00618,6.413e-25
1452.029274,6.776e-25
1452.043131,2.669e-24
1452.043494,6.145e-25
1452.052723,1.037e-23
1452.06833,6.48e-25
1452.068923,4.804e-25
1452.086506,7.11e-25
1452.115039,7.418e-25
1452.119702,4.656000000000001e-25
1452.126879,6.785e-25
1452.127397,6.5789999999999996e-24
1452.130268,2.768e-24
1452.157327,7.063e-25
1452.159469,5.59e-25
1452.160263,1.901e-24
1452.162998,7.686e-25
1452.165508,6.728e-24
1452.169471,5.783e-25
1452.187139,1.078e-23
1452.193717,7.913000000000001e-25
1452.197417,3.176e-25
1452.207018,7.299999999999999e-25
1452.234493,8.087e-25
1452.239952,7.495e-25
1452.243277,3.63e-24
1452.265053,8.205000000000001e-25
1452.28296,7.635e-25
1452.299953,8.258e-25
1452.315069,1.814e-25
1452.3162,7.719e-25
1452.321793,2.955e-25
1452.328682,8.24e-25
1452.333716,3.723e-24
1452.337734,6.532e-25
1452.353985,7.738e-25
1452.357051,1.77e-25
1452.358415,8.146e-25
1452.3841,7.971e-25
1452.386096,7.686e-25
1452.402859,6.265000000000001e-25
1452.408907,7.709e-25
1452.419631,7.559000000000001e-25
1452.430589,7.357e-25
1452.449774,7.351e-25
1452.450293,6.91e-25
1452.467017,6.364e-25
1452.479766,7.059e-25
1452.480898,5.714e-25
1452.489851,1.705e-25
1452.491237,4.949e-25
1452.49739,4.053e-25
1452.497912,2.996e-25
1452.504975,2.108e-24
1452.507633,6.679e-25
1452.53479,6.209e-25
1452.560714,5.645000000000001e-25
1452.586233,4.984000000000001e-25
1452.611818,4.224e-25
1452.638925,3.356e-25
1452.670431,2.371e-25
1452.714463,1.251e-25
1452.720875,6.284000000000001e-25
1452.732429,6.474e-25
1452.749693,5.9939999999999996e-24
1452.779462,3.497e-24
1452.786787,6.127e-24
1452.845812,4.6850000000000005e-25
1452.863164,3.627e-24
1452.895034,4.545e-25
1452.918609,5.953000000000001e-25
1452.989177,6.073e-25
1453.010933,5.106e-26
1453.015773,5.29e-26
1453.022494,3.9e-25
1453.034881,1.025e-23
1453.039556,1.0069999999999999e-24
1453.082422,1.672e-25
1453.123355,1.632e-25
1453.133688,3.644e-25
1453.137172,6.713e-25
1453.175617,1.067e-23
1453.199037,6.449e-25
1453.273337,5.29e-25
1453.280455,5.183e-25
1453.302356,2.412e-26
1453.305405,3.9709999999999996e-24
1453.350583,2.3e-26
1453.366624,5.423e-24
1453.398706,4.076e-24
1453.402736,5.541e-24
1453.432023,1.133e-24
1453.510729,4.342e-24
1453.591223,4.503e-24
1453.620025,4.543e-25
1453.65524,5.784e-26
1453.657927,5.918000000000001e-26
1453.662776,4.366e-26
1453.66784,4.411e-25
1453.6706,4.2650000000000006e-26
1453.795472,6.486e-25
1453.805521,6.695e-25
1453.844371,4.627e-25
1453.847595,1.531e-25
1453.88755,1.496e-25
1453.904268,3.549e-25
1453.906007,7.36e-25
1453.91249,7.547000000000001e-25
1453.914766,1.869e-25
1453.934356,6.831e-25
1453.944979,4.339000000000001e-25
1453.96176,1.792e-25
1453.978124,4.875e-24
1453.99331,6.571000000000001e-25
1454.011676,1.002e-23
1454.013289,4.979e-24
1454.063567,6.9450000000000005e-25
1454.135991,7.087e-25
1454.159325,1.045e-23
1454.168925,5.004e-26
1454.171438,5.197e-26
1454.236936,5.176e-24
1454.314426,5.365e-24
1454.360394,4.073e-25
1454.362147,4.316e-24
1454.391511,4.381e-25
1454.438054,4.257e-25
1454.458473,4.433e-24
1454.584228,4.3529999999999996e-24
1454.610591,1.395e-25
1454.618476,4.444e-24
1454.649635,1.363e-25
1454.663347,5.3390000000000005e-25
1454.729327,6.885000000000001e-25
1454.755274,5.0250000000000005e-25
1454.785667,6.6330000000000005e-25
1454.894688,6.492e-25
1454.902962,6.714e-25
1454.958085,5.9699999999999996e-24
1454.983056,9.671e-24
1455.032756,6.184e-24
1455.080568,1.007e-26
1455.089385,1.041e-26
1455.138301,1.01e-23
1455.160204,4.204e-25
1455.180483,1.012e-25
1455.184842,3.863e-24
1455.202786,8.057e-25
1455.205603,4.088e-25
1455.218203,3.942e-24
1455.277144,8.226000000000001e-25
1455.299806,7.182e-26
1455.303125,7.354e-26
1455.341344,7.048e-25
1455.348524,6.9e-25
1455.359484,4.95e-26
1455.359552,4.7530000000000005e-26
1455.371419,1.263e-25
1455.40961,1.235e-25
1455.413491,4.659e-24
1455.429557,1.24e-25
1455.473791,1.261e-25
1455.479614,6.024e-25
1455.513021,4.789e-24
1455.52211,6.878000000000001e-25
1455.5643,5.687e-25
1455.576092,6.6350000000000005e-25
1455.616472,9.4e-25
1455.62211,9.627e-25
1455.674176,6.702e-24
1455.674683,2.183e-26
1455.716704,1.538e-25
1455.721879,2.0690000000000003e-26
1455.735963,5.667000000000001e-26
1455.740953,5.492e-26
1455.746197,6.937e-24
1455.761947,1.5640000000000002e-25
1455.780034,3.407e-24
1455.812537,3.476e-24
1455.926023,4.015e-25
1455.948958,9.213e-24
1455.970396,3.907e-25
1455.990873,1.113e-25
1455.998672,1.9e-25
1456.021381,6.283000000000001e-25
1456.027644,6.513e-25
1456.030723,1.152e-25
1456.044956,1.933e-25
1456.11259,9.647e-24
1456.130082,1.137e-25
1456.167477,1.113e-25
1456.275465,2.3360000000000003e-25
1456.293348,6.669e-25
1456.312744,6.814e-25
1456.322824,2.377e-25
1456.336258,9.295e-25
1456.364588,6.581000000000001e-25
1456.369667,2.986e-24
1456.371907,6.3140000000000005e-25
1456.372315,1.622e-25
1456.38521,7.353e-24
1456.401337,3.045e-24
1456.412634,9.494e-25
1456.417544,1.547e-25
1456.454732,7.605e-24
1456.459425,4.994e-24
1456.481386,1.142e-25
1456.542294,1.1620000000000002e-25
1456.547085,2.859e-25
1456.562354,5.138e-24
1456.581603,4.559e-26
1456.584539,4.3620000000000006e-26
1456.595557,2.91e-25
1456.603247,1.025e-26
1456.612251,1.062e-26
1456.67998,7.874e-24
1456.688873,3.818e-25
1456.732331,3.718e-25
1456.811057,1.288e-25
1456.813538,3.484e-25
1456.847751,1.332e-25
1456.848899,8.784e-24
1456.863161,3.547e-25
1456.886587,1.019e-25
1456.909047,8.709000000000001e-26
1456.909304,8.648e-24
1456.913077,8.926e-26
1456.95384,2.6009999999999998e-24
1456.984725,2.652e-24
1457.009213,1.173e-25
1457.03961,1.157e-25
1457.074827,4.225e-25
1457.082247,9.077e-24
1457.091186,7.908e-24
1457.101242,6.697e-25
1457.10463,7.261000000000001e-25
1457.125641,4.304e-25
1457.151141,6.476e-25
1457.158348,8.173e-24
1457.177943,6.893000000000001e-25
1457.178059,5.859e-25
1457.182082,6.089e-25
1457.291509,1.171e-24
1457.297124,1.2e-24
1457.330955,5.102e-25
1457.383004,5.198e-25
1457.416964,9.195e-25
1457.424166,8.993000000000001e-25
1457.448623,3.616e-25
1457.463975,1.066e-24
1457.479477,5.793e-24
1457.491278,3.524e-25
1457.499935,5.316e-24
1457.532422,2.254e-24
1457.54246,1.09e-24
1457.562494,2.296e-24
1457.581925,6.132e-25
1457.60648,5.473e-24
1457.628641,1.429e-25
1457.635257,6.25e-25
1457.64339,6.442e-24
1457.662748,1.475e-25
1457.707235,1.383e-25
1457.73994,2.1690000000000003e-26
1457.769681,1.408e-25
1457.792102,8.358e-24
1457.820108,7.197e-26
1457.827742,7.337e-25
1457.839224,4.044e-26
1457.845367,3.854e-26
1457.857031,8.631e-24
1457.864,7.984e-24
1457.872107,4.868e-26
1457.882404,7.48e-25
1457.88765,6.532e-25
1457.913615,7.793e-25
1457.935774,6.3230000000000005e-25
1457.982385,7.416e-25
1458.047343,8.403e-24
1458.068409,8.737e-25
1458.093897,1.011e-26
1458.102878,1.05e-26
1458.105533,1.941e-24
1458.124455,8.912e-25
1458.134844,1.977e-24
1458.205133,3.413e-25
1458.247094,3.328e-25
1458.275536,4.077e-24
1458.303928,1.036e-24
1458.361414,1.057e-24
1458.366909,5.239e-25
1458.36845,5.461e-25
1458.378797,1.296e-25
1458.432537,4.519e-24
1458.450958,1.522e-25
1458.48286,1.031e-25
1458.483016,1.569e-25
1458.487631,1.058e-25
1458.487957,8.697e-24
1458.534303,1.222e-24
1458.535007,5.616e-24
1458.550768,8.973999999999999e-24
1458.560048,1.168e-25
1458.560873,1.197e-25
1458.585931,1.216e-24
1458.593287,1.247e-24
1458.645403,5.788e-24
1458.646874,1.047e-25
1458.66662,1.243e-24
1458.671965,6.325e-25
1458.672905,1.662e-24
1458.701473,1.692e-24
1458.718462,6.128e-25
1458.720286,8.255e-25
1458.728496,1.28e-25
1458.759536,1.435e-24
1458.772626,1.213e-25
1458.785092,7.873000000000001e-25
1458.812925,7.234e-24
1458.820083,1.4649999999999999e-24
1458.926827,1.668e-25
1458.930729,1.423e-24
1458.936667,1.459e-24
1458.9582,3.211e-25
1458.979629,1.677e-24
1458.990867,1.698e-25
1458.999578,3.1330000000000003e-25
1459.007963,7.637e-24
1459.041808,1.713e-24
1459.067099,2.693e-24
1459.133536,3.438e-26
1459.143306,3.259e-26
1459.178748,8.922e-24
1459.194585,1.95e-24
1459.216738,2.978e-24
1459.219057,1.968e-25
1459.234848,1.415e-24
1459.239547,9.2e-24
1459.25847,1.994e-24
1459.262695,1.44e-24
1459.285683,1.5610000000000002e-25
1459.316207,1.607e-25
1459.369774,1.785e-25
1459.404406,2.257e-24
1459.412151,1.449e-25
1459.454253,6.08e-25
1459.470075,2.309e-24
1459.499252,5.897e-25
1459.501841,1.174e-24
1459.508897,1.147e-24
1459.508926,1.229e-25
1459.524857,8.642000000000001e-25
1459.564623,5.887e-24
1459.56573,1.003e-26
1459.568808,1.6470000000000002e-25
1459.586169,8.259e-25
1459.588615,4.668000000000001e-25
1459.589827,4.462e-25
1459.601325,1.635e-25
1459.609093,2.6e-24
1459.610563,1.058e-25
1459.676631,2.6599999999999998e-24
1459.679132,6.073e-24
1459.687987,1.024e-25
1459.702117,1.379e-24
1459.707618,3.012e-25
1459.748525,2.941e-25
1459.755927,6.412e-24
1459.785114,1.41e-24
1459.790927,1.198e-24
1459.808647,2.98e-24
1459.818069,1.219e-24
1459.843495,1.1610000000000002e-25
1459.853749,1.619e-24
1459.864471,9.036e-24
1459.878147,3.051e-24
1459.916704,8.941e-26
1459.92288,1.123e-25
1459.923356,9.311e-24
1459.932371,8.687e-26
1459.96422,6.794e-24
1459.979569,1.033e-25
1459.996151,1.789e-24
1460.003069,3.398e-24
1460.021745,1.19e-25
1460.027243,1.222e-25
1460.044398,1.006e-25
1460.04444,1.266e-25
1460.053828,2.713e-25
1460.07463,3.481e-24
1460.12625,1.223e-25
1460.140152,2e-25
1460.140766,1.543e-25
1460.170248,1.587e-25
1460.182975,2.4780000000000003e-25
1460.192359,3.856e-24
1460.205846,2.037e-25
1460.234479,5.805e-25
1460.258564,1.7230000000000002e-25
1460.263206,1.371e-25
1460.266089,3.952e-24
1460.278098,5.636000000000001e-25
1460.327168,8.949e-25
1460.341619,1.0089999999999999e-24
1460.347246,1.3240000000000002e-25
1460.366824,1.39e-25
1460.368076,1.026e-24
1460.376517,4.3529999999999996e-24
1460.385387,8.569e-25
1460.452533,4.464e-24
1460.453056,2.82e-25
1460.459044,1.476e-25
1460.465508,2.7820000000000005e-26
1460.479444,2.6220000000000004e-26
1460.493616,2.756e-25
1460.533919,1.6869999999999998e-24
1460.540339,1.732e-24
1460.545124,9.043e-24
1460.545688,1.423e-25
1460.555542,4.888e-24
1460.588765,6.123e-24
1460.602183,9.312e-24
1460.633971,5.016e-24
1460.635312,8.351000000000001e-25
1460.652194,1.105e-25
1460.66485,1.578e-25
1460.682479,1.077e-25
1460.692812,5.5389999999999996e-24
1460.707678,6.323e-24
1460.729431,5.459e-24
1460.754016,1.52e-25
1460.77083,9.256e-25
1460.810413,5.607e-24
1460.812525,1.554e-24
1460.844159,3.773e-25
1460.848442,3.592e-25
1460.853979,1.676e-25
1460.884564,3.51e-25
1460.886288,8.448e-25
1460.89794,1.5909999999999999e-24
1460.898182,6.065e-24
1460.912073,8.593e-25
1460.916257,5.893e-24
1460.945985,1.613e-25
1460.98187,6.2339999999999996e-24
1460.994698,1.03e-26
1460.997653,3.227e-25
1461.012747,5.506e-25
1461.02434,1.474e-25
1461.047636,1.768e-25
1461.053251,1.514e-25
1461.055079,5.35e-25
1461.058612,1.421e-25
1461.061792,6.701e-24
1461.088669,1.382e-25
1461.103951,2.058e-25
1461.127594,9.175e-25
1461.142495,1.699e-25
1461.148353,6.893999999999999e-24
1461.183048,8.801e-25
1461.194217,2.635e-25
1461.210816,1.476e-25
1461.220256,7.362e-24
1461.220703,8.95e-24
1461.228813,1.85e-25
1461.229878,1.134e-25
1461.234559,2.577e-25
1461.27602,9.211e-24
1461.294236,1.104e-25
1461.309874,7.58e-24
1461.326823,1.777e-25
1461.347199,2.385e-25
1461.373566,8.042e-24
1461.410867,1.925e-25
1461.411718,3.205e-25
1461.414609,2.431e-25
1461.425035,1.794e-25
1461.425648,7.038e-25
1461.450781,7.157e-25
1461.454982,1.742e-25
1461.466446,8.287e-24
1461.512074,1.845e-25
1461.521716,8.732e-24
1461.526912,1.339e-25
1461.533081,1.377e-25
1461.540784,3.5960000000000004e-25
1461.583151,1.986e-25
1461.597443,1.467e-24
1461.603596,1.428e-24
1461.607412,6.314e-24
1461.618084,9.007e-24
1461.623318,4.637e-24
1461.664695,9.423e-24
1461.687885,1.901e-25
1461.711535,4.343000000000001e-25
1461.731051,6.528e-24
1461.753647,2.222e-25
1461.753805,2.033e-25
1461.764803,9.729e-24
1461.783648,2.154e-25
1461.788971,5.189e-25
1461.802491,1.01e-23
1461.812223,4.016e-25
1461.830158,5.044e-25
1461.835899,2.123e-26
1461.862227,1.943e-25
1461.864261,4.956e-24
1461.891204,8.767e-24
1461.906621,1.044e-23
1461.916464,2.065e-25
1461.917145,1.741e-24
1461.925723,9.318e-25
1461.930554,2.459e-25
1461.935088,1.076e-23
1461.944607,1.36e-25
1461.944855,9.017e-24
1461.958781,5.831e-25
1461.970828,2.406e-25
1461.973393,1.396e-25
1461.978702,8.953000000000001e-25
1461.983272,5.928000000000001e-25
1462.0051,1.783e-24
1462.026921,1.086e-25
1462.028875,1.971e-25
1462.040358,1.058e-25
1462.043558,1.114e-23
1462.046711,2.7e-25
1462.049465,1.237e-25
1462.062469,1.138e-23
1462.075864,2.08e-25
1462.076967,2.613e-25
1462.101365,1.9489999999999998e-24
1462.108325,2.003e-24
1462.118192,1.204e-25
1462.136411,2.838e-25
1462.140273,2.191e-25
1462.144155,2.686e-25
1462.175637,1.179e-23
1462.182442,2.266e-25
1462.18461,1.195e-23
1462.192511,1.981e-25
1462.228298,2.077e-25
1462.301483,1.245e-23
1462.302882,1.24e-23
1462.306545,3.217e-25
1462.337295,3.106e-25
1462.349527,1.974e-25
1462.376421,2.055e-25
1462.413052,1.287e-23
1462.425325,1.294e-23
1462.486734,4.806e-25
1462.502567,1.95e-25
1462.510604,4.885e-25
1462.518142,2.014e-25
1462.519274,1.317e-23
1462.535487,3.756e-25
1462.535985,5.194e-25
1462.542999,1.339e-23
1462.547094,3.732e-24
1462.547956,2.83e-25
1462.556625,8.504e-24
1462.563323,4.859e-25
1462.567016,3.617e-25
1462.603399,4.728e-25
1462.60868,8.741e-24
1462.617149,2.885e-25
1462.620093,1.335e-23
1462.620538,6.455e-24
1462.626793,4.828e-25
1462.649626,1.907e-25
1462.654868,1.954e-25
1462.655947,1.373e-23
1462.661644,2.293e-25
1462.702011,2.245e-25
1462.715439,1.3379999999999998e-23
1462.722259,9.381e-25
1462.735874,4.294e-25
1462.749266,6.682e-24
1462.764219,1.394e-23
1462.768521,4.123e-25
1462.772997,9.027e-25
1462.785454,1.876e-25
1462.792134,1.845e-25
1462.805221,1.323e-23
1462.808483,4.01e-24
1462.867876,1.4000000000000002e-23
1462.88932,1.29e-23
1462.909707,1.215e-25
1462.910012,4.803e-25
1462.910584,1.781e-25
1462.929033,1.767e-25
1462.938782,1.246e-25
1462.944185,4.595e-25
1462.966995,1.388e-23
1462.967577,1.234e-23
1463.000357,1.467e-25
1463.007104,1.512e-25
1463.008197,3.941e-25
1463.015968,1.939e-24
1463.029637,1.67e-25
1463.031473,3.996e-25
1463.039775,1.155e-23
1463.060141,5.248e-25
1463.061065,1.672e-25
1463.061671,1.3559999999999998e-23
1463.096344,5e-25
1463.105608,1.049e-23
1463.106592,1.987e-24
1463.142892,1.546e-25
1463.152029,1.301e-23
1463.164628,9.127e-24
1463.187715,1.5630000000000002e-25
1463.188409,5.595000000000001e-25
1463.216152,7.441e-24
1463.216959,8.173e-24
1463.227277,5.302000000000001e-25
1463.22771,1.342e-25
1463.238233,1.221e-23
1463.249999,1.41e-25
1463.259068,5.39e-24
1463.267483,8.396e-24
1463.286886,1.069e-26
1463.291415,2.9299999999999998e-24
1463.296102,1.033e-26
1463.296769,1.305e-25
1463.296833,5.806e-25
1463.309365,1.441e-25
1463.320504,1.113e-23
1463.335627,4.522e-25
1463.339199,5.467e-25
1463.351009,1.267e-25
1463.356908,6.045e-25
1463.374681,4.403e-25
1463.386568,2.137e-25
1463.387261,5.848e-25
1463.399154,9.721e-24
1463.425809,1.31e-25
1463.427224,2.095e-25
1463.434254,5.462e-25
1463.439695,5.646000000000001e-25
1463.445686,1.118e-25
1463.461308,5.692e-25
1463.463653,2.852e-24
1463.466459,1.946e-25
1463.474633,7.961e-24
1463.478162,1.829e-25
1463.508099,5.6710000000000005e-25
1463.511631,5.818e-25
1463.514542,5.259e-25
1463.516326,9.364e-25
1463.520275,5.316000000000001e-25
1463.520615,5.367e-25
1463.524675,3.215e-25
1463.526477,5.777e-25
1463.537267,1.171e-25
1463.545005,5.358e-25
1463.547335,3.266e-25
1463.54763,5.798e-24
1463.548052,5.523e-25
1463.553232,5.101e-25
1463.553572,5.458e-25
1463.553938,4.945e-25
1463.564968,4.706e-25
1463.565045,9.023e-25
1463.571938,5.036e-25
1463.574592,5.369e-25
1463.582203,4.839e-25
1463.582771,4.721e-25
1463.593734,4.309e-25
1463.594065,1.177e-25
1463.595273,3.851e-25
1463.604125,5.068e-25
1463.607477,2.025e-25
1463.608397,3.325e-25
1463.608786,2.723e-25
1463.612687,4.441e-25
1463.61926,3.172e-24
1463.628117,6.537e-24
1463.634024,2.192e-24
1463.638084,4.257e-25
1463.638916,4.54e-25
1463.639642,4.191e-25
1463.641515,2.256e-24
1463.643719,1.028e-25
1463.676897,3.778e-25
1463.68017,1.149e-24
1463.69023,3.3110000000000003e-25
1463.701126,3.893e-25
1463.70495,1.792e-24
1463.709804,1.587e-25
1463.71861,2.781e-25
1463.723333,3.745e-25
1463.741111,2.191e-25
1463.742412,3.339e-25
1463.749266,3.085e-24
1463.762339,6.776e-24
1463.773981,1.532e-25
1463.779747,5.9940000000000005e-25
1463.813459,3.406e-25
1463.822132,1.585e-25
1463.822925,3.335e-25
1463.842131,3.217e-25
1463.872206,7.786e-24
1463.92126,7.995e-24
1463.927579,1.051e-25
1463.957303,1.077e-25
1463.980927,2.793e-25
1463.997288,2.701e-25
1464.03432,2.609e-25
1464.056385,2.6490000000000003e-25
1464.098301,1.446e-25
1464.104778,1.991e-25
1464.106173,4.183e-25
1464.108984,2.145e-24
1464.144271,4.076e-25
1464.145925,1.953e-25
1464.151487,1.288e-25
1464.164204,1.254e-25
1464.17139,1.4040000000000002e-25
1464.176659,6.882000000000001e-25
1464.176917,2.289e-25
1464.190582,2.218e-25
1464.202418,2.2e-24
1464.252762,6.453e-25
1464.309245,9.273e-25
1464.356111,8.947e-25
1464.37229,2.028e-24
1464.41144,1.836e-25
1464.422566,1.783e-25
1464.444902,1.5640000000000002e-25
1464.452096,1.615e-25
1464.46546,4.749e-25
1464.522358,7.355e-24
1464.539266,2.107e-25
1464.560765,2.139e-25
1464.569998,7.548e-24
1464.572997,4.859e-25
1464.630117,6.556e-24
1464.683666,1.443e-25
1464.687088,2.2109999999999998e-24
1464.692425,1.4030000000000002e-25
1464.77029,6.806e-24
1464.778291,3.081e-25
1464.791081,2.598e-25
1464.814711,1.855e-25
1464.83517,1.17e-25
1464.851501,1.09e-25
1464.856613,1.822e-25
1464.874634,3.846e-25
1464.911841,3.75e-25
1464.930555,3.918e-25
1464.991313,1.111e-25
1464.992108,7.687e-25
1464.997909,1.0820000000000002e-25
1465.003532,3.998e-25
1465.036931,1.692e-25
1465.057855,1.718e-25
1465.062627,7.235000000000001e-25
1465.099314,9.112e-25
1465.133632,2.398e-24
1465.141593,2.4709999999999998e-24
1465.144506,8.802e-25
1465.167418,6.893e-24
1465.196183,2.358e-24
1465.213696,7.07e-24
1465.215939,9.266e-25
1465.220088,1.549e-25
1465.271954,1.295e-24
1465.292579,2.4199999999999998e-24
1465.294233,1.503e-25
1465.319026,9.554e-25
1465.515847,1.7270000000000002e-25
1465.530302,1.353e-25
1465.550683,1.373e-25
1465.558741,1.7e-25
1465.578491,1.077e-26
1465.587185,1.0380000000000002e-26
1465.622644,1.426e-24
1465.626501,6.507e-24
1465.641494,3.516e-25
1465.677863,3.431e-25
1465.773144,6.765e-24
1465.807372,6.409e-24
1465.808387,8.446e-25
1465.825138,2.139e-24
1465.836838,2.0789999999999998e-24
1465.852338,6.5709999999999996e-24
1465.864183,1.622e-25
1465.871656,1.677e-25
1465.874073,7.976e-25
1465.888934,8.89e-25
1465.932567,8.597e-25
1465.961248,1.483e-24
1466.015806,1.076e-25
1466.035629,1.092e-25
1466.060196,1.533e-24
1466.112374,4.573e-25
1466.126482,1.6470000000000002e-25
1466.12764,2.57e-26
1466.14801,2.522e-26
1466.160985,6.873000000000001e-25
1466.18736,4.668000000000001e-25
1466.204476,1.597e-25
1466.205603,1.606e-25
1466.249806,1.584e-25
1466.277552,2.576e-24
1466.290556,1.491e-25
1466.302918,1.451e-25
1466.377077,2.644e-24
1466.406178,3.196e-25
1466.441766,3.12e-25
1466.442232,5.914e-24
1466.485929,6.061e-24
1466.556976,7.663e-25
1466.602772,2.5499999999999998e-24
1466.611098,2.632e-24
1466.617224,6.385e-24
1466.618286,9.148e-25
1466.675002,8.609e-25
1466.679893,8.665e-25
1466.701392,2.112e-24
1466.717232,8.335000000000001e-25
1466.770929,6.649e-24
1466.796481,2.187e-24
1466.884082,1.489e-25
1466.929795,1.473e-25
1467.036589,2.426e-25
1467.071974,5.418e-24
1467.08444,1.068e-25
1467.114447,5.55e-24
1467.134729,1.034e-25
1467.169487,2.889e-25
1467.204175,1.741e-25
1467.204334,2.8220000000000003e-25
1467.262589,1.632e-25
1467.270142,1.691e-25
1467.283898,1.685e-25
1467.287855,5.307000000000001e-25
1467.353078,2.7939999999999998e-24
1467.364937,5.42e-25
1467.370814,4.132e-25
1467.384079,4.107e-25
1467.432441,9.778e-25
1467.436373,2.786e-24
1467.455913,2.871e-24
1467.461722,8.282e-25
1467.482671,2.051e-26
1467.490368,9.287e-25
1467.491733,2.75e-25
1467.502615,8.026e-25
1467.527861,2.885e-24
1467.547262,1.375e-25
1467.594772,1.364e-25
1467.602236,6.1889999999999996e-24
1467.696624,4.929e-24
1467.73791,5.047e-24
1467.763681,6.458e-24
1467.863612,1.051e-26
1467.871553,1.01e-26
1467.93045,2.597e-25
1467.95825,2.493e-24
1467.964607,2.538e-25
1467.968857,2.425e-24
1468.044879,2.631e-24
1468.053423,2.721e-24
1468.114362,1.294e-25
1468.134235,1.826e-25
1468.163099,1.253e-25
1468.166195,3.476e-24
1468.19741,1.262e-25
1468.217781,1.766e-25
1468.236143,1.033e-24
1468.243692,7.911000000000001e-25
1468.246713,1.256e-25
1468.254312,3.599e-24
1468.283399,7.674e-25
1468.290998,9.835e-25
1468.294144,2.1250000000000003e-26
1468.316143,4.453e-24
1468.341146,2.041e-26
1468.35628,4.558e-24
1468.422749,3.009e-24
1468.443589,1.684e-25
1468.455691,1.636e-25
1468.456986,6.124e-25
1468.529092,3.095e-24
1468.536256,6.258000000000001e-25
1468.581475,5.92e-24
1468.645148,1.592e-25
1468.652551,1.654e-25
1468.656309,1.205e-25
1468.690363,2.3210000000000003e-25
1468.723859,2.27e-25
1468.751443,6.1889999999999996e-24
1468.780146,3.3380000000000005e-26
1468.800464,3.27e-26
1468.812847,1.053e-25
1468.828499,1.148e-25
1468.879708,1.148e-25
1468.890857,4.157e-24
1468.930579,3.996e-24
1468.969598,4.0889999999999996e-24
1468.975815,4.303e-24
1469.028024,7.512000000000001e-25
1469.049933,1.079e-24
1469.060627,2.1790000000000003e-26
1469.066565,7.293e-25
1469.083885,1.54e-25
1469.101853,1.03e-24
1469.106207,2.0960000000000003e-26
1469.131244,1.488e-25
1469.177431,1.902e-25
1469.263358,1.838e-25
1469.446514,1.104e-25
1469.44741,1.037e-25
1469.447642,2.064e-25
1469.464194,2.63e-24
1469.472776,2.726e-24
1469.480526,2.019e-25
1469.48655,3.218e-24
1469.492497,1.84e-25
1469.495537,1.122e-25
1469.500184,1.04e-25
1469.539864,3.563e-24
1469.554866,5.579e-24
1469.577801,3.644e-24
1469.596617,3.312e-24
1469.61036,4.807e-24
1469.619753,7.027e-25
1469.62087,1.63e-25
1469.668715,1.108e-25
1469.692351,4.972e-24
1469.70131,7.183e-25
1469.731853,1.129e-25
1469.734269,5.845e-24
1469.739447,1.363e-25
1469.789595,1.387e-25
1469.805674,7.082e-25
1469.84321,6.882000000000001e-25
1469.84613,1.116e-24
1469.880581,2.2150000000000003e-26
1469.895705,1.068e-24
1469.924074,2.1350000000000003e-26
1469.977853,5.461e-25
1469.9927,1.797e-25
1469.994807,5.368e-25
1470.017375,1.502e-25
1470.024371,1.5660000000000002e-25
1470.027021,1.676e-25
1470.038838,1.734e-25
1470.078331,1.705e-25
1470.103877,2.835e-24
1470.114208,2.755e-24
1470.121623,1.967e-25
1470.144088,3.156e-24
1470.180967,3.227e-24
1470.204343,1.825e-25
1470.211501,1.897e-25
1470.236632,1.787e-25
1470.309239,2.051e-25
1470.324701,5.406e-24
1470.338621,2.559e-25
1470.361752,2.088e-25
1470.4039,5.5879999999999996e-24
1470.447238,2.294e-25
1470.522318,5.17e-24
1470.544463,3.416e-24
1470.586105,2.5e-25
1470.588292,6.6420000000000005e-25
1470.609253,1.853e-25
1470.621074,1.797e-25
1470.624789,6.459e-25
1470.629782,2.231e-26
1470.639861,2.545e-25
1470.658494,3.519e-24
1470.661984,1.144e-24
1470.672312,2.1520000000000003e-26
1470.709105,1.096e-24
1470.712224,5.432e-24
1470.743132,2.779e-24
1470.776144,8.014e-25
1470.778987,2.84e-24
1470.840611,2.057e-25
1470.857621,3.032e-25
1470.860092,8.197000000000001e-25
1470.865666,2.543e-24
1470.87407,2.643e-24
1470.885695,1.98e-25
1470.912667,3.088e-25
1470.942372,1.332e-25
1470.957947,1.606e-25
1470.989692,1.572e-25
1471.007271,1.358e-25
1471.033877,5.94e-24
1471.110444,6.135e-24
1471.12379,3.661e-25
1471.137594,2.018e-25
1471.156418,3.35e-25
1471.180173,3.729e-25
1471.230519,1.944e-25
1471.251265,3.032e-25
1471.337157,2.431e-24
1471.361227,6.184e-25
1471.372004,2.484e-24
1471.384615,4.4e-25
1471.385093,1.369e-25
1471.391403,1.431e-25
1471.396875,6.018e-25
1471.432844,4.2450000000000006e-26
1471.442385,4.484e-25
1471.448527,1.161e-24
1471.452681,4.154e-26
1471.464019,2.23e-26
1471.483717,4.702e-24
1471.493872,1.114e-24
1471.504512,2.155e-26
1471.596472,3.598e-24
1471.627532,2.307e-25
1471.640099,5.263e-25
1471.671756,2.215e-25
1471.685391,4.954e-24
1471.699311,5.366e-25
1471.711659,1.4050000000000002e-25
1471.71473,3.71e-24
1471.737884,6.396e-24
1471.742863,1.377e-25
1471.811967,6.601e-24
1471.853031,5.002e-24
1471.890244,6.267000000000001e-25
1471.925958,2.114e-24
1471.926145,9.087e-25
1471.950954,6.392e-25
1471.95983,2.1599999999999998e-24
1472.009579,4.194e-25
1472.012598,9.298e-25
1472.017221,5.511e-24
1472.088556,2.054e-25
1472.093024,3.83e-25
1472.135053,7.428e-25
1472.143023,5.731e-25
1472.177723,5.582e-25
1472.185725,1.976e-25
1472.189986,2.2080000000000003e-26
1472.197323,7.579000000000001e-25
1472.209184,1.594e-25
1472.229968,2.136e-26
1472.254793,2.373e-24
1472.260853,3.144e-24
1472.262779,2.474e-24
1472.269811,1.169e-24
1472.271021,3.051e-24
1472.275915,1.624e-25
1472.312995,1.124e-24
1472.353478,2.535e-25
1472.374528,8.762e-25
1472.39708,2.424e-25
1472.436718,6.766e-24
1472.438423,8.943e-25
1472.43892,4.184e-24
1472.461562,1.223e-25
1472.492281,1.199e-25
1472.508451,6.978e-24
1472.509815,1.827e-24
1472.542718,1.866e-24
1472.587583,7.02e-25
1472.605365,6.877000000000001e-25
1472.60867,1.029e-24
1472.642556,3.76e-24
1472.646215,3.5199999999999996e-24
1472.653874,4.4219999999999996e-24
1472.67426,1.05e-24
1472.754246,1.199e-25
1472.759565,1.259e-25
1472.765333,3.88e-24
1472.785356,1.984e-25
1472.796805,1.921e-25
1472.803258,5.081e-25
1472.806496,3.872e-24
1472.837481,1.2019999999999999e-24
1472.878969,4.673000000000001e-25
1472.904841,1.228e-24
1472.910615,5.271e-25
1472.944608,5.137e-25
1473.018547,2.723e-25
1473.04347,1.167e-24
1473.046166,2.1740000000000003e-26
1473.060962,1.3969999999999999e-24
1473.061829,2.595e-25
1473.06974,1.024e-24
1473.082658,2.074e-25
1473.084037,2.105e-26
1473.085359,1.124e-24
1473.08838,1.571e-24
1473.120347,1.603e-24
1473.130173,1.428e-24
1473.130374,7.046e-24
1473.158821,1.048e-24
1473.183594,1.991e-25
1473.19988,7.261e-24
1473.212558,1.059e-25
1473.24278,1.039e-25
1473.279115,1.617e-24
1473.350264,1.653e-24
1473.387744,3.627e-24
1473.435664,2.334e-24
1473.469121,1.896e-25
1473.49194,1.861e-24
1473.537759,1.933e-25
1473.565119,1.904e-24
1473.59024,2.563e-24
1473.617808,3.848e-24
1473.622904,2.859e-25
1473.637448,2.131e-24
1473.644747,2.229e-24
1473.662131,1.342e-24
1473.666253,2.711e-25
1473.676886,5.9890000000000005e-25
1473.682693,3.895e-24
1473.692766,4.83e-25
1473.693153,1.369e-24
1473.699437,2.132e-24
1473.72587,4.711e-25
1473.740929,2.1180000000000003e-26
1473.744696,5.543e-25
1473.774747,2.183e-24
1473.778764,2.053e-26
1473.810313,4.025e-24
1473.818844,7.234e-24
1473.874789,1.156e-24
1473.886237,7.449e-24
1473.901605,2.43e-24
1473.914664,1.115e-24
1473.979156,2.489e-24
1474.034799,2.076e-25
1474.076253,2.034e-26
1474.080345,5.287000000000001e-26
1474.098445,2.756e-24
1474.099331,5.1670000000000006e-26
1474.130716,1.007e-25
1474.134711,1.062e-25
1474.14046,1.989e-25
1474.166751,2.927e-25
1474.178355,2.825e-24
1474.206915,1.147e-24
1474.210684,2.758e-25
1474.220518,1.416e-24
1474.230485,1.1399999999999999e-24
1474.260597,1.163e-24
1474.289953,3.109e-24
1474.298756,1.175e-24
1474.329948,3.047e-24
1474.368812,1.555e-24
1474.372351,3.1879999999999998e-24
1474.427183,3.397e-24
1474.43448,6.907000000000001e-25
1474.437138,3.29e-24
1474.454078,4.39e-25
1474.476129,3.488e-24
1474.48661,4.284e-25
1474.497911,6.428e-25
1474.502123,7.332e-24
1474.561154,3.58e-24
1474.567509,7.543999999999999e-24
1474.577367,3.246e-24
1474.628986,2.056e-26
1474.63095,1.1369999999999999e-24
1474.650302,2.916e-25
1474.656968,3.893e-24
1474.669975,1.097e-24
1474.695532,2.727e-25
1474.716858,4.001e-24
1474.722156,2.243e-25
1474.744775,3.998e-24
1474.79278,2.288e-25
1474.794255,9.627e-25
1474.823422,9.823e-25
1474.832467,4.3199999999999995e-24
1474.849683,4.138e-24
1474.923223,4.441e-24
1474.968831,2.065e-25
1474.979759,1.996e-25
1475.000402,7.444e-25
1475.002621,4.768e-24
1475.010837,2.059e-25
1475.019677,1.833e-24
1475.025997,1.925e-24
1475.073739,2.8160000000000003e-25
1475.096511,4.904e-24
1475.121093,1.969e-25
1475.121295,2.606e-25
1475.125123,2.265e-26
1475.142367,8.196000000000001e-25
1475.167423,5.231e-24
1475.171968,2.145e-26
1475.180202,7.342e-24
1475.193068,8.829e-25
1475.210646,8.633e-25
1475.238139,3.9799999999999998e-25
1475.243678,7.55e-24
1475.26465,5.386e-24
1475.265212,2.46e-24
1475.269809,3.886e-25
1475.326864,5.705e-24
1475.337655,1.276e-24
1475.345959,7.811e-25
1475.352484,8.088e-25
1475.380737,8.252e-25
1475.402996,7.303e-25
1475.427654,5.879e-24
1475.432398,1.308e-24
1475.43716,2.622e-25
1475.478494,1.11e-24
1475.480935,6.184e-24
1475.488606,2.393e-25
1475.515523,1.0719999999999999e-24
1475.520163,8.038e-26
1475.52246,8.534000000000001e-26
1475.532781,2.634e-24
1475.585538,6.379e-24
1475.629624,6.661e-24
1475.642377,2.455e-26
1475.690674,2.333e-26
1475.73832,6.877e-24
1475.74046,2.3320000000000003e-25
1475.745023,4.071e-24
1475.772916,7.126e-24
1475.775144,2.9930000000000003e-25
1475.798367,2.085e-25
1475.853075,7.272e-24
1475.883457,4.216e-24
1475.886017,7.366e-24
1475.906572,6.751e-25
1475.910792,7.571e-24
1475.910971,3.328e-25
1475.91473,7.472e-24
1475.933815,6.888000000000001e-25
1475.959985,2.022e-25
1475.968258,2.6390000000000003e-25
1475.983079,1.949e-25
1475.991828,3.574e-25
1476.02306,3.492e-25
1476.028651,7.835e-24
1476.040952,2.694e-25
1476.043231,7.984e-24
1476.049651,8.693e-25
1476.052148,1.687e-25
1476.075669,1.93e-25
1476.104626,8.162000000000001e-25
1476.163232,1.475e-25
1476.166247,8.273e-24
1476.170204,8.355e-24
1476.193095,1.885e-24
1476.210807,1.076e-24
1476.247432,1.041e-24
1476.253664,1.203e-25
1476.29168,8.668e-24
1476.298833,8.668e-24
1476.407505,1.502e-24
1476.407615,8.911e-24
1476.412526,1.585e-24
1476.426442,9.007e-24
1476.455003,5.605000000000001e-25
1476.461942,1.411e-24
1476.479495,1.197e-25
1476.481225,5.721e-25
1476.484361,2.0299999999999998e-24
1476.517958,9.069e-24
1476.520732,7.128e-24
1476.549113,9.274e-24
1476.559743,1.447e-24
1476.580651,7.32e-24
1476.600022,3.57e-24
1476.60451,1.708e-25
1476.609632,3.4509999999999996e-24
1476.622645,9.126e-24
1476.666893,9.455e-24
1476.671079,1.442e-25
1476.717398,6.445e-26
1476.72159,9.065e-24
1476.735204,6.291000000000001e-26
1476.759692,2.119e-25
1476.767155,4.1009999999999996e-24
1476.779838,3.207e-25
1476.779839,9.532e-24
1476.807787,1.867e-25
1476.810203,3.1350000000000003e-25
1476.813632,2.67e-26
1476.814685,8.869e-24
1476.854941,2.543e-26
1476.888023,9.487e-24
1476.901788,8.52e-24
1476.911654,4.253e-24
1476.920529,1.967e-25
1476.927889,6.055e-26
1476.928054,6.478e-26
1476.944944,2.43e-25
1476.981427,2.197e-25
1476.982702,8.000000000000001e-24
1476.991531,9.303e-24
1477.000435,4.611e-25
1477.021803,9.526e-25
1477.025301,4.713e-25
1477.041817,1.872e-25
1477.05716,7.288e-24
1477.070841,8.977000000000001e-25
1477.082745,1.035e-24
1477.090479,8.96e-24
1477.112976,1.345e-24
1477.11727,1.003e-24
1477.124775,6.362e-24
1477.155769,2.087e-25
1477.157053,2.64e-25
1477.165982,2.012e-25
1477.183165,6.919e-24
1477.184968,5.201e-24
1477.185013,8.436e-24
1477.185499,2.427e-25
1477.185713,2.8120000000000004e-26
1477.207397,3.088e-25
1477.23037,2.6850000000000004e-26
1477.236826,3.775e-24
1477.241425,7.101e-24
1477.275333,7.709e-24
1477.278802,2.055e-24
1477.282251,3.1530000000000003e-25
1477.361711,6.754e-24
1477.3912,2.749e-25
1477.413777,2.558e-25
1477.432538,1.459e-24
1477.444538,5.543e-24
1477.524031,2.846e-25
1477.524396,4.043e-24
1477.541089,3.747e-25
1477.554102,2.784e-25
1477.564095,3.851e-25
1477.579761,1.5499999999999998e-24
1477.6022,2.214e-24
1477.641419,2.764e-25
1477.647433,1.03e-24
1477.659597,2.594e-25
1477.680787,1.5909999999999999e-24
1477.696326,9.743e-25
1477.782713,9.904e-25
1477.783217,4.088e-24
1477.788852,1.087e-24
1477.805651,1.062e-24
1477.806757,1.163e-24
1477.810123,1.235e-24
1477.817312,9.602e-25
1477.840365,6.655e-24
1477.863607,1.892e-25
1477.897039,6.825e-24
1477.900807,2.694e-25
1477.915674,2.547e-25
1477.934297,4.246e-24
1477.991319,1.797e-25
1478.023943,8.606e-25
1478.067885,1.04e-25
1478.086731,2.831e-25
1478.104425,3.029e-25
1478.161682,2.555e-25
1478.174103,2.43e-25
1478.187192,1.036e-25
1478.318648,2.529e-25
1478.347813,2.475e-25
1478.356239,4.589e-26
1478.358742,4.2450000000000006e-26
1478.377923,9.417e-25
1478.415744,2.36e-25
1478.426444,2.254e-25
1478.439542,3.592e-25
1478.492323,6.344e-24
1478.516651,3.67e-25
1478.522711,3.0020000000000005e-26
1478.537858,1.392e-25
1478.547477,6.503e-24
1478.559263,2.872e-26
1478.654236,2.131e-25
1478.661124,1.72e-25
1478.663847,2.043e-25
1478.666876,1.148e-25
1478.689629,9.408e-25
1478.691093,1.6909999999999998e-24
1478.703513,3.078e-26
1478.709522,1.101e-24
1478.721901,9.13e-25
1478.745446,2.95e-26
1478.752255,1.044e-24
1478.775704,3.647e-24
1478.784782,3.5159999999999996e-24
1478.793166,4.029e-24
1478.795526,1.737e-24
1478.810262,1.8e-25
1478.821568,3.403e-25
1478.868148,1.881e-25
1478.877233,1.809e-25
1478.924593,4.578e-25
1478.936036,3.4790000000000003e-25
1478.944872,1.704e-25
1478.951411,4.192e-24
1479.048405,1.625e-25
1479.05079,2.219e-25
1479.057478,1.5670000000000002e-25
1479.07982,2.1720000000000003e-25
1479.09333,1.822e-25
1479.113921,1.773e-25
1479.139028,5.998e-24
1479.186077,1.376e-25
1479.192726,6.145e-24
1479.195602,1.33e-25
1479.222914,8.413000000000001e-25
1479.224214,9.006e-25
1479.225915,1.163e-24
1479.270316,1.105e-24
1479.272548,1.142e-25
1479.282951,1.107e-25
1479.321418,5.063e-25
1479.338974,7.685000000000001e-26
1479.341515,2.043e-25
1479.346156,8.883e-25
1479.350775,1.964e-25
1479.355295,7.491000000000001e-26
1479.379037,8.628e-25
1479.569962,6.856e-25
1479.618006,1.575e-25
1479.640525,1.592e-25
1479.664662,4.155e-25
1479.679902,7.066e-25
1479.744128,4.247e-25
1479.745012,1.691e-25
1479.780471,5.625e-24
1479.79592,1.831e-24
1479.796951,3.923e-24
1479.811167,2.975e-26
1479.812647,1.619e-25
1479.817061,2.7140000000000005e-26
1479.832772,5.76e-24
1479.85546,1.953e-25
1479.883506,1.912e-25
1479.887445,1.596e-25
1479.90396,1.883e-24
1479.96303,4.088e-24
1480.134551,1.281e-25
1480.156718,1.302e-25
1480.192627,3.233e-26
1480.232555,3.1100000000000004e-26
1480.257862,3.238e-26
1480.264414,1.816e-25
1480.290176,3.1090000000000005e-26
1480.301533,8.334e-25
1480.313068,1.115e-24
1480.331732,8.101e-25
1480.369962,1.31e-24
1480.385573,1.278e-24
1480.414437,1.216e-24
1480.416643,5.235e-24
1480.41877,1.152e-24
1480.451942,1.159e-24
1480.467601,5.357e-24
1480.572134,1.693e-25
1480.600227,1.659e-25
1480.6419,1.032e-25
1480.659729,6.038e-25
1480.661001,5.582e-25
1480.663552,1.05e-25
1480.678631,1.5680000000000002e-25
1480.782727,1.257e-24
1480.794512,3.7679999999999996e-24
1480.823768,1.2009999999999999e-24
1480.829706,1.475e-25
1480.882723,4.777e-25
1480.89422,1.969e-24
1480.900414,7.771e-25
1480.93184,7.56e-25
1480.949821,3.614e-24
1480.958138,3.475e-24
1480.964656,4.885e-25
1480.969195,3.935e-24
1481.006087,2.026e-24
1481.047531,4.835e-24
1481.050886,1.602e-24
1481.097198,4.9459999999999996e-24
1481.152619,1.659e-24
1481.391287,1.477e-25
1481.416459,1.0820000000000002e-25
1481.418276,1.448e-25
1481.47582,1.104e-25
1481.520812,1.933e-25
1481.528841,1.853e-25
1481.603354,1.433e-25
1481.649507,3.272e-26
1481.665005,1.379e-25
1481.673127,4.434e-24
1481.688015,3.156e-26
1481.721551,4.534e-24
1481.752023,1.181e-25
1481.764256,1.342e-25
1481.783418,2.125e-24
1481.785776,3.566e-24
1481.88143,2.201e-24
1481.881954,1.935e-25
1481.921165,7.204000000000001e-25
1481.940324,8.957000000000001e-26
1481.949412,7.013e-25
1481.954874,8.72e-26
1481.966469,1.693e-25
1481.969955,3.732e-24
1481.985974,2.102e-24
1482.024538,3.3670000000000006e-26
1482.05296,3.2420000000000003e-26
1482.087998,1.266e-25
1482.093694,5.459e-25
1482.101906,2.165e-24
1482.115245,1.2410000000000002e-25
1482.121,3.617e-25
1482.125519,3.2970000000000003e-25
1482.142045,1.291e-24
1482.175027,1.236e-24
1482.17821,5.586e-25
1482.293418,4.038e-24
1482.315088,1.308e-24
1482.340646,4.127e-24
1482.353622,1.255e-24
1482.444543,6.6360000000000005e-25
1482.474742,6.465e-25
1482.510665,2.661e-24
1482.52419,1.288e-25
1482.605183,2.755e-24
1482.696204,1.201e-25
1482.7647,1.294e-25
1482.770655,3.319e-24
1482.825392,1.3230000000000002e-25
1482.908395,3.652e-24
1482.927275,1.094e-25
1482.931781,1.545e-24
1482.945869,1.505e-24
1482.953252,1.073e-25
1482.954469,3.731e-24
1482.965371,3.481e-24
1483.070193,3.1980000000000004e-26
1483.071158,2.226e-24
1483.096243,1.437e-25
1483.107779,3.093e-26
1483.117367,3.468e-24
1483.118449,1.412e-25
1483.12465,3.325e-24
1483.191419,2.295e-24
1483.232627,3.1899999999999998e-24
1483.283158,1.167e-25
1483.29754,6.202e-25
1483.321625,3.2930000000000003e-25
1483.323859,3.301e-24
1483.337766,1.188e-25
1483.384766,6.349e-25
1483.389579,2.9630000000000003e-25
1483.437504,1.137e-25
1483.518047,3.281e-24
1483.518954,2.6450000000000003e-25
1483.551567,6.082e-25
1483.563006,3.351e-24
1483.577936,5.929000000000001e-25
1483.578629,2.347e-25
1483.581762,1.429e-25
1483.611666,1.839e-25
1483.620436,1.6410000000000002e-25
1483.622313,1.055e-25
1483.637661,1.454e-25
1483.687976,1.763e-25
1483.694456,1.683e-25
1483.749042,3.031e-24
1483.81982,1.315e-24
1483.827969,3.385e-26
1483.852736,3.268e-26
1483.856517,1.2659999999999999e-24
1483.874719,1.741e-25
1483.897915,1.324e-24
1483.926837,1.271e-24
1483.931955,1.773e-25
1483.949303,3.694e-24
1483.955521,3.1879999999999998e-24
1483.97735,5.537e-25
1484.006527,5.401e-25
1484.037441,3.82e-24
1484.107844,1.519e-25
1484.122361,2.929e-24
1484.138064,2.106e-26
1484.140483,1.008e-25
1484.149747,2.3389999999999998e-24
1484.162031,2.112e-25
1484.166245,2.99e-24
1484.168074,1.578e-25
1484.190139,1.038e-25
1484.220653,2.151e-25
1484.274629,2.413e-24
1484.443702,2.551e-25
1484.45031,3.024e-26
1484.487408,2.931e-26
1484.494228,7.001e-25
1484.50376,2.599e-25
1484.517026,1.02e-25
1484.52953,9.912e-26
1484.584298,7.172e-25
1484.596237,1.012e-25
1484.660691,4.159e-24
1484.691168,4.854e-25
1484.719732,3.066e-25
1484.720801,2.707e-24
1484.721328,2.598e-24
1484.74591,4.298e-24
1484.750237,4.449e-25
1484.764172,2.651e-24
1484.781282,3.1240000000000003e-25
1484.861403,1.215e-25
1484.881522,1.074e-25
1484.924662,1.246e-25
1484.940502,2.856e-24
1484.990125,3.668e-25
1485.007484,1.034e-25
1485.053225,3.739e-25
1485.19612,5.0190000000000005e-25
1485.220644,4.899e-25
1485.221715,2.437e-24
1485.254882,4.3670000000000005e-25
1485.256334,2.568e-26
1485.272902,3.215e-24
1485.278842,3.0699999999999998e-24
1485.293347,1.281e-24
1485.310279,2.427e-26
1485.314935,2.2899999999999998e-24
1485.319593,4.454e-25
1485.328756,1.236e-24
1485.351541,2.516e-24
1485.356774,2.336e-24
1485.366789,4.572e-24
1485.408481,4.239e-25
1485.429922,1.742e-25
1485.44925,4.721e-24
1485.452376,3.849e-25
1485.470036,1.782e-24
1485.482303,1.733e-24
1485.497379,4.515e-25
1485.503822,1.87e-25
1485.514004,5.176e-25
1485.525721,4.41e-25
1485.565754,1.1e-25
1485.580394,5.281000000000001e-25
1485.672979,3.3e-26
1485.683722,7.852000000000001e-25
1485.685762,2.356e-24
1485.686915,1.059e-25
1485.687519,1.314e-24
1485.694253,3.194e-26
1485.71269,1.2649999999999999e-24
1485.767493,6.105e-25
1485.776783,8.049e-25
1485.785055,2.772e-26
1485.822057,2.692e-26
1485.835632,6.231e-25
1485.8371,1.543e-25
1485.841666,1.467e-25
1485.903172,2.007e-24
1485.920438,2.494e-24
1485.921526,2.063e-25
1485.941406,2.026e-25
1485.944037,2.046e-24
1485.987601,6.479e-25
1486.015351,7.166e-25
1486.041706,6.018e-25
1486.067592,4.925e-24
1486.078238,1.049e-25
1486.085315,7.318e-25
1486.110951,1e-25
1486.114826,1.005e-25
1486.147445,5.082e-24
1486.21434,1.033e-25
1486.246541,1.115e-25
1486.257578,8.371000000000001e-25
1486.272625,2.223e-26
1486.282676,2.9340000000000004e-26
1486.287031,2.516e-24
1486.301376,2.071e-26
1486.329447,8.552e-25
1486.336539,2.79e-26
1486.363206,1.075e-25
1486.422161,2.6009999999999998e-24
1486.486027,1.748e-24
1486.494174,9.73e-25
1486.525949,1.781e-24
1486.568037,9.946e-25
1486.643701,1.986e-24
1486.693185,2.897e-24
1486.725141,1.126e-24
1486.731687,1.209e-24
1486.761786,2.151e-25
1486.763096,5.211e-24
1486.766276,1.17e-24
1486.801091,1.151e-24
1486.803777,1.024e-25
1486.832587,2.205e-25
1486.840478,5.373e-24
1486.852005,3.158e-24
1486.858535,4.05e-25
1486.865986,8.75e-25
1486.881212,3.958e-25
1486.884025,1.092e-25
1486.895489,2.111e-24
1486.918002,1.042e-25
1486.919144,1.12e-25
1486.950477,1.295e-24
1486.962196,8.976e-25
1487.002888,3.6010000000000004e-25
1487.028615,1.325e-24
1487.030571,3.521e-25
1487.031665,1.0810000000000002e-25
1487.063489,1.513e-24
1487.06501,1.133e-25
1487.069188,2.466e-26
1487.075194,1.099e-25
1487.102496,1.542e-24
1487.106455,2.399e-26
1487.170181,1.483e-24
1487.206332,8.012e-25
1487.209971,3.165e-26
1487.250617,1.519e-24
1487.257809,7.516000000000001e-25
1487.262494,1.625e-25
1487.264693,3.0260000000000005e-26
1487.315152,1.59e-25
1487.335313,6.086e-25
1487.345664,2.573e-24
1487.368655,5.611000000000001e-25
1487.384253,1.69e-24
1487.410753,2.869e-24
1487.414997,2.7269999999999998e-24
1487.453297,5.427e-24
1487.467106,1.731e-24
1487.479039,1.923e-24
1487.486499,2.6639999999999998e-24
1487.516052,1.2649999999999999e-24
1487.528334,5.591e-24
1487.537678,1.222e-24
1487.563808,3.127e-26
1487.581707,3.0320000000000004e-26
1487.589926,1.114e-25
1487.592691,1.915e-24
1487.594328,1.609e-24
1487.599369,1.113e-25
1487.631006,1.058e-25
1487.634863,2.096e-24
1487.635546,1.303e-24
1487.673667,1.327e-24
1487.678088,1.963e-24
1487.698506,1.077e-25
1487.795492,2.158e-24
1487.865866,1.718e-24
1487.883574,2.214e-24
1487.962249,1.29e-25
1487.96448,1.219e-25
1487.980809,2.008e-24
1487.990977,1.9489999999999998e-24
1487.992653,2.4199999999999998e-24
1488.030692,3.243e-26
1488.040984,9.686e-25
1488.082026,2.526e-25
1488.083571,2.484e-24
1488.087039,3.1140000000000005e-26
1488.130444,1.11e-24
1488.13819,5.571e-24
1488.140513,9.942e-25
1488.15432,2.585e-25
1488.164621,1.0749999999999999e-24
1488.184168,2.698e-24
1488.202187,1.115e-24
1488.210999,5.736e-24
1488.229102,1.11e-25
1488.23945,1.135e-24
1488.250743,1.1e-25
1488.258711,1.05e-25
1488.260809,1.173e-24
1488.268662,2.9870000000000005e-26
1488.271301,1.024e-25
1488.278091,2.771e-24
1488.290997,2.8070000000000004e-26
1488.297034,2.13e-26
1488.334903,2.0760000000000003e-26
1488.341711,9.303e-25
1488.355752,1.063e-25
1488.370034,2.9909999999999998e-24
1488.392118,8.794e-25
1488.397577,2.606e-24
1488.411957,1.279e-24
1488.467144,3.075e-24
1488.491838,2.81e-25
1488.519029,2.751e-25
1488.537247,1.238e-24
1488.542827,3.199e-25
1488.544568,2.701e-24
1488.550243,3.297e-24
1488.563627,3.1290000000000003e-25
1488.5915,2.028e-26
1488.650742,3.392e-24
1488.704519,2.907e-25
1488.72184,2.852e-25
1488.724788,3.612e-24
1488.737116,3.1690000000000003e-26
1488.763401,9.491e-25
1488.778124,1.0820000000000002e-25
1488.795735,3.054e-26
1488.799795,9.66e-25
1488.806074,1.016e-25
1488.817767,5.6449999999999996e-24
1488.828897,3.719e-24
1488.831848,1.328e-24
1488.888457,5.808e-24
1488.893657,3.933e-24
1488.912238,1.076e-25
1488.91728,1.294e-25
1488.96463,1e-25
1488.970918,1.257e-25
1489.001624,4.054e-24
1489.013755,1.042e-25
1489.037788,6.251000000000001e-25
1489.05684,4.256e-24
1489.168939,4.39e-24
1489.183604,6.831e-25
1489.208678,1.065e-24
1489.214321,4.573e-24
1489.251201,1.028e-25
1489.261234,1.22e-25
1489.281741,1.192e-25
1489.299681,8.078e-25
1489.311712,1.094e-24
1489.319175,8.034e-25
1489.321561,2.9630000000000004e-26
1489.32529,7.532000000000001e-25
1489.330859,4.723e-24
1489.354776,8.176000000000001e-25
1489.366084,4.88e-24
1489.383012,2.8650000000000005e-26
1489.387299,1.023e-24
1489.388229,1.186e-24
1489.39456,2.944e-25
1489.406455,1.148e-24
1489.426137,1.658e-25
1489.437771,9.727e-25
1489.442729,2.611e-24
1489.468969,3.012e-25
1489.471907,8.855e-25
1489.482238,1.609e-25
1489.484797,9.898e-25
1489.487405,5.045e-24
1489.492023,5.652e-24
1489.503957,2.8850000000000004e-26
1489.512107,5.17e-24
1489.518576,2.8020000000000004e-26
1489.51893,9.614e-25
1489.525201,2.454e-24
1489.527345,2.32e-24
1489.560694,5.811e-24
1489.561053,1.044e-25
1489.580572,1.226e-25
1489.58816,1.188e-25
1489.593247,2.032e-25
1489.596384,2.711e-24
1489.6386,5.351e-24
1489.648755,1.98e-25
1489.652364,5.433e-24
1489.659405,1.012e-25
1489.776634,2.657e-26
1489.784469,5.631e-24
1489.786823,5.6609999999999996e-24
1489.793821,9.564e-25
1489.79717,1.144e-25
1489.809645,2.596e-25
1489.840419,1.112e-25
1489.841405,2.5760000000000003e-26
1489.869499,6.763e-25
1489.90431,6.881000000000001e-25
1489.907903,2.077e-25
1489.915446,5.845e-24
1489.925045,5.875e-24
1489.949955,2.859e-25
1489.961871,2.147e-25
1489.966746,2.012e-25
1489.988734,2.103e-25
1490.038184,5.9739999999999996e-24
1490.057044,9.601e-26
1490.05765,1.023e-25
1490.060364,6.075e-24
1490.072418,1.4790000000000002e-25
1490.095475,2.2910000000000003e-26
1490.119624,1.436e-25
1490.154977,6.036e-24
1490.160951,5.5959999999999996e-24
1490.163992,2.227e-26
1490.19047,6.219e-24
1490.214186,1.005e-25
1490.227695,5.749e-24
1490.253275,2.473e-25
1490.265748,6.02e-24
1490.272143,2.421e-25
1490.30079,3.7770000000000006e-26
1490.315416,6.2949999999999996e-24
1490.317921,3.5730000000000004e-26
1490.33607,1.0709999999999999e-24
1490.364055,2.541e-25
1490.364203,1.871e-25
1490.369028,1.162e-24
1490.370398,5.9129999999999996e-24
1490.387489,1.024e-24
1490.397517,5.684e-25
1490.414361,5.6630000000000005e-25
1490.415427,1.814e-25
1490.425953,2.458e-25
1490.435266,6.2899999999999995e-24
1490.448402,5.759e-25
1490.460544,2.2089999999999998e-24
1490.468338,2.14e-24
1490.468797,5.702e-24
1490.475769,1.195e-24
1490.481073,2.587e-24
1490.550102,6.192e-24
1490.560774,5.373e-24
1490.641969,2.69e-24
1490.646091,4.911e-24
1490.660027,5.985e-24
1490.668222,2.313e-25
1490.699674,3.409e-25
1490.709091,1.021e-25
1490.723563,2.239e-25
1490.724415,4.301e-24
1490.752323,6.187e-25
1490.75785,1.041e-25
1490.765174,5.654e-24
1490.776481,3.4899999999999998e-25
1490.789494,8.594e-25
1490.795257,3.526e-24
1490.795858,3.033e-25
1490.797163,1.554e-25
1490.821892,1.517e-25
1490.82392,8.362e-25
1490.824543,5.483e-24
1490.857863,2.566e-24
1490.86116,2.929e-25
1490.86572,5.183e-24
1490.889448,5.63e-24
1490.911003,1.3989999999999999e-24
1490.953749,4.716e-25
1490.961904,4.554e-24
1490.980303,2.793e-25
1490.987041,4.795e-25
1491.039904,2.699e-25
1491.054064,3.747e-24
1491.142693,2.739e-24
1491.180607,1.0719999999999999e-24
1491.204361,3.531e-25
1491.228545,1.501e-24
1491.233697,1.029e-24
1491.273462,3.403e-25
1491.296477,3.29e-25
1491.301185,1.0089999999999999e-24
1491.308113,1.083e-24
1491.312891,3.032e-25
1491.320766,9.487e-25
1491.323044,1.05e-24
1491.36054,3.174e-25
1491.382805,2.78e-26
1491.397778,2.726e-26
1491.410303,1.605e-25
1491.436997,1.574e-25
1491.44113,4.019e-25
1491.455678,3.94e-25
1491.482791,5.321e-24
1491.487653,3.907e-25
1491.496078,2.596e-26
1491.507502,2.526e-26
1491.512556,2.531e-24
1491.520214,3.971e-25
1491.521995,1.26e-24
1491.545937,5.46e-24
1491.590405,4.004e-25
1491.610243,1.878e-24
1491.610677,2e-24
1491.613031,3.778e-25
1491.632664,1.296e-24
1491.663759,3.852e-25
1491.681349,2.636e-24
1491.681828,3.638e-25
1491.708133,3.331e-25
1491.746276,1.06e-25
1491.843975,1.042e-25
1491.870809,2.471e-25
1491.913318,1.029e-24
1491.926544,4.225e-25
1491.928549,2.404e-25
1491.95463,4.419e-25
1491.968694,9.918e-25
1491.994356,1.873e-25
1491.997391,3.924e-25
1492.000429,4.06e-25
1492.011217,1.835e-25
1492.016062,3.22e-25
1492.032766,4.24e-25
1492.038859,7.267000000000001e-25
1492.04791,3.272e-25
1492.060369,1.292e-25
1492.065072,1.249e-25
1492.073887,7.082e-25
1492.076799,4.018e-25
1492.113784,7.081000000000001e-26
1492.117858,7.613e-26
1492.135687,5.115e-24
1492.148456,1.226e-25
1492.19715,5.246e-24
1492.199003,1.251e-25
1492.216154,1.075e-25
1492.233898,4.596e-25
1492.297481,4.738e-25
1492.31333,4.405e-25
1492.364286,1.935e-25
1492.36808,4.5390000000000005e-26
1492.380852,4.317e-26
1492.381026,4.535e-25
1492.393536,1.887e-25
1492.431654,1.514e-25
1492.524328,1.4850000000000002e-25
1492.526677,9.506e-25
1492.532283,4.854e-25
1492.537116,2.443e-24
1492.538963,2.6390000000000003e-25
1492.570116,2.682e-25
1492.584869,9.187e-25
1492.617846,4.639000000000001e-25
1492.619223,4.929e-25
1492.662426,1.195e-25
1492.667538,1.355e-24
1492.70893,4.7030000000000005e-25
1492.714557,2.549e-24
1492.782375,1.3949999999999999e-24
1492.783223,4.875e-24
1492.819183,4.969000000000001e-25
1492.834108,1.176e-25
1492.843073,4.997e-24
1492.843464,2.397e-25
1492.86079,1.153e-25
1492.906044,2.368e-24
1492.911181,2.2899999999999998e-24
1492.911625,4.732e-25
1492.919948,4.963000000000001e-25
1492.963297,2.453e-25
1492.964973,2.109e-25
1493.013462,8.457e-25
1493.016736,4.718e-25
1493.052673,2.066e-25
1493.056347,2.153e-25
1493.074935,8.195000000000001e-25
1493.086822,2.187e-25
1493.092358,4.917e-25
1493.192634,4.665000000000001e-25
1493.199587,4.825e-25
1493.226796,5.9860000000000005e-25
1493.262705,5.843e-25
1493.278954,9.644e-25
1493.287677,4.489e-25
1493.290678,9.371e-25
1493.304604,4.567e-25
1493.339062,1.199e-24
1493.345609,2.862e-25
1493.349813,4.69e-25
1493.353732,1.135e-24
1493.367,7.262000000000001e-25
1493.369864,4.599e-25
1493.425389,4.607e-24
1493.428426,2.8010000000000003e-25
1493.432158,7.054e-25
1493.457917,4.512e-25
1493.459156,4.429e-25
1493.483693,4.719e-24
1493.541903,2.282e-26
1493.550219,2.223e-26
1493.55468,2.324e-24
1493.568201,1.747e-25
1493.572619,4.25e-25
1493.57399,3.779e-25
1493.581389,6.029e-25
1493.582194,1.464e-25
1493.588307,4.963000000000001e-25
1493.589766,4.295e-25
1493.598014,1.774e-25
1493.634624,1.495e-25
1493.650578,5.869e-25
1493.651676,4.847e-25
1493.652062,3.692e-25
1493.658307,1.433e-24
1493.661916,1.5399999999999999e-24
1493.694563,4.041e-25
1493.703642,5.117e-25
1493.709789,4.034e-25
1493.725188,4.727e-25
1493.741638,2.429e-24
1493.770658,1.39e-25
1493.785425,1.363e-25
1493.805612,1.446e-24
1493.810595,3.755e-25
1493.820847,3.783e-25
1493.908988,3.4440000000000004e-25
1493.924883,1.49e-24
1493.943447,3.503e-25
1493.96463,2.356e-25
1493.998699,2.293e-25
1494.010776,3.112e-25
1494.049387,3.2e-25
1494.062178,4.319e-24
1494.074515,1.41e-25
1494.097343,2.927e-25
1494.100459,2.768e-25
1494.103681,1.432e-25
1494.118996,4.4219999999999996e-24
1494.120807,3.735e-26
1494.127493,5.449e-25
1494.129501,4.813e-26
1494.132556,3.659e-26
1494.137903,5.238e-26
1494.139061,5.3370000000000005e-25
1494.157553,2.842e-25
1494.159395,2.879e-25
1494.188789,2.419e-25
1494.258472,2.548e-25
1494.267966,2.071e-25
1494.327679,8.172000000000001e-25
1494.34295,1.733e-25
1494.346823,4.805e-25
1494.35733,2.213e-25
1494.383849,4.6970000000000005e-25
1494.410037,1.411e-25
1494.438769,8.452e-25
1494.448628,1.882e-25
1494.469365,5.223e-26
1494.471096,1.112e-25
1494.4784,4.989e-26
1494.501416,1.3220000000000002e-25
1494.502922,1.275e-25
1494.537556,1.5620000000000002e-25
1494.56516,2.173e-24
1494.570473,5.102e-25
1494.575279,1.133e-25
1494.603812,1.15e-25
1494.620992,1.261e-25
1494.655616,5.23e-25
1494.69358,4.018e-24
1494.74897,4.111e-24
1494.762644,2.277e-24
1494.936173,1.5299999999999999e-24
1495.010309,1.74e-25
1495.060171,1.579e-24
1495.061574,1.183e-24
1495.064726,1.777e-25
1495.168664,1.225e-24
1495.30309,8.393000000000001e-25
1495.311689,8.168000000000001e-25
1495.314455,2.4729999999999998e-24
1495.316638,2.385e-24
1495.319585,3.71e-24
1495.373602,3.794e-24
1495.392124,3.76e-25
1495.412271,1.366e-24
1495.422812,1.2999999999999998e-24
1495.430426,3.681e-25
1495.56845,1.993e-24
1495.586777,1.011e-25
1495.599053,2.8e-25
1495.638244,2.721e-25
1495.666519,1.018e-24
1495.674107,1.107e-24
1495.777643,2.094e-24
1495.78999,1.576e-24
1495.845714,5.761e-25
1495.893308,1.632e-24
1495.93399,5.91e-25
1495.940183,3.401e-24
1495.950443,2.111e-25
1495.977922,1.786e-25
1495.992878,3.477e-24
1496.059174,1.606e-24
1496.099402,2.9390000000000004e-26
1496.113422,3.2520000000000003e-26
1496.188221,1.658e-24
1496.275592,3.373e-25
1496.338704,3.268e-25
1496.355655,2.867e-25
1496.395225,2.8120000000000003e-25
1496.432806,2.056e-25
1496.48932,2.102e-25
1496.512926,1.978e-24
1496.555366,3.095e-24
1496.564421,1.789e-24
1496.595769,1.194e-25
1496.603244,5.784e-26
1496.606786,3.163e-24
1496.60902,5.545e-26
1496.612685,2.048e-24
1496.655558,1.216e-25
1496.760011,7.24e-25
1496.768404,7.085e-25
1496.786723,1.8839999999999998e-24
1496.801878,4.915e-26
1496.810207,4.809e-26
1496.899026,1.261e-25
1496.901066,1.312e-25
1496.907095,1.449e-25
1496.968366,1.476e-25
1497.113323,6.462e-25
1497.165123,2.799e-24
1497.174566,1.67e-24
1497.204923,6.6340000000000005e-25
1497.212344,1.751e-25
1497.215314,2.8589999999999998e-24
1497.230379,2.375e-24
1497.230421,2.129e-25
1497.255129,2.9440000000000004e-26
1497.267216,3.245e-25
1497.269147,2.662e-26
1497.270786,2.094e-25
1497.275153,1.784e-25
1497.30902,1.727e-24
1497.311853,3.1470000000000003e-25
1497.32678,2.457e-24
1497.381892,7.145e-25
1497.387453,6.9620000000000005e-25
1497.454797,1.01e-25
1497.511517,2.105e-25
1497.519525,1.498e-24
1497.526512,1.432e-24
1497.552911,1.564e-24
1497.575922,2.145e-25
1497.630254,6.589000000000001e-25
1497.643018,7.293e-25
1497.682157,2.413e-24
1497.683259,2.509e-24
1497.756974,4.176e-25
1497.769443,2.514e-24
1497.775069,3.684e-25
1497.789993,1.652e-24
1497.804615,2.519e-25
1497.818448,2.566e-24
1497.849686,2.416e-25
1497.870679,2.568e-25
1497.908428,2.472e-25
1497.942347,2.753e-24
1498.010651,1.53e-25
1498.035574,2.847e-24
1498.049502,1.521e-25
1498.091637,3e-25
1498.159427,3.06e-25
1498.166669,1.008e-26
1498.16887,1.056e-26
1498.282297,1.72e-24
1498.368318,2.243e-24
1498.372585,3.557e-25
1498.373222,7.199000000000001e-25
1498.40828,3.777e-25
1498.416175,2.289e-24
1498.422557,1.781e-24
1498.442171,3.629e-25
1498.468345,7.397e-25
1498.474845,3.651e-25
1498.533711,1.324e-24
1498.647457,4.196e-25
1498.648828,3.101e-24
1498.718915,4.284e-25
1498.723726,1.077e-25
1498.739051,3.204e-24
1498.768071,6.188000000000001e-26
1498.770974,5.951000000000001e-26
1498.787598,1.404e-24
1498.916253,4.926e-25
1498.936616,1.185e-25
1498.961736,1.989e-24
1498.964495,1.209e-25
1498.967607,3.663e-25
1498.989666,5.031e-25
1499.008486,2.029e-24
1499.018047,3.544e-25
1499.12028,4.682e-26
1499.129973,4.3040000000000006e-26
1499.178973,5.755e-25
1499.251,1.206e-25
1499.254427,5.88e-25
1499.256991,1.258e-25
1499.260949,2.8240000000000003e-25
1499.322037,2.891e-25
1499.335441,9.423e-25
1499.340469,9.211e-25
1499.349818,3.409e-24
1499.382309,1.755e-24
1499.422715,6.327e-26
1499.427433,6.184e-26
1499.435615,6.689e-25
1499.437197,3.5199999999999996e-24
1499.506554,1.077e-24
1499.513204,6.839e-25
1499.515764,5.954000000000001e-25
1499.518383,5.809e-25
1499.528822,1.8189999999999998e-24
1499.545182,3.756e-25
1499.549687,1.7519999999999998e-24
1499.565162,4.266e-25
1499.593735,7.031e-25
1499.595365,1.787e-24
1499.60599,6.36e-25
1499.625326,7.964e-25
1499.659284,1.5899999999999999e-24
1499.663162,1.5249999999999999e-24
1499.686178,7.737e-25
1499.724188,8.19e-25
1499.766003,7.914000000000001e-25
1499.779726,1.147e-24
1499.930659,8.903e-25
1500.005479,2.368e-24
1500.010246,2.47e-24
1500.01283,9.112e-25
1500.015446,1.119e-26
1500.018239,1.167e-26
1500.045313,3.672e-24
1500.129996,3.789e-24
1500.132161,1.535e-24
1500.169058,1.019e-24
1500.176801,1.565e-24
1500.253692,1.044e-24
1500.401369,1.161e-24
1500.437384,1.32e-25
1500.438968,1.412e-25
1500.468049,1.442e-25
1500.471082,8.315000000000001e-25
1500.474544,1.771e-24
1500.488594,1.189e-24
1500.492458,1.344e-25
1500.49802,4.103e-25
1500.568708,3.955e-25
1500.627591,1.315e-24
1500.62781,1.838e-24
1500.666592,3.2820000000000004e-25
1500.697609,4.019e-25
1500.709147,1.3359999999999999e-24
1500.717544,1.348e-24
1500.730174,3.362e-25
1500.73531,3.885e-24
1500.752781,1.362e-24
1500.75427,3.879e-25
1500.766627,8.901e-25
1500.817432,4.005e-24
1500.847717,1.481e-24
1500.869544,8.747e-25
1500.94055,1.52e-24
1500.961939,6.417000000000001e-26
1500.962292,6.187000000000001e-26
1500.972379,9.002e-25
1501.010125,6.787e-26
1501.0166,6.314e-26
1501.061744,1.66e-24
1501.157621,1.704e-24
1501.17417,1.908e-25
1501.179392,1.5279999999999999e-24
1501.225939,1.943e-25
1501.269664,1.849e-24
1501.280635,1.157e-24
1501.323294,1.179e-24
1501.332221,1.651e-24
1501.368766,1.8999999999999998e-24
1501.40674,1.763e-25
1501.419803,4.044e-24
1501.426806,5.9720000000000005e-25
1501.438128,2.094e-25
1501.458004,1.061e-24
1501.466157,9.761e-25
1501.47147,2.048e-24
1501.499491,4.167e-24
1501.556733,1.111e-25
1501.558936,1.766e-24
1501.567161,1.1630000000000002e-25
1501.573995,2.105e-24
1501.667153,2.254e-24
1501.703979,4.749e-25
1501.704194,4.862e-25
1501.719522,1.836e-24
1501.74864,6.429e-25
1501.773319,2.32e-24
1501.829749,1.637e-24
1501.83088,1.575e-24
1501.839283,1.196e-26
1501.842359,1.244e-26
1501.846613,9.955e-25
1501.850977,1.2e-24
1501.852457,1.172e-24
1501.856703,2.466e-24
1501.888326,1.014e-24
1501.935307,1.675e-25
1501.956219,9.345e-25
1501.965637,1.71e-25
1501.966751,2.5399999999999998e-24
1501.980461,7.964000000000001e-26
1501.981383,7.775000000000001e-26
1502.023204,2.706e-25
1502.040107,2.681e-24
1502.066611,3.792e-25
1502.072003,2.758e-25
1502.098787,4.15e-24
1502.105784,9.533e-25
1502.106824,1.011e-24
1502.109515,2.148e-26
1502.132843,3.887e-25
1502.154305,2.764e-24
1502.159313,2.189e-26
1502.176158,4.273e-24
1502.212844,9.821e-25
1502.217351,2.895e-24
1502.284607,2.246e-24
1502.293494,2.353e-24
1502.307256,1.217e-25
1502.335997,2.9869999999999998e-24
1502.373036,3.847e-25
1502.383832,1.193e-25
1502.388417,3.103e-24
1502.407072,8.519e-25
1502.447867,8.673e-25
1502.453639,4.278e-25
1502.511846,3.206e-24
1502.517034,4.118e-25
1502.547288,4.316000000000001e-25
1502.553284,3.302e-24
1502.622909,4.148e-25
1502.635414,1.74e-24
1502.681871,3.416e-24
1502.711927,3.487e-24
1502.726235,4.17e-25
1502.728527,5.0180000000000005e-25
1502.772256,4.203e-24
1502.803963,1.812e-24
1502.846097,3.61e-24
1502.84742,4.324e-24
1502.864315,3.6499999999999996e-24
1502.875339,5.438e-25
1502.920322,9.156e-26
1502.924325,8.594e-26
1502.962001,7.248000000000001e-25
1502.977355,3.763e-25
1503.001903,7.378e-25
1503.004552,3.784e-24
1503.010412,3.785e-24
1503.023546,3.838e-25
1503.096263,2.9100000000000004e-26
1503.143995,2.966e-26
1503.150172,3.885e-24
1503.157271,3.9299999999999995e-24
1503.180746,6.247e-26
1503.182656,6.464000000000001e-26
1503.192389,4.517e-26
1503.232569,3.6460000000000005e-26
1503.26898,4.633e-26
1503.283539,3.943e-24
1503.291359,5.479e-26
1503.304292,4.0399999999999996e-24
1503.308762,2.058e-25
1503.313255,3.735e-26
1503.333947,1.031e-24
1503.346017,1.477e-24
1503.351098,1.375e-24
1503.364036,5.626000000000001e-26
1503.410441,3.949e-24
1503.413016,2.887e-26
1503.425811,1.976e-25
1503.440205,4.207e-24
1503.445509,1.063e-24
1503.445664,4.107e-24
1503.457443,2.019e-25
1503.460998,4.3550000000000005e-25
1503.49573,2.126e-25
1503.497928,2.955e-26
1503.511389,6.134e-25
1503.513262,4.324e-24
1503.52718,6.49e-26
1503.53005,4.467e-25
1503.53079,3.8939999999999996e-24
1503.550424,6.241000000000001e-25
1503.581446,4.121e-24
1503.596177,6.675000000000001e-26
1503.632362,1.236e-26
1503.635455,1.2820000000000002e-26
1503.638046,2.3180000000000003e-25
1503.644468,3.77e-24
1503.667096,7.045e-25
1503.694318,5.503e-25
1503.700086,2.251e-25
1503.703899,1.6909999999999998e-24
1503.711711,4.073e-24
1503.733725,2.248e-26
1503.74324,7.221000000000001e-25
1503.751321,3.566e-24
1503.774655,5.634000000000001e-25
1503.776867,8.816e-25
1503.814351,9.806e-26
1503.822948,2.299e-26
1503.829829,1.032e-25
1503.836553,3.951e-24
1503.848984,9.049e-25
1503.851142,3.271e-24
1503.859174,4.21e-25
1503.881144,1.764e-24
1503.896149,9.997999999999999e-27
1503.896373,7.492e-26
1503.901215,1.0210000000000002e-26
1503.942908,3.807e-25
1503.943642,2.875e-24
1503.943821,4.305e-25
1503.945837,3.894e-25
1503.956089,3.747e-24
1503.961983,7.719000000000001e-26
1504.020677,1.039e-26
1504.021801,1.076e-24
1504.025124,1.061e-26
1504.02753,1.581e-24
1504.028407,2.363e-24
1504.028841,1.639e-24
1504.02911,5.127e-25
1504.032086,1.056e-26
1504.034499,1.078e-26
1504.055224,5.162e-25
1504.070476,3.4469999999999996e-24
1504.073086,5.233e-25
1504.09011,1.107e-24
1504.093416,5.251e-25
1504.102626,4.163e-24
1504.104813,1.724e-24
1504.161179,3.16e-25
1504.164533,1.059e-26
1504.171871,9.424e-25
1504.173671,4.277e-24
1504.178685,3.869e-26
1504.179924,3.038e-24
1504.225181,3.942e-26
1504.231324,4.41e-25
1504.25021,3.228e-25
1504.25666,1.067e-26
1504.260987,1.091e-26
1504.284724,2.507e-24
1504.302105,4.231e-25
1504.302115,1.459e-24
1504.304358,1.496e-24
1504.360534,1.128e-26
1504.361791,1.111e-26
1504.385292,1.837e-24
1504.394321,8.409000000000001e-26
1504.398855,1.28e-24
1504.421737,1.07e-26
1504.424065,1.094e-26
1504.456895,8.680000000000001e-26
1504.463629,1.318e-24
1504.469778,9.548e-26
1504.472833,9.792e-26
1504.482253,1.0089999999999999e-24
1504.51778,2.053e-24
1504.531354,2.161e-24
1504.553929,1.106e-24
1504.55839,4.387e-25
1504.593498,4.321000000000001e-25
1504.598821,2.3310000000000003e-25
1504.630869,4.394e-25
1504.639942,4.201e-25
1504.670297,1.141e-24
1504.692269,2.38e-25
1504.759512,4.077e-24
1504.7643,1.619e-24
1504.828634,4.186e-24
1504.845923,1.165e-25
1504.848012,1.101e-25
1504.849744,4.971000000000001e-25
1504.903801,1.479e-24
1504.904206,1.186e-26
1504.910667,2.32e-25
1504.910818,1.211e-26
1504.921801,5.103e-25
1504.943656,2.373e-25
1504.951086,1.692e-24
1504.965372,1.5269999999999999e-24
1505.015368,9.154e-26
1505.018245,1.1930000000000002e-26
1505.022588,1.219e-26
1505.07532,9.471e-26
1505.090399,1.108e-26
1505.091412,1.135e-26
1505.106004,1.256e-26
1505.107661,1.2820000000000002e-26
1505.126198,3.5970000000000004e-25
1505.16277,3.658e-25
1505.169658,1.694e-25
1505.170741,6.84e-25
1505.212943,6.986e-25
1505.253254,1.928e-24
1505.255961,1.81e-24
1505.267522,1.7280000000000002e-25
1505.27803,1.047e-26
1505.278334,1.02e-26
1505.284346,1.3790000000000002e-26
1505.285261,1.359e-26
1505.348989,5.042e-26
1505.353798,1.261e-26
1505.357881,1.29e-26
1505.390071,1.236e-26
1505.392958,1.279e-26
1505.396572,5.1050000000000005e-26
1505.410856,3.953e-24
1505.423813,6.138e-26
1505.427725,6.338000000000001e-26
1505.439834,1.43e-26
1505.441173,1.407e-26
1505.478137,4.057e-24
1505.488833,1.248e-26
1505.49106,1.278e-26
1505.509872,1.314e-26
1505.515474,1.342e-26
1505.531308,1.659e-24
1505.590071,1.716e-24
1505.600695,2.053e-26
1505.653314,2.9790000000000003e-25
1505.689108,3.029e-25
1505.7315,1.684e-25
1505.752976,9.64e-26
1505.765623,1.176e-24
1505.806503,1.6480000000000002e-25
1505.810787,1e-25
1505.816516,1.524e-24
1505.857471,1.2420000000000002e-25
1505.858375,1.222e-25
1505.870434,1.214e-25
1505.887128,1.215e-24
1505.97268,1.238e-25
1506.013819,1.5959999999999999e-24
1506.022183,8.253000000000001e-26
1506.025706,4.389e-25
1506.043508,8.736000000000001e-26
1506.05665,3.799e-24
1506.079415,1.409e-26
1506.084163,1.44e-26
1506.104731,4.195e-25
1506.122168,3.895e-24
1506.131784,1.274e-26
1506.132724,1.3060000000000002e-26
1506.154225,2.2790000000000003e-26
1506.174835,2.455e-25
1506.209871,2.4940000000000003e-25
1506.223309,2.189e-26
1506.223813,1.4740000000000002e-26
1506.228545,1.5060000000000002e-26
1506.232834,5.638000000000001e-25
1506.233106,2.994e-25
1506.238614,3.06e-25
1506.250004,1.503e-26
1506.250696,1.545e-24
1506.252921,1.536e-26
1506.254174,1.598e-24
1506.27509,1.801e-24
1506.292551,1.1880000000000002e-26
1506.292904,1.156e-26
1506.308101,5.793e-25
1506.331503,1.868e-24
1506.390067,2.71e-25
1506.394454,8.931e-25
1506.400822,1.763e-26
1506.401802,1.736e-26
1506.424475,2.773e-25
1506.43545,9.128e-25
1506.43907,1.481e-26
1506.44301,1.5160000000000002e-26
1506.509247,1.689e-25
1506.515376,1.8030000000000003e-26
1506.516796,1.775e-26
1506.533446,4.294e-25
1506.550474,1.4500000000000002e-26
1506.552607,1.485e-26
1506.598615,4.5570000000000006e-26
1506.599376,6.435e-26
1506.599916,9.792e-26
1506.622179,4.095e-25
1506.632762,1.733e-25
1506.65614,1.019e-25
1506.657243,2.456e-26
1506.687846,1.774e-24
1506.690751,2.012e-25
1506.693982,1.8209999999999998e-24
1506.696887,3.618e-24
1506.703429,1.801e-24
1506.722428,1.906e-24
1506.725047,2.044e-25
1506.729853,2.353e-26
1506.730782,2.028e-26
1506.760713,3.708e-24
1506.781485,1.41e-25
1506.782113,1.3399999999999999e-25
1506.860429,1.406e-24
1506.891024,1.144e-25
1506.898233,1.175e-25
1506.916776,1.7250000000000003e-26
1506.968913,1.24e-24
1506.976685,1.065e-26
1506.978252,1.034e-26
1507.069388,1.477e-24
1507.095925,1.282e-24
1507.10471,1.676e-26
1507.109192,1.1990000000000002e-26
1507.111015,1.7130000000000003e-26
1507.111699,1.2380000000000002e-26
1507.112777,2.5670000000000003e-26
1507.128097,1.8879999999999998e-24
1507.168363,1.459e-26
1507.169223,1.497e-26
1507.17458,2.385e-24
1507.17544,2.255e-24
1507.182689,1.964e-24
1507.18793,1.666e-26
1507.189599,2.4520000000000003e-26
1507.192079,1.7040000000000002e-26
1507.201052,1.6410000000000002e-25
1507.234626,1.666e-25
1507.248402,3.568e-25
1507.302358,1.34e-26
1507.302748,1.3040000000000002e-26
1507.308383,1.7700000000000002e-26
1507.310054,1.809e-26
1507.331557,3.417e-24
1507.36756,3.685e-25
1507.393759,3.5e-24
1507.513105,2.243e-26
1507.514151,2.2080000000000003e-26
1507.522234,1.734e-26
1507.523672,2.5970000000000005e-26
1507.525972,1.775e-26
1507.548489,9.562e-26
1507.587155,2.265e-26
1507.588656,2.229e-26
1507.603771,9.987e-26
1507.605533,2.4710000000000004e-26
1507.606765,1.6770000000000002e-26
1507.608805,1.719e-26
1507.610251,6.353e-25
1507.610618,1.01e-25
1507.688659,5.877e-26
1507.688953,6.534e-25
1507.692522,1.141e-24
1507.694319,6.058e-26
1507.705725,1.331e-25
1507.714557,1.853e-26
1507.720156,1.894e-26
1507.733462,1.165e-24
1507.738595,1.352e-25
1507.831458,4.203e-25
1507.864215,3.15e-25
1507.892578,2.536e-26
1507.895899,1.2699999999999999e-24
1507.900109,3.226e-25
1507.919885,3.998e-25
1507.922161,8.036000000000001e-26
1507.953437,1.1770000000000002e-26
1507.954945,1.141e-26
1507.956803,8.189e-26
1507.960654,3.202e-24
1507.980488,2.4030000000000003e-26
1507.981805,5.928000000000001e-25
1508.015974,1.3820000000000002e-26
1508.021295,3.278e-24
1508.082736,1.907e-24
1508.096807,6.137e-25
1508.1154,1.5160000000000002e-26
1508.117854,1.337e-24
1508.136121,1.991e-24
1508.138447,1.025e-26
1508.163682,1.294e-24
1508.17871,6.568e-26
1508.199542,1.6620000000000002e-26
1508.200367,1.7060000000000002e-26
1508.204762,1.074e-25
1508.206971,7.001e-26
1508.221935,2.3840000000000003e-26
1508.236944,1.091e-25
1508.241731,1.95e-26
1508.24618,1.9960000000000003e-26
1508.267994,1.838e-25
1508.270583,1.869e-25
1508.296608,1.341e-24
1508.307444,1.505e-26
1508.307858,1.463e-26
1508.317152,2.248e-26
1508.366224,1.203e-25
1508.40493,2.0520000000000003e-26
1508.411531,2.097e-26
1508.442525,2.099e-26
1508.447527,2.149e-26
1508.47436,4.034e-25
1508.497647,1.472e-24
1508.503038,1.52e-24
1508.513952,2.148e-26
1508.530423,1.135e-25
1508.546386,2.4710000000000004e-26
1508.556178,2.5980000000000003e-26
1508.57024,2.2860000000000003e-26
1508.571884,3.827e-25
1508.571893,2.312e-25
1508.579833,2.361e-25
1508.584167,2.976e-24
1508.590759,8.941e-26
1508.595742,2.0180000000000003e-26
1508.596689,2.6510000000000004e-26
1508.599343,2.067e-26
1508.59984,2.3690000000000003e-26
1508.616213,2.4840000000000003e-26
1508.617564,2.197e-26
1508.618081,2.014e-26
1508.621189,2.8410000000000005e-26
1508.622302,2.796e-26
1508.629607,2.061e-26
1508.643307,3.046e-24
1508.645853,9.379e-26
1508.655166,2.833e-26
1508.656749,2.786e-26
1508.657636,1.93e-26
1508.659589,1.9790000000000003e-26
1508.663842,2.527e-26
1508.66405,2.62e-26
1508.709444,8.623e-25
1508.720754,1.56e-25
1508.721202,1.635e-25
1508.738995,2.488e-26
1508.753629,2.499e-26
1508.787999,1.13e-26
1508.789994,1.164e-26
1508.820495,8.934e-25
1508.837234,2.363e-26
1508.840133,1.505e-24
1508.860226,2.294e-26
1508.865562,1.605e-24
1508.922757,1.117e-24
1508.925834,1.293e-26
1508.927251,1.253e-26
1508.953644,2.1570000000000003e-26
1508.97828,2.014e-26
1508.981974,7.111e-25
1509.008816,2.105e-24
1509.016665,1.015e-25
1509.019012,2.165e-24
1509.029117,4.967000000000001e-25
1509.055422,2.274e-25
1509.0574,1.424e-24
1509.064357,7.321e-25
1509.103814,2.6799999999999998e-24
1509.104371,2.82e-24
1509.109503,1.4030000000000002e-25
1509.128695,9.635e-25
1509.12905,2.222e-25
1509.131116,1.849e-24
1509.159301,1.18e-24
1509.174602,1.025e-25
1509.18401,1.94e-24
1509.186172,1.006e-25
1509.20004,2.5790000000000003e-26
1509.202088,2.747e-24
1509.207022,2.804e-26
1509.226034,1.885e-26
1509.226767,1.937e-26
1509.244332,1.336e-25
1509.255867,1.375e-25
1509.259783,2.809e-24
1509.263911,1.327e-25
1509.283233,2.3250000000000003e-26
1509.289216,2.3790000000000003e-26
1509.295761,1.206e-25
1509.307807,1.6820000000000002e-26
1509.308229,1.634e-26
1509.309872,9.814e-26
1509.322359,1.118e-26
1509.333323,3.643e-25
1509.334271,1.069e-26
1509.336966,2.284e-26
1509.340929,2.338e-26
1509.346207,1.005e-25
1509.349803,1.337e-24
1509.359829,1.229e-25
1509.370778,3.733e-25
1509.41798,1.145e-25
1509.431313,1.151e-24
1509.448172,1.1610000000000002e-25
1509.487249,2.45e-26
1509.489012,2.507e-26
1509.489096,1.388e-24
1509.538611,1.193e-24
1509.630609,1.452e-25
1509.643089,3.854e-25
1509.665756,2.338e-26
1509.669189,2.3960000000000003e-26
1509.696381,1.48e-25
1509.703163,2.211e-26
1509.705032,2.268e-26
1509.718769,7.963000000000001e-26
1509.719405,3.527e-26
1509.721068,3.468e-26
1509.725068,3.5840000000000003e-26
1509.726247,3.526e-26
1509.742514,3.646e-25
1509.774586,8.397000000000001e-26
1509.814408,2.516e-24
1509.855976,1.607e-25
1509.870711,2.572e-24
1509.893881,1.4130000000000002e-26
1509.89517,1.3670000000000002e-26
1509.895981,2.5670000000000003e-26
1509.903772,1.6280000000000002e-26
1509.940795,9.51e-25
1509.958778,1.739e-25
1509.972111,5.492e-26
1509.973752,1.016e-26
1509.973782,1.035e-26
1509.977562,1.001e-26
1509.979256,5.652000000000001e-26
1509.99557,3.4110000000000006e-26
1510.001515,1.523e-25
1510.026321,1.774e-25
1510.082791,1.0490000000000002e-26
1510.083623,1.03e-26
1510.147403,1.447e-24
1510.193842,1.0079999999999999e-24
1510.247464,2.126e-26
1510.248345,2.183e-26
1510.251141,1.499e-24
1510.265277,1.716e-24
1510.280262,2.074e-25
1510.282497,4.8840000000000006e-26
1510.303441,1.8690000000000003e-26
1510.303854,1.814e-26
1510.318541,1.81e-24
1510.319259,5.256e-26
1510.340599,1.208e-26
1510.347976,7.904000000000001e-25
1510.349647,2.115e-25
1510.3538,1.159e-26
1510.366484,3.691e-26
1510.368923,3.8110000000000006e-26
1510.377449,1.204e-25
1510.382789,3.617e-25
1510.382975,2.65e-26
1510.387145,2.7140000000000005e-26
1510.388616,1.181e-25
1510.421118,2.289e-24
1510.426254,1.035e-26
1510.427652,1.065e-26
1510.434315,8.146e-25
1510.476079,2.3389999999999998e-24
1510.481808,1.738e-24
1510.491237,3.41e-25
1510.516413,1.779e-24
1510.527144,1.368e-24
1510.563662,2.806e-26
1510.565968,2.873e-26
1510.581819,1.11e-26
1510.582756,1.13e-26
1510.584629,1.809e-25
1510.595055,2.46e-25
1510.612705,2.683e-25
1510.617318,2.887e-26
1510.618245,2.955e-26
1510.618342,2.752e-25
1510.65787,1.746e-25
1510.659052,1.823e-25
1510.666359,2.511e-25
1510.673313,1.421e-24
1510.722476,1.7190000000000002e-25
1510.7274,2.694e-26
1510.728571,1.032e-26
1510.72922,1.055e-26
1510.730705,2.7630000000000004e-26
1510.743298,2.52e-26
1510.745084,2.5880000000000004e-26
1510.755323,1.171e-25
1510.765319,1.371e-24
1510.771388,1.106e-26
1510.772362,1.412e-24
1510.773335,1.125e-26
1510.779867,4.3720000000000006e-26
1510.781611,4.297e-26
1510.792218,1.202e-25
1510.79762,4.19e-25
1510.824736,4.501e-26
1510.825982,4.427e-26
1510.836715,4.297e-25
1510.857582,1.536e-26
1510.857712,1.738e-24
1510.858701,1.4840000000000002e-26
1510.865358,1.133e-26
1510.866846,1.11e-26
1510.903152,2.905e-25
1510.905745,1.058e-26
1510.906495,1.017e-26
1510.924739,6.709e-26
1510.926558,1.189e-24
1510.949752,7.78e-25
1510.956078,1.754e-25
1510.958071,1.799e-24
1510.959719,1.032e-26
1510.959856,1.28e-24
1510.962257,1.056e-26
1510.966286,1.79e-25
1510.976457,2.9670000000000003e-25
1510.982416,7.12e-26
1511.022208,2.068e-24
1511.035047,3.057e-24
1511.036654,3.202e-24
1511.075873,2.113e-24
1511.076789,1.2660000000000002e-26
1511.076837,1.2430000000000002e-26
1511.081586,1.691e-25
1511.099375,1.686e-25
1511.135833,1.084e-26
1511.143896,1.109e-26
1511.153917,4.376e-26
1511.15403,4.4450000000000006e-26
1511.156047,1.267e-26
1511.156959,1.242e-26
1511.204547,3.414e-25
1511.22163,8.28e-25
1511.258929,1.059e-26
1511.260437,1.036e-26
1511.2634,2.388e-26
1511.264042,2.4570000000000003e-26
1511.265047,2.437e-24
1511.279468,2.511e-24
1511.279939,3.488e-25
1511.294343,2.067e-26
1511.294727,2.004e-26
1511.324344,2.006e-25
1511.334684,1.137e-26
1511.336915,1.162e-26
1511.337369,1.262e-26
1511.351576,1.215e-26
1511.439963,3.166e-26
1511.445614,3.2420000000000003e-26
1511.454967,1.909e-25
1511.455106,3.364e-25
1511.465009,3.073e-26
1511.468791,3.1490000000000004e-26
1511.477403,1.516e-24
1511.499233,3.991e-25
1511.517742,4.8060000000000006e-26
1511.519145,4.921e-26
1511.529796,1.519e-25
1511.532103,1.609e-24
1511.545837,1.5660000000000002e-25
1511.562235,2.015e-24
1511.567783,3.16e-25
1511.569649,1.407e-25
1511.576806,4.079e-25
1511.580389,1.379e-25
1511.617669,1.857e-24
1511.642486,3.3330000000000006e-26
1511.64434,3.414e-26
1511.659388,2.084e-24
1511.670083,1.896e-24
1511.695565,1.382e-24
1511.706595,1.37e-26
1511.707458,1.395e-26
1511.708228,8.721e-25
1511.72529,2.692e-26
1511.731723,2.741e-26
1511.735067,1.037e-26
1511.735804,1.063e-26
1511.778102,2.859e-26
1511.779799,2.937e-26
1511.7848,3.0910000000000003e-26
1511.786876,1.237e-26
1511.787203,4.643000000000001e-25
1511.787961,3.172e-26
1511.790148,1.258e-26
1511.798824,8.999000000000001e-25
1511.816942,1.659e-26
1511.817841,1.6010000000000002e-26
1511.83034,1.111e-26
1511.830394,1.066e-26
1511.836548,5.395000000000001e-26
1511.838372,5.301e-26
1511.849179,1.438e-24
1511.867058,4.748e-25
1511.900254,1.3430000000000002e-26
1511.901811,1.315e-26
1511.917443,1.376e-26
1511.919312,1.4e-26
1511.920187,5.628e-26
1511.921499,5.534e-26
1511.94929,6.039e-25
1511.958802,2.069e-24
1511.982514,1.201e-26
1511.984335,1.23e-26
1511.99464,2.126e-24
1512.036846,2.192e-25
1512.05439,3.492e-26
1512.059899,3.577e-26
1512.06845,5.373e-25
1512.104139,2.806e-26
1512.11481,3.141e-26
1512.1402,1.256e-26
1512.144658,1.286e-26
1512.150695,5.498e-25
1512.161315,2.091e-25
1512.174883,1.542e-26
1512.175008,1.5130000000000003e-26
1512.200489,1.234e-25
1512.201215,5.297000000000001e-26
1512.207492,1.656e-24
1512.217345,1.424e-25
1512.220201,1.2820000000000002e-26
1512.224716,1.522e-26
1512.225706,1.492e-26
1512.227951,1.3110000000000002e-26
1512.242874,6.457e-25
1512.249775,1.2320000000000002e-26
1512.251314,1.204e-26
1512.251669,1.364e-25
1512.257349,4.794e-25
1512.258696,1.69e-24
1512.260087,3.073e-25
1512.260967,2.27e-24
1512.262248,5.668e-26
1512.270642,5.013e-26
1512.274491,2.668e-26
1512.275108,2.747e-26
1512.278982,5.151e-26
1512.27986,2.9930000000000003e-25
1512.280507,2.2740000000000003e-26
1512.280839,2.202e-26
1512.289121,1.4020000000000002e-25
1512.298173,4.92e-25
1512.308109,5.59e-26
1512.308144,5.667000000000001e-26
1512.319235,1.276e-26
1512.332073,3.336e-26
1512.334199,1.231e-26
1512.342966,6.186e-25
1512.352337,2.92e-25
1512.355076,2.3449999999999998e-24
1512.374099,1.291e-26
1512.379727,3.635e-26
1512.382391,2.875e-25
1512.427718,6.333e-25
1512.503004,3.5330000000000006e-26
1512.506915,3.623e-26
1512.517796,1.06e-26
1512.518272,1.031e-26
1512.565668,5.514e-26
1512.587358,1.885e-25
1512.588968,1.961e-25
1512.610744,7.084e-25
1512.661812,6.15e-26
1512.662644,6.280000000000001e-26
1512.698129,7.258000000000001e-25
1512.699864,3.7680000000000005e-26
1512.702906,3.862e-26
1512.75056,1.108e-26
1512.751361,1.158e-26
1512.751391,1.635e-25
1512.759987,1.2649999999999999e-24
1512.761675,1.602e-25
1512.763133,3.897e-26
1512.76502,3.993e-26
1512.771978,1.7810000000000003e-26
1512.772586,1.717e-26
1512.772931,2.365e-25
1512.775773,1.1880000000000002e-26
1512.776471,1.219e-26
1512.776902,2.453e-25
1512.791665,1.467e-24
1512.801921,2.4970000000000003e-25
1512.807358,3.2260000000000005e-26
1512.809143,3.3190000000000005e-26
1512.817519,1.354e-24
1512.826109,1.6820000000000002e-26
1512.826899,1.714e-26
1512.834629,3.527e-26
1512.837674,3.622e-26
1512.8417,1.497e-24
1512.854808,2.029e-26
1512.854917,1.379e-24
1512.857574,1.999e-26
1512.871774,8.07e-25
1512.883512,1.4180000000000002e-26
1512.884195,1.4520000000000003e-26
1512.889444,6.628000000000001e-26
1512.890206,1.544e-26
1512.891316,2.26e-25
1512.891346,6.511e-26
1512.893379,1.571e-26
1512.894009,3.891e-25
1512.90349,3.963e-25
1512.93101,1.585e-26
1512.93263,1.551e-26
1512.93896,4.3590000000000005e-25
1512.953905,2.495e-24
1512.961341,8.764e-25
1512.961928,8.272e-25
1512.962934,3.359e-24
1512.965264,3.505e-24
1513.004703,9.553e-25
1513.011417,7.006e-26
1513.012793,6.887000000000001e-26
1513.016621,1.438e-24
1513.04512,2.576e-24
1513.050288,1.247e-24
1513.055268,1.705e-26
1513.057063,1.736e-26
1513.058691,1.282e-24
1513.062691,9.55e-25
1513.085304,1.4010000000000002e-26
1513.087756,1.4350000000000002e-26
1513.126046,9.143e-25
1513.157882,9.866e-25
1513.172988,2.155e-26
1513.173458,2.124e-26
1513.208995,1.104e-26
1513.209058,1.076e-26
1513.21912,9.378e-25
1513.23712,1.4260000000000002e-26
1513.238677,1.393e-26
1513.257859,4.6860000000000005e-25
1513.261913,1.488e-26
1513.26193,2.488e-26
1513.26213,2.771e-25
1513.262182,2.407e-26
1513.268073,1.8690000000000003e-26
1513.268273,1.833e-26
1513.268623,2.043e-26
1513.269582,2.071e-26
1513.269694,1.5230000000000002e-26
1513.274257,1.529e-26
1513.28044,2.965e-26
1513.281034,3.0560000000000004e-26
1513.2888,1.821e-26
1513.289864,1.7840000000000002e-26
1513.292598,1.252e-26
1513.298768,2.185e-26
1513.30548,2.151e-26
1513.308102,1.211e-26
1513.370181,1.292e-24
1513.373551,1.03e-24
1513.382055,1.308e-25
1513.391336,2.58e-25
1513.394349,1.334e-25
1513.419084,1.318e-24
1513.456778,7.224000000000001e-26
1513.456779,7.109e-26
1513.45747,2.747e-24
1513.466742,2.521e-25
1513.469705,1.057e-24
1513.476289,2.836e-24
1513.47704,1.559e-26
1513.479084,1.597e-26
1513.481816,2.405e-24
1513.493517,4.7580000000000005e-26
1513.498422,5.217e-26
1513.518405,2.476e-24
1513.540154,1.196e-26
1513.54066,1.164e-26
1513.541151,3.864e-26
1513.571842,4.057e-26
1513.575046,4.2310000000000005e-26
1513.575449,4.1630000000000005e-26
1513.580166,2.412e-25
1513.580356,4.3380000000000006e-26
1513.607641,4.18e-26
1513.614278,1.154e-24
1513.641044,2.685e-24
1513.653454,2.906e-25
1513.66297,3.25e-25
1513.666974,1.1430000000000002e-26
1513.668824,1.197e-26
1513.676803,1.61e-26
1513.680843,1.637e-26
1513.711123,1.117e-25
1513.712772,5.454e-25
1513.713689,1.185e-24
1513.722657,1.901e-26
1513.722929,1.83e-26
1513.729508,2.771e-24
1513.732518,7.067e-26
1513.733145,7.179000000000001e-26
1513.74846,1.679e-25
1513.755422,5.603000000000001e-25
1513.768718,1.088e-25
1513.769193,1.734e-25
1513.774071,4.453e-26
1513.776014,4.566e-26
1513.792448,1.548e-25
1513.798404,7.784e-26
1513.799038,7.942e-26
1513.811383,1.354e-26
1513.812046,1.39e-26
1513.83071,1.595e-25
1513.831522,3.6260000000000005e-26
1513.833149,3.731e-26
1513.848214,1.285e-24
1513.857133,1.043e-26
1513.859121,1.012e-26
1513.87917,2.684e-26
1513.879779,4.0070000000000005e-26
1513.882702,4.117e-26
1513.903058,2.594e-26
1513.905298,2.736e-26
1513.906102,2.555e-26
1513.918147,2.8220000000000003e-25
1513.922864,1.89e-25
1513.932659,1.851e-25
1513.938551,8.106e-26
1513.940569,2.0570000000000003e-26
1513.941287,2.0960000000000003e-26
1513.943028,1.131e-24
1513.951076,1.321e-24
1513.957625,1.861e-26
1513.959301,1.82e-26
1513.975209,1.727e-26
1513.990834,1.153e-24
1514.005042,1.358e-24
1514.03454,1.126e-26
1514.042415,3.834e-26
1514.0444,1.144e-26
1514.052493,3.908e-26
1514.060686,1.927e-26
1514.063763,1.962e-26
1514.075345,1.422e-24
1514.098436,8.682e-26
1514.099858,8.533e-26
1514.104256,1.6160000000000002e-26
1514.105931,9.873e-25
1514.106097,1.656e-26
1514.107213,2.449e-25
1514.140952,1.213e-26
1514.14101,1.246e-26
1514.168244,1.068e-24
1514.175567,1.418e-24
1514.181872,1.4629999999999999e-24
1514.190023,4.6640000000000007e-26
1514.19016,2.1030000000000003e-26
1514.19188,2.1420000000000003e-26
1514.195439,4.7830000000000005e-26
1514.203389,2.6570000000000003e-25
1514.220965,1.6430000000000002e-26
1514.222525,1.6040000000000002e-26
1514.238608,2.707e-26
1514.238747,2.616e-26
1514.247591,2.268e-25
1514.260918,1.7010000000000002e-26
1514.263532,1.1930000000000002e-26
1514.26636,1.7420000000000003e-26
1514.266984,3.053e-25
1514.26841,2.791e-26
1514.269126,2.751e-26
1514.279396,1.156e-26
1514.281335,3.278e-26
1514.281928,3.3820000000000005e-26
1514.287363,2.358e-26
1514.288931,2.7440000000000004e-26
1514.295658,1.564e-24
1514.295954,2.702e-26
1514.311513,2.546e-25
1514.322379,2.839e-24
1514.32568,2.0350000000000003e-26
1514.334831,1.7430000000000002e-26
1514.343421,1.7870000000000002e-26
1514.348299,2.168e-26
1514.349434,2.123e-26
1514.356359,2.256e-26
1514.356632,2.212e-26
1514.388173,2.2570000000000003e-26
1514.404424,2.68e-26
1514.405168,2.718e-26
1514.406083,1.611e-24
1514.408224,2.927e-24
1514.411322,1.037e-24
1514.492565,1.028e-25
1514.499187,3.493e-25
1514.50326,1.968e-25
1514.505025,2.042e-25
1514.509134,1.709e-24
1514.510197,9.843e-25
1514.511482,1.0729999999999999e-24
1514.513863,1.008e-25
1514.525353,3.56e-25
1514.556941,1.003e-24
1514.557391,1.344e-26
1514.557921,1.307e-26
1514.579608,1.168e-26
1514.580364,4.4750000000000005e-26
1514.582748,1.226e-26
1514.589527,4.59e-26
1514.600968,9.151e-26
1514.601033,9.002000000000001e-26
1514.601664,4.6220000000000005e-26
1514.605338,4.746e-26
1514.623719,1.762e-24
1514.668862,1.937e-26
1514.669025,2.016e-26
1514.686741,2.033e-26
1514.690582,2.0690000000000003e-26
1514.715757,1.856e-24
1514.787714,8.270000000000001e-26
1514.81349,4.9670000000000006e-26
1514.816715,5.097e-26
1514.831539,7.2e-26
1514.831941,7.784e-26
1514.83479,1.914e-24
1514.841762,1.536e-26
1514.842393,1.578e-26
1514.850229,4.053e-26
1514.851796,4.174e-26
1514.85611,1.153e-26
1514.858084,1.118e-26
1514.862026,1.5630000000000002e-25
1514.866681,1.924e-26
1514.872769,2.087e-26
1514.874711,2.769e-25
1514.875811,2.124e-26
1514.881274,3.567e-24
1514.884034,3.71e-24
1514.88553,5.166e-26
1514.885973,1.517e-25
1514.887825,5.299000000000001e-26
1514.900791,9.035e-26
1514.901331,9.181e-26
1514.915504,2e-24
1514.917896,4.5280000000000006e-26
1514.918886,1.521e-25
1514.920716,4.6560000000000005e-26
1514.929196,9.796e-26
1514.929623,9.99e-26
1514.93788,2.5490000000000004e-26
1514.942857,5.9e-25
1514.948374,3.302e-26
1514.951689,3.2520000000000003e-26
1514.978852,2.6570000000000003e-25
1514.980099,2.175e-26
1514.981823,2.126e-26
1514.985917,9.689e-26
1514.997906,2.953e-24
1514.999907,6.549e-25
1515.013026,2.7980000000000003e-26
1515.017728,1.9130000000000003e-26
1515.018454,1.96e-26
1515.021606,2.088e-26
1515.022542,1.3550000000000002e-26
1515.030922,1.381e-26
1515.039308,2.065e-24
1515.044695,2.724e-24
1515.049816,2.504e-26
1515.050464,2.553e-26
1515.053074,5.449e-25
1515.057263,5.9740000000000005e-25
1515.058899,2.126e-25
1515.070284,1.361e-26
1515.070502,1.398e-26
1515.071677,8.515e-25
1515.081255,3.043e-24
1515.082242,2.8099999999999998e-24
1515.084252,2.1720000000000003e-25
1515.093517,2.126e-25
1515.108351,2.139e-24
1515.116519,5.473e-25
1515.11739,8.675e-25
1515.129349,5.58e-25
1515.14577,1.316e-24
1515.163894,2.3860000000000003e-26
1515.164174,6.172e-25
1515.166886,2.43e-26
1515.18117,1.071e-25
1515.182688,1.053e-25
1515.189791,1.865e-26
1515.19216,1.9130000000000003e-26
1515.201311,1.883e-26
1515.202856,1.837e-26
1515.208757,6.346e-25
1515.209604,1.956e-25
1515.210524,2.8260000000000005e-26
1515.210535,2.928e-26
1515.237288,2.212e-24
1515.237653,1.107e-26
1515.253744,1.074e-26
1515.270815,1.654e-25
1515.276923,3.4320000000000004e-26
1515.277118,3.6060000000000006e-26
1515.277725,3.7230000000000006e-26
1515.28425,3.3780000000000004e-26
1515.29427,2.27e-24
1515.295626,7.295e-25
1515.310432,1.3160000000000002e-26
1515.31765,2.5840000000000003e-26
1515.319298,2.6320000000000004e-26
1515.325951,1.378e-24
1515.332238,1.3550000000000002e-26
1515.348761,1.11e-24
1515.358103,1.1389999999999999e-24
1515.360314,3.6e-26
1515.36127,3.547e-26
1515.366272,2.005e-26
1515.371604,1.712e-25
1515.373773,2.054e-26
1515.403215,2.5690000000000003e-26
1515.404416,2.5150000000000003e-26
1515.405923,3.835e-25
1515.411032,1.767e-25
1515.428748,2.35e-24
1515.439745,2.711e-26
1515.44009,2.657e-26
1515.441787,7.821e-25
1515.453535,3.1200000000000003e-26
1515.454964,3.1630000000000005e-26
1515.473229,2.388e-24
1515.477511,3.735e-25
1515.488426,1.1820000000000002e-26
1515.493159,1.244e-26
1515.50854,7.092e-25
1515.536264,3.5e-26
1515.536798,3.55e-26
1515.569504,1.503e-26
1515.57005,1.4600000000000002e-26
1515.578588,7.793e-25
1515.58794,3.013e-24
1515.598758,2.1010000000000003e-26
1515.600628,2.154e-26
1515.607154,2.411e-26
1515.610374,2.036e-26
1515.611074,2.123e-26
1515.611352,3.1169999999999998e-24
1515.61149,2.4540000000000003e-26
1515.613711,2.4749999999999998e-24
1515.617508,2.859e-25
1515.627459,7.324e-25
1515.637252,3.741e-26
1515.645189,2.489e-24
1515.657311,5.254000000000001e-26
1515.66075,5.399e-26
1515.664206,3.8160000000000006e-26
1515.667619,3.028e-24
1515.672172,7.459e-25
1515.688572,5.547e-26
1515.693539,5.696e-26
1515.71686,2.747e-25
1515.739856,1.154e-25
1515.739933,1.135e-25
1515.748588,3.118e-24
1515.754069,1.117e-24
1515.792203,2.583e-24
1515.810104,2.567e-24
1515.850057,1.269e-26
1515.852,1.229e-26
1515.859618,1.157e-24
1515.863583,4.507e-26
1515.865106,4.6460000000000005e-26
1515.867003,1.734e-26
1515.867606,1.783e-26
1515.882014,5.842e-26
1515.884039,5.997e-26
1515.902313,1.8010000000000002e-25
1515.924552,1.802e-25
1515.927952,1.864e-25
1515.928996,2.136e-25
1515.94467,2.539e-26
1515.948111,2.5840000000000003e-26
1515.951057,5.092e-26
1515.953774,5.241e-26
1515.964257,2.669e-24
1515.96792,2.618e-24
1515.967938,1.061e-25
1515.969201,1.078e-25
1515.985448,2.077e-25
1515.990743,4.185e-26
1515.994321,4.121e-26
1515.997056,1.5180000000000002e-26
1515.99748,1.561e-26
1515.998432,2.53e-26
1516.000194,2.472e-26
1516.022623,1.598e-26
1516.02538,1.196e-25
1516.027505,1.174e-25
1516.028586,8.775e-26
1516.030086,1.631e-26
1516.0474,1.11e-25
1516.053545,1.225e-25
1516.053889,1.249e-25
1516.060529,3.927e-25
1516.089428,1.6450000000000002e-25
1516.118566,2.634e-24
1516.118862,1.071e-25
1516.122129,1.001e-25
1516.129913,2.726e-24
1516.153988,3.035e-26
1516.154565,3.0950000000000004e-26
1516.177505,3.035e-26
1516.177532,6.264000000000001e-25
1516.17771,3.15e-26
1516.178159,2.1470000000000003e-26
1516.179668,2.094e-26
1516.180316,2.5970000000000005e-26
1516.182775,2.6420000000000003e-26
1516.204294,2.133e-26
1516.205119,4.219e-25
1516.206148,2.189e-26
1516.221274,6.377e-25
1516.235736,2.4820000000000003e-25
1516.243948,4.88e-25
1516.244424,2.429e-25
1516.259699,1.316e-25
1516.260975,2.92e-25
1516.261278,1.293e-25
1516.261959,2.61e-24
1516.262734,4.273e-26
1516.267811,3.944e-26
1516.268454,4.077e-26
1516.270354,4.204e-26
1516.27098,4.978000000000001e-25
1516.276916,1.254e-24
1516.289222,2.747e-24
1516.29826,5.336e-26
1516.302181,2.7150000000000003e-26
1516.303107,6.113e-26
1516.305727,2.7630000000000004e-26
1516.308404,6.278000000000001e-26
1516.311924,5.445000000000001e-26
1516.318112,2.951e-26
1516.321012,3.005e-26
1516.331512,3.065e-24
1516.357197,2.8090000000000003e-25
1516.360368,2.263e-26
1516.364351,2.32e-26
1516.376656,1.037e-26
1516.380881,1.065e-26
1516.393381,1.1820000000000002e-26
1516.39799,2.5379999999999998e-24
1516.399952,1.991e-25
1516.40009,1.2490000000000002e-26
1516.401629,2.061e-25
1516.402775,8.837e-25
1516.402808,9.553e-25
1516.410208,3.153e-24
1516.413697,1.002e-26
1516.420315,1.036e-26
1516.429906,2.333e-26
1516.436884,2.392e-26
1516.441536,3.16e-26
1516.442247,2.7269999999999998e-24
1516.443111,3.22e-26
1516.448689,4.6220000000000005e-26
1516.44988,4.554e-26
1516.453547,3.0310000000000005e-26
1516.454811,2.966e-26
1516.467716,1.316e-24
1516.518232,3.2420000000000003e-26
1516.518647,3.176e-26
1516.526521,2.4099999999999998e-24
1516.547452,2.1250000000000003e-26
1516.548813,2.22e-26
1516.576489,1.6720000000000002e-26
1516.577041,1.622e-26
1516.589067,2.658e-24
1516.611868,6.943000000000001e-25
1516.615406,4.1090000000000005e-26
1516.616662,4.1670000000000006e-26
1516.641706,3.005e-24
1516.646931,9.995e-27
1516.647365,2.22e-24
1516.650702,1.027e-26
1516.658503,7.146e-25
1516.664133,4.5520000000000007e-26
1516.664461,4.619e-26
1516.674628,1.016e-26
1516.678801,5.931000000000001e-26
1516.680577,3.106e-24
1516.682259,6.099000000000001e-26
1516.699928,1.49e-25
1516.718858,1.459e-25
1516.721886,5.3270000000000005e-25
1516.729785,2.531e-24
1516.76027,1.958e-24
1516.764685,5.422e-25
1516.784062,3.669e-24
1516.786995,3.806e-24
1516.81364,2.126e-26
1516.820328,1.68e-25
1516.838973,1.388e-26
1516.839939,2.202e-26
1516.840119,1.488e-25
1516.840862,1.3430000000000002e-26
1516.864536,2.3369999999999998e-24
1516.864881,1.616e-24
1516.868592,3.493e-25
1516.871574,4.9860000000000007e-26
1516.873065,5.145e-26
1516.874146,1.449e-25
1516.874284,1.425e-25
1516.887018,1.948e-26
1516.887598,2.004e-26
1516.897028,3.907e-26
1516.904541,6.425e-26
1516.906404,3.9999999999999996e-26
1516.907804,6.603000000000001e-26
1516.913956,1.043e-25
1516.914587,1.029e-25
1516.916464,2.848e-25
1516.916687,1.134e-26
1516.92127,1.683e-26
1516.921952,1.7330000000000002e-26
1516.921975,1.165e-26
1516.937181,1.081e-26
1516.941461,1.109e-26
1516.946023,3.99e-25
1516.960678,1.183e-24
1516.96126,4.562e-25
1516.961883,1.812e-25
1516.97287,2.766e-25
1516.977571,5.697000000000001e-26
1516.978168,3.145e-26
1516.980199,5.868000000000001e-26
1516.98181,3.2020000000000005e-26
1516.983492,1.842e-25
1516.984111,6.724e-26
1516.986672,6.906e-26
1516.989579,3.064e-24
1516.993501,2.068e-24
1517.012624,2.928e-26
1517.014414,2.86e-26
1517.017271,2.9580000000000003e-25
1517.018193,1.867e-26
1517.020304,1.346e-25
1517.024511,1.904e-25
1517.024686,1.91e-26
1517.030154,5.281e-26
1517.033989,5.199000000000001e-26
1517.044028,5.127e-25
1517.04686,6.481e-25
1517.063094,1.443e-25
1517.065288,1.416e-25
1517.066103,3.15e-24
1517.090871,1.192e-24
1517.108996,2.85e-25
1517.116928,1.712e-24
1517.131167,2.5320000000000004e-26
1517.131943,2.5980000000000003e-26
1517.139674,3.2410000000000005e-26
1517.140128,3.3680000000000005e-26
1517.142185,1.355e-25
1517.143393,1.377e-25
1517.151509,2.436e-26
1517.152959,2.3740000000000003e-26
1517.172332,1.525e-25
1517.172556,1.555e-25
1517.177829,3.2360000000000005e-26
1517.180959,3.294e-26
1517.202282,1.238e-24
1517.215419,1.455e-25
1517.215839,1.4790000000000002e-25
1517.223492,9.695e-26
1517.235168,1.258e-24
1517.246352,5.296e-26
1517.252982,3.662e-26
1517.253391,4.291e-26
1517.253491,3.735e-26
1517.254092,4.4410000000000005e-26
1517.254258,5.21e-26
1517.260511,4.505e-25
1517.270879,1.076e-26
1517.27245,1.015e-26
1517.273151,2.438e-26
1517.275441,2.5030000000000003e-26
1517.278324,1.114e-26
1517.283573,7.524000000000001e-25
1517.294408,1.167e-26
1517.299702,7.678e-25
1517.302393,4.584e-25
1517.303588,1.2380000000000002e-26
1517.327342,3.244e-26
1517.330245,3.3040000000000005e-26
1517.33398,1.61e-25
1517.335621,1.58e-25
1517.338155,1.629e-26
1517.348737,6.927000000000001e-25
1517.362555,1.68e-26
1517.363373,1.38e-25
1517.369697,1.3e-25
1517.377493,2.82e-25
1517.385552,2.758e-25
1517.39828,1.172e-24
1517.415622,5.12e-26
1517.419311,3.622e-26
1517.422135,3.69e-26
1517.443511,5.226000000000001e-26
1517.448941,2.653e-26
1517.45333,4.4410000000000005e-26
1517.456161,2.722e-26
1517.480076,2.2e-26
1517.482251,2.304e-26
1517.499296,3.5590000000000004e-26
1517.500617,3.4810000000000004e-26
1517.533525,5.91e-26
1517.534944,5.821e-26
1517.558632,3.8460000000000005e-26
1517.560137,3.921e-26
1517.578342,1.85e-26
1517.578889,1.7940000000000002e-26
1517.591823,3.86e-26
1517.592305,3.78e-26
1517.600815,1.233e-24
1517.625589,2.9670000000000003e-25
1517.628087,1.128e-26
1517.631614,1.159e-26
1517.64099,1.085e-26
1517.641814,3.03e-24
1517.64392,1.044e-26
1517.656569,9.669e-25
1517.659198,3.208e-24
1517.66576,9.893e-25
1517.666728,1.1610000000000002e-25
1517.667655,1.146e-25
1517.687432,3.328e-24
1517.699948,2.779e-26
1517.701657,2.8520000000000003e-26
1517.702989,1.383e-24
1517.706333,1.292e-24
1517.711513,1.189e-25
1517.714974,2.861e-25
1517.71626,3.113e-24
1517.721298,6.675000000000001e-26
1517.724577,6.869000000000001e-26
1517.772968,5.39e-26
1517.774054,5.467e-26
1517.780326,1.201e-26
1517.780567,7.133000000000001e-26
1517.784613,1.235e-26
1517.78518,7.335000000000001e-26
1517.788021,5.895e-26
1517.788148,5.982e-26
1517.793396,3.79e-25
1517.822855,1.51e-26
1517.824664,1.459e-26
1517.828659,3.706e-25
1517.834386,3.855e-25
1517.842926,1.856e-26
1517.843926,1.9130000000000003e-26
1517.855852,1.027e-25
1517.859122,1.009e-25
1517.874213,5.488000000000001e-26
1517.875684,5.668e-26
1517.885469,3.595e-25
1517.88692,1.014e-25
1517.901863,2.177e-26
1517.902425,2.2420000000000003e-26
1517.904851,1.336e-25
1517.905929,1.3190000000000002e-25
1517.907106,1.242e-26
1517.911464,1.064e-25
1517.911903,1.276e-26
1517.917819,3.736e-26
1517.922053,3.804e-26
1517.966335,7.524000000000001e-26
1517.968437,7.734000000000001e-26
1517.994249,1.871e-25
1517.998939,6.342e-26
1518.001483,6.538e-26
1518.003283,1.812e-25
1518.003477,1.781e-25
1518.007073,6.687e-25
1518.009724,1.383e-25
1518.010434,1.365e-25
1518.018438,2.154e-26
1518.022673,3.3730000000000004e-26
1518.024281,2.207e-26
1518.024479,3.292e-26
1518.02505,1.941e-25
1518.035049,6.825e-25
1518.056202,7.764e-25
1518.066596,6.634e-26
1518.07068,6.529e-26
1518.097002,1.734e-25
1518.097022,3.438e-26
1518.097789,3.5780000000000004e-26
1518.099263,1.7e-25
1518.105017,7.999e-25
1518.121363,2.75e-26
1518.122726,2.677e-26
1518.126426,1.266e-25
1518.127095,1.147e-26
1518.12713,1.283e-25
1518.135535,1.189e-26
1518.191417,1.136e-26
1518.203711,1.209e-26
1518.206253,3.9040000000000005e-26
1518.209414,3.976e-26
1518.227766,6.535000000000001e-26
1518.23386,4.642e-26
1518.234647,4.81e-26
1518.235949,6.427000000000001e-26
1518.267543,3.223e-24
1518.267546,1.356e-25
1518.271256,1.376e-25
1518.271603,1.103e-26
1518.272319,1.955e-25
1518.273698,2.02e-25
1518.274669,1.136e-26
1518.282554,2.7630000000000004e-26
1518.284417,2.839e-26
1518.285114,1.887e-25
1518.285275,1.925e-25
1518.288209,2.965e-24
1518.30819,3.34e-24
1518.310387,1.518e-25
1518.311509,1.7240000000000002e-25
1518.312684,1.752e-25
1518.320532,3.17e-25
1518.346885,4.398e-26
1518.347328,4.488e-26
1518.360654,3.224e-25
1518.360665,3.044e-24
1518.365715,1.833e-25
1518.36614,1.864e-25
1518.39385,7.863000000000001e-26
1518.399005,8.086e-26
1518.40401,1.96e-25
1518.404897,2.955e-25
1518.405711,1.924e-25
1518.408225,2.2590000000000003e-26
1518.411402,2.372e-26
1518.411793,1.245e-25
1518.412353,1.229e-25
1518.421657,1.26e-24
1518.434975,4.777e-25
1518.438593,2.9540000000000004e-26
1518.442165,3.033e-26
1518.446359,1.3330000000000002e-26
1518.45032,1.371e-26
1518.456624,2.49e-25
1518.468254,4.0110000000000006e-26
1518.470417,4.0850000000000005e-26
1518.48988,2.852e-25
1518.496675,7.255e-26
1518.502047,3.064e-26
1518.505976,4.644000000000001e-25
1518.508453,3.145e-26
1518.509639,1.0709999999999999e-24
1518.5097,3.185e-25
1518.512692,1.037e-25
1518.513868,7.410000000000001e-26
1518.517026,1.051e-25
1518.517065,3.112e-25
1518.536795,1.142e-25
1518.539036,1.123e-25
1518.539462,1.31e-24
1518.540462,4.16e-26
1518.541834,4.066e-26
1518.558597,4.437e-26
1518.561336,4.522e-26
1518.561888,2.905e-25
1518.565907,1.12e-25
1518.570242,1.684e-25
1518.571742,1.098e-25
1518.57506,2.0370000000000003e-26
1518.575589,1.973e-26
1518.57914,1.597e-25
1518.602457,1.15e-26
1518.60507,1.105e-26
1518.608056,4.193e-26
1518.611604,4.269e-26
1518.614812,7.523000000000001e-26
1518.616453,7.409e-26
1518.622886,1.923e-25
1518.636084,5.875000000000001e-26
1518.637564,5.957e-26
1518.660518,4.575e-26
1518.661064,4.478e-26
1518.66569,3.662e-24
1518.665985,1.993e-25
1518.668569,3.79e-24
1518.669394,4.7e-25
1518.671632,4.662e-26
1518.673017,1.269e-26
1518.673067,4.755e-26
1518.676621,1.3060000000000002e-26
1518.725211,1.13e-24
1518.727407,4.558e-25
1518.729581,2.367e-26
1518.732899,1.677e-25
1518.734267,7.463000000000001e-26
1518.737531,7.687000000000001e-26
1518.758161,2.4520000000000003e-26
1518.762023,2.034e-26
1518.763413,2.0980000000000003e-26
1518.78899,2.103e-25
1518.801702,1.634e-26
1518.803401,1.5770000000000002e-26
1518.80609,2.056e-25
1518.830356,1.167e-25
1518.831716,1.147e-25
1518.841299,1.571e-25
1518.841908,2.6380000000000003e-25
1518.842271,1.551e-25
1518.845464,2.015e-25
1518.87149,6.009000000000001e-26
1518.872956,6.212e-26
1518.881184,2.682e-25
1518.90785,7.715000000000001e-26
1518.90792,7.601000000000001e-26
1518.911479,2.421e-26
1518.912029,2.4960000000000003e-26
1518.923007,1.226e-25
1518.92308,1.212e-25
1518.926213,7.040000000000001e-26
1518.927131,7.142e-26
1518.928759,2.873e-24
1518.93547,1.392e-26
1518.939664,1.431e-26
1518.954512,1.262e-25
1518.957784,1.2390000000000002e-25
1518.961161,1.253e-25
1518.961852,1.853e-24
1518.9619,1.458e-26
1518.965627,1.229e-25
1518.966933,1.5e-26
1518.967998,1.746e-24
1518.968439,2.913e-25
1518.973041,8.154e-26
1518.976169,8.386000000000001e-26
1518.982362,1.213e-26
1518.991994,1.259e-26
1518.999307,2.948e-24
1519.013947,7.024e-26
1519.014551,2.466e-26
1519.016419,7.248e-26
1519.019752,2.53e-26
1519.028578,3.866e-26
1519.030387,3.771e-26
1519.041971,1.787e-25
1519.043108,1.763e-25
1519.049534,3.623e-26
1519.05069,3.7770000000000006e-26
1519.051863,2.8140000000000003e-25
1519.058853,8.591e-26
1519.061618,8.837000000000001e-26
1519.084283,1.085e-26
1519.08772,3.087e-26
1519.088966,3.0030000000000003e-26
1519.10006,8.297e-26
1519.100546,1.161e-26
1519.10211,1.828e-25
1519.102898,1.804e-25
1519.104385,8.164e-26
1519.108791,1.008e-25
1519.127102,2.072e-25
1519.127708,2.255e-25
1519.127953,2.216e-25
1519.129423,2.032e-25
1519.140522,1.096e-25
1519.140961,1.109e-25
1519.16318,1.652e-25
1519.163781,1.675e-25
1519.206967,8.028e-26
1519.209205,4.993e-26
1519.210109,5.181000000000001e-26
1519.210278,6.875e-26
1519.215418,7.892e-26
1519.216042,3.3400000000000003e-26
1519.223722,3.287e-26
1519.223898,3.399e-26
1519.224558,3.377e-26
1519.239273,7.024e-26
1519.248534,4.7780000000000005e-26
1519.25198,4.8690000000000007e-26
1519.270708,1.2270000000000002e-26
1519.27372,1.265e-26
1519.329517,1.988e-26
1519.331868,2.299e-26
1519.33535,3.126e-26
1519.336283,2.42e-26
1519.33757,3.214e-26
1519.356435,2.051e-26
1519.357513,2.184e-25
1519.38656,1.901e-25
1519.388971,1.932e-25
1519.392445,2.3260000000000003e-25
1519.392514,2.373e-25
1519.395966,2.22e-25
1519.399263,1.011e-24
1519.418642,1.032e-24
1519.435635,5.259000000000001e-26
1519.436012,5.369e-26
1519.436436,5.575e-25
1519.443325,1.184e-25
1519.443791,1.165e-25
1519.460844,4.931e-26
1519.464093,5.024e-26
1519.469783,2.375e-25
1519.471543,2.33e-25
1519.472105,1.189e-25
1519.472248,1.17e-25
1519.475189,2.183e-25
1519.476315,2.22e-25
1519.477386,1.338e-25
1519.481583,1.357e-25
1519.483063,1.692e-25
1519.487876,1.715e-25
1519.497561,8.628e-25
1519.502292,1.041e-26
1519.502693,5.634000000000001e-25
1519.504854,1.003e-26
1519.509696,2.302e-25
1519.509875,2.3430000000000003e-25
1519.509998,3.448e-26
1519.516918,3.542e-26
1519.5487,8.901e-25
1519.559029,1.211e-26
1519.56124,1.162e-26
1519.563454,2.758e-24
1519.56664,2.231e-26
1519.567134,2.158e-26
1519.574704,1.903e-25
1519.577045,4.839e-26
1519.578461,4.727e-26
1519.610742,9.532e-25
1519.610996,4.9570000000000007e-26
1519.614077,5.0510000000000005e-26
1519.614468,1.698e-25
1519.615063,1.677e-25
1519.620379,1.333e-25
1519.626181,1.306e-25
1519.632173,2.828e-24
1519.632529,3.574e-25
1519.639127,3.4899999999999998e-25
1519.650783,1.416e-25
1519.652401,1.4180000000000002e-26
1519.653026,1.391e-25
1519.655788,1.461e-26
1519.656213,5.398000000000001e-26
1519.65888,5.504e-26
1519.67477,3.312e-24
1519.67856,2.216e-26
1519.680421,2.288e-26
1519.692539,9.535e-26
1519.694397,9.388e-26
1519.70812,3.445e-24
1519.714414,1.098e-25
1519.721946,1.131e-25
1519.724319,5.398000000000001e-26
1519.724926,5.281e-26
1519.744715,1.962e-25
1519.746345,1.319e-24
1519.755776,1.869e-25
1519.763703,8.314000000000001e-26
1519.766832,8.571e-26
1519.775512,1.7570000000000002e-26
1519.777065,1.6940000000000002e-26
1519.778293,5.625e-26
1519.779659,5.739e-26
1519.780696,3.608e-26
1519.782257,3.707e-26
1519.782872,2.855e-25
1519.784801,8.981000000000001e-25
1519.793534,1.524e-26
1519.797586,1.5690000000000003e-26
1519.80146,1.218e-25
1519.813881,9.176e-25
1519.814265,7.738e-26
1519.815613,7.849e-26
1519.836689,1.2710000000000002e-26
1519.840892,1.0089999999999999e-24
1519.847753,1.322e-26
1519.850983,8.994e-26
1519.855289,9.264e-26
1519.861805,2.761e-25
1519.863409,6.543e-26
1519.864886,6.773e-26
1519.867337,1.7980000000000002e-25
1519.871146,1.373e-24
1519.894709,1.5870000000000002e-26
1519.899365,1.632e-26
1519.904988,1.828e-25
1519.915899,2.679e-26
1519.915964,2.8399999999999998e-25
1519.916446,2.7640000000000003e-26
1519.917318,3.358e-24
1519.926776,1.255e-25
1519.959681,1.459e-25
1519.96027,3.488e-24
1519.96104,1.434e-25
1519.962914,1.052e-25
1519.969174,8.252e-25
1519.972823,1.013e-26
1519.980341,1.3250000000000002e-25
1519.981338,1.009e-25
1519.983821,1.157e-25
1519.985316,1.179e-25
1519.987728,1.368e-25
1519.994214,1.09e-26
1519.997193,3.791e-26
1519.998832,3.961e-26
1520.011351,2.7970000000000005e-26
1520.011696,2.118e-25
1520.012715,2.09e-25
1520.015542,5.619000000000001e-25
1520.016095,2.873e-26
1520.023557,9.907e-26
1520.02367,7.738e-26
1520.023819,9.759e-26
1520.026079,7.993e-26
1520.027067,9.509e-26
1520.02796,1.878e-25
1520.029241,9.789e-26
1520.03034,4.41e-26
1520.032135,4.2990000000000006e-26
1520.035212,1.512e-25
1520.039666,1.4830000000000002e-25
1520.048395,1.543e-25
1520.050582,3.448e-26
1520.051665,1.515e-25
1520.051675,3.351e-26
1520.059517,2.136e-26
1520.060566,1.0820000000000002e-25
1520.064251,1.955e-25
1520.075132,9.156e-26
1520.075886,9.29e-26
1520.088474,2.054e-26
1520.115907,1.866e-25
1520.116815,1.924e-25
1520.130535,1.033e-25
1520.133616,1.267e-25
1520.135094,1.016e-25
1520.15,1.687e-25
1520.150099,1.666e-25
1520.153386,2.466e-25
1520.155766,2.417e-25
1520.159408,7.007e-25
1520.17527,2.379e-25
1520.176469,2.348e-25
1520.179419,5.338e-26
1520.180481,5.548000000000001e-26
1520.183945,9.816e-26
1520.184005,2.335e-24
1520.19111,2.405e-25
1520.191978,2.372e-25
1520.192288,2.624e-24
1520.192491,2.2129999999999998e-24
1520.192654,9.646e-26
1520.193188,1.343e-25
1520.193323,1.365e-25
1520.197047,2.147e-25
1520.197545,2.1770000000000003e-25
1520.20646,5.688e-26
1520.210576,5.795000000000001e-26
1520.215182,6.786e-25
1520.227636,2.203e-25
1520.230256,2.238e-25
1520.230591,1.206e-25
1520.235832,1.182e-25
1520.247075,2.795e-25
1520.247372,2.746e-25
1520.250968,2.316e-26
1520.256917,2.446e-26
1520.25925,2.69e-24
1520.263466,1.359e-26
1520.266416,1.402e-26
1520.271447,1.268e-25
1520.272355,1.284e-25
1520.284965,1.946e-25
1520.2873,1.5680000000000002e-25
1520.289239,2.77e-25
1520.29502,1.622e-25
1520.33071,2.023e-25
1520.338982,3.5100000000000004e-26
1520.340844,3.612e-26
1520.367419,2.681e-25
1520.371371,1.473e-25
1520.389326,1.519e-25
1520.389747,1.538e-25
1520.399237,7.809e-26
1520.408239,1.497e-25
1520.416544,1.134e-25
1520.439634,1.7190000000000002e-25
1520.443696,1.743e-25
1520.452938,5.882e-26
1520.455923,5.995e-26
1520.462439,9.92e-26
1520.46743,1.022e-25
1520.486922,1.139e-26
1520.489882,1.095e-26
1520.494054,2.91e-25
1520.495138,1.681e-26
1520.495629,3.783e-26
1520.498852,1.731e-26
1520.499059,3.891e-26
1520.510707,1.267e-26
1520.512411,1.212e-26
1520.519285,6.259e-26
1520.519599,6.393e-26
1520.521127,3.552e-24
1520.52376,3.668e-24
1520.531294,2.866e-25
1520.531556,2.601e-25
1520.533112,2.8110000000000003e-25
1520.552178,3.95e-26
1520.55308,2.43e-26
1520.55352,2.348e-26
1520.558272,4.06e-26
1520.564911,2.256e-25
1520.568205,2.29e-25
1520.578582,1.205e-25
1520.584769,1.223e-25
1520.585833,1.504e-25
1520.586154,1.4790000000000002e-25
1520.592532,2.3980000000000003e-26
1520.594961,2.48e-26
1520.609043,5.602e-26
1520.610495,5.470000000000001e-26
1520.623232,2.662e-26
1520.626326,1.819e-25
1520.633718,2.753e-25
1520.634809,2.8e-25
1520.634904,1.887e-25
1520.641798,9.635e-26
1520.644826,2.537e-25
1520.649385,2.928e-25
1520.652775,2.694e-25
1520.653907,2.756e-26
1520.662471,9.851e-26
1520.67033,1.579e-25
1520.674164,2.4860000000000003e-25
1520.676092,1.547e-25
1520.676559,2.527e-25
1520.679323,1.58e-26
1520.68004,3.4180000000000003e-26
1520.682772,1.629e-26
1520.690079,1.32e-26
1520.701305,8.212000000000001e-25
1520.702867,1.376e-26
1520.737574,6.075e-26
1520.739775,6.191e-26
1520.744287,1.879e-26
1520.745647,1.8080000000000003e-26
1520.746147,3.985e-25
1520.751893,3.888e-25
1520.759881,1.747e-25
1520.762125,1.716e-25
1520.766697,1.203e-25
1520.767923,9.204e-26
1520.768765,1.184e-25
1520.771015,9.497e-26
1520.772336,2.885e-25
1520.78164,6.552000000000001e-26
1520.783226,6.339000000000001e-26
1520.78389,6.199e-26
1520.784231,6.683000000000001e-26
1520.788159,2.8180000000000003e-25
1520.809792,8.256e-25
1520.81268,2.307e-25
1520.813311,2.278e-25
1520.815253,2.476e-24
1520.818047,1.029e-25
1520.849963,7.085000000000001e-26
1520.851471,7.343e-26
1520.868575,7.959e-25
1520.869603,1.201e-25
1520.8805,6.757e-26
1520.880526,2.537e-24
1520.881798,6.896e-26
1520.88181,2.397e-25
1520.882417,1.05e-25
1520.892251,6.362e-26
1520.892374,2.193e-25
1520.895813,6.483e-26
1520.90524,2.098e-25
1520.905708,1.22e-25
1520.91298,1.515e-25
1520.913693,1.54e-25
1520.915083,2.9490000000000004e-26
1520.915393,1.759e-26
1520.915636,3.045e-26
1520.919499,1.811e-26
1520.936384,9.528e-25
1520.939981,3.939e-26
1520.942218,4.1240000000000005e-26
1520.946607,2.509e-25
1520.947866,8.721e-25
1520.949094,2.55e-25
1520.956876,1.125e-25
1520.987864,1.015e-25
1520.98813,2.066e-25
1520.989083,1.03e-25
1520.989394,1.839e-26
1520.990006,9.842e-25
1520.994187,1.894e-26
1520.998149,2.149e-25
1521.003911,3.15e-26
1521.008219,3.239e-26
1521.00995,3.829e-26
1521.010849,3.718e-26
1521.017559,9.053e-26
1521.019025,1.015e-25
1521.022254,1.046e-25
1521.02725,8.48e-26
1521.027956,5.005e-26
1521.029607,8.769000000000001e-26
1521.029719,4.8750000000000005e-26
1521.047856,9.257e-26
1521.055999,1.158e-25
1521.064836,1.364e-24
1521.083904,1.816e-25
1521.085245,1.784e-25
1521.104604,1.817e-25
1521.104731,1.024e-26
1521.10663,1.062e-26
1521.109043,1.781e-25
1521.109846,1.077e-25
1521.112777,1.11e-25
1521.135261,1.267e-25
1521.13571,1.247e-25
1521.137504,1.879e-25
1521.140773,1.844e-25
1521.144492,5.673e-26
1521.145757,5.905e-26
1521.153971,2.675e-25
1521.158011,1.281e-25
1521.158691,1.195e-25
1521.162796,1.26e-25
1521.165472,2.3080000000000003e-26
1521.167648,1.174e-25
1521.173337,2.4450000000000003e-26
1521.17354,1.522e-25
1521.175286,1.547e-25
1521.175853,2.922e-25
1521.177917,2.842e-25
1521.178286,2.861e-25
1521.178983,2.8050000000000003e-25
1521.197319,1.423e-24
1521.201579,1.237e-25
1521.219717,1.186e-25
1521.22031,1.203e-25
1521.227394,2.592e-25
1521.228033,2.778e-25
1521.228425,2.8180000000000003e-25
1521.252445,1.497e-26
1521.255353,1.546e-26
1521.255469,4.341000000000001e-25
1521.267828,1.262e-25
1521.276721,3.15e-25
1521.277671,3.107e-25
1521.288989,2.395e-26
1521.295229,4.184e-26
1521.296133,4.306e-26
1521.304746,3.1540000000000003e-25
1521.306007,3.112e-25
1521.318361,2.473e-26
1521.361658,3.4490000000000003e-25
1521.362004,3.387e-25
1521.363291,2.293e-25
1521.368607,5.779e-25
1521.372292,2.311e-25
1521.372419,2.282e-25
1521.372719,4.501e-25
1521.374508,2.791e-24
1521.375399,2.394e-25
1521.376349,3.93e-26
1521.378501,4.048e-26
1521.380066,1.49e-25
1521.384942,2.658e-24
1521.386377,1.459e-25
1521.394327,1.18e-25
1521.399453,2.199e-25
1521.403382,2.231e-25
1521.405194,9.443e-25
1521.405479,1.197e-25
1521.43234,2.318e-24
1521.439373,5.604000000000001e-25
1521.457497,1.315e-26
1521.458564,1.256e-26
1521.466414,9.081e-25
1521.466465,1.239e-26
1521.467832,1.326e-24
1521.469846,1.19e-26
1521.490426,1.356e-24
1521.495989,2.373e-24
1521.497912,7.132e-26
1521.501167,7.271e-26
1521.503934,2.577e-26
1521.507046,2.669e-26
1521.5325,2.7970000000000005e-26
1521.534375,2.6320000000000004e-26
1521.534739,2.54e-26
1521.536484,1.766e-25
1521.537384,1.788e-25
1521.542527,1.356e-26
1521.548272,1.447e-25
1521.548921,4.3960000000000006e-26
1521.550872,1.471e-25
1521.555395,4.515e-26
1521.557394,1.417e-26
1521.566313,2.284e-26
1521.573711,1.182e-24
1521.577731,1.4790000000000002e-25
1521.586551,3.391e-24
1521.587514,2.555e-25
1521.588538,3.4420000000000004e-25
1521.590287,3.48e-25
1521.590411,3.375e-25
1521.594391,1.033e-25
1521.595011,1.32e-25
1521.595816,1.048e-25
1521.596366,1.336e-25
1521.597797,7.416e-26
1521.59805,7.578000000000001e-26
1521.599508,2.19e-26
1521.604089,1.209e-24
1521.632432,3.534e-24
1521.633257,2.098e-25
1521.633657,2.124e-25
1521.636456,6.454000000000001e-26
1521.637936,6.298000000000001e-26
1521.638824,3.308e-24
1521.645937,1.51e-25
1521.655354,1.7480000000000002e-26
1521.658613,1.804e-26
1521.661053,2.477e-25
1521.677681,3.452e-24
1521.708024,1.997e-26
1521.709139,1.9180000000000003e-26
1521.715766,1.863e-25
1521.721479,1.823e-25
1521.721723,7.387000000000001e-26
1521.725173,7.531000000000001e-26
1521.742445,2.4830000000000003e-25
1521.746312,3.098e-25
1521.748583,3.1490000000000003e-25
1521.749375,2.831e-25
1521.752799,2.112e-26
1521.753222,2.874e-25
1521.757383,2.603e-25
1521.763316,1.9e-25
1521.763466,1.868e-25
1521.765399,2.149e-26
1521.778885,1.913e-25
1521.779323,1.881e-25
1521.780993,6.795e-25
1521.782947,3.581e-25
1521.783473,3.646e-25
1521.784432,1.015e-25
1521.786826,3.4570000000000003e-25
1521.787427,1.048e-25
1521.787871,3.517e-25
1521.78801,1.8960000000000003e-26
1521.791947,1.955e-26
1521.819721,1.657e-25
1521.826269,1.682e-25
1521.83115,7.63e-26
1521.83271,7.918000000000001e-26
1521.837239,7.410000000000001e-26
1521.837277,1.512e-25
1521.837317,2.277e-26
1521.837955,7.242000000000001e-26
1521.839549,1.488e-25
1521.841064,4.594e-26
1521.842491,4.7280000000000006e-26
1521.850722,4.413e-25
1521.855515,4.302e-25
1521.857109,2.322e-26
1521.864096,2.146e-25
1521.864662,1.989e-26
1521.866339,2.108e-25
1521.869278,2.05e-26
1521.872305,7.446000000000001e-26
1521.874355,7.903000000000001e-26
1521.87567,7.592e-26
1521.876879,8.064000000000001e-26
1521.877875,4.061e-26
1521.880852,4.262e-26
1521.899699,1.112e-25
1521.903689,1.147e-25
1521.909048,3.228e-26
1521.909618,3.3380000000000005e-26
1521.927032,1.732e-25
1521.927334,1.783e-25
1521.937129,3.105e-25
1521.938637,3.156e-25
1521.946478,1.761e-25
1521.94814,1.05e-24
1521.965302,1.904e-25
1521.965825,4.229e-26
1521.966481,4.103e-26
1521.967313,1.272e-25
1521.969992,1.287e-25
1521.973179,6.325e-25
1521.976696,8.08e-26
1521.977925,8.250000000000001e-26
1521.994925,3.5200000000000004e-26
1521.99891,3.625e-26
1522.006429,3.1220000000000003e-25
1522.007096,3.082e-25
1522.007784,1.818e-25
1522.012086,1.0069999999999999e-24
1522.01436,1.985e-25
1522.016725,1.7980000000000002e-25
1522.018978,2.362e-25
1522.021425,5.651e-26
1522.023137,5.5e-26
1522.025442,9.243e-26
1522.027759,9.569e-26
1522.033329,2.267e-25
1522.043542,2.153e-24
1522.046178,7.245000000000001e-25
1522.050001,1.898e-25
1522.063903,3.061e-25
1522.06425,1.179e-25
1522.064521,3.112e-25
1522.066488,1.216e-25
1522.066838,1.095e-26
1522.068889,1.1380000000000002e-26
1522.075312,2.27e-26
1522.085586,2.4150000000000003e-26
1522.086608,6.561000000000001e-25
1522.104414,5.991000000000001e-26
1522.105628,2.203e-24
1522.105938,6.247e-26
1522.116484,2.619e-25
1522.117732,1.203e-25
1522.131194,1.448e-25
1522.135117,2.759e-25
1522.140389,1.422e-25
1522.156876,1.326e-25
1522.157967,1.345e-25
1522.169342,2.1730000000000003e-25
1522.173762,2.129e-25
1522.18248,1.581e-25
1522.187481,1.554e-25
1522.1945,3.4450000000000003e-25
1522.196979,3.372e-25
1522.203201,2.25e-25
1522.204573,2.21e-25
1522.220225,1.2390000000000002e-25
1522.221843,2.278e-25
1522.225104,2.235e-25
1522.235559,1.64e-26
1522.238422,1.6960000000000002e-26
1522.242953,1.613e-25
1522.243584,1.588e-25
1522.256139,3.58e-25
1522.256425,3.631e-25
1522.261858,1.493e-25
1522.27292,1.514e-25
1522.276313,1.876e-25
1522.27782,1.908e-25
1522.281696,6.901000000000001e-25
1522.286955,1.202e-25
1522.290715,1.216e-25
1522.297606,7.05e-25
1522.307796,2.085e-25
1522.339959,3.798e-25
1522.341073,3.748e-25
1522.346064,3.351e-24
1522.3483,3.455e-24
1522.356862,2.8e-25
1522.358942,4.108e-25
1522.359961,1.529e-25
1522.359973,4.051e-25
1522.360397,1.552e-25
1522.360656,2.841e-25
1522.373171,1.045e-24
1522.373534,4.371e-26
1522.375402,4.506e-26
1522.377016,1.393e-24
1522.380173,2.13e-25
1522.394015,1.378e-26
1522.399406,1.353e-26
1522.399674,1.289e-26
1522.411401,1.4430000000000002e-26
1522.412758,2.751e-26
1522.416688,2.853e-26
1522.429451,1.081e-24
1522.430396,4.164e-25
1522.43172,4.108e-25
1522.440889,1.34e-26
1522.441657,1.133e-24
1522.444715,1.285e-26
1522.471245,4.237e-25
1522.471639,4.16e-25
1522.473274,8.506e-26
1522.47672,2.683e-25
1522.477258,8.672e-26
1522.499889,3.0160000000000005e-26
1522.500104,2.844e-25
1522.508819,1.084e-24
1522.509036,1.227e-25
1522.510525,2.835e-26
1522.510785,2.732e-26
1522.513842,1.266e-25
1522.517966,1.457e-24
1522.521269,2.435e-25
1522.522603,2.0760000000000003e-26
1522.523028,2.1720000000000003e-25
1522.523149,2.208e-25
1522.526092,2.1420000000000003e-26
1522.528825,1.83e-25
1522.531509,4.754e-26
1522.53258,3.123e-26
1522.534801,4.897e-26
1522.536282,1.789e-25
1522.538743,3.1879999999999998e-24
1522.550778,3.049e-24
1522.580747,4.999e-26
1522.586526,5.145e-26
1522.589604,2.362e-25
1522.589885,3.1520000000000003e-25
1522.590039,3.112e-25
1522.596019,1.628e-25
1522.597393,1.6480000000000002e-25
1522.600898,3.595e-25
1522.603507,3.654e-25
1522.641509,4.116e-25
1522.643435,4.034e-25
1522.648851,1.985e-24
1522.659282,7.4e-26
1522.660779,7.217000000000001e-26
1522.661658,2.456e-25
1522.662397,3.843e-25
1522.665777,1.927e-26
1522.666727,2.1080000000000003e-26
1522.667531,2.022e-26
1522.669086,1.9910000000000003e-26
1522.671202,8.746000000000001e-26
1522.671396,8.941e-26
1522.677496,3.75e-25
1522.680859,4.316000000000001e-25
1522.681001,4.227e-25
1522.681613,8.697e-26
1522.682765,1.842e-25
1522.684463,8.871000000000001e-26
1522.684668,8.449e-25
1522.685646,1.873e-25
1522.709429,2.0299999999999998e-24
1522.73626,2.511e-25
1522.737917,1.249e-25
1522.756692,2.186e-25
1522.762034,1.279e-25
1522.762348,2.139e-25
1522.779641,1.112e-25
1522.782589,1.15e-25
1522.78476,1.361e-25
1522.786092,1.38e-25
1522.794435,8.761e-25
1522.795195,2.448e-25
1522.796077,2.4790000000000003e-25
1522.806951,8.166e-26
1522.808433,1.16e-25
1522.8086,8.49e-26
1522.810849,4.151e-26
1522.813117,1.175e-25
1522.814743,4.369e-26
1522.815012,2.66e-25
1522.834141,1.168e-25
1522.844507,2.842e-25
1522.849404,5.3320000000000005e-25
1522.84988,3.665e-25
1522.852796,3.725e-25
1522.862601,2.29e-25
1522.865949,1.196e-25
1522.872255,2.885e-25
1522.872635,2.921e-25
1522.873733,2.384e-25
1522.87399,2.3430000000000003e-25
1522.876939,2.18e-26
1522.880953,2.248e-26
1522.886358,8.621000000000001e-26
1522.887121,8.421000000000001e-26
1522.888682,1.186e-24
1522.897768,3.5150000000000004e-26
1522.898368,3.639e-26
1522.90427,1.891e-25
1522.906738,1.86e-25
1522.912561,3.734e-25
1522.912661,4.518e-25
1522.918208,4.644e-26
1522.918566,4.501e-26
1522.932011,2.224e-25
1522.934643,4.321000000000001e-25
1522.935653,4.397e-25
1522.946416,4.853e-25
1522.950141,4.726e-25
1522.959686,1.131e-24
1522.963428,2.625e-25
1522.980392,2.199e-26
1522.981511,3.9090000000000005e-26
1522.985195,4.0310000000000005e-26
1522.985246,9.044e-26
1522.986784,9.504e-26
1522.987488,9.223e-26
1522.989239,9.701e-26
1522.993726,2.351e-26
1522.998969,2.2740000000000003e-26
1523.003514,2.3470000000000003e-26
1523.008038,2.879e-25
1523.010746,6.348000000000001e-26
1523.012382,6.174e-26
1523.016644,4.002e-25
1523.017655,1.002e-25
1523.019946,1.039e-25
1523.024102,1.163e-26
1523.026216,4.021e-25
1523.026347,1.211e-26
1523.04253,1.238e-25
1523.045699,1.279e-25
1523.04628,1.886e-25
1523.048133,1.278e-25
1523.048884,1.909e-25
1523.05917,6.284e-26
1523.061022,6.566e-26
1523.063972,2.358e-26
1523.068198,9.617e-26
1523.069344,9.825e-26
1523.084967,2.945e-25
1523.101448,1.746e-25
1523.102216,2.2540000000000003e-26
1523.110868,1.714e-25
1523.123313,1.27e-25
1523.123834,2.538e-25
1523.126877,1.88e-25
1523.130282,2.458e-25
1523.135921,5.712e-25
1523.137246,1.3240000000000002e-25
1523.137831,1.907e-25
1523.140316,1.367e-25
1523.145829,2.367e-25
1523.154543,9.487e-26
1523.158135,9.674e-26
1523.161315,2.739e-25
1523.163271,2.362e-25
1523.169323,2.397e-25
1523.195713,4.206e-25
1523.196417,4.152e-25
1523.203931,1.942e-25
1523.204829,2.418e-25
1523.205937,2.459e-25
1523.20914,1.909e-25
1523.209323,4.042e-25
1523.21184,3.955e-25
1523.214482,1.788e-26
1523.217318,1.85e-26
1523.220582,2.854e-26
1523.227673,1.308e-25
1523.229431,2.586e-25
1523.230279,3.886e-25
1523.230728,3.951e-25
1523.233826,2.533e-25
1523.244511,1.381e-26
1523.248256,1.8169999999999998e-24
1523.252364,2.95e-26
1523.264964,1.451e-26
1523.271146,3.31e-24
1523.281369,4.591e-25
1523.281549,4.659000000000001e-25
1523.291995,1.2009999999999999e-24
1523.301417,2.749e-25
1523.302697,4.023e-25
1523.304669,2.696e-25
1523.307381,1.858e-24
1523.311878,3.55e-25
1523.31247,4.141e-25
1523.315539,3.603e-25
1523.317434,2.776e-25
1523.318803,2.727e-25
1523.318991,2.9150000000000004e-26
1523.320707,3.463e-24
1523.321294,1.7240000000000002e-25
1523.32226,1.75e-25
1523.323903,3.028e-26
1523.335713,1.312e-26
1523.336447,1.381e-26
1523.345468,5.222e-26
1523.346449,5.384e-26
1523.346625,2.044e-25
1523.34691,3.358e-25
1523.347433,2.012e-25
1523.367602,1.142e-24
1523.370723,1.524e-24
1523.389929,1.062e-24
1523.396104,4.844e-26
1523.396239,2.311e-25
1523.398202,4.998e-26
1523.402609,1.56e-24
1523.410184,1.442e-26
1523.414479,1.3790000000000002e-26
1523.426274,3.436e-25
1523.437769,5.3340000000000005e-25
1523.438884,5.259e-25
1523.444518,2.529e-25
1523.461996,2.448e-25
1523.46411,2.4890000000000003e-25
1523.481528,3.0360000000000005e-26
1523.48165,2.921e-26
1523.491639,1.908e-25
1523.493546,1.701e-24
1523.49445,1.932e-25
1523.495856,1.962e-25
1523.496137,1.993e-25
1523.496191,1.0999999999999998e-24
1523.497819,5.055e-25
1523.498983,4.987000000000001e-25
1523.519339,1.741e-24
1523.551052,1.681e-25
1523.552215,5.473e-25
1523.553602,5.398e-25
1523.554797,1.702e-25
1523.555985,3.1859999999999998e-24
1523.566283,1.675e-25
1523.566833,5.505e-26
1523.573241,5.671e-26
1523.575999,5.182e-25
1523.57644,5.086e-25
1523.600891,3.339e-24
1523.620398,2.21e-26
1523.620809,2.116e-26
1523.6256,1.977e-25
1523.637082,2.111e-26
1523.64023,2.183e-26
1523.654185,1.175e-24
1523.656467,1.65e-25
1523.659841,1.795e-25
1523.67752,8.443e-26
1523.678246,3.895e-25
1523.679022,8.228000000000001e-26
1523.680928,2.215e-25
1523.682255,3.497e-24
1523.682751,1.403e-24
1523.689371,2.208e-25
1523.689932,2.1610000000000003e-25
1523.690195,4.899e-25
1523.692178,4.798e-25
1523.695579,3.356e-24
1523.702443,1.609e-25
1523.702845,1.5660000000000002e-25
1523.713019,1.878e-25
1523.726306,1.045e-25
1523.729376,1.067e-25
1523.735328,1.112e-24
1523.738869,4.2060000000000006e-26
1523.739478,1.027e-25
1523.739616,1.05e-25
1523.743902,4.439e-26
1523.760163,3.989e-25
1523.763688,2.3130000000000003e-26
1523.766212,5.219e-25
1523.766434,5.11e-25
1523.767494,2.389e-26
1523.7774,8.693000000000001e-26
1523.779151,9.05e-26
1523.783394,1.213e-25
1523.786276,1.256e-25
1523.793113,2.554e-25
1523.798702,2.4970000000000003e-25
1523.802778,4.282e-25
1523.802961,4.227e-25
1523.804636,1.541e-25
1523.806328,3.321e-26
1523.808498,1.1379999999999999e-24
1523.817378,2.446e-26
1523.821917,2.5250000000000003e-26
1523.824316,2.25e-25
1523.827437,3.3880000000000004e-26
1523.833068,1.471e-24
1523.84003,1.778e-25
1523.841231,2.2930000000000003e-26
1523.84175,1.652e-24
1523.86059,2.328e-26
1523.867095,4.907e-26
1523.867101,5.07e-26
1523.867631,1.179e-24
1523.880574,2.092e-26
1523.881092,5.738e-26
1523.881238,3.8060000000000006e-26
1523.881896,3.946e-26
1523.882398,5.915e-26
1523.888141,2.155e-25
1523.892988,1.778e-25
1523.897844,2.249e-26
1523.899473,1.688e-24
1523.90604,3.89e-25
1523.919851,3.249e-26
1523.920997,1.009e-25
1523.926522,1.345e-25
1523.930219,1.391e-25
1523.930582,9.982e-26
1523.931387,9.745e-26
1523.935049,3.3090000000000005e-26
1523.93851,1.69e-25
1523.95171,2.093e-25
1523.960471,1.087e-25
1523.964385,1.109e-25
1523.965238,4.311e-26
1523.967667,2.355e-25
1523.968696,4.452e-26
1523.970325,2.316e-25
1523.970344,1.785e-25
1523.971585,1.811e-25
1523.976513,1.229e-26
1523.977643,1.105e-24
1523.979004,1.281e-26
1523.987257,1.771e-25
1523.989424,2.357e-25
1523.995919,7.093000000000001e-26
1523.997451,6.892000000000001e-26
1524.000249,2.391e-25
1524.002018,4.495e-25
1524.004402,1.08e-25
1524.006683,1.121e-25
1524.008748,6.547000000000001e-26
1524.011009,6.854000000000001e-26
1524.012972,4.592e-25
1524.016141,4.666000000000001e-25
1524.033392,5.296000000000001e-25
1524.034927,2.9840000000000003e-25
1524.035034,2.933e-25
1524.035911,5.153e-25
1524.036348,5.475e-25
1524.036656,5.576e-25
1524.049896,3.381e-25
1524.050768,3.423e-25
1524.056368,1.234e-25
1524.060121,3.1360000000000003e-25
1524.065484,1.041e-24
1524.069442,2.096e-25
1524.069678,1.089e-25
1524.073503,1.136e-25
1524.075894,1.16e-25
1524.077179,5.378e-25
1524.077926,1.433e-25
1524.078147,5.474e-25
1524.079077,2.056e-25
1524.080223,1.4810000000000002e-25
1524.084816,4.96e-25
1524.086451,1.636e-25
1524.086614,4.605e-25
1524.086949,5.045e-25
1524.087352,1.107e-25
1524.088951,1.275e-24
1524.091134,1.656e-25
1524.093206,3.037e-25
1524.093609,2.9850000000000003e-25
1524.09396,1.363e-26
1524.10638,3.95e-25
1524.106738,4.001e-25
1524.11081,1.099e-25
1524.113635,1.998e-25
1524.114752,1.122e-25
1524.118174,1.437e-26
1524.13702,3.078e-24
1524.138749,3.168e-24
1524.153887,1.139e-25
1524.154984,1.165e-25
1524.167645,2.599e-25
1524.169002,2.63e-25
1524.179358,1.942e-25
1524.18787,1.938e-26
1524.190685,2.0080000000000003e-26
1524.191868,1.32e-24
1524.208605,6.775e-25
1524.213522,1.3e-25
1524.217254,4.19e-25
1524.220317,4.721e-25
1524.222355,2.375e-25
1524.22262,3.064e-26
1524.222865,4.616e-25
1524.227764,2.3330000000000003e-25
1524.228707,3.1880000000000004e-26
1524.231832,2.4780000000000003e-25
1524.24832,2.392e-25
1524.249205,1.338e-25
1524.25299,1.691e-25
1524.254313,1.715e-25
1524.26452,4.481e-25
1524.264537,9.969e-25
1524.266643,1.322e-26
1524.268047,4.549e-25
1524.268637,1.3960000000000002e-26
1524.27801,4.981000000000001e-25
1524.279548,6.554000000000001e-25
1524.279559,5.066e-25
1524.280611,1.1379999999999999e-24
1524.284875,3.064e-25
1524.289241,3e-25
1524.29384,1.198e-24
1524.299626,1.051e-24
1524.303727,5.863e-25
1524.3038,5.95e-25
1524.318197,5.159e-25
1524.329054,1.089e-24
1524.33025,1.537e-25
1524.336556,1.224e-24
1524.342298,1.0079999999999999e-24
1524.348464,1.144e-24
1524.352596,9.452e-25
1524.356909,1.379e-25
1524.358884,1.805e-25
1524.360557,9.333e-25
1524.362769,3.433e-26
1524.374319,1.5430000000000002e-26
1524.376228,3.3020000000000003e-25
1524.379109,1.4720000000000002e-26
1524.379469,3.237e-25
1524.38053,5.643000000000001e-25
1524.381273,5.569e-25
1524.386182,5.334e-26
1524.388054,5.509e-26
1524.389857,9.092e-25
1524.397469,3.555e-26
1524.397852,1.166e-24
1524.401127,4.919e-25
1524.401885,5.0020000000000005e-25
1524.404009,3.234e-25
1524.405076,1.212e-24
1524.405609,5.289000000000001e-25
1524.410331,3.2840000000000003e-25
1524.426727,3.411e-25
1524.428093,3.349e-25
1524.429323,1.491e-24
1524.440127,8.298e-25
1524.445988,2.046e-25
1524.446268,2.579e-25
1524.447249,2.538e-25
1524.447326,3.1040000000000005e-26
1524.447381,3.2310000000000005e-26
1524.471237,4.966000000000001e-25
1524.472307,7.996e-25
1524.473654,1.149e-24
1524.481111,2.232e-25
1524.481954,2.266e-25
1524.485692,1.523e-24
1524.486165,4.84e-25
1524.494955,1.158e-24
1524.513201,6.896000000000001e-25
1524.514399,6.798e-25
1524.516786,8.572e-25
1524.528368,2.5130000000000003e-26
1524.530803,2.51e-25
1524.531656,2.5980000000000003e-26
1524.533432,2.541e-25
1524.533774,1.4870000000000002e-25
1524.535628,2.223e-25
1524.53838,1.538e-25
1524.546256,5.856e-26
1524.549414,6.044000000000001e-26
1524.549678,2.9840000000000003e-25
1524.551191,3.036e-25
1524.558145,2.3470000000000003e-26
1524.561716,7.116e-25
1524.56896,2.1980000000000003e-26
1524.569041,2.302e-26
1524.571606,1.093e-24
1524.587983,6.206e-26
1524.588951,5.6570000000000005e-25
1524.589125,6.868e-25
1524.593441,6.399000000000001e-26
1524.601184,1.064e-24
1524.602389,2.234e-26
1524.604229,5.785e-25
1524.606713,2.457e-25
1524.62293,7.967e-25
1524.626754,5.889e-25
1524.627394,2.509e-25
1524.627525,2.548e-25
1524.63231,2.3030000000000003e-26
1524.635499,2.3840000000000003e-26
1524.651496,6.698e-25
1524.652709,6.608000000000001e-25
1524.657047,1.476e-25
1524.661894,4.219e-26
1524.668349,4.468e-26
1524.6702,7.164e-25
1524.671652,7.064e-25
1524.675797,6.3090000000000005e-25
1524.67631,6.188e-25
1524.686957,9.988e-25
1524.690565,1.513e-25
1524.691169,9.585e-26
1524.692663,9.335e-26
1524.715797,5.968000000000001e-25
1524.71713,6.041e-25
1524.718393,9.351e-25
1524.718439,1.249e-25
1524.722277,1.275e-25
1524.734637,5.803e-25
1524.736022,6.9720000000000005e-25
1524.736634,5.682e-25
1524.73874,5.768e-25
1524.742451,9.195e-26
1524.744352,9.588e-26
1524.748593,2.547e-25
1524.769307,1.315e-25
1524.77214,1.364e-25
1524.775659,1.946e-26
1524.78173,1.476e-24
1524.789403,1.58e-25
1524.798067,2.106e-26
1524.802642,1.2e-25
1524.802728,1.228e-25
1524.809908,2.769e-25
1524.810568,3.696e-24
1524.812061,5.318e-26
1524.812508,5.501000000000001e-26
1524.81472,8.724000000000001e-25
1524.816891,1.621e-25
1524.820092,2.65e-26
1524.824014,2.7380000000000005e-26
1524.824898,3.558e-24
1524.825033,2.9690000000000003e-25
1524.830544,2.902e-25
1524.833382,2.6560000000000003e-25
1524.83397,3.4520000000000003e-25
1524.834067,3.512e-25
1524.841036,7.815e-25
1524.844124,2.586e-25
1524.844886,2.379e-25
1524.846206,6.281000000000001e-25
1524.846497,6.148e-25
1524.848581,2.409e-25
1524.849542,2.941e-25
1524.854929,6.421e-25
1524.859479,4.1e-26
1524.860184,4.2550000000000006e-26
1524.860201,2.9840000000000003e-25
1524.881454,1.5279999999999999e-24
1524.890896,1.263e-25
1524.893631,1.289e-25
1524.899832,4.9e-25
1524.918609,4.741e-25
1524.923513,5.306000000000001e-25
1524.924061,1.289e-26
1524.92686,1.347e-26
1524.927658,6.684e-25
1524.933316,2.938e-25
1524.936129,2.9890000000000003e-25
1524.942277,1.3210000000000002e-26
1524.944369,4.726e-26
1524.947622,4.886e-26
1524.949922,7.232000000000001e-25
1524.950264,2.544e-25
1524.952213,5.766e-25
1524.95313,6.771000000000001e-26
1524.954771,5.864e-25
1524.955904,7.105e-26
1524.96354,6.151e-25
1524.967366,3.116e-24
1524.96991,1.15e-25
1524.97075,1.122e-25
1524.971141,1.397e-26
1524.976941,7.883000000000001e-26
1524.978337,7.654000000000001e-26
1524.981884,1.39e-24
1524.985289,1.158e-25
1524.987577,1.204e-25
1524.990396,2.755e-26
1524.994692,2.849e-26
1524.999716,2.774e-25
1525.010967,1.337e-24
1525.010974,5.791e-25
1525.011186,5.716e-25
1525.021159,6.862e-25
1525.021541,3.273e-24
1525.027459,2.92e-25
1525.030301,2.871e-25
1525.035169,2.5040000000000003e-25
1525.043593,1.48e-25
1525.045006,2.456e-25
1525.046697,1.532e-25
1525.054672,2.98e-25
1525.058921,4.827e-25
1525.066027,1.365e-24
1525.080022,3.712e-25
1525.080374,4.496e-25
1525.087871,5.633000000000001e-25
1525.110423,3.94e-25
1525.111807,5.733e-25
1525.11296,5.572e-25
1525.120995,5.827e-25
1525.12358,5.926000000000001e-25
1525.123622,3.1930000000000004e-26
1525.125334,3.817e-25
1525.127816,3.366e-26
1525.131122,3.3290000000000004e-26
1525.140868,3.712e-25
1525.141104,3.647e-25
1525.141252,1.597e-25
1525.142609,1.4629999999999999e-24
1525.144441,1.651e-25
1525.147463,3.875e-25
1525.149695,3.801e-25
1525.151133,2.3310000000000003e-25
1525.152283,2.366e-25
1525.155361,6.724e-25
1525.155613,6.85e-25
1525.156782,2.089e-26
1525.159595,2.168e-26
1525.161993,3.4810000000000004e-26
1525.173081,1.923e-24
1525.173613,1.354e-25
1525.175942,1.383e-25
1525.185977,2.9850000000000003e-25
1525.18897,3.214e-25
1525.190312,3.253e-25
1525.192417,1.317e-26
1525.196004,1.3960000000000002e-26
1525.205498,2.3190000000000003e-25
1525.206701,1.971e-24
1525.210956,1.3230000000000002e-25
1525.213237,1.351e-25
1525.214347,6.665e-25
1525.214807,5.63e-25
1525.21528,6.786e-25
1525.2182,5.717e-25
1525.220878,7.542000000000001e-25
1525.224466,4.061e-25
1525.22748,5.486e-25
1525.230048,5.362e-25
1525.234659,1.344e-25
1525.235733,1.375e-25
1525.237513,3.323e-25
1525.237745,2.892e-25
1525.243043,1.231e-24
1525.243344,2.8399999999999998e-25
1525.258245,1.857e-25
1525.260864,1.392e-25
1525.27439,1.731e-25
1525.285047,1.932e-25
1525.29002,2.904e-25
1525.290435,2.758e-25
1525.298324,1.224e-25
1525.298511,4.648000000000001e-25
1525.299365,4.707e-25
1525.305242,1.277e-24
1525.317292,1.806e-25
1525.317679,7.749e-25
1525.323182,7.567000000000001e-25
1525.323217,7.454e-25
1525.328774,2.425e-25
1525.333275,1.642e-26
1525.335585,5.387e-25
1525.335679,3.614e-25
1525.33592,5.457e-25
1525.33783,6.333e-25
1525.338583,1.5620000000000002e-26
1525.339549,1.697e-25
1525.339775,6.443e-25
1525.340009,3.537e-25
1525.340693,3.093e-25
1525.343435,3.106e-25
1525.345981,2.346e-25
1525.348043,2.294e-25
1525.352762,2.3240000000000003e-25
1525.35478,3.012e-25
1525.356631,2.6450000000000003e-25
1525.364874,1.624e-25
1525.370809,1.437e-25
1525.374167,6.386000000000001e-26
1525.375234,6.597000000000001e-26
1525.394018,2.029e-25
1525.394565,5.849e-26
1525.394875,1.39e-25
1525.396733,6.034000000000001e-26
1525.398458,1.419e-25
1525.401969,1.651e-25
1525.407804,3.278e-26
1525.408086,3.4180000000000003e-26
1525.423178,1.706e-25
1525.431126,2.9499999999999997e-24
1525.438385,2.259e-25
1525.440173,1.416e-25
1525.441334,1.379e-25
1525.44628,3.949e-25
1525.449506,3.869e-25
1525.452716,2.228e-25
1525.45398,2.26e-25
1525.46826,1.661e-24
1525.477237,3.792e-25
1525.480577,2.131e-24
1525.482848,3.107e-24
1525.483167,1.49e-25
1525.506381,8.461e-25
1525.509578,2.184e-24
1525.511966,2.266e-26
1525.512662,2.3790000000000003e-26
1525.530985,4.172e-25
1525.532348,4.094e-25
1525.533186,1.214e-25
1525.533724,1.033e-25
1525.541874,3.241e-25
1525.543023,3.188e-25
1525.557259,6.194e-25
1525.557801,6.3020000000000005e-25
1525.558352,1.233e-25
1525.560881,7.539000000000001e-25
1525.561663,7.438e-25
1525.562992,6.757e-26
1525.564937,1.717e-24
1525.56914,6.974e-26
1525.579868,4.185e-26
1525.585236,8.877e-25
1525.586517,8.748000000000001e-25
1525.586673,1.192e-24
1525.588112,4.449e-26
1525.588292,3.673e-25
1525.594116,2.402e-25
1525.595842,3.702e-25
1525.597713,2.497e-26
1525.600771,2.5880000000000004e-26
1525.602197,2.3310000000000003e-25
1525.602333,1.5999999999999998e-25
1525.606674,8.699e-25
1525.608537,1.602e-25
1525.620157,2.942e-25
1525.636321,2.878e-25
1525.637042,2.922e-25
1525.640467,1.216e-24
1525.651965,6.5e-25
1525.654219,6.613000000000001e-25
1525.66534,1.7570000000000002e-26
1525.667906,3.112e-25
1525.694587,1.917e-26
1525.700228,1.083e-25
1525.701697,1.054e-25
1525.702109,9.664e-26
1525.704207,1.01e-25
1525.707275,3.654e-25
1525.717708,3.707e-25
1525.720498,2.7640000000000003e-26
1525.722709,4.548e-25
1525.724169,2.8610000000000004e-26
1525.728627,4.617e-25
1525.734605,3.94e-25
1525.751961,1.43e-25
1525.753122,2.9490000000000004e-26
1525.753453,5.727000000000001e-26
1525.754433,5.931000000000001e-26
1525.754553,3.243e-25
1525.754569,3.193e-25
1525.757552,3.05e-26
1525.760498,1.419e-25
1525.763293,1.473e-25
1525.769737,4.7960000000000007e-26
1525.770732,7.648e-25
1525.771269,7.501e-25
1525.772485,2.27e-25
1525.774754,6.843e-25
1525.776032,1.455e-25
1525.776798,6.697e-25
1525.784135,9.433e-25
1525.784349,9.336e-25
1525.785865,9.204e-25
1525.789331,1.25e-26
1525.792253,4.8950000000000005e-26
1525.800985,8.838e-25
1525.802249,8.717e-25
1525.824002,1.3280000000000002e-26
1525.825169,1.502e-25
1525.832468,4.389e-26
1525.833237,4.5620000000000006e-26
1525.852457,3.435e-25
1525.854506,1e-25
1525.85721,1.822e-25
1525.857878,3.355e-25
1525.860681,1.395e-25
1525.860717,1.429e-25
1525.862329,1.769e-25
1525.866733,1.3430000000000002e-26
1525.869918,1.4060000000000002e-26
1525.881294,1.582e-25
1525.888128,9.707e-25
1525.891382,2.755e-24
1525.892297,6.948e-26
1525.892541,2.832e-24
1525.895709,7.31e-26
1525.900799,7.024e-26
1525.901996,7.255e-26
1525.919834,5.1470000000000007e-26
1525.920988,7.524000000000001e-25
1525.921356,7.362e-25
1525.922935,5.329e-26
1525.928989,3.777e-24
1525.931198,1.594e-25
1525.933665,1.505e-25
1525.934632,1.653e-25
1525.93656,1.537e-25
1525.944075,3.645e-24
1525.953813,8.714000000000001e-26
1525.955036,8.452000000000001e-26
1525.960654,1.234e-25
1525.962972,1.285e-25
1525.98122,1.381e-25
1525.990588,2.896e-25
1525.991928,3.1260000000000003e-25
1525.998621,2.9770000000000003e-25
1526.004341,1.3190000000000002e-25
1526.0049,3.036e-25
1526.005209,1.286e-25
1526.008647,2.919e-25
1526.021972,3.2960000000000003e-26
1526.031173,3.4450000000000006e-26
1526.036356,3.046e-25
1526.049613,4.89e-26
1526.051027,3.677e-25
1526.053544,3.741e-25
1526.053796,2.245e-26
1526.054105,1.045e-24
1526.064144,3.735e-25
1526.067355,4.985e-26
1526.068144,1.707e-25
1526.070494,1.768e-25
1526.071899,3.8e-25
1526.083638,3.604e-25
1526.086656,3.542e-25
1526.095592,3.2990000000000003e-25
1526.099261,3.34e-25
1526.105193,2.127e-26
1526.112972,1.2960000000000002e-26
1526.115566,1.673e-25
1526.118583,1.378e-26
1526.120381,2.239e-26
1526.123208,2.327e-26
1526.127053,1.356e-25
1526.129513,1.318e-25
1526.135543,1.702e-25
1526.148535,1.8229999999999998e-24
1526.15643,1.055e-24
1526.162028,1.076e-24
1526.162759,7.042e-25
1526.166019,7.152e-25
1526.177126,1.573e-25
1526.181416,5.9730000000000005e-25
1526.181818,6.153e-25
1526.183061,1.604e-25
1526.208999,1.076e-24
1526.210392,6.227e-25
1526.214472,7.801e-25
1526.214715,7.698e-25
1526.225698,6.06e-25
1526.230808,6.346e-25
1526.232171,4.6760000000000005e-25
1526.233385,6.199e-25
1526.234395,4.585e-25
1526.242305,1.8839999999999998e-24
1526.250092,3.504e-25
1526.250626,4.05e-26
1526.253426,1.604e-25
1526.255694,1.6390000000000002e-25
1526.25587,3.4410000000000004e-25
1526.267942,7.257000000000001e-25
1526.269443,8.378e-25
1526.270621,7.381e-25
1526.274227,1.354e-24
1526.286769,4.606e-25
1526.28687,4.523e-25
1526.287021,1.736e-26
1526.29287,1.6470000000000003e-26
1526.309857,1.578e-25
1526.310867,1.615e-25
1526.316253,1.15e-24
1526.324764,1.592e-25
1526.327125,3.032e-25
1526.328187,3.077e-25
1526.330892,1.628e-25
1526.3397,9.579e-25
1526.339842,9.435e-25
1526.346317,8.223000000000001e-25
1526.347211,8.375000000000001e-25
1526.355861,1.508e-25
1526.357532,1.444e-25
1526.363075,3.439e-26
1526.363642,3.5930000000000004e-26
1526.376908,6.375e-26
1526.378806,6.599e-26
1526.381848,4.242e-25
1526.38613,4.737e-25
1526.386134,4.15e-25
1526.386475,4.654000000000001e-25
1526.401653,2.779e-25
1526.402139,7.803e-25
1526.404136,7.941e-25
1526.425667,2.306e-25
1526.428361,1.186e-24
1526.443411,2.236e-25
1526.446123,2.909e-25
1526.446572,1.429e-24
1526.449805,2.317e-26
1526.451271,2.438e-26
1526.470867,1.49e-25
1526.483476,1.828e-25
1526.49272,4.0990000000000006e-26
1526.501324,2.557e-25
1526.5027,2.594e-25
1526.503232,4.3780000000000005e-26
1526.511577,4.7010000000000005e-25
1526.512066,2.9770000000000005e-26
1526.514784,4.604e-25
1526.51518,3.0860000000000003e-26
1526.51904,1.874e-25
1526.536764,1.765e-25
1526.539067,1.4050000000000002e-25
1526.539889,7.071000000000001e-26
1526.541156,1.83e-25
1526.54292,7.312000000000001e-26
1526.542923,6.364e-25
1526.543766,6.447e-25
1526.547915,1.223e-25
1526.549128,1.52e-26
1526.559916,7.314e-25
1526.560229,7.41e-25
1526.562669,4.518e-25
1526.570543,1.257e-24
1526.572751,4.583e-25
1526.57415,7.556000000000001e-26
1526.578456,1.24e-25
1526.578856,2.693e-26
1526.579285,7.806e-26
1526.58195,2.795e-26
1526.587701,1.675e-26
1526.597319,7.858000000000001e-25
1526.598525,1.369e-25
1526.598909,7.996e-25
1526.617777,3.211e-25
1526.622432,3.252e-25
1526.630294,5.08e-25
1526.631652,4.984000000000001e-25
1526.633437,4.054e-25
1526.634748,3.987e-25
1526.634922,1.147e-26
1526.635488,1.56e-25
1526.647672,2.922e-25
1526.648883,2.9650000000000003e-25
1526.65387,1.1379999999999999e-24
1526.655235,1.121e-24
1526.656365,1.009e-25
1526.658715,1.056e-25
1526.671796,2.815e-24
1526.676939,1.225e-26
1526.677608,1.32e-24
1526.686351,1.004e-25
1526.687116,1.298e-24
1526.690193,1.519e-25
1526.691259,6.125000000000001e-26
1526.692879,6.353000000000001e-26
1526.704693,1.217e-25
1526.70612,1.183e-25
1526.710454,1.034e-25
1526.713216,7.751e-25
1526.714467,7.891000000000001e-25
1526.718823,5.029e-25
1526.720181,5.092e-25
1526.72023,9.284e-25
1526.731788,2.973e-24
1526.736764,1.003e-24
1526.736817,1.522e-25
1526.737586,9.893e-25
1526.739575,1.582e-25
1526.74311,1.372e-24
1526.744831,3.157e-26
1526.748657,3.269e-26
1526.767924,1.814e-25
1526.771613,9.468e-25
1526.786918,3.695e-25
1526.78752,3.753e-25
1526.800107,4.672e-26
1526.800238,1.956e-25
1526.801045,4.863e-26
1526.803891,4.666000000000001e-25
1526.804515,1.3890000000000002e-26
1526.8054,4.75e-25
1526.808179,1.4570000000000002e-26
1526.810586,8.031e-25
1526.812663,7.856000000000001e-25
1526.816933,1.365e-24
1526.822551,1.961e-24
1526.826223,7.071000000000001e-26
1526.830433,7.461000000000001e-26
1526.831295,2.006e-25
1526.853587,2.603e-25
1526.860733,9.229e-25
1526.861311,9.048e-25
1526.875391,3.955e-25
1526.877213,4.111e-25
1526.877373,4.046e-25
1526.880707,3.861e-25
1526.885514,4.547e-25
1526.89057,5.571000000000001e-26
1526.893542,5.777000000000001e-26
1526.894656,1.211e-24
1526.896238,1.194e-24
1526.897271,2.715e-25
1526.900728,4.648000000000001e-25
1526.908697,2.467e-26
1526.913546,2.024e-24
1526.913595,1.655e-25
1526.913603,1.615e-25
1526.917634,3.3690000000000003e-26
1526.926533,9.579e-26
1526.927539,9.281e-26
1526.928891,3.5290000000000005e-26
1526.930243,1.307e-25
1526.932615,1.363e-25
1526.938285,1.41e-24
1526.942116,1.802e-25
1526.945797,1.841e-25
1526.946285,1.161e-24
1526.947599,1.145e-24
1526.956914,7.686e-25
1526.95979,3.524e-25
1526.96027,6.195e-25
1526.963455,3.269e-26
1526.966384,6.292000000000001e-25
1526.967501,3.3880000000000004e-26
1526.96999,3.4530000000000003e-25
1526.978347,2.374e-24
1526.990532,8.97e-25
1526.990969,8.773e-25
1526.992091,2.385e-26
1527.013745,3.9280000000000006e-26
1527.013943,2.436e-24
1527.022245,1.732e-25
1527.025284,1.797e-25
1527.02822,1.256e-26
1527.028522,7.414e-25
1527.033874,1.506e-25
1527.034761,1.467e-25
1527.036428,1.342e-26
1527.042419,3.737e-24
1527.055381,1.4699999999999999e-24
1527.058045,3.615e-24
1527.074668,4.873e-25
1527.077001,1.4020000000000002e-25
1527.077249,4.935e-25
1527.079309,2.3860000000000003e-26
1527.080089,1.7990000000000002e-25
1527.082453,2.4690000000000003e-26
1527.082717,1.838e-25
1527.108396,8.767e-25
1527.111523,8.908e-25
1527.122028,1.884e-25
1527.125347,1.954e-25
1527.125934,5.394e-25
1527.126007,5.49e-25
1527.136196,4.428e-25
1527.139353,1.215e-25
1527.139382,4.3510000000000005e-25
1527.141287,1.185e-25
1527.141731,1.4820000000000002e-25
1527.143412,1.035e-25
1527.15008,1.057e-25
1527.152522,3.632e-25
1527.165588,4.607e-25
1527.168,3.516e-25
1527.168378,4.6890000000000005e-25
1527.181861,1.52e-24
1527.230297,7.304e-25
1527.232871,7.13e-25
1527.23553,1.8250000000000003e-26
1527.241399,6.343e-25
1527.241941,1.7250000000000003e-26
1527.243582,6.542e-25
1527.259388,4.227e-25
1527.265335,4.149e-25
1527.269148,2.614e-24
1527.270029,1.509e-25
1527.278063,8.12e-25
1527.28173,9.09e-25
1527.284229,9.25e-25
1527.285841,1.57e-24
1527.300777,1.53e-25
1527.31201,5.618000000000001e-25
1527.313125,3.582e-26
1527.314051,3.75e-26
1527.314224,5.506e-25
1527.328296,8.278e-25
1527.328796,2.77e-24
1527.341744,1.893e-25
1527.343957,1.936e-25
1527.34653,2.385e-25
1527.353356,1.207e-24
1527.353605,1.189e-24
1527.370938,1.4810000000000002e-25
1527.371676,6.915000000000001e-26
1527.373722,7.168000000000001e-26
1527.37696,9.074e-25
1527.378042,1.001e-24
1527.379258,9.235e-25
1527.38003,1.845e-25
1527.380983,1.888e-25
1527.381016,7.648e-26
1527.382179,7.918000000000001e-26
1527.382449,2.348e-26
1527.383649,4.636000000000001e-25
1527.384882,2.478e-26
1527.387284,4.6950000000000005e-25
1527.387347,5.681e-25
1527.387551,5.577e-25
1527.389822,2.48e-25
1527.400347,3.955e-26
1527.413274,1.046e-24
1527.413547,1.032e-24
1527.413767,4.2460000000000005e-26
1527.414582,1.903e-25
1527.415772,5.561e-25
1527.416902,1.944e-25
1527.417841,1.626e-24
1527.423384,4.957000000000001e-25
1527.425157,5.632000000000001e-25
1527.426193,1.231e-26
1527.427619,4.846e-25
1527.432911,2.6069999999999998e-24
1527.465164,2.676e-24
1527.472888,1.0099999999999999e-24
1527.473747,1.029e-24
1527.477886,1.375e-26
1527.478745,1.007e-26
1527.484887,1.123e-25
1527.485485,1.146e-25
1527.486881,1.53e-25
1527.490304,2.07e-24
1527.498312,3.925e-25
1527.499286,3.985e-25
1527.508261,1.663e-24
1527.526346,2.135e-25
1527.530199,1.083e-26
1527.537365,2.888e-26
1527.537581,8.13e-26
1527.540363,3.0020000000000005e-26
1527.543468,8.409000000000001e-26
1527.544487,2.073e-25
1527.550154,1.056e-25
1527.552088,1.074e-25
1527.555231,2.054e-26
1527.559562,1.29e-24
1527.572121,5.571e-25
1527.575305,5.454e-25
1527.578648,2.135e-24
1527.605207,1.046e-25
1527.607397,2.405e-24
1527.607879,1.098e-25
1527.607976,2.4689999999999998e-24
1527.61329,2.001e-25
1527.616863,2.044e-25
1527.625465,6.505000000000001e-26
1527.627854,6.758000000000001e-26
1527.637732,9.85e-25
1527.639238,1.003e-24
1527.645696,2.148e-25
1527.646226,1.724e-24
1527.658365,3.233e-26
1527.661902,3.356e-26
1527.67111,2.187e-25
1527.672138,3.483e-26
1527.672802,1.268e-25
1527.676433,3.6110000000000006e-26
1527.704564,1.361e-25
1527.70591,3.367e-25
1527.705928,1.3220000000000002e-25
1527.707211,3.416e-25
1527.710707,1.134e-25
1527.715649,1.624e-25
1527.718397,1.69e-25
1527.719103,1.452e-24
1527.720551,1.43e-24
1527.720949,5.049e-25
1527.722416,4.964000000000001e-25
1527.722587,1.744e-24
1527.72459,6.158e-25
1527.725944,6.039e-25
1527.727045,6.852000000000001e-26
1527.730152,5.845e-25
1527.73056,5.952000000000001e-25
1527.737389,1.425e-26
1527.737529,1.344e-25
1527.741649,1.5e-26
1527.744941,1.367e-24
1527.751063,6.998000000000001e-26
1527.754878,7.131000000000001e-26
1527.760089,7.549000000000001e-26
1527.761217,6.239000000000001e-25
1527.762527,6.3170000000000005e-25
1527.76253,4.9420000000000007e-26
1527.763609,5.1530000000000006e-26
1527.767509,1.106e-25
1527.770835,2.601e-25
1527.779338,9.89e-25
1527.779628,1.002e-24
1527.781452,8.677e-25
1527.782276,8.791e-25
1527.804347,1.218e-25
1527.804758,1.24e-25
1527.805181,1.236e-25
1527.810559,3.404e-26
1527.824315,3.576e-26
1527.829919,7.06e-25
1527.837524,3.817e-25
1527.838677,3.874e-25
1527.842122,9.382e-25
1527.844226,9.172e-25
1527.853267,2.727e-25
1527.857124,5.993e-26
1527.860007,6.223000000000001e-26
1527.862623,9.709e-25
1527.862803,4.456e-25
1527.863258,9.883e-25
1527.86702,1.811e-24
1527.867865,4.515e-25
1527.879037,7.194000000000001e-25
1527.880513,2.14e-25
1527.890741,7.574000000000001e-25
1527.893838,4.53e-25
1527.894268,1.376e-25
1527.895102,1.047e-25
1527.895839,1.013e-25
1527.896725,1.438e-25
1527.899032,4.42e-25
1527.900182,8.423e-26
1527.901284,8.72e-26
1527.906975,7.36e-25
1527.908178,1.329e-24
1527.90904,1.31e-24
1527.913428,1.849e-25
1527.916636,1.921e-25
1527.918669,4.15e-25
1527.923724,2.218e-25
1527.928756,1.811e-24
1527.929028,4.065e-25
1527.932896,4.723e-25
1527.933381,4.798e-25
1527.93804,1.195e-26
1527.938549,2.683e-25
1527.945854,1.109e-24
1527.946472,1.087e-24
1527.949616,1.284e-26
1527.961352,1.907e-25
1527.961401,1.861e-25
1527.972349,1.02e-24
1527.974271,1.038e-24
1527.985534,6.022e-25
1527.986872,6.131e-25
1527.9904,1.853e-25
1527.995501,5.188e-25
1527.9958,5.105e-25
1528.001081,2.6630000000000003e-25
1528.00112,1.565e-24
1528.002768,1.542e-24
1528.020357,1.0790000000000002e-25
1528.02137,1.88e-25
1528.022927,1.102e-25
1528.023971,1.279e-25
1528.033065,2.527e-26
1528.034949,1.992e-25
1528.035938,2.635e-26
1528.037347,2.068e-25
1528.051739,1.087e-24
1528.054508,4.443e-26
1528.054734,1.104e-24
1528.054938,1.064e-24
1528.055448,1.041e-24
1528.058507,1.71e-25
1528.059403,1.665e-25
1528.074461,1.246e-25
1528.080234,1.883e-24
1528.087392,1.519e-24
1528.088759,1.498e-24
1528.093381,4.604e-26
1528.098617,1.112e-25
1528.104103,1.131e-25
1528.110949,7.034e-25
1528.11316,1.404e-24
1528.113754,7.122e-25
1528.119899,2.126e-25
1528.12263,2.1730000000000003e-25
1528.1267,1.858e-24
1528.132457,2.519e-25
1528.145069,7.208e-26
1528.151788,2.151e-24
1528.154697,2.565e-25
1528.155177,3.589e-24
1528.165316,7.354e-26
1528.171167,3.478e-24
1528.178769,1.906e-26
1528.182226,1.4619999999999999e-24
1528.185126,5.416e-25
1528.185759,1.795e-26
1528.188472,5.32e-25
1528.225946,8.365000000000001e-25
1528.228501,8.161000000000001e-25
1528.237599,2.217e-24
1528.239455,1.265e-25
1528.247627,1.293e-25
1528.25697,8.603e-25
1528.257941,3.705e-26
1528.259316,3.888e-26
1528.26276,8.736000000000001e-25
1528.265624,5.076e-25
1528.266634,6.814e-25
1528.271729,4.98e-25
1528.273439,6.799e-25
1528.275964,5.716e-25
1528.278542,5.82e-25
1528.285886,1.936e-24
1528.291413,1.092e-26
1528.293023,6.665e-25
1528.297252,6.884000000000001e-25
1528.29808,4.882e-26
1528.302604,3.749e-26
1528.309864,2.355e-26
1528.311243,2.211e-25
1528.313514,2.494e-26
1528.316336,1.881e-24
1528.318812,1.2490000000000002e-26
1528.319805,4.049e-26
1528.321792,4.125e-25
1528.342644,1.436e-26
1528.345702,7.456000000000001e-26
1528.347629,7.739000000000001e-26
1528.349024,2.27e-25
1528.357448,1.015e-26
1528.364155,1.515e-24
1528.364511,1.491e-24
1528.365963,1.006e-26
1528.37174,2.236e-25
1528.375789,6.102e-25
1528.381298,2.427e-24
1528.386984,6.719e-25
1528.389185,6.582000000000001e-25
1528.392735,1.154e-26
1528.404328,9.995e-26
1528.4139,2.223e-25
1528.416056,2.274e-25
1528.419449,1.793e-25
1528.423826,6.216e-25
1528.426951,1.3160000000000002e-26
1528.44297,1.511e-25
1528.444697,2.146e-25
1528.445597,2.197e-25
1528.448719,2.582e-24
1528.455452,1.881e-25
1528.460292,5.763e-25
1528.464466,5.632000000000001e-25
1528.473373,3.4510000000000004e-26
1528.474993,1.792e-25
1528.476345,3.5870000000000005e-26
1528.481736,1.213e-24
1528.481848,1.237e-24
1528.484003,1.963e-24
1528.49757,1.875e-24
1528.498833,1.945e-25
1528.505347,3.08e-26
1528.508384,3.2070000000000004e-26
1528.510554,1.121e-24
1528.512416,8.361000000000001e-26
1528.512866,1.141e-24
1528.515331,8.667e-26
1528.518089,2.05e-25
1528.518813,6.985e-25
1528.518902,6.856e-25
1528.522257,2.131e-25
1528.523179,2.32e-25
1528.539539,9.017e-26
1528.544351,9.336e-26
1528.548621,1.077e-25
1528.550558,1.343e-25
1528.551154,1.37e-25
1528.551703,1.133e-25
1528.556052,6.858e-26
1528.559366,7.138000000000001e-26
1528.562417,1.5620000000000002e-25
1528.585856,3.089e-26
1528.594302,1.235e-24
1528.595125,1.259e-24
1528.596362,4.814e-26
1528.607379,1.3969999999999999e-24
1528.607684,1.379e-24
1528.621126,6.368e-25
1528.624732,6.451e-25
1528.626641,7.261000000000001e-25
1528.627916,6.571000000000001e-25
1528.629646,7.354e-25
1528.631071,6.429e-25
1528.633823,1.925e-25
1528.651125,3.683e-26
1528.652276,1.872e-25
1528.654856,3.823e-26
1528.657436,7.261000000000001e-25
1528.657761,7.129e-25
1528.664693,5.061e-25
1528.665334,1.451e-26
1528.665579,5.14e-25
1528.667515,2.98e-26
1528.670286,1.834e-24
1528.670336,1.53e-26
1528.674623,1.961e-24
1528.678221,7.121000000000001e-26
1528.682078,1.7210000000000002e-25
1528.684693,7.567e-26
1528.68481,1.795e-25
1528.698305,1.206e-24
1528.699839,1.514e-25
1528.700174,1.228e-24
1528.700684,3.394e-26
1528.701114,1.469e-25
1528.708663,1.327e-25
1528.708929,2.265e-25
1528.71055,1.35e-25
1528.717495,3.577e-26
1528.719653,5.194000000000001e-26
1528.720924,5.427e-26
1528.73959,1.028e-25
1528.740137,2.298e-25
1528.743442,1.045e-25
1528.774767,2.358e-25
1528.778373,3.4610000000000003e-25
1528.780931,1.844e-24
1528.782463,1.816e-24
1528.784388,2.8649999999999998e-24
1528.793083,1.147e-25
1528.799537,1.018e-25
1528.802214,9.933e-26
1528.804402,6.26e-25
1528.806019,6.153e-25
1528.806998,2.202e-24
1528.809332,2.422e-25
1528.813932,7.432e-25
1528.815279,7.286e-25
1528.818844,6.406000000000001e-26
1528.821667,6.663000000000001e-26
1528.82222,2.944e-24
1528.834343,1.7519999999999998e-24
1528.837628,1.2e-24
1528.842251,1.111e-26
1528.852572,1.439e-25
1528.855151,1.507e-25
1528.8578,1.922e-24
1528.858259,1.202e-26
1528.859519,1.138e-25
1528.859928,1.1e-25
1528.865988,1.221e-25
1528.869357,1.091e-24
1528.871478,1.066e-24
1528.875251,4.864e-25
1528.880989,4.5340000000000005e-26
1528.885751,4.763e-25
1528.890388,2.268e-24
1528.895045,1.218e-24
1528.895412,1.498e-25
1528.895481,1.527e-25
1528.896675,1.241e-24
1528.907802,5.164e-25
1528.911489,4.419e-25
1528.912826,4.484e-25
1528.912857,5.034e-25
1528.915663,5.244e-25
1528.917927,3.796e-26
1528.917967,1.496e-25
1528.918318,1.524e-25
1528.920013,4.697e-26
1528.921724,3.945e-26
1528.96265,5.3410000000000005e-25
1528.967096,1.12e-24
1528.974512,1.159e-24
1528.978509,1.982e-25
1528.98149,2.063e-25
1528.982023,2.6610000000000004e-26
1528.984982,2.779e-26
1528.989562,1.622e-24
1528.992809,1.3399999999999999e-24
1528.993888,1.3319999999999999e-24
1528.994154,1.35e-24
1528.995674,1.363e-24
1529.003993,2.188e-25
1529.004077,2.133e-25
1529.013318,1.499e-25
1529.015619,1.178e-24
1529.016429,1.194e-24
1529.022563,4.964000000000001e-25
1529.023663,5.039e-25
1529.026053,1.326e-24
1529.026709,1.299e-24
1529.027452,3.093e-25
1529.033609,1.84e-24
1529.037705,1.276e-24
1529.038946,7.173e-25
1529.040453,7.305e-25
1529.05599,1.265e-25
1529.058665,1.293e-25
1529.071133,1.621e-25
1529.07405,9.999e-26
1529.074248,6.012e-25
1529.07462,6.108e-25
1529.074756,2.201e-24
1529.07512,1.7519999999999998e-24
1529.076023,1.728e-24
1529.078239,1.933e-25
1529.079132,1.881e-25
1529.079198,2.1670000000000003e-25
1529.082911,2.258e-25
1529.083162,3.414e-25
1529.085474,3.4620000000000003e-25
1529.103736,2.013e-24
1529.10545,1.984e-24
1529.109408,6.519e-25
1529.109842,6.412e-25
1529.111234,1.461e-25
1529.114203,1.257e-24
1529.11478,1.228e-24
1529.11489,1.673e-25
1529.115308,8.309e-25
1529.116709,1.978e-26
1529.124288,1.854e-26
1529.129121,6.201e-25
1529.133568,8.041e-25
1529.13375,6.283000000000001e-25
1529.135707,1.438e-24
1529.143973,2.35e-24
1529.144438,2.553e-25
1529.147952,2.609e-25
1529.165801,3.584e-25
1529.166106,3.2910000000000003e-25
1529.176359,3.753e-25
1529.180947,3.661e-25
1529.195069,3.784e-25
1529.197506,3.8020000000000005e-26
1529.199275,3.474e-26
1529.199443,3.9999999999999996e-26
1529.202152,1.709e-24
1529.21451,1.386e-25
1529.21775,9.533e-25
1529.220079,1.411e-25
1529.220269,9.294e-25
1529.221478,3.78e-26
1529.224305,1.979e-24
1529.225723,1.95e-24
1529.230419,6.596000000000001e-25
1529.232002,2.336e-26
1529.233918,6.476e-25
1529.237193,2.4840000000000003e-26
1529.248601,9.569e-25
1529.248798,2.518e-25
1529.249957,9.692e-25
1529.251325,2.575e-25
1529.268794,6.067e-25
1529.270863,3.348e-24
1529.272459,1.192e-24
1529.275045,5.95e-25
1529.284106,2.049e-24
1529.284163,2.101e-24
1529.287095,3.25e-24
1529.319252,1.23e-25
1529.322682,1.25e-25
1529.327378,7.999000000000001e-26
1529.328061,1.532e-25
1529.329432,8.314000000000001e-26
1529.336389,6.921000000000001e-25
1529.337982,1.5680000000000002e-25
1529.342984,7.16e-25
1529.354288,3.116e-24
1529.36357,1.519e-24
1529.365685,8.965000000000001e-26
1529.366954,9.304e-26
1529.372102,1.892e-24
1529.372563,1.862e-24
1529.378878,7.102e-25
1529.381662,7.233000000000001e-25
1529.389879,3.203e-24
1529.398838,8.28e-25
1529.398888,8.433000000000001e-25
1529.399368,8.765e-25
1529.425523,2.755e-25
1529.427913,1.023e-25
1529.449531,4.481e-25
1529.454798,1.525e-25
1529.45593,2.226e-24
1529.456143,3.2650000000000005e-26
1529.456986,2.7970000000000003e-25
1529.457093,7.999e-25
1529.459121,3.405e-26
1529.459278,7.833000000000001e-25
1529.483,7.174000000000001e-26
1529.486237,1.009e-25
1529.486592,1.1e-25
1529.487426,7.480000000000001e-26
1529.489198,1.164e-24
1529.49019,1.16e-25
1529.49064,9.585e-26
1529.490825,2.599e-25
1529.492575,6.669e-25
1529.492932,2.6610000000000003e-25
1529.49513,1.183e-24
1529.495498,4.562e-25
1529.496271,9.937e-26
1529.496679,6.513e-25
1529.504252,2.4840000000000003e-25
1529.505103,2.545e-25
1529.515764,4.823e-25
1529.516279,4.434e-25
1529.518061,1.264e-24
1529.522431,8.939e-25
1529.536941,3.171e-25
1529.537001,2.2899999999999998e-24
1529.540145,8.672000000000001e-25
1529.550886,1.479e-24
1529.561372,1.078e-25
1529.563786,3.231e-25
1529.574624,4.029e-26
1529.577206,3.7e-26
1529.577224,1.578e-25
1529.578761,4.188e-26
1529.580337,1.4629999999999999e-24
1529.580411,1.493e-24
1529.580621,3.852e-26
1529.587921,3.3330000000000006e-26
1529.588322,1.463e-26
1529.589592,1.408e-24
1529.592022,1.434e-24
1529.594252,1.549e-26
1529.596054,2.69e-25
1529.596202,7.033000000000001e-26
1529.59841,2.75e-25
1529.598818,9.307e-25
1529.601352,9.427e-25
1529.604275,7.505e-26
1529.608499,3.5250000000000004e-26
1529.611802,1.598e-25
1529.612405,1.631e-25
1529.613213,8.541e-25
1529.613385,8.38e-25
1529.615596,8.418e-25
1529.616675,1.385e-24
1529.618728,1.411e-24
1529.622553,4.027e-25
1529.623799,1.543e-24
1529.638367,2.265e-26
1529.648749,1.814e-25
1529.651506,1.895e-25
1529.66591,9.33e-25
1529.671474,5.424e-26
1529.672989,5.678e-26
1529.67765,9.672e-26
1529.678964,7.715e-25
1529.682085,7.545000000000001e-25
1529.688454,8.093e-25
1529.690516,1.674e-25
1529.691675,1.624e-25
1529.703271,9.883e-26
1529.710311,1.504e-24
1529.711101,1.533e-24
1529.727203,1.371e-25
1529.727277,1.011e-26
1529.733817,2.5980000000000003e-26
1529.735777,9.192e-26
1529.740581,1.003e-26
1529.750251,1.693e-25
1529.762527,1.094e-26
1529.769001,1.6480000000000002e-25
1529.771509,1.411e-25
1529.775106,1.3210000000000002e-25
1529.776041,6.803e-26
1529.778844,7.090000000000001e-26
1529.796789,1.858e-24
1529.797126,1.833e-24
1529.805039,1.267e-25
1529.80528,1.495e-25
1529.807533,5.158e-25
1529.808024,1.569e-25
1529.809811,1.288e-25
1529.809878,2.83e-25
1529.813426,2.893e-25
1529.819786,1.229e-25
1529.819795,1.186e-25
1529.826257,6.498e-25
1529.827058,6.6e-25
1529.828525,7.482e-26
1529.82953,5.6730000000000005e-25
1529.839354,2.332e-24
1529.840151,5.552e-25
1529.840969,2.296e-24
1529.858705,1.659e-25
1529.860519,1.689e-25
1529.872892,2.095e-25
1529.875917,2.184e-25
1529.879224,9.889e-26
1529.880243,1.026e-25
1529.883789,7.727e-25
1529.88554,5.0220000000000005e-26
1529.885551,7.593000000000001e-25
1529.892286,1.262e-24
1529.894415,1.232e-24
1529.898279,8.93e-25
1529.899619,8.75e-25
1529.903137,8.887e-25
1529.906714,9.003000000000001e-25
1529.912721,1.41e-25
1529.913946,1.8e-25
1529.91636,1.505e-24
1529.917288,5.856e-25
1529.917832,1.533e-24
1529.922182,5.705e-25
1529.925891,2.7830000000000004e-26
1529.926641,5.207e-26
1529.928961,2.913e-26
1529.931627,1.646e-24
1529.934363,1.674e-24
1529.961848,1.0079999999999999e-24
1529.96352,8.854e-25
1529.964302,8.953000000000001e-25
1529.974693,1.022e-24
1529.977384,3.807e-25
1529.978386,2.275e-25
1529.980828,2.368e-25
1529.980981,1.808e-25
1529.981009,1.843e-25
1530.02236,3.875e-25
1530.026734,1.83e-25
1530.027025,1.864e-25
1530.028071,2.713e-25
1530.041513,2.4980000000000003e-25
1530.041625,2.434e-25
1530.049317,2.038e-26
1530.057484,1.901e-26
1530.087478,1.477e-25
1530.090024,3.1240000000000005e-26
1530.090274,1.51e-25
1530.092929,1.982e-24
1530.093067,2.1730000000000003e-25
1530.093944,2.113e-25
1530.098578,2.223e-24
1530.101359,1.579e-24
1530.102051,1.546e-24
1530.106572,5.77e-25
1530.107844,5.857e-25
1530.108123,1.081e-24
1530.118987,3.4320000000000004e-26
1530.123067,3.72e-25
1530.131798,3.869e-26
1530.13444,4.083e-26
1530.138178,2.615e-25
1530.139937,3.75e-26
1530.14009,3.336e-25
1530.146294,1.496e-24
1530.147024,1.524e-24
1530.147547,3.789e-25
1530.148798,2.288e-26
1530.155959,2.443e-26
1530.168399,1.477e-24
1530.169042,1.443e-24
1530.170046,2.126e-24
1530.170714,4.562e-25
1530.171824,3.388e-25
1530.17188,4.628e-25
1530.175111,2.52e-26
1530.176446,1.455e-25
1530.177428,2.286e-24
1530.178466,2.688e-25
1530.180515,1.478e-25
1530.193391,1.281e-25
1530.19785,1.302e-25
1530.202502,2.578e-24
1530.202521,6.428e-25
1530.203539,1.785e-24
1530.203564,6.526e-25
1530.203779,1.81e-24
1530.204282,2.5399999999999998e-24
1530.205708,1.081e-24
1530.208171,1.053e-24
1530.209067,1.041e-25
1530.210971,7.618e-25
1530.21123,7.742e-25
1530.218929,8.155000000000001e-25
1530.219495,8.019e-25
1530.219751,9.208e-25
1530.220306,3.61e-26
1530.22072,7.893000000000001e-25
1530.231789,1.063e-25
1530.237591,2.301e-24
1530.238536,2.269e-24
1530.240402,2.475e-26
1530.244072,1.5929999999999999e-24
1530.244862,1.614e-24
1530.268891,7.217000000000001e-25
1530.270622,1.574e-24
1530.272069,7.995e-25
1530.272607,1.603e-24
1530.275274,7.075e-25
1530.275711,7.848000000000001e-25
1530.284897,2.95e-25
1530.287476,3.019e-25
1530.292559,8.529000000000001e-26
1530.294545,8.878e-26
1530.312732,1.191e-24
1530.314011,1.206e-24
1530.324865,1.156e-24
1530.352272,5.188e-25
1530.356796,4.797e-25
1530.35702,2.566e-24
1530.358379,4.867e-25
1530.358491,2.529e-24
1530.368623,5.21e-25
1530.371589,7.091e-25
1530.377201,2.353e-24
1530.377766,2.315e-24
1530.380934,7.348e-25
1530.392276,3.04e-24
1530.399493,1.827e-25
1530.406281,7.440000000000001e-26
1530.408703,2.955e-24
1530.411586,1.874e-25
1530.41172,3.4410000000000005e-26
1530.412031,3.91e-26
1530.41205,7.775000000000001e-26
1530.412461,1.752e-25
1530.414752,3.595e-26
1530.414896,4.077e-26
1530.418167,1.784e-25
1530.419098,1.114e-25
1530.420892,8.324000000000001e-26
1530.423156,1.137e-25
1530.423349,1.179e-25
1530.424231,8.132000000000001e-26
1530.463838,9.675e-26
1530.466651,1.006e-25
1530.468163,1.168e-25
1530.472149,3.2130000000000003e-26
1530.477809,2.3280000000000003e-25
1530.481221,8.734000000000001e-25
1530.481745,2.428e-25
1530.483798,8.897e-25
1530.484455,1.054e-25
1530.488946,1.094e-25
1530.497414,3.4120000000000004e-26
1530.499211,3.218e-25
1530.501579,6.764e-25
1530.505823,1.53e-25
1530.50632,1.461e-26
1530.508748,6.858e-26
1530.510157,8.806000000000001e-26
1530.513415,1.5520000000000003e-26
1530.518873,7.354e-26
1530.520237,7.68e-25
1530.522342,9.48e-25
1530.524259,7.496e-25
1530.524508,9.278e-25
1530.538935,4.205e-26
1530.54257,4.3780000000000005e-26
1530.543223,3.274e-25
1530.543834,5.965000000000001e-25
1530.544369,3.1210000000000003e-25
1530.546992,3.191e-25
1530.554704,3.024e-25
1530.556757,3.097e-25
1530.558378,2.863e-25
1530.559183,2.935e-25
1530.589356,3.379e-24
1530.593704,9.447e-26
1530.605004,1.9e-25
1530.60778,1.989e-25
1530.614095,1.325e-24
1530.615942,1.342e-24
1530.617978,5.624000000000001e-26
1530.619803,5.901000000000001e-26
1530.629589,2.189e-26
1530.629713,3.476e-24
1530.631937,1.585e-25
1530.668611,1.893e-25
1530.669228,1.933e-25
1530.673843,1.757e-24
1530.673879,1.793e-24
1530.676594,1.842e-25
1530.677111,5.046e-25
1530.677503,4.767e-25
1530.677603,1.785e-25
1530.684912,3.161e-25
1530.68873,3.235e-25
1530.702307,4.83e-25
1530.716673,2.772e-25
1530.722248,1.588e-25
1530.725268,9.015e-25
1530.725505,1.615e-25
1530.726728,2.016e-26
1530.728319,7.179000000000001e-26
1530.728348,8.812e-25
1530.730991,1.041e-24
1530.731063,1.021e-24
1530.731135,7.495000000000001e-26
1530.731791,5.173e-26
1530.734935,2.195e-24
1530.74042,1.729e-24
1530.752298,1.543e-25
1530.754857,2.852e-25
1530.755262,1.623e-25
1530.766091,1.598e-24
1530.771769,1.623e-24
1530.773326,5.363e-26
1530.775429,1.271e-25
1530.775904,1.3190000000000002e-25
1530.77682,1.1210000000000002e-26
1530.781499,6.584000000000001e-25
1530.79222,6.44e-25
1530.806311,1.218e-24
1530.811657,2.255e-24
1530.818224,1.239e-24
1530.821179,1.8229999999999998e-24
1530.821936,1.859e-24
1530.852218,1.744e-24
1530.852543,4.021e-25
1530.853599,4.3090000000000005e-26
1530.857151,4.493e-26
1530.864875,2.892e-26
1530.868094,3.034e-26
1530.868215,2.0119999999999998e-24
1530.870826,2.047e-24
1530.876939,1.453e-25
1530.884565,4.085e-25
1530.894369,2.936e-24
1530.896066,2.89e-24
1530.896082,1.416e-25
1530.907056,1.093e-24
1530.910904,1.453e-24
1530.912402,2.217e-25
1530.913031,1.418e-24
1530.915339,2.316e-25
1530.92092,1.746e-24
1530.921227,1.704e-24
1530.9223,6.606000000000001e-25
1530.927009,6.431e-25
1530.933517,1.881e-24
1530.938929,2.718e-26
1530.959103,9.496e-25
1530.961005,9.329e-25
1530.973305,1.831e-24
1530.974303,2.694e-26
1530.975053,1.866e-24
1530.976561,2.0860000000000003e-26
1530.977669,1.068e-24
1530.979008,1.046e-24
1530.981504,2.461e-24
1530.981874,2.427e-24
1530.983005,8.306e-25
1530.983721,8.438e-25
1530.9853,1.9350000000000003e-26
1530.992267,1.542e-24
1530.99936,1.589e-25
1531.006348,2.066e-25
1531.008111,2.103e-25
1531.012654,2.994e-26
1531.015003,2.704e-25
1531.028165,2.2e-25
1531.057251,9.883e-26
1531.058076,2.751e-25
1531.060164,2.2080000000000003e-26
1531.06079,3.903e-26
1531.061872,2.215e-25
1531.061878,2.1710000000000003e-25
1531.06432,4.131e-26
1531.069334,1.613e-24
1531.069867,2.37e-26
1531.073913,2.838e-25
1531.074047,2.763e-25
1531.086687,1.671e-25
1531.090469,1.699e-25
1531.10299,2.432e-25
1531.103834,2.362e-25
1531.11481,1.716e-25
1531.114826,1.024e-24
1531.117748,1.755e-25
1531.127322,1.2099999999999999e-24
1531.130641,2.228e-25
1531.13087,1.226e-24
1531.130875,2.271e-25
1531.134582,9.911e-25
1531.165662,1.383e-24
1531.167703,1.3999999999999999e-24
1531.171186,1.857e-24
1531.171749,1.871e-24
1531.172474,1.831e-24
1531.172856,1.892e-24
1531.189816,1.219e-24
1531.1922,1.187e-24
1531.217534,1.728e-24
1531.218237,1.6869999999999998e-24
1531.22632,6.149e-25
1531.226342,6.06e-25
1531.248159,3.635e-24
1531.254841,1.084e-24
1531.256347,1.104e-24
1531.261607,9.043e-26
1531.263712,9.429e-26
1531.265906,8.545e-25
1531.26983,7.474e-26
1531.272408,8.373000000000001e-25
1531.287224,3.742e-24
1531.297414,3.288e-24
1531.299259,3.238e-24
1531.301528,7.507e-25
1531.302826,7.622e-25
1531.310068,9.647e-25
1531.313843,9.466e-25
1531.320189,1.83e-24
1531.322521,1.861e-24
1531.324057,1.016e-24
1531.324751,9.985e-25
1531.32551,3.55e-25
1531.325863,7.646000000000001e-26
1531.327841,1.027e-25
1531.328784,3.63e-25
1531.329229,1.07e-25
1531.333255,8.008e-26
1531.343056,9.612e-25
1531.343207,9.771e-25
1531.346111,1.118e-25
1531.351192,1.187e-25
1531.353197,3.025e-26
1531.354134,3.603e-26
1531.357153,3.7720000000000006e-26
1531.35813,8.06e-26
1531.364998,2.145e-24
1531.366537,2.016e-26
1531.370721,9.375e-25
1531.377628,8.288e-25
1531.378617,8.417000000000001e-25
1531.379456,2.912e-24
1531.380122,2.864e-24
1531.384363,3.229e-26
1531.386104,1.623e-25
1531.389285,1.65e-25
1531.395589,3.009e-24
1531.396575,2.967e-24
1531.396783,3.4590000000000003e-25
1531.398699,7.151e-25
1531.399212,3.541e-25
1531.408318,2.384e-24
1531.408533,2.417e-24
1531.411261,7.424e-25
1531.415758,6.589e-26
1531.41928,1.4430000000000002e-26
1531.422194,1.106e-25
1531.424175,2.77e-25
1531.424484,4.6e-25
1531.427575,1.15e-25
1531.42785,1.54e-26
1531.428546,7.107e-26
1531.430962,1.115e-25
1531.439135,2.8280000000000003e-25
1531.439678,2.202e-24
1531.448032,5.962000000000001e-25
1531.450209,6.049e-25
1531.452881,4.6890000000000005e-25
1531.460713,4.5570000000000006e-26
1531.461015,2.152e-25
1531.464672,4.7530000000000005e-26
1531.468031,2.145e-24
1531.468806,2.174e-24
1531.475601,2.213e-25
1531.476935,4.1380000000000006e-26
1531.480245,4.3230000000000006e-26
1531.483288,2.241e-25
1531.485535,3.314e-24
1531.487058,3.265e-24
1531.492416,1.136e-25
1531.511921,7.011e-25
1531.513566,1.52e-25
1531.521378,2.687e-24
1531.524749,2.261e-25
1531.52589,7.009e-25
1531.526587,2.1670000000000003e-25
1531.532415,2.208e-25
1531.538117,2.615e-24
1531.543281,8.802e-25
1531.547208,8.585e-25
1531.559145,5.789e-26
1531.559697,1.977e-25
1531.561368,6.089000000000001e-26
1531.562543,2.075e-25
1531.562796,4.823e-25
1531.566909,2.299e-25
1531.572921,1.076e-24
1531.575707,1.097e-24
1531.576329,4.409e-26
1531.577227,2.1820000000000003e-25
1531.582732,1.118e-24
1531.584874,1.094e-24
1531.595125,4.901e-25
1531.606431,1.0079999999999999e-24
1531.607329,3.2830000000000003e-25
1531.608093,3.368e-25
1531.620366,1.178e-24
1531.620531,3.503e-25
1531.620927,1.348e-25
1531.62254,3.59e-25
1531.624974,1.194e-24
1531.643048,1.576e-25
1531.648255,1.378e-25
1531.648756,1.4649999999999999e-24
1531.652597,1.249e-24
1531.652625,1.273e-24
1531.655882,4.233e-26
1531.658071,2.016e-25
1531.658891,1.951e-25
1531.660247,1.49e-24
1531.660426,1.973e-25
1531.663704,2.006e-25
1531.675843,7.525e-26
1531.678717,7.873000000000001e-26
1531.693692,1.58e-25
1531.696943,1.667e-25
1531.707605,5.633e-26
1531.720976,2.231e-25
1531.721617,2.28e-25
1531.726816,1.353e-25
1531.727877,1.4060000000000002e-25
1531.731152,7.602e-25
1531.74195,7.432e-25
1531.751064,5.845000000000001e-26
1531.755327,3.735e-25
1531.757034,1.79e-24
1531.757717,3.822e-25
1531.758388,1.814e-24
1531.762252,2.101e-24
1531.762254,2.145e-24
1531.76683,1.049e-24
1531.769863,1.024e-24
1531.798811,2.984e-26
1531.802223,3.1380000000000005e-26
1531.802596,2.448e-24
1531.8038,1.514e-24
1531.805085,2.491e-24
1531.809265,2.317e-25
1531.812159,2.426e-25
1531.817604,1.225e-26
1531.818486,1.261e-24
1531.818651,1.237e-24
1531.824285,6.165e-25
1531.826688,6.257000000000001e-25
1531.837886,1.136e-25
1531.838837,1.182e-25
1531.839234,2.073e-24
1531.851144,2.175e-26
1531.863076,5.448e-25
1531.875936,2.143e-24
1531.878289,2.184e-24
1531.885788,1.336e-25
1531.891788,5.198e-25
1531.893997,1.643e-24
1531.89841,2.1180000000000003e-26
1531.898495,2.539e-25
1531.900981,2.6530000000000003e-25
1531.903016,2.455e-26
1531.907685,1.9520000000000003e-26
1531.922843,7.414e-25
1531.925207,1.665e-24
1531.926654,2.199e-24
1531.927319,1.624e-24
1531.927338,7.211000000000001e-25
1531.92738,2.244e-24
1531.941579,1.072e-26
1531.945973,3.681e-24
1531.947751,3.622e-24
1531.949227,1.364e-25
1531.95677,2.053e-26
1531.962505,3.018e-25
1531.965149,4.341000000000001e-25
1531.96597,2.093e-26
1531.978997,2.26e-26
1531.984448,3.897e-26
1531.984757,3.931e-25
1531.988266,4.022e-25
1531.988758,2.075e-24
1531.989101,4.14e-26
1531.991305,2.1479999999999998e-24
1531.994367,3.3250000000000003e-26
1531.997086,2.183e-24
1532.004085,6.654e-26
1532.005608,3.108e-25
1532.007946,6.505000000000001e-26
1532.014413,1.218e-25
1532.028439,1.879e-25
1532.030339,1.162e-24
1532.032372,1.141e-24
1532.034317,1.187e-25
1532.037909,3.6460000000000005e-26
1532.045964,4.259e-25
1532.052077,1.272e-24
1532.053375,1.245e-24
1532.061478,2.13e-24
1532.069291,7.049e-25
1532.069711,1.911e-25
1532.069961,7.152e-25
1532.089876,5.385e-25
1532.101189,3.209e-25
1532.101335,3.1220000000000003e-25
1532.103187,1.748e-24
1532.105676,1.772e-24
1532.108005,2.706e-25
1532.108799,2.626e-25
1532.116589,5.49e-25
1532.123803,2.036e-25
1532.128702,2.07e-25
1532.134928,1.057e-24
1532.135561,1.0739999999999999e-24
1532.137977,1.983e-25
1532.138063,2.65e-25
1532.138102,2.596e-25
1532.141077,2.03e-25
1532.146422,2.562e-25
1532.148116,2.608e-25
1532.161523,3.2449999999999998e-24
1532.161926,3.1999999999999998e-24
1532.170072,1.368e-24
1532.17235,1.3299999999999999e-24
1532.173727,2.261e-24
1532.175177,2.305e-24
1532.177288,1.318e-24
1532.186786,8.878e-25
1532.217477,9.528e-26
1532.219565,9.954e-26
1532.225285,6.238000000000001e-26
1532.229683,2.701e-25
1532.229863,2.754e-25
1532.230813,2.7630000000000004e-26
1532.237239,2.2069999999999998e-24
1532.237994,2.159e-24
1532.241704,7.778000000000001e-26
1532.243145,6.124e-25
1532.244282,1.474e-25
1532.25107,8.168000000000001e-26
1532.259833,1.0069999999999999e-24
1532.261607,8.504e-25
1532.261658,2.0119999999999998e-24
1532.262418,1.963e-24
1532.266438,9.861e-25
1532.267598,1.111e-25
1532.269466,1.507e-25
1532.269518,2.966e-26
1532.270769,5.757e-25
1532.273737,1.185e-25
1532.297912,3.749e-26
1532.301012,3.9330000000000006e-26
1532.303423,5.853e-25
1532.317087,6.219e-26
1532.32316,6.768000000000001e-26
1532.327138,1.407e-26
1532.327858,4.325e-26
1532.330656,4.526e-26
1532.332879,1.594e-25
1532.333382,6.755e-26
1532.337593,1.509e-26
1532.344409,1.159e-24
1532.348308,1.1359999999999999e-24
1532.378872,3.588e-24
1532.379638,3.528e-24
1532.388469,4.174e-24
1532.388958,1.034e-26
1532.389966,2.4910000000000003e-26
1532.39038,4.109e-24
1532.391678,3.89e-24
1532.394144,1.095e-25
1532.396877,1.141e-25
1532.398439,1.628e-25
1532.403271,1.677e-24
1532.406793,1.699e-24
1532.408212,4.693e-26
1532.408218,2.267e-24
1532.409041,2.31e-24
1532.409188,1.206e-25
1532.411754,4.9030000000000007e-26
1532.413365,1.255e-25
1532.415962,2.582e-25
1532.41778,7.075e-25
1532.419663,2.703e-25
1532.424787,1.26e-24
1532.425604,1.238e-24
1532.42854,4.018e-25
1532.43098,4.115e-25
1532.43413,7.361e-25
1532.43488,4.009e-24
1532.437098,1.411e-24
1532.439199,1.588e-24
1532.447534,1.1770000000000002e-26
1532.456989,2.755e-26
1532.470501,1.207e-24
1532.470545,1.228e-24
1532.487008,9.72e-25
1532.487284,1.109e-26
1532.488249,9.871e-25
1532.489244,1.7519999999999998e-24
1532.494794,5.903000000000001e-26
1532.497687,6.237e-26
1532.500473,1.784e-24
1532.502145,1.34e-26
1532.502158,2.059e-25
1532.505512,2.044e-25
1532.506857,2.095e-25
1532.508435,2.149e-25
1532.518663,1.418e-24
1532.518985,1.384e-24
1532.520525,2.566e-25
1532.520741,1.666e-24
1532.526064,1.554e-25
1532.528708,2.3370000000000003e-25
1532.532719,2.377e-25
1532.545177,1.257e-26
1532.546431,1.498e-25
1532.547203,2.387e-24
1532.547672,1.064e-24
1532.548605,1.081e-24
1532.549112,3.919e-24
1532.549256,2.433e-24
1532.55014,3.862e-24
1532.550826,7.862000000000001e-25
1532.552089,7.9799999999999985e-25
1532.552738,1.527e-26
1532.561711,1.004e-24
1532.565527,9.782e-25
1532.566469,1.58e-25
1532.568054,5.829e-26
1532.599234,1.7420000000000003e-26
1532.599657,1.425e-26
1532.605051,1.281e-24
1532.606211,1.99e-24
1532.608206,3.169e-24
1532.608395,3.213e-24
1532.609847,4.261e-24
1532.611423,4.197e-24
1532.612201,6.049000000000001e-26
1532.618376,7.833000000000001e-26
1532.621352,8.214e-26
1532.625185,7.713e-25
1532.629406,1.606e-25
1532.629481,3.175e-25
1532.633027,1.699e-25
1532.634947,2.193e-25
1532.635532,2.12e-25
1532.636293,1.342e-25
1532.638265,1.313e-24
1532.64038,1.284e-24
1532.641513,1.994e-26
1532.650849,1.6180000000000002e-26
1532.6509,3.746e-25
1532.651626,3.846e-25
1532.654503,9.219e-25
1532.65932,2.316e-24
1532.666331,9.179e-25
1532.667114,1.312e-24
1532.669682,1.337e-24
1532.671441,3.272e-25
1532.673942,1.431e-25
1532.675621,4.037e-25
1532.675709,1.489e-25
1532.675837,1.464e-25
1532.676492,1.1369999999999999e-24
1532.677046,2.04e-24
1532.677191,2.252e-24
1532.677583,4.14e-25
1532.678483,8.734000000000001e-25
1532.679385,2.292e-26
1532.679857,1.555e-25
1532.686419,2.875e-24
1532.687174,2.915e-24
1532.689332,8.532e-25
1532.695076,4.278e-25
1532.697634,4.379e-25
1532.698874,1.098e-24
1532.698951,1.84e-26
1532.702463,1.3999999999999999e-24
1532.706226,2.711e-25
1532.712199,2.763e-25
1532.71252,2.649e-26
1532.718695,1.559e-26
1532.727803,3.0560000000000004e-26
1532.731407,3.2210000000000005e-26
1532.734792,2.963e-24
1532.737163,3.017e-24
1532.744296,2.0980000000000003e-26
1532.764616,8.283e-25
1532.766225,8.407000000000001e-25
1532.768888,2.618e-25
1532.769565,2.676e-25
1532.770265,4.7780000000000005e-26
1532.772185,1.892e-25
1532.773577,5.0010000000000006e-26
1532.787511,2.4010000000000003e-26
1532.791025,1.798e-26
1532.799492,4.084e-25
1532.803653,1.214e-24
1532.80663,1.185e-24
1532.807708,4.231e-25
1532.814837,2.134e-26
1532.823926,2.42e-25
1532.824579,1.9520000000000003e-26
1532.826847,2.538e-25
1532.839996,1.934e-25
1532.843489,2.235e-24
1532.844736,2.264e-24
1532.845537,2.554e-24
1532.845568,2.5e-24
1532.847533,1.326e-26
1532.866025,1.94e-26
1532.872823,1.6099999999999997e-24
1532.877681,1.632e-24
1532.88244,8.353000000000001e-25
1532.883469,2.11e-26
1532.900147,5.015e-26
1532.902725,3.849e-26
1532.908808,4.106e-26
1532.918919,8.276e-25
1532.923169,8.043e-25
1532.923237,1.524e-24
1532.923295,1.493e-24
1532.933235,2.726e-25
1532.93519,1.898e-24
1532.936675,2.85e-25
1532.937273,1.85e-24
1532.94984,2.518e-24
1532.95164,2.567e-24
1532.975926,1.156e-26
1532.976384,6.838e-25
1532.979401,4.8020000000000005e-26
1532.994166,4.593e-24
1532.996024,4.519e-24
1533.009383,6.9550000000000005e-25
1533.010751,2.107e-26
1533.017614,1.279e-25
1533.023781,2.52e-25
1533.026946,2.563e-25
1533.026987,2.642e-24
1533.02714,5.05e-26
1533.027683,2.696e-24
1533.057173,5.784e-25
1533.057174,1.3e-25
1533.07554,2.038e-26
1533.089386,5.507e-25
1533.094142,8.279e-25
1533.09553,8.403000000000001e-25
1533.097489,1.415e-24
1533.097607,2.453e-24
1533.099359,2.486e-24
1533.099647,1.389e-24
1533.104622,2.417e-26
1533.10811,2.996e-25
1533.108833,2.905e-25
1533.11766,4.135e-24
1533.121529,1.507e-24
1533.12282,1.475e-24
1533.12334,3.61e-25
1533.12349,3.509e-25
1533.133021,5.518000000000001e-26
1533.134822,1.617e-24
1533.13506,1.585e-24
1533.139207,2.02e-26
1533.146474,1.5259999999999999e-24
1533.148615,1.483e-24
1533.153128,2.6130000000000003e-26
1533.153748,7.822000000000001e-26
1533.156968,2.282e-25
1533.160254,2.3370000000000003e-25
1533.160393,4.264e-24
1533.162518,9.975e-26
1533.165527,8.240000000000001e-26
1533.174296,9.978e-26
1533.176512,1.045e-25
1533.18351,1.092e-25
1533.184694,9.696e-26
1533.191008,1.17e-25
1533.203649,2.235e-25
1533.209576,3.1550000000000003e-25
1533.209642,3.09e-25
1533.21251,5.74e-26
1533.217349,1.891e-24
1533.227099,2.7309999999999998e-24
1533.228736,2.784e-24
1533.229807,1.3520000000000002e-26
1533.231409,3.874e-26
1533.233516,6.287e-26
1533.234558,4.0740000000000006e-26
1533.242698,1.458e-26
1533.250053,2.915e-24
1533.250666,1.181e-24
1533.255646,2.962e-24
1533.257358,1.156e-24
1533.267174,1.15e-25
1533.268699,1.202e-25
1533.273839,2.285e-25
1533.282025,1.3399999999999999e-24
1533.282576,1.362e-24
1533.283313,3.162e-25
1533.284955,3.221e-25
1533.286372,1.938e-24
1533.297815,2.591e-24
1533.298595,2.5339999999999998e-24
1533.300786,2.33e-24
1533.301595,2.273e-24
1533.307296,6.554000000000001e-25
1533.323856,3.26e-25
1533.323983,3.324e-25
1533.327838,2.086e-24
1533.330456,5.038e-26
1533.332261,1.249e-25
1533.334219,5.273e-26
1533.336848,4.261e-24
1533.337285,4.2e-24
1533.337361,6.685e-25
1533.3374,1.302e-25
1533.33888,2.125e-24
1533.357456,4.516e-26
1533.358576,5.014e-26
1533.360693,4.737e-26
1533.375085,1.385e-24
1533.375453,4.401e-24
1533.376315,4.326e-24
1533.379098,1.358e-24
1533.391932,5.421e-26
1533.413483,2.67e-25
1533.417262,2.716e-25
1533.417957,1.985e-25
1533.42553,5.988e-26
1533.427516,2.837e-24
1533.428766,6.337e-26
1533.42887,6.836e-25
1533.448384,2.098e-25
1533.449712,7.129e-25
1533.451442,2.212e-25
1533.451569,1.609e-24
1533.453078,1.641e-24
1533.461278,8.038e-25
1533.461698,8.16e-25
1533.475664,5.2749999999999996e-24
1533.477639,5.193e-24
1533.485394,4.844e-25
1533.488565,4.962000000000001e-25
1533.503077,1.047e-25
1533.510774,1.06e-24
1533.521112,1.555e-24
1533.521184,6.257e-26
1533.522048,1.5279999999999999e-24
1533.523883,4.664000000000001e-25
1533.526218,4.78e-25
1533.533104,2.8399999999999998e-25
1533.539125,2.064e-25
1533.541814,1.064e-25
1533.548239,1.462e-25
1533.550156,5.202e-26
1533.554319,5.086e-26
1533.555991,8.095000000000001e-26
1533.556275,1.851e-25
1533.559129,8.51e-26
1533.559288,2.779e-24
1533.559485,1.618e-25
1533.560649,2.833e-24
1533.563562,1.718e-25
1533.567158,6.499000000000001e-26
1533.575529,1.1389999999999999e-24
1533.579218,1.109e-24
1533.585418,1.894e-25
1533.593239,1.536e-24
1533.593299,1.51e-24
1533.606263,3.679e-26
1533.60722,2.372e-25
1533.607516,2.29e-25
1533.613999,2.26e-24
1533.616787,1.501e-25
1533.617493,2.291e-24
1533.619407,1.5650000000000002e-25
1533.619482,1.169e-24
1533.623487,9.981e-25
1533.627206,2.626e-25
1533.634358,9.745e-25
1533.651757,3.1050000000000004e-26
1533.653315,1.043e-24
1533.653382,1.059e-24
1533.655061,2.1e-25
1533.655826,3.2850000000000005e-26
1533.664827,3.571e-24
1533.666936,3.604e-26
1533.667084,3.637e-24
1533.669692,2.142e-25
1533.671412,1.254e-24
1533.672667,1.273e-24
1533.679568,8.083e-25
1533.680751,2.589e-25
1533.683859,2.634e-25
1533.684143,2.589e-24
1533.685454,1.519e-25
1533.686076,2.623e-24
1533.688943,1.535e-24
1533.68925,4.255e-25
1533.689945,4.3720000000000005e-25
1533.691026,1.4999999999999998e-24
1533.695268,3.2990000000000005e-26
1533.698159,5.081e-24
1533.69923,5.006e-24
1533.699908,2.688e-25
1533.712832,1.36e-24
1533.712932,8.224000000000001e-25
1533.713712,1.382e-24
1533.722242,2.4990000000000003e-25
1533.725072,2.628e-25
1533.725824,2.131e-26
1533.729953,5.455e-24
1533.730554,4.633e-25
1533.731582,5.372e-24
1533.732477,4.753e-25
1533.735915,1.933e-26
1533.747591,1.604e-24
1533.750387,1.636e-24
1533.760029,1.7450000000000002e-26
1533.77091,2.8710000000000004e-26
1533.776121,1.274e-25
1533.777018,1.331e-25
1533.782705,3.398e-25
1533.78273,1.187e-24
1533.783466,1.915e-26
1533.78794,1.255e-24
1533.79259,1.178e-24
1533.79531,2.767e-25
1533.797839,2.903e-25
1533.79848,3.256e-25
1533.799243,1.021e-24
1533.801303,1.037e-24
1533.803224,4.195e-24
1533.803387,4.255e-24
1533.806508,1.9469999999999998e-24
1533.812341,3.058e-25
1533.813064,3.1270000000000003e-25
1533.815558,3.7530000000000005e-26
1533.817377,3.328e-25
1533.822166,1.782e-24
1533.82347,3.393e-25
1533.82348,4.024e-26
1533.828969,3.506e-25
1533.835739,1.3979999999999999e-24
1533.838652,1.364e-24
1533.870153,1.419e-26
1533.872736,5.836e-25
1533.887115,1.85e-24
1533.887122,1.887e-24
1533.887517,6.456e-25
1533.888771,3.166e-25
1533.889445,1.825e-24
1533.892371,5.094e-25
1533.894169,1.614e-24
1533.894792,5.217e-25
1533.900204,3.838e-24
1533.900943,3.892e-24
1533.910534,9.187e-25
1533.914502,8.921e-25
1533.923726,3.027e-24
1533.923786,2.962e-24
1533.935219,3.978e-26
1533.940849,2.153e-24
1533.942888,2.097e-24
1533.974032,1.977e-26
1533.97956,3.11e-25
1533.980507,1.698e-24
1533.982691,3.165e-25
1534.002975,1.231e-26
1534.003281,1.83e-24
1534.00339,1.793e-24
1534.01762,2.7e-25
1534.035124,7.643e-25
1534.035569,2.158e-26
1534.038945,5.706e-24
1534.040881,5.612e-24
1534.042784,3.069e-25
1534.043894,3.045e-24
1534.045555,3.106e-24
1534.047742,2.912e-25
1534.053357,4.384e-26
1534.061923,7.765000000000001e-26
1534.064082,7.798e-25
1534.076674,8.208000000000001e-26
1534.077785,1.097e-24
1534.078271,1.126e-24
1534.0913,2.203e-24
1534.093781,1.06e-25
1534.095897,2.233e-24
1534.10167,5.1430000000000006e-26
1534.103044,1.142e-25
1534.103303,3.3e-25
1534.103931,3.196e-25
1534.116213,5.513000000000001e-26
1534.118138,3.1430000000000003e-25
1534.119021,1.694e-24
1534.120452,1.038e-25
1534.120988,1.645e-24
1534.121947,3.159e-24
1534.122614,3.226e-24
1534.12271,1.089e-25
1534.126238,3.3090000000000003e-25
1534.127157,1.2770000000000002e-26
1534.129158,5.693e-26
1534.138057,5.361e-25
1534.140364,4.041e-25
1534.140505,3.925e-25
1534.14089,3.205e-24
1534.141512,5.491e-25
1534.143244,1.386e-26
1534.152967,6.454e-25
1534.160547,1.715e-24
1534.162823,1.683e-24
1534.163854,3.976e-26
1534.164606,2.472e-24
1534.167138,4.1920000000000005e-26
1534.171773,2.612e-25
1534.175271,2.677e-25
1534.1755,2.519e-24
1534.186008,1.778e-24
1534.187283,1.739e-24
1534.190031,4.367e-24
1534.195744,5.262000000000001e-26
1534.215202,1.224e-24
1534.22064,1.06e-24
1534.220753,4.663e-26
1534.223067,1.076e-24
1534.223537,4.9030000000000007e-26
1534.236447,4.508e-24
1534.238399,1.378e-24
1534.240829,1.18e-24
1534.243715,3.4410000000000004e-25
1534.244177,3.292e-24
1534.245159,1.348e-24
1534.245527,3.337e-24
1534.246918,2.4150000000000003e-26
1534.252729,6.102e-25
1534.253195,2.047e-25
1534.258896,5.1140000000000006e-26
1534.262351,5.365000000000001e-26
1534.265489,4.355e-26
1534.276405,3.739e-25
1534.276492,3.661e-25
1534.280845,2.094e-25
1534.288268,5.802e-25
1534.303315,1.21e-25
1534.305998,1.266e-25
1534.312382,3.8990000000000006e-26
1534.314,1.348e-25
1534.317871,1.409e-25
1534.320534,7.991000000000001e-26
1534.332563,2.792e-25
1534.334956,2.686e-24
1534.335467,8.484e-25
1534.335806,2.619e-24
1534.336029,2.936e-25
1534.339592,5.364e-26
1534.350587,6.011000000000001e-26
1534.353483,3.028e-24
1534.354285,2.959e-24
1534.354615,6.384000000000001e-26
1534.369203,5.373e-24
1534.370158,5.2789999999999996e-24
1534.371397,1.927e-24
1534.371682,4.24e-26
1534.371779,1.966e-24
1534.379085,5.402e-26
1534.380251,9.507e-25
1534.383517,2.137e-25
1534.386739,2.26e-25
1534.391391,6.479000000000001e-26
1534.402091,1.649e-24
1534.406205,1.616e-24
1534.409845,3.336e-24
1534.41127,3.403e-24
1534.413154,3.916e-25
1534.413231,3.995e-25
1534.413299,3.886e-25
1534.414,9.677e-25
1534.414876,3.959e-25
1534.420654,1.665e-24
1534.422893,3.216e-25
1534.424288,1.69e-24
1534.424759,1.719e-24
1534.428062,3.271e-25
1534.431979,6.399999999999998e-25
1534.438284,6.731000000000001e-26
1534.45031,3.568e-25
1534.455943,9.464e-25
1534.458194,6.693e-25
1534.463936,1.124e-25
1534.466916,3.888e-24
1534.472592,3.952e-24
1534.483755,1.616e-25
1534.486255,1.705e-24
1534.48854,1.7220000000000002e-25
1534.488547,8.302e-26
1534.491912,8.753000000000001e-26
1534.495961,1.213e-24
1534.496657,1.232e-24
1534.507479,5.571e-24
1534.507949,5.491e-24
1534.516392,3.542e-25
1534.527971,1.105e-25
1534.528465,3.657e-25
1534.542989,3.182e-25
1534.550706,5.369e-25
1534.553019,5.505e-25
1534.555328,1.5630000000000002e-25
1534.555464,1.154e-25
1534.558981,1.633e-25
1534.558995,6.639e-24
1534.561034,6.533e-24
1534.56235,3.656e-25
1534.565154,1.415e-25
1534.566159,1.135e-24
1534.567186,3.2990000000000003e-25
1534.570716,3.1300000000000003e-26
1534.574834,2.458e-25
1534.574893,2.551e-25
1534.575208,3.322e-26
1534.577019,1.107e-24
1534.584739,1.285e-24
1534.587724,3.231e-24
1534.588281,1.251e-24
1534.590168,3.274e-24
1534.592722,4.283e-24
1534.594873,4.363e-24
1534.613028,1.911e-24
1534.614077,1.877e-24
1534.617622,1.171e-25
1534.626066,1.053e-24
1534.627459,1.069e-24
1534.631358,2.1080000000000003e-26
1534.634028,2.044e-24
1534.635225,2.0849999999999998e-24
1534.641613,1.892e-26
1534.64749,1.505e-26
1534.648359,3.377e-24
1534.649274,3.4429999999999996e-24
1534.666301,6.918e-26
1534.667722,5.166e-26
1534.670804,5.431e-26
1534.67264,8.989000000000001e-25
1534.679278,1.671e-26
1534.684927,2.129e-26
1534.691575,7.403000000000001e-26
1534.706648,1.472e-25
1534.711284,1.913e-24
1534.711444,1.88e-24
1534.713071,2.572e-25
1534.716023,2.712e-25
1534.722249,4.809e-25
1534.722854,3.6070000000000005e-26
1534.722919,4.944e-25
1534.73317,3.8890000000000006e-26
1534.734768,1.785e-24
1534.736814,1.744e-24
1534.742714,2.0640000000000003e-26
1534.750312,8.571e-25
1534.760318,3.0120000000000004e-26
1534.776436,5.289000000000001e-25
1534.778317,5.431e-25
1534.789348,3.254e-25
1534.794452,3.3130000000000003e-25
1534.802177,3.559e-24
1534.804283,3.629e-24
1534.823919,5.758e-25
1534.824617,2.946e-25
1534.826345,5.902e-25
1534.827614,4.812e-25
1534.827768,3.097e-25
1534.833691,1.937e-24
1534.838065,1.4350000000000002e-26
1534.842729,6.5589999999999996e-24
1534.843842,6.461e-24
1534.845851,6.952e-24
1534.847199,1.609e-24
1534.847532,6.845e-24
1534.848404,1.635e-24
1534.849705,4.125e-25
1534.851325,3.553e-25
1534.852108,3.636e-25
1534.860217,3.691e-25
1534.863089,1.603e-24
1534.864071,3.756e-25
1534.865927,1.563e-24
1534.872945,1.731e-24
1534.873769,1.7599999999999998e-24
1534.883997,3.112e-24
1534.884055,1.505e-26
1534.887466,3.154e-24
1534.8914,3.355e-26
1534.897557,1.498e-24
1534.897692,1.014e-24
1534.901334,9.839e-25
1534.905717,1.481e-24
1534.911086,1.657e-25
1534.911385,1.3309999999999999e-24
1534.912715,1.352e-24
1534.917428,1.5840000000000002e-26
1534.930818,4.232e-25
1534.941476,5.0020000000000005e-25
1534.942181,2.43e-24
1534.944156,2.365e-24
1534.962706,1.599e-24
1534.965596,4.583e-24
1534.966132,7.591000000000001e-26
1534.966519,1.795e-25
1534.97511,1.558e-24
1534.979488,4.09e-25
1534.983961,4.419e-26
1534.984575,8.056000000000001e-26
1534.986187,4.202e-25
1534.993358,5.53e-24
1534.993493,5.609e-24
1534.996822,3.572e-24
1534.996909,3.493e-24
1534.998316,1.014e-25
1534.999614,2.914e-24
1535.009902,1.099e-25
1535.01039,2.971e-24
1535.012265,4.737e-24
1535.012808,1.545e-24
1535.018989,1.178e-26
1535.020653,4.959e-26
1535.021333,1.298e-26
1535.039351,1.29e-26
1535.048302,1.009e-25
1535.051199,5.538e-25
1535.059548,5.584e-25
1535.060411,3.978e-26
1535.064536,3.8890000000000006e-26
1535.065373,1.073e-25
1535.067791,1.128e-25
1535.076789,1.581e-24
1535.078366,1.113e-24
1535.080309,7.057e-24
1535.08232,6.938e-24
1535.087711,1.87e-24
1535.088014,4.05e-26
1535.089462,1.814e-24
1535.091432,4.283e-26
1535.092193,3.741e-25
1535.093583,3.614e-25
1535.094085,3.497e-25
1535.09551,2.191e-24
1535.095545,2.145e-24
1535.108537,5.103e-24
1535.109255,5.175e-24
1535.112524,1.133e-24
1535.143774,3.663e-24
1535.145389,3.739e-24
1535.152257,4.5e-25
1535.152378,4.3670000000000005e-25
1535.152609,1.406e-24
1535.1543,1.428e-24
1535.18238,2.9740000000000003e-25
1535.183415,1.257e-25
1535.183811,5.433000000000001e-26
1535.184517,9.167e-25
1535.185102,1.318e-25
1535.186121,3.05e-25
1535.187364,5.712000000000001e-26
1535.207099,1.228e-25
1535.209674,6.55e-25
1535.211754,3.76e-24
1535.212394,3.8409999999999996e-24
1535.214502,1.355e-25
1535.216371,9.357e-25
1535.218668,4.8e-26
1535.219507,2.07e-24
1535.22085,1.377e-25
1535.221877,5.0610000000000005e-26
1535.221893,2.031e-24
1535.223025,1.5999999999999999e-24
1535.225757,1.442e-25
1535.22905,5.844e-26
1535.229833,1.565e-24
1535.240887,4.743e-25
1535.245532,2.088e-24
1535.246786,2.042e-24
1535.270236,5.975e-26
1535.275249,6.371000000000001e-26
1535.278687,1.375e-25
1535.305821,3.928e-25
1535.308892,3.999e-25
1535.309514,5.558e-26
1535.314686,2.1590000000000003e-25
1535.318151,2.292e-25
1535.325128,4.87e-25
1535.326665,6.869000000000001e-26
1535.329272,2.992e-24
1535.333824,3.033e-24
1535.338545,4.412e-25
1535.338645,4.317000000000001e-25
1535.34074,2.349e-24
1535.340874,2.301e-24
1535.345046,4.486e-25
1535.34655,7.41e-25
1535.353459,4.122e-24
1535.354675,4.178e-24
1535.360128,6.5299999999999995e-24
1535.360544,1.613e-24
1535.361171,6.413e-24
1535.364184,3.082e-24
1535.365066,3.002e-24
1535.36768,4.794e-25
1535.375341,7.142e-26
1535.38454,1.133e-25
1535.402419,1.598e-25
1535.404237,3.522e-24
1535.405055,3.441e-24
1535.407995,1.711e-25
1535.416063,8.448e-26
1535.418147,4.484e-25
1535.419743,8.934000000000001e-26
1535.425419,1.9529999999999998e-24
1535.42708,5.735e-25
1535.429622,1.913e-24
1535.451967,1.704e-24
1535.452901,6.388e-25
1535.45962,4e-24
1535.459781,6.017e-25
1535.461156,4.082e-24
1535.483152,2.5060000000000003e-25
1535.48462,3.1250000000000003e-26
1535.487302,6.263000000000001e-26
1535.489538,1.614e-25
1535.489679,3.3300000000000003e-26
1535.490785,1.414e-24
1535.491573,6.071e-25
1535.492355,1.436e-24
1535.494443,1.69e-25
1535.497572,4.6830000000000005e-25
1535.497602,4.78e-25
1535.498886,6.074000000000001e-26
1535.506494,1.283e-24
1535.514225,2.567e-25
1535.517305,1.251e-24
1535.518501,5.111e-24
1535.520555,5.2099999999999996e-24
1535.522064,6.415e-25
1535.523569,1.527e-25
1535.527553,1.215e-26
1535.531448,2.063e-26
1535.537475,2.622e-25
1535.537965,2.725e-25
1535.539522,4.754e-25
1535.540873,3.527e-25
1535.541046,4.845e-25
1535.541575,1.83e-26
1535.559696,1.356e-25
1535.561384,4.467e-24
1535.561716,2.124e-24
1535.562108,2.1599999999999998e-24
1535.563089,4.529e-24
1535.568574,3.665e-25
1535.571386,1.37e-26
1535.587655,1.498e-25
1535.589344,1.444e-24
1535.592717,1.404e-24
1535.597001,8.447e-25
1535.597505,3.727e-25
1535.598619,1.422e-24
1535.60097,8.745e-25
1535.611553,2.621e-25
1535.614407,2.772e-25
1535.623768,5.421e-25
1535.624107,6.487e-25
1535.624483,3.404e-26
1535.627096,6.652e-25
1535.629125,2.348e-24
1535.629978,6.17e-25
1535.630641,2.396e-24
1535.632223,6.332e-25
1535.632413,6.663e-25
1535.635532,2.182e-26
1535.63796,3.696e-26
1535.63846,8.317e-24
1535.640562,8.182e-24
1535.647326,3.852e-25
1535.658751,4.0969999999999996e-24
1535.66053,4.18e-24
1535.661039,1.455e-24
1535.668852,2.939e-25
1535.671433,3.099e-25
1535.673415,7.252e-24
1535.67392,7.145999999999999e-24
1535.693864,1.396e-25
1535.694725,1.464e-25
1535.700528,2.338e-24
1535.701685,2.296e-24
1535.705452,1.411e-25
1535.708746,5.218e-24
1535.711322,5.572e-25
1535.714294,5.304e-24
1535.720068,4.195e-25
1535.723841,4.269e-25
1535.737955,1.277e-24
1535.749995,5.408e-25
1535.750646,5.565e-25
1535.767503,1.227e-24
1535.773852,1.295e-24
1535.775743,2.067e-24
1535.777745,2.0179999999999998e-24
1535.784511,2.4620000000000003e-26
1535.786334,4.112e-24
1535.808442,1.32e-24
1535.820606,6.0099999999999995e-25
1535.822455,6.176e-25
1535.824676,2.372e-24
1535.824933,2.331e-24
1535.832934,3.417e-24
1535.833072,1.372e-24
1535.833676,1.393e-24
1535.843613,3.486e-24
1535.853082,1.5610000000000002e-25
1535.858274,3.557e-26
1535.866239,7.286e-26
1535.867247,1.592e-25
1535.868058,1.582e-25
1535.880398,1.113e-24
1535.883664,1.079e-24
1535.885707,1.828e-24
1535.885833,4.11e-25
1535.88669,4.208e-25
1535.888458,1.782e-24
1535.88932,7.768000000000001e-26
1535.891574,1.5790000000000002e-26
1535.896971,9.525e-26
1535.89841,6.734e-25
1535.902829,2.349e-24
1535.904992,1.056e-26
1535.905641,2.397e-24
1535.908596,4.0650000000000005e-26
1535.911666,1.041e-25
1535.91854,8.899000000000001e-26
1535.931205,1.168e-26
1535.934399,1.605e-25
1535.937133,9.446e-26
1535.939181,2.7289999999999998e-24
1535.941071,2.654e-24
1535.956399,4.06e-25
1535.957538,8.823e-24
1535.959271,8.685e-24
1535.959467,4.133e-25
1535.96082,1.064e-24
1535.964778,4.597e-25
1535.981464,6.3080000000000005e-25
1535.982819,8.431e-24
1535.983326,4.775e-24
1535.983976,8.303e-24
1535.992056,1.086e-24
1535.998257,6.161e-25
1536.000622,1.859e-24
1536.00147,1.101e-25
1536.004007,1.1610000000000002e-25
1536.007169,6.824e-25
1536.007284,1.832e-24
1536.009472,4.092e-26
1536.009619,6.996e-25
1536.013116,4.3430000000000006e-26
1536.021109,2.058e-24
1536.022322,2.091e-24
1536.028145,2.194e-24
1536.028917,2.231e-24
1536.03194,1.022e-26
1536.033384,4.941e-24
1536.033395,1.353e-26
1536.042929,4.808e-25
1536.050227,1.491e-25
1536.051763,4.463e-25
1536.052543,2.053e-24
1536.053182,1.606e-25
1536.054028,1.989e-24
1536.059215,1.764e-24
1536.059367,1.792e-24
1536.064822,4.195e-24
1536.064933,4.1009999999999996e-24
1536.067939,1.465e-25
1536.078948,3.937e-25
1536.07929,3.804e-25
1536.081052,4.155e-24
1536.084492,4.212e-24
1536.086876,5.0180000000000005e-25
1536.089324,6.337e-25
1536.090702,4.89e-26
1536.090915,5.432e-26
1536.093317,5.12e-25
1536.09354,5.171000000000001e-26
1536.094294,5.727000000000001e-26
1536.102271,2.748e-24
1536.102282,2.692e-24
1536.116501,1.165e-26
1536.118255,8.688e-24
1536.12034,8.539e-24
1536.127151,1.283e-24
1536.135452,1.718e-24
1536.137408,1.744e-24
1536.140499,1.254e-24
1536.141752,1.107e-26
1536.159018,4.986000000000001e-25
1536.159103,4.833e-25
1536.167565,2.609e-24
1536.167638,2.553e-24
1536.178081,1.2999999999999998e-24
1536.178624,7.259e-24
1536.178731,7.364e-24
1536.182909,4.769e-24
1536.184419,5.873000000000001e-26
1536.184782,4.834e-24
1536.18878,3.37e-25
1536.190691,6.292e-26
1536.191317,1.303e-25
1536.192798,3.4590000000000003e-25
1536.193995,1.37e-25
1536.19648,1.327e-26
1536.199098,1.472e-25
1536.199894,5.539e-25
1536.202674,1.545e-25
1536.203161,7.098000000000001e-26
1536.204538,1.849e-24
1536.209574,8.044e-25
1536.211372,1.807e-24
1536.214388,1.488e-25
1536.223413,1.257e-26
1536.227605,2.939e-25
1536.230054,4.388e-24
1536.230847,3.107e-25
1536.231563,4.481e-24
1536.238086,2.787e-25
1536.238916,2.1640000000000003e-25
1536.238993,1.329e-24
1536.242686,2.305e-25
1536.242871,5.963e-26
1536.252971,7.384e-26
1536.268223,2.855e-25
1536.26991,7.177e-25
1536.271861,1.51e-26
1536.273295,7.36e-25
1536.274363,2.487e-24
1536.276654,4.816e-25
1536.276851,2.439e-24
1536.279643,4.904e-25
1536.289925,5.49e-26
1536.296211,4.456e-24
1536.296825,4.554e-24
1536.300091,2.441e-24
1536.300699,1.4260000000000002e-26
1536.30132,2.386e-24
1536.31218,6.755e-24
1536.31288,6.851e-24
1536.315307,1.5620000000000002e-25
1536.316527,8.348e-25
1536.321944,1.682e-25
1536.322612,2.312e-25
1536.325033,5.648e-26
1536.33845,8.523e-26
1536.342548,9.045e-26
1536.342626,1.7180000000000002e-26
1536.344318,5.899999999999999e-26
1536.348232,7.898e-24
1536.349357,7.754e-24
1536.364261,6.9580000000000005e-25
1536.37364,1.617e-26
1536.380274,3.841e-25
1536.384572,4.707e-24
1536.386745,4.803e-24
1536.388497,3.517e-24
1536.389399,3.425e-24
1536.391833,2.0860000000000003e-26
1536.393469,3.09e-26
1536.395988,5.181e-25
1536.396096,5.067e-25
1536.399268,3.308e-26
1536.408746,1.956e-26
1536.41409,4.803e-25
1536.419382,1.651e-25
1536.425812,1.733e-25
1536.426125,1.994e-26
1536.430528,3.974e-25
1536.43568,1.744e-26
1536.442189,6.069999999999999e-24
1536.44228,1.833e-26
1536.443147,2.026e-26
1536.444153,6.19e-24
1536.444489,1.443e-24
1536.445064,2.302e-24
1536.449342,2.254e-24
1536.450078,4.078e-24
1536.450906,3.981e-24
1536.454708,5.058e-25
1536.455208,1.406e-24
1536.459058,7.164e-25
1536.460637,1.003e-26
1536.466652,1.4999999999999998e-24
1536.470183,2.228e-26
1536.495424,2.779e-25
1536.496438,2.893e-25
1536.501698,1.5289999999999999e-24
1536.506675,2.0790000000000003e-26
1536.515999,1.838e-25
1536.52024,3.142e-26
1536.52055,3.863e-25
1536.526883,2.544e-26
1536.536316,2.9780000000000004e-26
1536.537975,3.44e-26
1536.539865,2.908e-26
1536.541409,4.051e-24
1536.545775,5.435000000000001e-26
1536.545789,2.768e-24
1536.546024,4.108e-24
1536.546226,2.827e-24
1536.548642,5.747000000000001e-26
1536.551727,4.019e-25
1536.562358,1.287e-25
1536.56691,2.3590000000000003e-26
1536.577091,5.693e-25
1536.577104,5.575e-25
1536.578764,2.911e-26
1536.579808,2.6570000000000003e-25
1536.582871,2.8190000000000003e-25
1536.584638,1.865e-25
1536.589347,1.613e-24
1536.592524,1.567e-24
1536.597072,1.791e-24
1536.59952,1.8189999999999998e-24
1536.619474,6.581000000000001e-25
1536.62311,2.683e-26
1536.624722,4.836e-24
1536.625702,3.346e-26
1536.626118,4.937e-24
1536.635906,6.9799999999999995e-25
1536.651283,7.039e-25
1536.651825,6.685e-25
1536.653483,7.227000000000001e-25
1536.659324,5.791e-25
1536.660787,5.904e-25
1536.661346,4.8060000000000006e-26
1536.664639,3.987e-24
1536.667494,3.867e-26
1536.675243,4.07e-24
1536.675482,3.059e-26
1536.675807,4.697e-26
1536.678214,2.594e-25
1536.693418,6.355e-25
1536.694302,2.656e-24
1536.694617,2.702e-24
1536.694913,3.095e-25
1536.697927,3.272e-25
1536.702108,4.992000000000001e-25
1536.703779,4.506e-26
1536.707864,5.08e-25
1536.710083,5.952e-24
1536.711427,6.0349999999999996e-24
1536.712817,1.341e-25
1536.714054,1.037e-23
1536.716218,1.02e-23
1536.721679,7.809e-25
1536.722363,2.543e-26
1536.724388,3.502e-26
1536.741757,2.027e-25
1536.751185,1.18e-24
1536.762053,6.833e-26
1536.770554,4.03e-26
1536.772406,6.052e-25
1536.773046,6.232e-25
1536.783606,2.848e-24
1536.784868,2.7959999999999998e-24
1536.789523,8.752e-26
1536.791034,7.326e-26
1536.794082,2.9820000000000005e-26
1536.794447,4.945e-24
1536.80847,9.657e-26
1536.810641,1.206e-24
1536.811867,2.382e-24
1536.813819,2.324e-24
1536.814292,2.967e-24
1536.815461,3.03e-24
1536.819109,1.017e-26
1536.820444,8.048e-25
1536.834656,9.401e-24
1536.835196,9.261e-24
1536.843075,1.581e-24
1536.845408,5.122e-24
1536.845827,1.816e-25
1536.854352,5.166e-26
1536.856933,6.796e-25
1536.858657,1.215e-24
1536.858747,6.989e-25
1536.861489,1.176e-24
1536.866689,4.943e-24
1536.867694,5.044e-24
1536.88817,2.903e-25
1536.890134,9.635e-25
1536.891811,1.642e-26
1536.892052,1.886e-25
1536.892648,3.2980000000000003e-25
1536.902554,2.054e-24
1536.903273,2.086e-24
1536.903594,2.075e-24
1536.906245,2.021e-24
1536.910645,5.047e-26
1536.912853,1.781e-25
1536.915855,4.73e-25
1536.916161,6.901999999999999e-24
1536.916804,4.846e-25
1536.921791,7.018e-24
1536.923964,4.101e-26
1536.927875,4.3680000000000005e-26
1536.930957,7.607e-25
1536.931846,3.048e-24
1536.933379,7.807e-25
1536.933408,2.929e-24
1536.933626,2.962e-24
1536.93376,2.877e-24
1536.934756,1.121e-25
1536.937517,1.186e-25
1536.939323,3.111e-25
1536.939763,1.676e-24
1536.98097,2.8099999999999998e-24
1536.983518,2.869e-24
1536.986068,1.779e-24
1536.987792,1.807e-24
1536.993816,9.99e-25
1537.013517,2.239e-24
1537.014678,2.167e-24
1537.020648,5.705e-26
1537.023981,6.032000000000001e-26
1537.035641,5.213e-24
1537.037783,5.3199999999999996e-24
1537.038277,1.397e-26
1537.052387,5.871e-24
1537.054179,5.054e-25
1537.054788,5.952e-24
1537.055442,1.258e-24
1537.058554,5.402e-25
1537.059395,4.264e-25
1537.059537,4.115e-25
1537.060046,5.15e-25
1537.060457,4.9570000000000007e-26
1537.063716,5.26e-26
1537.064038,2.119e-25
1537.065011,1.115e-23
1537.066796,1.097e-23
1537.070409,8.706000000000001e-25
1537.075283,8.701e-25
1537.076344,1.337e-25
1537.07775,3.895e-25
1537.078233,1.409e-25
1537.079378,2.093e-25
1537.087959,1.4820000000000002e-25
1537.088214,6.6470000000000005e-25
1537.089212,1.285e-24
1537.092647,1.558e-25
1537.093073,5.701e-26
1537.093198,2.273e-24
1537.098573,2.235e-24
1537.100976,6.14e-26
1537.114207,7.88e-25
1537.116276,1.08e-25
1537.117307,8.079e-25
1537.11843,1.079e-23
1537.119628,1.062e-23
1537.124375,7.440000000000001e-26
1537.127728,4.903e-24
1537.127859,4.791e-24
1537.129172,1.14e-25
1537.137262,1.02e-26
1537.152782,1.065e-23
1537.154937,1.046e-23
1537.156712,1.728e-24
1537.15694,8.253e-25
1537.158178,2.122e-25
1537.158455,2.149e-25
1537.160644,5.495e-25
1537.160674,5.322000000000001e-25
1537.161572,5.840000000000001e-26
1537.162645,2.299e-25
1537.170986,5.728e-25
1537.173401,8.983000000000001e-25
1537.174696,5.833e-25
1537.175975,7.746e-26
1537.178308,2.769e-24
1537.179026,2.815e-24
1537.182933,2.126e-24
1537.187123,2.619e-24
1537.188291,2.663e-24
1537.189768,2.0769999999999998e-24
1537.190962,3.798e-25
1537.192241,1.763e-24
1537.194135,1.168e-26
1537.195295,3.901e-25
1537.222387,1.509e-25
1537.229271,2.154e-25
1537.23043,1.634e-25
1537.240103,6.278000000000001e-25
1537.245333,1.342e-26
1537.24635,5.503000000000001e-26
1537.247755,3.093e-24
1537.247764,3.026e-24
1537.251005,1.288e-24
1537.252519,2.2149999999999998e-24
1537.253891,2.25e-24
1537.255695,8.52e-26
1537.256938,1.077e-26
1537.260348,9.077e-26
1537.267993,1.112e-25
1537.285234,1.233e-24
1537.290523,1.5520000000000003e-26
1537.29721,3.0220000000000004e-26
1537.298682,1.0059999999999999e-24
1537.303978,3.2520000000000003e-26
1537.312216,9.846e-25
1537.315463,1.898e-26
1537.316129,1.228e-26
1537.317924,1.064e-24
1537.319391,5.231e-24
1537.320855,5.343e-24
1537.323762,1.634e-26
1537.325108,2.975e-24
1537.32769,2.916e-24
1537.33352,9.508e-24
1537.334721,9.331e-24
1537.344817,1.672e-25
1537.345282,5.682e-24
1537.348701,5.761e-24
1537.349696,2.841e-24
1537.350897,2.774e-24
1537.353113,1.761e-25
1537.359011,9.487e-24
1537.35909,9.627e-24
1537.363808,7.174e-24
1537.365694,7.318e-24
1537.372004,1.4060000000000002e-26
1537.3755,5.256e-24
1537.375972,1.087e-24
1537.376091,5.374e-24
1537.38014,1.613e-24
1537.390719,1.571e-24
1537.392849,3.565e-25
1537.401092,3.34e-25
1537.405863,3.976e-25
1537.407913,3.995e-24
1537.408822,3.887e-24
1537.409804,2.8160000000000005e-26
1537.410343,9.639e-25
1537.433405,3.1150000000000004e-26
1537.434217,3.424e-25
1537.443254,3.771e-25
1537.448666,2.924e-25
1537.448731,6.055e-25
1537.448837,5.919000000000001e-25
1537.450318,3.049e-25
1537.459703,4.118e-25
1537.461019,2.701e-24
1537.465358,2.643e-24
1537.47697,2.6670000000000003e-25
1537.479974,2.8399999999999998e-25
1537.490056,4.211e-25
1537.491002,4.699e-24
1537.491834,4.584e-24
1537.494805,4.627e-24
1537.505353,4.726e-24
1537.510468,8.903e-24
1537.511147,9.032e-24
1537.51785,9.958e-25
1537.519131,3.036e-25
1537.520683,2.347e-24
1537.521778,3.221e-25
1537.522766,2.384e-24
1537.524553,4.385e-25
1537.524647,3.351e-24
1537.524719,3.28e-24
1537.548706,1.208e-25
1537.563738,1.113e-24
1537.56831,6.017e-25
1537.570917,1.3600000000000002e-26
1537.571284,6.129e-25
1537.584751,1.792e-24
1537.587702,1.74e-24
1537.591041,1.489e-25
1537.591886,1.57e-25
1537.626966,2.4950000000000003e-25
1537.651693,6.749e-25
1537.651745,6.606000000000001e-25
1537.653291,6.216e-26
1537.664275,1.153e-24
1537.670785,5.754e-24
1537.672231,5.876e-24
1537.675603,7.810000000000001e-26
1537.679346,1.6600000000000002e-26
1537.6899,6.708000000000001e-26
1537.700527,8.722e-26
1537.703968,1.261e-25
1537.714972,8.009e-25
1537.717132,8.23e-25
1537.71862,2.039e-25
1537.741366,1.06e-24
1537.741612,8.522e-25
1537.744422,8.751e-25
1537.764401,2.3310000000000003e-25
1537.769494,5.461e-24
1537.770682,5.079e-24
1537.773957,5.538e-24
1537.774937,7.022e-25
1537.776347,7.161e-25
1537.785776,1.288e-23
1537.787497,3.366e-24
1537.787999,1.266e-23
1537.78903,3.438e-24
1537.789539,6.737e-25
1537.790176,6.944000000000001e-25
1537.794427,2.436e-25
1537.822043,3.308e-24
1537.822283,3.366e-24
1537.824891,5.268e-24
1537.832474,1.318e-24
1537.834666,4.072e-26
1537.834803,1.274e-24
1537.838962,4.356e-26
1537.840981,3.612e-26
1537.841795,8.818e-25
1537.842607,7.477e-24
1537.843144,2.7309999999999998e-24
1537.843794,7.58e-24
1537.843985,1.98e-24
1537.845036,2.663e-24
1537.851634,6.987e-25
1537.852932,9.298e-25
1537.853705,1.096e-24
1537.85641,3.537e-26
1537.860505,1.133e-25
1537.862259,3.454e-24
1537.863496,1.203e-25
1537.863618,3.389e-24
1537.867199,2.376e-24
1537.868149,2.473e-25
1537.868754,1.451e-24
1537.869254,2.414e-24
1537.870209,5.926e-24
1537.872058,6.0509999999999996e-24
1537.878291,9.53e-25
1537.880025,2.021e-24
1537.886266,1.69e-26
1537.890415,7.648e-25
1537.892204,7.871000000000001e-25
1537.895944,6.6490000000000005e-25
1537.90232,1.483e-24
1537.904186,5.61e-26
1537.907505,5.952e-26
1537.916752,2.344e-24
1537.919286,2.281e-24
1537.920173,3.387e-24
1537.921813,3.288e-24
1537.923435,2.398e-25
1537.933566,1e-25
1537.934977,9.731e-25
1537.937755,4.975e-26
1537.940754,5.298e-26
1537.941383,5.418e-25
1537.942444,5.554e-25
1537.943646,2.4950000000000003e-25
1537.970633,2.428e-24
1537.971401,2.348e-24
1537.979414,2.183e-26
1537.981492,2.1250000000000003e-26
1537.988165,6.3040000000000005e-25
1537.988718,5.469e-26
1537.990864,2.348e-25
1537.991203,1.213e-23
1537.991777,1.195e-23
1537.993368,5.9739999999999996e-24
1537.994874,6.098e-24
1537.996107,5.452e-26
1538.0045,7.656000000000001e-26
1538.005343,7.998999999999999e-24
1538.006156,5.911000000000001e-26
1538.006488,6.479e-25
1538.007008,8.112e-24
1538.010245,6.599000000000001e-25
1538.013189,1.138e-25
1538.026784,1.1590000000000002e-25
1538.034818,4.425e-25
1538.034925,4.591e-25
1538.037477,3.599999999999999e-24
1538.037525,1.427e-26
1538.03792,3.536e-24
1538.038612,3.3819999999999996e-24
1538.041449,3.454e-24
1538.057442,7.975e-26
1538.058105,1.366e-25
1538.060842,1.444e-25
1538.063362,1.156e-24
1538.064623,1.5670000000000002e-25
1538.067917,1.652e-25
1538.071567,2.112e-25
1538.0722,6.111e-25
1538.076303,2.272e-25
1538.077251,5.1230000000000006e-26
1538.084046,2.931e-25
1538.09698,2.911e-25
1538.099717,8.974e-25
1538.101061,3.002e-25
1538.102193,9.212e-25
1538.104099,3.197e-25
1538.123575,1.435e-25
1538.133503,1.5660000000000002e-25
1538.141927,9.164e-24
1538.147491,9.319e-24
1538.157087,5.828e-25
1538.157132,6.024e-25
1538.158206,2.432e-24
1538.165014,2.374e-24
1538.167729,8.432000000000001e-26
1538.168268,1.402e-23
1538.170104,1.3799999999999998e-23
1538.173112,9.024e-26
1538.176184,2.746e-24
1538.180428,2.694e-24
1538.180886,1.197e-24
1538.183888,1.299e-23
1538.185536,5.705e-24
1538.185543,2.302e-24
1538.185683,5.572e-24
1538.186109,1.276e-23
1538.186342,2.338e-24
1538.188913,4.258e-25
1538.193605,4.3780000000000005e-25
1538.195801,2.918e-26
1538.199601,1.7740000000000003e-26
1538.201025,3.724e-25
1538.203848,3.1590000000000004e-26
1538.205588,1.497e-26
1538.21234,6.26e-25
1538.21538,6.376e-25
1538.22366,4.047e-25
1538.230382,1.25e-24
1538.233689,3.818e-25
1538.244456,2.9860000000000003e-25
1538.249557,1.375e-23
1538.250799,1.353e-23
1538.260574,1.248e-25
1538.265785,1.674e-25
1538.268501,1.31e-25
1538.276378,1.769e-25
1538.278605,4.196e-25
1538.283381,8.435e-24
1538.285203,8.61e-24
1538.292625,2.42e-26
1538.297945,3.931e-24
1538.297971,3.847e-24
1538.31139,3.6499999999999996e-24
1538.311425,3.57e-24
1538.313444,1.794e-24
1538.315997,1.139e-23
1538.317266,1.118e-23
1538.323509,5.341e-24
1538.323535,3.478e-24
1538.323826,1.745e-24
1538.324201,3.538e-24
1538.324567,2.712e-26
1538.327901,1.293e-24
1538.328901,7.123000000000001e-26
1538.334024,5.459e-24
1538.335199,7.428e-25
1538.348806,1.51e-24
1538.350591,3.3209999999999996e-24
1538.351761,3.376e-24
1538.363078,1.979e-25
1538.371739,3.541e-24
1538.374403,3.469e-24
1538.375017,2.8e-25
1538.376206,1.25e-24
1538.380278,7.584000000000001e-26
1538.380435,9.429e-25
1538.383738,9.682e-25
1538.394342,3.29e-24
1538.395509,3.211e-24
1538.397183,3.055e-25
1538.397226,6.206e-24
1538.398605,6.343e-24
1538.399609,3.192e-25
1538.40423,5.551000000000001e-26
1538.406908,5.911000000000001e-26
1538.416261,1.116e-25
1538.420043,1.142e-25
1538.422451,4.514e-24
1538.423352,4.389e-24
1538.424086,2.6570000000000003e-25
1538.424563,2.781e-25
1538.425767,2.105e-25
1538.427392,2.842e-25
1538.432277,8.48e-25
1538.443959,2.933e-24
1538.444188,2.98e-24
1538.445126,4.57e-25
1538.449459,6.171e-24
1538.450029,6.313e-24
1538.450672,1.608e-24
1538.455638,2.836e-24
1538.4575,2.881e-24
1538.473279,3.153e-24
1538.475854,7.721e-25
1538.477663,3.084e-24
1538.482749,4.756e-25
1538.487646,8.655e-25
1538.489405,7.563000000000001e-25
1538.496767,7.044e-25
1538.496862,6.882000000000001e-25
1538.499308,1.297e-24
1538.501104,2.8240000000000003e-25
1538.527008,5.3889999999999996e-24
1538.527837,5.254e-24
1538.528413,7.513e-24
1538.528429,2.256e-24
1538.531801,7.62e-24
1538.534533,1.235e-23
1538.534581,1.253e-23
1538.534861,1.053e-25
1538.538408,1.123e-25
1538.539521,5.417e-26
1538.541588,4.946e-25
1538.543926,3.157e-25
1538.546806,3.362e-25
1538.551712,7.326e-25
1538.55456,6.685000000000001e-26
1538.554565,7.464e-25
1538.56501,2.304e-24
1538.567366,4.592e-25
1538.575559,1.98e-24
1538.57825,1.921e-24
1538.586191,5.893000000000001e-26
1538.588197,7.585e-26
1538.606367,5.185e-24
1538.607082,6.789e-24
1538.609155,6.933e-24
1538.662011,8.640999999999999e-24
1538.662089,5.384e-24
1538.663826,8.76e-24
1538.679768,1.341e-24
1538.6989,1.173e-25
1538.700402,3.905e-24
1538.700848,3.992e-24
1538.703996,1.169e-23
1538.704656,1.186e-23
1538.721404,7.964e-25
1538.721491,7.792e-25
1538.727532,4.873e-26
1538.730168,9.051e-25
1538.73227,9.307e-25
1538.739217,4.0020000000000005e-26
1538.744004,4.303e-26
1538.759899,1.253e-24
1538.782345,1.136e-25
1538.785679,1.21e-25
1538.799693,1.195e-24
1538.801342,7.462e-25
1538.801856,1.42e-24
1538.801988,7.698e-25
1538.8036,1.371e-24
1538.808891,1.393e-24
1538.818362,6.885e-24
1538.819729,7.034e-24
1538.821277,4.532e-26
1538.823623,1.364e-25
1538.840751,5.818000000000001e-26
1538.843858,6.195000000000001e-26
1538.853621,1.592e-23
1538.855902,1.565e-23
1538.864872,1.22e-25
1538.869573,3.1169999999999998e-24
1538.871398,3.037e-24
1538.874398,1.7250000000000003e-26
1538.882692,4.9570000000000007e-26
1538.884482,8.477e-25
1538.885833,8.648000000000001e-25
1538.886127,5.302000000000001e-26
1538.888767,1.226e-25
1538.890064,1.369e-24
1538.89339,5.1240000000000005e-26
1538.904159,3.742e-24
1538.905625,3.629e-24
1538.906308,5.597e-26
1538.914601,7.938000000000001e-26
1538.916899,8.563e-25
1538.918661,8.82e-25
1538.919509,1.694e-24
1538.923893,2.617e-24
1538.924188,2.526e-24
1538.925182,2.634e-24
1538.926608,4.338000000000001e-25
1538.927583,2.561e-24
1538.933573,1.553e-25
1538.93648,4.169e-24
1538.93793,4.0889999999999996e-24
1538.938062,1.6420000000000002e-25
1538.944935,4.1009999999999996e-24
1538.945102,4.174e-24
1538.945804,1.381e-25
1538.947962,1.466e-25
1538.953502,2.976e-24
1538.955331,1.732e-24
1538.95597,3.024e-24
1538.961306,7.617e-25
1538.96241,6.174e-25
1538.963603,6.333e-25
1538.9686,7.747e-25
1538.968902,7.32e-24
1538.969385,8.277e-26
1538.97366,7.426e-24
1538.973912,1.424e-24
1538.975234,4.61e-25
1538.97729,3.941e-24
1538.977856,4.324e-24
1538.979476,2.053e-25
1538.979875,7.498e-25
1538.984687,1.415e-24
1538.984948,2.221e-25
1539.005124,4.728e-25
1539.005537,4.914e-25
1539.010859,1.4830000000000002e-25
1539.012981,1.101e-24
1539.016246,9.862e-25
1539.017552,1.52e-25
1539.018659,1.013e-24
1539.018744,1.342e-25
1539.019495,1.155e-24
1539.024407,2.659e-26
1539.030618,1.444e-26
1539.031247,1.477e-25
1539.033967,7.649999999999999e-25
1539.040391,2.6070000000000004e-26
1539.047897,7.323e-25
1539.048376,3.1540000000000003e-25
1539.063188,7.111e-24
1539.064282,7.262e-24
1539.074508,8.252e-26
1539.078786,1.6180000000000002e-26
1539.080797,1.332e-26
1539.08086,8.878e-26
1539.089159,2.7770000000000005e-26
1539.094762,6.978e-25
1539.098919,3.028e-26
1539.108959,4.007e-24
1539.109553,1.482e-24
1539.111496,4.094e-24
1539.111992,3.925e-25
1539.12278,3.918e-25
1539.127948,3.204e-25
1539.13035,2.767e-24
1539.136879,4.406e-24
1539.1371,2.699e-24
1539.137409,4.325e-24
1539.143055,1.5589999999999998e-23
1539.143664,1.535e-23
1539.148335,6.346e-25
1539.14848,6.568000000000001e-25
1539.150832,6.133e-24
1539.154805,1.058e-23
1539.156142,1.073e-23
1539.161339,6.272e-24
1539.16771,1.949e-26
1539.18221,1.655e-25
1539.182623,4.749e-25
1539.186832,1.021e-25
1539.187724,4.886e-25
1539.188535,1.034e-24
1539.191356,1.062e-24
1539.194269,3.519e-25
1539.195656,1.755e-25
1539.200934,9.869e-24
1539.202706,1.008e-23
1539.206336,2.848e-25
1539.206941,4.118e-25
1539.210006,2.556e-24
1539.211572,1.5769999999999998e-23
1539.211996,2.223e-26
1539.213854,1.549e-23
1539.230185,1.043e-25
1539.238246,6.607e-24
1539.238405,6.4489999999999996e-24
1539.244398,1.983e-24
1539.24716,2.612e-24
1539.247709,7.503e-24
1539.249874,7.663e-24
1539.250648,3.281e-24
1539.253901,3.213e-24
1539.254519,1.927e-24
1539.258491,1.497e-24
1539.265351,4.277e-25
1539.267305,1.756e-23
1539.269191,1.727e-23
1539.276473,2.786e-25
1539.289062,3.417e-24
1539.289801,3.472e-24
1539.294624,7.703e-25
1539.295666,1.358e-23
1539.296996,1.332e-23
1539.302315,7.864000000000001e-25
1539.305877,1.036e-26
1539.309713,4.3799999999999995e-25
1539.313614,3.31e-25
1539.318305,2.62e-25
1539.318736,2.945e-24
1539.320808,2.9869999999999998e-24
1539.321656,2.8160000000000003e-25
1539.338937,1.201e-23
1539.340953,3.166e-25
1539.34432,3.3160000000000003e-25
1539.344601,1.222e-23
1539.345019,4.493e-25
1539.346139,3.039e-25
1539.348882,3.25e-25
1539.352642,1.382e-25
1539.356158,1.445e-25
1539.376201,1.744e-23
1539.377485,1.717e-23
1539.379909,4.192e-24
1539.379931,4.289e-24
1539.380861,4.103e-26
1539.3925,4.961000000000001e-25
1539.396747,8.01e-25
1539.401218,1.56e-24
1539.409528,1.185e-26
1539.414248,4.195e-24
1539.416986,4.109e-24
1539.420052,4.4160000000000006e-26
1539.425142,5.363e-26
1539.426561,1.131e-26
1539.432126,5.075e-24
1539.433001,4.931e-24
1539.433047,5.159e-25
1539.434036,3.792e-24
1539.435165,3.6989999999999996e-24
1539.461028,8.734000000000001e-25
1539.463733,4.351e-24
1539.464345,4.427e-24
1539.464588,8.899e-25
1539.466832,9.011e-25
1539.467563,1.544e-25
1539.468421,1.638e-25
1539.472121,6.218000000000001e-26
1539.473911,9.207e-25
1539.476096,7.329e-24
1539.477435,7.493e-24
1539.480329,4.8550000000000006e-26
1539.48176,3.781e-26
1539.481838,3.664e-24
1539.483879,7.547000000000001e-25
1539.486249,3.582e-24
1539.497144,1.049e-23
1539.499504,1.064e-23
1539.50676,4.1899999999999995e-24
1539.507889,4.261e-24
1539.508186,1.3520000000000002e-26
1539.515934,1.031e-25
1539.518235,7.212e-24
1539.518787,7.382e-24
1539.521076,6.589000000000001e-25
1539.526266,1.287e-26
1539.533351,1.554e-24
1539.54009,8.155000000000001e-25
1539.540165,7.963e-25
1539.542781,1.468e-24
1539.551403,5.246e-24
1539.558093,6.149e-24
1539.55891,5.991e-24
1539.561775,2.176e-24
1539.564166,2.108e-24
1539.564253,1.931e-25
1539.573931,6.72e-25
1539.574147,1.982e-25
1539.574292,3.621e-24
1539.575685,3.68e-24
1539.60184,1.542e-26
1539.610382,5.457e-24
1539.621082,1.464e-26
1539.634626,1.517e-24
1539.63928,3.89e-26
1539.644742,4.208e-26
1539.650504,1.002e-26
1539.650823,1.015e-24
1539.657046,5.8e-25
1539.665629,3.556e-25
1539.670571,5.685e-25
1539.681868,1.0790000000000002e-25
1539.683812,1.623e-24
1539.686573,4.589e-24
1539.686597,4.692e-24
1539.690482,1.756e-26
1539.697497,1.128e-25
1539.698609,5.616000000000001e-26
1539.70124,1.206e-25
1539.70142,2.898e-25
1539.7019,6.006000000000001e-26
1539.705188,1.6000000000000002e-23
1539.705197,1.6239999999999998e-23
1539.71102,1.6620000000000002e-26
1539.714733,4.041e-25
1539.717086,9.928e-25
1539.720701,1.853e-25
1539.744191,1.862e-25
1539.748472,3.612e-25
1539.74859,1.238e-25
1539.760507,1.939e-24
1539.762017,4.888e-26
1539.765345,5.253e-26
1539.766809,1.521e-24
1539.767874,1.4659999999999999e-24
1539.774097,1.9980000000000003e-26
1539.778779,1.019e-24
1539.780862,1.049e-24
1539.784715,4.7090000000000006e-26
1539.786219,9.354e-25
1539.786335,9.147e-25
1539.787108,1.021e-23
1539.790477,1.035e-23
1539.793696,1.267e-25
1539.796097,1.8860000000000003e-26
1539.796354,8.119000000000001e-26
1539.796479,1.984e-24
1539.798326,1.5919999999999999e-24
1539.801555,5.193e-26
1539.807845,8.221000000000001e-25
1539.808513,8.49e-25
1539.811118,9.055e-25
1539.813992,9.23e-25
1539.830338,3.812e-25
1539.837814,1.098e-24
1539.840451,1.129e-24
1539.852669,2.2740000000000003e-26
1539.852692,8.472000000000001e-26
1539.857153,1.7420000000000003e-26
1539.860499,8.127e-24
1539.861868,8.307e-24
1539.868762,3.852e-24
1539.873024,2.701e-24
1539.873301,2.8019999999999998e-24
1539.874619,8.394e-25
1539.876331,2.138e-26
1539.881227,1.971e-25
1539.883802,4.112e-24
1539.885053,3.984e-24
1539.887744,2.146e-25
1539.888685,2.879e-24
1539.888942,1.392e-24
1539.891158,3.5399999999999995e-24
1539.89133,3.626e-24
1539.892249,1.527e-23
1539.892886,1.55e-23
1539.892904,3.446e-24
1539.903611,1.389e-25
1539.906514,1.4790000000000002e-25
1539.907682,1.227e-25
1539.910641,1.623e-25
1539.913669,1.7210000000000002e-25
1539.917587,1.959e-23
1539.919924,1.925e-23
1539.923786,1.365e-25
1539.924688,6.959e-26
1539.926176,2.589e-26
1539.926449,2.944e-24
1539.926673,4.7389999999999996e-24
1539.928243,4.845e-24
1539.928886,2.945e-24
1539.931133,2.8609999999999998e-24
1539.93972,9.54e-25
1539.941466,9.835e-25
1539.94879,1.137e-26
1539.951127,3.233e-26
1539.951748,2.4230000000000003e-26
1539.952882,2.9650000000000003e-25
1539.953442,1.4230000000000002e-26
1539.955756,3.186e-25
1539.956072,8.124e-25
1539.95727,1.666e-24
1539.962731,3.605e-25
1539.970442,5.0210000000000005e-25
1539.971231,5.226e-25
1539.975957,7.974000000000001e-26
1539.976857,7.002e-24
1539.976963,6.78e-26
1539.977171,2.596e-26
1539.978926,7e-25
1539.979343,3.495e-25
1539.980275,7.186e-25
1539.983597,8.631000000000001e-26
1539.987384,7.166e-24
1539.989264,2.8550000000000005e-26
1539.989524,1.019e-24
1539.990824,1.04e-24
1539.994589,2.9490000000000004e-26
1539.995245,1.49e-24
1540.006264,5.01e-24
1540.0078,4.912e-24
1540.018543,1.4450000000000002e-26
1540.022388,2.7480000000000005e-26
1540.033057,1.3940000000000002e-26
1540.048755,4.133e-25
1540.053234,1.605e-24
1540.055872,5.755e-25
1540.05787,3.366e-26
1540.060149,8.422e-24
1540.061889,2.945e-26
1540.062122,8.606e-24
1540.062974,5.062e-24
1540.06307,5.154e-24
1540.072275,2.464e-25
1540.085642,2.534e-25
1540.088303,3.1190000000000005e-26
1540.093988,1.611e-25
1540.09668,1.63e-26
1540.099362,3.133e-24
1540.106018,3.053e-24
1540.107528,5.868e-25
1540.108905,4.298e-25
1540.111011,1.716e-25
1540.115961,3.853e-26
1540.116488,1.149e-23
1540.118229,1.174e-23
1540.134141,1.299e-24
1540.134412,6.872e-25
1540.134685,7.122e-25
1540.136549,1.357e-24
1540.143878,4.881e-25
1540.14411,5.132e-25
1540.149576,3.547e-26
1540.152919,5.147e-25
1540.154942,4.784e-24
1540.157823,4.89e-24
1540.168782,4.428e-26
1540.170019,1.158e-24
1540.172079,5.266e-25
1540.172518,1.191e-24
1540.173002,2.178e-24
1540.177646,5.423e-25
1540.17908,8.526999999999999e-24
1540.179132,5.0080000000000005e-25
1540.180796,8.713e-24
1540.182787,2.114e-24
1540.188532,1.547e-24
1540.190747,9.804e-24
1540.195156,9.946e-24
1540.203637,3.6339999999999996e-24
1540.206333,4.044e-26
1540.216202,5.1180000000000007e-26
1540.221534,1.683e-24
1540.226261,3.992e-24
1540.231608,5.367e-24
1540.232221,5.2669999999999996e-24
1540.235831,1.906e-23
1540.23817,1.871e-23
1540.242077,7.689e-25
1540.242894,5.482e-26
1540.245424,5.89e-26
1540.245808,2.56e-25
1540.249599,2.767e-25
1540.258006,5.963e-26
1540.258789,4.63e-26
1540.269506,1.173e-24
1540.272534,1.612e-23
1540.272802,9.838e-25
1540.273913,1.5799999999999998e-23
1540.276056,3.982e-25
1540.276528,1.003e-24
1540.277713,1.597e-24
1540.279947,3.254e-25
1540.284463,3.416e-25
1540.284641,3.822e-26
1540.285855,7.616e-24
1540.286021,7.429e-24
1540.290212,1.995e-23
1540.290856,1.964e-23
1540.291353,7.34e-25
1540.293697,3.194e-26
1540.293793,7.025000000000001e-26
1540.296325,3.646e-25
1540.297878,1.588e-24
1540.304428,1.495e-25
1540.307342,5.329e-26
1540.310893,1.333e-23
1540.312051,1.352e-23
1540.315936,1.114e-24
1540.317053,3.883e-24
1540.319419,3.797e-24
1540.329226,5.388e-25
1540.351391,1.531e-25
1540.352847,6.18e-26
1540.353539,4.575e-26
1540.36212,2.19e-23
1540.362434,4.047e-25
1540.364055,2.153e-23
1540.367166,3.559e-25
1540.371659,3.116e-25
1540.372496,5.594000000000001e-25
1540.372997,3.5590000000000004e-26
1540.374393,3.348e-25
1540.393422,1.534e-25
1540.393547,2.929e-25
1540.393871,1.473e-25
1540.403198,5.273e-24
1540.429413,1.4079999999999998e-23
1540.431037,1.428e-23
1540.434778,4.899999999999999e-24
1540.434786,5.0149999999999996e-24
1540.436065,8.640000000000001e-26
1540.436957,5.676e-24
1540.437785,5.51e-24
1540.440233,2.349e-26
1540.448208,9.488e-25
1540.451128,9.666e-25
1540.452631,4.947e-24
1540.45543,4.843e-24
1540.464293,5.492e-24
1540.468675,1.117e-26
1540.468775,4.3489999999999996e-24
1540.469741,1.215e-24
1540.46986,4.24e-24
1540.472951,1.25e-24
1540.473995,5.52e-24
1540.47403,5.398e-24
1540.476558,1.669e-24
1540.485797,9.135e-26
1540.486692,4.236e-24
1540.491109,4.139e-24
1540.49836,2.203e-23
1540.499686,2.168e-23
1540.504978,1.046e-26
1540.51811,3.798e-24
1540.519099,3.86e-24
1540.532033,1.534e-24
1540.532174,3.079e-25
1540.533629,3.734e-26
1540.538309,1.273e-26
1540.539989,4.066e-26
1540.543402,2.378e-24
1540.545008,8.613e-24
1540.545445,2.302e-24
1540.546279,8.811e-24
1540.549153,1.5769999999999998e-23
1540.549269,3.171e-25
1540.550978,1.126e-25
1540.554821,1.605e-23
1540.562318,1.079e-24
1540.564441,3.222e-24
1540.564844,2.106e-26
1540.569678,1.103e-24
1540.577767,1.187e-26
1540.578696,9.396e-25
1540.578737,9.169e-25
1540.581699,8.39e-24
1540.582235,8.591999999999999e-24
1540.584256,3.7413500000000004e-24
1540.585051,6.799e-24
1540.598974,5.419e-24
1540.599535,5.5149999999999996e-24
1540.602596,1.453e-26
1540.602853,3.298e-24
1540.608,1.108e-25
1540.612302,1.192e-25
1540.634747,5.093e-25
1540.640035,1.156e-25
1540.64383,5.741e-26
1540.645819,1.347e-26
1540.646707,6.168e-26
1540.659831,5.266e-24
1540.660956,5.356e-24
1540.661453,1.663e-26
1540.669741,4.2020000000000005e-26
1540.685212,4.775e-26
1540.689046,5.161e-26
1540.692094,4.69e-26
1540.697597,8.33e-26
1540.709267,1.532e-26
1540.71475,1.911e-26
1540.722315,1.617e-24
1540.727343,1.617e-24
1540.727613,1.557e-24
1540.746577,1.309e-25
1540.755443,1.436e-24
1540.755875,8.7e-26
1540.757661,1.579e-25
1540.759012,4.597e-24
1540.760787,4.6739999999999996e-24
1540.760819,4.603e-25
1540.761981,1.682e-25
1540.76228,2.209e-26
1540.768321,1.7470000000000003e-26
1540.776284,2.237e-24
1540.777381,1.864e-25
1540.785235,2.047e-25
1540.787275,1.141e-24
1540.789294,1.175e-24
1540.790029,1.089e-25
1540.791688,1.382e-25
1540.794235,1.478e-25
1540.795139,2.576e-25
1540.801667,7.949e-24
1540.803678,2.5740000000000003e-26
1540.804742,1.095e-24
1540.807453,4.79e-24
1540.807466,1.116e-24
1540.807755,4.8689999999999996e-24
1540.808502,9.615e-24
1540.809018,9.009e-25
1540.80972,9.314e-25
1540.810469,9.828e-24
1540.811329,1.229e-25
1540.812248,8.141e-24
1540.814307,2.2899999999999998e-24
1540.817894,2.8669999999999998e-24
1540.818859,2.979e-24
1540.820283,2.586e-25
1540.823348,1.999e-26
1540.824314,1.1820000000000002e-26
1540.827314,1.604e-24
1540.833363,1.345e-25
1540.83423,1.7430000000000002e-26
1540.835171,5.4089999999999996e-24
1540.835644,5.5349999999999996e-24
1540.840549,4.266e-25
1540.846133,1.094e-24
1540.846274,1.069e-24
1540.854051,4.185e-25
1540.854349,1.7980000000000002e-25
1540.859098,4.493e-24
1540.859646,2.3740000000000003e-26
1540.860089,4.348e-24
1540.865766,4.3530000000000005e-25
1540.870397,2.014e-23
1540.870948,2.096e-23
1540.871987,7.592e-26
1540.874993,2.639e-26
1540.875069,2.3010000000000003e-26
1540.876438,1.028e-26
1540.879347,4.43e-25
1540.881365,8.278000000000001e-26
1540.88888,1.185e-26
1540.892798,5.054e-25
1540.900358,1.3620000000000002e-26
1540.903283,1.842e-25
1540.907897,4e-24
1540.909554,3.891e-24
1540.910892,1.5620000000000002e-26
1540.913941,1.654e-24
1540.920497,1.7890000000000002e-26
1540.92166,1.139e-26
1540.927868,3.275e-24
1540.929181,2.045e-26
1540.929936,3.178e-24
1540.930761,5.296000000000001e-25
1540.932008,5.523e-25
1540.935313,1.307e-26
1540.936942,2.336e-26
1540.94262,3.763e-25
1540.943767,2.6660000000000004e-26
1540.948255,1.497e-26
1540.949623,3.0420000000000003e-26
1540.954449,3.4710000000000004e-26
1540.956039,1.336e-23
1540.956118,1.057e-24
1540.95785,1.091e-24
1540.958139,3.964e-26
1540.9588,1.518e-24
1540.959374,1.3559999999999998e-23
1540.960509,4.5340000000000005e-26
1540.960547,1.71e-26
1540.963693,3.883e-25
1540.967801,1.286e-24
1540.969559,4.502e-25
1540.972257,1.951e-26
1540.97767,2.4e-23
1540.980059,2.357e-23
1540.983462,2.223e-26
1540.990766,9.625e-24
1540.990922,7.897000000000001e-25
1540.992102,9.844e-24
1540.992456,8.113e-25
1540.994257,2.529e-26
1541.000077,4.134e-25
1541.000976,1.54e-25
1541.001022,1.431e-26
1541.004762,2.8750000000000005e-26
1541.015139,3.268e-26
1541.022536,1.6490000000000002e-25
1541.025625,3.715e-26
1541.030068,1.3299999999999998e-23
1541.0318,1.36e-23
1541.033213,5.799e-25
1541.034495,1.508e-25
1541.036597,4.2260000000000005e-26
1541.063731,4.305e-25
1541.065237,3.527e-24
1541.071607,5.993e-24
1541.07176,3.435e-24
1541.073221,5.873e-24
1541.075686,1.987e-23
1541.076303,2.017e-23
1541.079833,1.254e-24
1541.080595,6.121e-25
1541.082229,1.291e-24
1541.088751,1.219e-24
1541.089995,1.244e-24
1541.099255,2.377e-24
1541.106218,4.313e-25
1541.108616,2.305e-24
1541.115309,7.399e-25
1541.115746,7.678e-25
1541.119128,1.55e-25
1541.121421,5.9289999999999996e-24
1541.121456,1.54e-23
1541.12243,6.063e-24
1541.123214,1.561e-23
1541.125982,2.036e-26
1541.135388,2.47e-25
1541.13943,2.688e-25
1541.149847,2.936e-25
1541.151471,5.106e-25
1541.152742,3.172e-25
1541.155579,4.394e-25
1541.157268,5.807e-25
1541.158258,1.7280000000000002e-26
1541.163368,5.9860000000000005e-25
1541.168734,1.077e-24
1541.176155,6.22e-24
1541.176182,6.335e-24
1541.1802,6.553000000000001e-25
1541.186042,1.364e-24
1541.187315,6.598000000000001e-25
1541.205282,1.519e-24
1541.206563,1.458e-24
1541.208719,5.647000000000001e-25
1541.214131,3.3140000000000003e-25
1541.214598,1.147e-24
1541.217669,5.614e-24
1541.220056,3.489e-25
1541.220195,5.741e-24
1541.235151,2.566e-26
1541.237258,3.584e-24
1541.237846,1.005e-23
1541.239026,1.027e-23
1541.245729,1.326e-24
1541.246348,5.799e-25
1541.246605,1.904e-23
1541.248022,1.865e-23
1541.248547,1.364e-24
1541.255392,4.841e-25
1541.256664,2.294e-23
1541.259054,2.25e-23
1541.260287,5.867e-25
1541.26537,1.963e-26
1541.276361,3.671e-24
1541.289878,4.864e-24
1541.292365,4.945e-24
1541.30364,4.498e-25
1541.30613,6.081e-25
1541.32166,6.509e-24
1541.322353,6.385e-24
1541.323331,1.552e-25
1541.32424,1.66e-25
1541.324945,5.251e-24
1541.328363,8.736e-24
1541.32853,8.516e-24
1541.328951,4.652000000000001e-25
1541.353271,2.575e-25
1541.357758,7.99e-25
1541.359501,1.281e-23
1541.365951,1.302e-23
1541.36788,2.514e-25
1541.376178,4.557e-24
1541.377743,4.448e-24
1541.381831,1.574e-25
1541.385873,1.516e-25
1541.389465,5.479e-24
1541.398352,2.152e-25
1541.404119,1.147e-24
1541.416966,1.714e-25
1541.423017,3.531e-26
1541.430617,3.877e-26
1541.431114,8.102e-25
1541.432673,2.542e-23
1541.433352,2.502e-23
1541.436955,6.314e-24
1541.437712,6.1239999999999996e-24
1541.438507,1.061e-23
1541.440679,1.084e-23
1541.449379,2.206e-25
1541.452711,2.718e-23
1541.454693,2.672e-23
1541.459128,1.639e-24
1541.474069,5.425000000000001e-26
1541.475148,4.893e-25
1541.477386,5.862e-26
1541.482709,7.749e-25
1541.4832,1.217e-24
1541.486882,5.807e-24
1541.487834,4.874e-24
1541.48973,5.682e-24
1541.49194,5.701e-24
1541.491999,5.839e-24
1541.492236,4.759e-24
1541.498564,4.965e-24
1541.499598,4.837e-24
1541.499621,1.763e-25
1541.502128,1.1359999999999999e-24
1541.512321,1.077e-25
1541.51734,1.165e-25
1541.51739,1.176e-24
1541.520445,2.584e-24
1541.522085,2.497e-24
1541.534219,4.436e-25
1541.543303,1.688e-24
1541.545132,4.286e-25
1541.547874,3.5980000000000004e-26
1541.563604,4.6070000000000005e-26
1541.567566,5.013e-26
1541.569532,4.973000000000001e-25
1541.578254,4.078e-26
1541.57839,1.848e-23
1541.579505,8.455e-26
1541.579718,1.875e-23
1541.589927,4.593e-24
1541.591508,1.31e-24
1541.596924,4.699e-24
1541.605493,7.891e-24
1541.606254,7.677e-24
1541.612574,1.051e-24
1541.612579,1.077e-24
1541.61318,8.549e-25
1541.613438,1.008e-23
1541.614674,1.031e-23
1541.616031,2.771e-23
1541.616493,5.253e-25
1541.617398,2.726e-23
1541.6185,4.177e-25
1541.62175,3.702e-25
1541.625351,8.971e-24
1541.630024,1.085e-24
1541.636026,9.195e-24
1541.63747,2.5399999999999998e-24
1541.638893,6.9620000000000005e-25
1541.639561,8.839000000000001e-26
1541.639962,9.714e-24
1541.640483,9.954e-24
1541.646336,5.446e-25
1541.655474,5.589e-24
1541.656229,5.681e-24
1541.665111,9.284e-26
1541.667396,1.732e-25
1541.670013,3.77e-25
1541.674109,3.887e-25
1541.675947,2.6009999999999998e-24
1541.677156,1.922e-25
1541.679911,1.296e-24
1541.682805,1.641e-24
1541.683467,1.707e-24
1541.687556,1.326e-24
1541.694235,1.067e-25
1541.699056,3.902e-25
1541.709276,1.048e-24
1541.727741,1.364e-25
1541.72919,6.719e-24
1541.729698,6.84e-24
1541.730345,1.308e-24
1541.730987,1.466e-25
1541.733534,6.506e-25
1541.734839,2.047e-23
1541.736262,2.109e-26
1541.737137,1.629e-25
1541.739916,1.741e-25
1541.740654,2.084e-23
1541.75629,2.377e-26
1541.758782,3.021e-24
1541.760574,3.144e-24
1541.762461,7.102e-26
1541.774234,7.811e-26
1541.782991,2.8150000000000003e-25
1541.78405,1.052e-24
1541.78578,3.062e-25
1541.804873,9.82e-25
1541.805628,1.016e-24
1541.806089,6.587e-24
1541.806214,1.7260000000000002e-26
1541.807178,6.702e-24
1541.813486,4.771e-25
1541.821319,1.272e-24
1541.823337,1.312e-24
1541.826446,6.305e-24
1541.826519,6.454e-24
1541.830048,4.8809999999999996e-24
1541.830723,4.717e-24
1541.838466,9.931e-25
1541.857443,4.084e-25
1541.876715,5.815e-24
1541.878113,5.9129999999999996e-24
1541.883489,5.9890000000000005e-25
1541.886065,5.548e-25
1541.887873,5.796e-25
1541.895738,1.914e-25
1541.901142,1.273e-24
1541.9013,1.243e-24
1541.902965,1.439e-25
1541.907126,3.9589999999999996e-24
1541.912554,1.387e-24
1541.91503,1.429e-24
1541.918218,6.228e-25
1541.919794,4.497e-24
1541.921347,4.372e-24
1541.921968,1.844e-23
1541.922127,3.622e-24
1541.923472,4.26e-25
1541.92399,3.5119999999999996e-24
1541.92429,1.871e-23
1541.930365,1.55e-25
1541.936434,2.563e-25
1541.941697,1.532e-23
1541.943443,1.5669999999999998e-23
1541.946966,4.059e-24
1541.949986,1.21e-25
1541.968268,1.166e-24
1541.969998,1.2039999999999999e-24
1541.976735,1.97e-25
1541.978682,1.402e-26
1541.98969,2.63e-25
1541.99839,8.861e-25
1542.00014,9.111e-25
1542.023159,2.578e-24
1542.024637,3.074e-25
1542.027972,3.949e-24
1542.028667,1.127e-23
1542.02997,1.153e-23
1542.031827,2.693e-23
1542.031833,2.652e-23
1542.031993,2.496e-24
1542.033868,2.927e-23
1542.034107,1.339e-24
1542.034317,3.844e-24
1542.036306,2.874e-23
1542.036879,1.366e-24
1542.03814,3.018e-25
1542.044799,2.354e-25
1542.046637,6.5549999999999996e-24
1542.048294,6.708e-24
1542.048674,1.276e-25
1542.049535,2.582e-25
1542.06157,5.204000000000001e-26
1542.063049,5.363e-25
1542.064028,5.659000000000001e-26
1542.068315,6.275000000000001e-25
1542.083972,1.652e-24
1542.091018,7.919e-25
1542.091661,8.229000000000001e-25
1542.106241,6.445e-25
1542.107763,6.659e-25
1542.130844,3.159e-25
1542.132504,7.135e-24
1542.134188,6.989999999999999e-24
1542.138178,6.367e-25
1542.143461,3.342e-25
1542.144885,6.57e-25
1542.147836,6.9490000000000005e-25
1542.151122,3.529e-25
1542.161987,5.452e-25
1542.165794,1.701e-24
1542.178041,3.216e-25
1542.178088,2.9590000000000003e-25
1542.180665,3.217e-25
1542.183248,1.451e-24
1542.18363,6.403e-25
1542.184442,1.482e-24
1542.186485,5.1899999999999996e-24
1542.196782,6.212e-24
1542.199574,6.314e-24
1542.209475,1.805e-23
1542.212796,1.831e-23
1542.217883,2.237e-23
1542.217886,8.216000000000001e-25
1542.218086,1.467e-24
1542.219325,2.191e-23
1542.220607,1.511e-24
1542.223508,8.302e-25
1542.227126,1.63e-24
1542.228597,1.176e-23
1542.230906,1.202e-23
1542.231749,1.57e-24
1542.231905,6.6220000000000005e-25
1542.244928,2.1370000000000003e-26
1542.251834,6.649999999999999e-24
1542.253757,5.425e-24
1542.253912,2.575e-23
1542.254507,2.615e-23
1542.254807,6.803e-24
1542.255754,1.073e-26
1542.266746,1.027e-26
1542.27407,2.746e-23
1542.276503,2.693e-23
1542.284436,7.753e-24
1542.284475,7.61e-24
1542.293027,7.212000000000001e-25
1542.306809,3.2810000000000004e-26
1542.316136,3.639e-26
1542.323198,1.5650000000000002e-25
1542.330514,1.511e-25
1542.332275,5.6620000000000005e-25
1542.339064,7.556000000000001e-25
1542.342909,1.196e-23
1542.345056,1.223e-23
1542.354791,1.097e-25
1542.365767,9.974e-24
1542.365929,9.716e-24
1542.371344,1.229e-26
1542.383001,1.174e-26
1542.395751,3.2070000000000004e-26
1542.407032,7.859e-24
1542.407799,7.707e-24
1542.411488,1.034e-25
1542.417481,1.126e-25
1542.417976,2.887e-26
1542.420375,6.6280000000000005e-25
1542.425335,5.379e-25
1542.428262,5.305e-24
1542.429088,5.171e-24
1542.429538,5.451e-26
1542.432134,6.986e-24
1542.432185,5.928000000000001e-26
1542.432791,6.77e-24
1542.443315,7.592000000000001e-25
1542.447995,1.006e-23
1542.458813,1.032e-23
1542.460621,3.3430000000000005e-26
1542.467788,4.3910000000000007e-26
1542.468588,3.039e-25
1542.470436,4.066e-26
1542.471604,2.089e-25
1542.472443,4.8160000000000006e-26
1542.473587,8.582000000000001e-26
1542.481191,5.424e-26
1542.481643,1.405e-26
1542.484756,1.157e-25
1542.485261,5.5799999999999996e-24
1542.489095,2.8960000000000003e-26
1542.489623,5.445e-24
1542.492908,2.7899999999999998e-24
1542.494025,1.34e-26
1542.494079,2.693e-24
1542.496184,7.993e-25
1542.516997,6.783e-24
1542.51907,1.468e-24
1542.51988,6.633e-24
1542.521342,7.728e-25
1542.522753,1.497e-24
1542.523401,5.641e-24
1542.52422,3.12e-25
1542.524377,5.491e-24
1542.531561,7.417000000000001e-26
1542.535731,8.981e-26
1542.537718,6.601e-24
1542.537774,6.765e-24
1542.537922,1.536e-24
1542.539073,3.359e-23
1542.541032,1.582e-24
1542.541102,3.301e-23
1542.547829,3.5280000000000006e-26
1542.551363,1.573e-25
1542.551871,2.157e-25
1542.553121,6.093e-25
1542.55451,1.091e-26
1542.560175,1.554e-25
1542.560501,6.383e-24
1542.561363,4.4210000000000006e-26
1542.562733,7.75e-25
1542.563394,4.2360000000000005e-26
1542.563425,6.492e-24
1542.563871,1.769e-25
1542.564373,1.67e-25
1542.570439,3.225e-23
1542.571152,3.173e-23
1542.572249,1.001e-25
1542.573172,8.755e-26
1542.574043,4.343e-24
1542.576114,5.697000000000001e-26
1542.586646,1.6040000000000002e-26
1542.592454,1.731e-23
1542.595842,1.2710000000000002e-26
1542.596805,1.757e-23
1542.599824,1.5260000000000002e-26
1542.606428,1.798e-26
1542.613931,1.331e-25
1542.614673,4.458e-24
1542.615985,8.559e-25
1542.617083,1.439e-25
1542.618626,9.902e-26
1542.621803,8.872e-24
1542.622518,8.625e-24
1542.623678,8.209000000000001e-25
1542.625445,2.895e-24
1542.628417,5.838e-25
1542.629251,5.121e-25
1542.63024,7.61e-24
1542.630278,7.435e-24
1542.631505,1.498e-26
1542.633434,1.715e-24
1542.633469,2.063e-26
1542.633491,2.6799999999999998e-25
1542.635194,1.789e-24
1542.636432,1.135e-26
1542.638139,6.51e-25
1542.638885,3.662e-26
1542.639543,4.0460000000000005e-26
1542.641667,1.198e-24
1542.641734,1.229e-24
1542.642568,5.832e-25
1542.642679,5.267e-25
1542.643034,4.397e-25
1542.647174,6.497000000000001e-26
1542.647711,5.802e-25
1542.655206,7.641e-25
1542.656053,7.089e-25
1542.66226,7.225e-26
1542.663795,1.413e-24
1542.665832,2.966e-24
1542.666831,1.442e-24
1542.667773,1.041e-25
1542.667867,5.305000000000001e-25
1542.668865,1.072e-25
1542.669721,6.065e-25
1542.669819,8.203000000000001e-25
1542.672166,3.699e-25
1542.673074,1.173e-23
1542.674255,1.201e-23
1542.679449,4.545e-25
1542.67965,2.728e-25
1542.679797,1.3160000000000002e-26
1542.679834,7.525000000000001e-25
1542.682729,6.783e-25
1542.686348,1.828e-26
1542.692931,1.119e-23
1542.693444,1.148e-23
1542.695667,3.159e-24
1542.698456,3.294e-24
1542.698491,5.267e-25
1542.700404,1.7350000000000003e-26
1542.701844,1.646e-24
1542.704673,7.414e-25
1542.706779,3.817e-25
1542.707206,7.768e-25
1542.712502,1.23e-25
1542.714779,1.802e-25
1542.717,5.114e-25
1542.717363,3.303e-26
1542.719031,3.052e-25
1542.720501,5.445e-25
1542.724211,7.231000000000001e-25
1542.726076,8.154000000000001e-25
1542.728854,1.765e-25
1542.729213,3.47e-23
1542.730621,3.412e-23
1542.733438,7.904000000000001e-25
1542.735924,7.772e-25
1542.73999,5.701e-26
1542.746495,5.93e-25
1542.746893,5.464e-25
1542.752164,3.1430000000000003e-25
1542.758264,2.336e-23
1542.759396,2.37e-23
1542.76373,7.498e-25
1542.767052,8.204000000000001e-25
1542.768408,1.538e-24
1542.772406,6.5e-25
1542.772955,1.6910000000000003e-26
1542.773264,2.29e-25
1542.776344,1.575e-24
1542.780741,2.082e-26
1542.781407,1.6929999999999998e-24
1542.784764,4.01e-25
1542.785978,2.47e-25
1542.788207,6.917000000000001e-25
1542.791198,6.139e-25
1542.79539,1.064e-24
1542.795773,1.97e-26
1542.796217,1.103e-24
1542.79665,5.269e-24
1542.796944,5.086e-24
1542.799563,3.219e-25
1542.799643,1.304e-25
1542.800886,5.44e-25
1542.80374,8.262e-25
1542.806265,5.269000000000001e-26
1542.806416,6.015e-25
1542.806737,3.4220000000000004e-26
1542.806969,4.047e-25
1542.807859,7.792e-25
1542.813771,4.787e-25
1542.81786,2.541e-25
1542.82253,1.41e-24
1542.824484,1.455e-24
1542.824617,8.979e-26
1542.83052,6.164e-24
1542.831681,6.267e-24
1542.833531,2.437e-23
1542.834695,1.415e-25
1542.835116,2.473e-23
1542.836336,5.769e-25
1542.83883,6.04e-25
1542.841998,8.039e-25
1542.851398,1.755e-23
1542.853188,1.796e-23
1542.854434,8.294e-24
1542.854499,4.19e-25
1542.854891,8.445999999999999e-24
1542.869816,2.37e-26
1542.87334,8.722e-26
1542.87349,7.098e-25
1542.87529,1.963e-25
1542.880724,7.5e-25
1542.885942,2.2350000000000003e-26
1542.905985,2.016e-25
1542.911666,3.985e-24
1542.913292,3.86e-24
1542.91948,6.6250000000000005e-25
1542.926848,5.031e-24
1542.927714,6.053e-25
1542.928,2.209e-25
1542.928282,4.886e-24
1542.929214,6.959e-26
1542.929677,2.658e-23
1542.93019,2.716e-25
1542.933347,2.9770000000000003e-25
1542.933403,2.446e-25
1542.935582,2.706e-23
1542.944714,2.776e-24
1542.948799,8.205e-24
1542.94988,8.351e-24
1542.95003,7.356e-24
1542.950519,7.535e-24
1542.951241,1.474e-24
1542.9514,1.3570000000000002e-26
1542.95141,1.439e-24
1542.9529,2.685e-24
1542.95356,2.697e-26
1542.959157,5.395e-25
1542.970923,2.533e-26
1542.974375,1.279e-24
1542.976107,1.323e-24
1542.976624,4.637000000000001e-25
1542.981746,3.219e-26
1542.985865,6.482000000000001e-26
1542.987564,4.398e-24
1542.988884,1.337e-23
1542.98917,1.532e-25
1542.990743,1.368e-23
1542.993678,4.276e-24
1542.994804,3.586e-25
1543.001319,9.891e-25
1543.003323,1.018e-24
1543.004141,3.77e-25
1543.018038,1.57e-25
1543.03196,3.07e-26
1543.032114,2.765e-25
1543.035756,1.606e-24
1543.038358,1.639e-24
1543.044951,7.319e-24
1543.046646,7.445e-24
1543.050737,2.872e-26
1543.052976,3.685e-25
1543.053103,2.629e-25
1543.06153,8.423000000000001e-25
1543.062428,8.767e-25
1543.067879,3.332e-25
1543.069972,3.3330000000000006e-26
1543.073214,1.5620000000000002e-25
1543.077696,3.531e-25
1543.086176,3.553e-23
1543.08866,3.487e-23
1543.090888,5.079e-24
1543.097899,7.152e-25
1543.102664,7.008e-25
1543.104995,3.498e-26
1543.114794,6.939000000000001e-25
1543.116069,1.491e-25
1543.121762,1.564e-24
1543.122195,7.169e-25
1543.124134,1.613e-24
1543.125407,3.2560000000000004e-26
1543.126121,8.105000000000001e-26
1543.129683,2.262e-25
1543.12971,1.175e-25
1543.138006,7.352e-25
1543.141924,1.321e-23
1543.143232,1.353e-23
1543.146234,2.6640000000000003e-25
1543.149596,7.688e-24
1543.149967,7.818e-24
1543.153291,7.231000000000001e-25
1543.158,2.37e-25
1543.158227,1.504e-25
1543.159252,1.625e-25
1543.161927,5.3199999999999996e-24
1543.172435,9.735e-25
1543.172638,3.9920000000000005e-26
1543.174824,7.596000000000001e-26
1543.174833,2.302e-25
1543.185185,2.981e-26
1543.186375,2.616e-23
1543.187825,2.56e-23
1543.187842,3.446e-23
1543.187886,3.392e-23
1543.18895,8.456e-24
1543.190696,8.28e-24
1543.19497,3.695e-26
1543.196995,3.3490000000000004e-26
1543.203782,1.685e-24
1543.20762,2.1710000000000003e-25
1543.211445,1.627e-24
1543.213136,6.288000000000001e-25
1543.215253,7.119e-25
1543.219639,1.511e-25
1543.221157,2.133e-25
1543.221686,1.484e-24
1543.225831,2.305e-25
1543.229942,1.463e-25
1543.230422,5.019e-26
1543.233869,5.502e-26
1543.234854,4.57e-26
1543.235978,1.02e-25
1543.238017,4.728e-24
1543.243273,2.403e-25
1543.248197,8.159e-24
1543.249173,8.349e-24
1543.256476,1.013e-24
1543.259478,4.2020000000000005e-26
1543.260106,1.36e-24
1543.260829,1.027e-24
1543.262385,7.473e-25
1543.269692,1.122e-23
1543.272108,1.72e-24
1543.27325,1.7579999999999998e-24
1543.275158,1.052e-24
1543.277606,2.0590000000000003e-26
1543.279497,4.858e-24
1543.280709,1.152e-23
1543.282501,1.667e-24
1543.284383,1.452e-24
1543.285351,1.718e-24
1543.288046,3.273e-23
1543.290514,3.208e-23
1543.291587,5.251e-26
1543.304695,9.778e-26
1543.307112,7.727e-24
1543.307131,8.986e-25
1543.309626,7.909e-24
1543.311999,1.074e-25
1543.312745,1.622e-24
1543.31901,4.79e-26
1543.322554,6.395e-25
1543.327365,9.06e-26
1543.337555,1.311e-24
1543.340323,2.458e-26
1543.341869,3.1830000000000004e-26
1543.342575,4.12e-26
1543.342758,6.069000000000001e-26
1543.347768,4.5620000000000006e-26
1543.354588,8.634e-26
1543.355934,7.567000000000001e-25
1543.363901,2.338e-23
1543.367184,2.373e-23
1543.369403,8.534000000000001e-26
1543.371304,8.423000000000001e-25
1543.373695,5.484e-26
1543.386159,5.263e-26
1543.387827,9.446e-24
1543.38793,9.268e-24
1543.388237,7.071000000000001e-26
1543.390136,1.667e-24
1543.390656,1.396e-23
1543.39192,1.428e-23
1543.398065,1.133e-23
1543.398215,1.103e-23
1543.418756,9.045e-26
1543.419264,1.683e-24
1543.422506,7.688e-24
1543.423031,7.443e-24
1543.423758,6.313000000000001e-26
1543.42534,1.116e-26
1543.427279,3.322e-23
1543.427798,8.331000000000001e-26
1543.427853,3.374e-23
1543.428774,1.389e-25
1543.430996,3.313e-26
1543.441234,2.329e-26
1543.445379,1.587e-25
1543.448669,1.053e-26
1543.449502,6.466e-26
1543.460796,2.9929999999999998e-24
1543.461001,9.971e-26
1543.461422,2.885e-24
1543.468958,1.437e-26
1543.469636,7.324000000000001e-26
1543.473844,6.132e-24
1543.473976,5.969e-24
1543.478967,6.355e-24
1543.483262,6.197e-24
1543.487718,9.446e-24
1543.488555,9.259e-24
1543.500862,3.258e-24
1543.507115,1.6910000000000003e-26
1543.507587,1.27e-26
1543.512351,8.581e-26
1543.515069,4.21e-25
1543.525779,5.773e-26
1543.529204,9.76e-26
1543.530346,1.285e-25
1543.532641,1.1930000000000002e-26
1543.534255,1.3990000000000002e-25
1543.537076,9.459e-25
1543.541969,3.339e-24
1543.54297,7.886e-24
1543.543289,6.377e-24
1543.544019,1.578e-25
1543.5442,6.203e-24
1543.545512,2.2520000000000003e-26
1543.54569,6.51e-26
1543.545873,7.707e-24
1543.546568,1.705e-25
1543.561247,2.697e-23
1543.562945,2.737e-23
1543.565372,9.531e-25
1543.565596,9.234e-26
1543.575958,4.331000000000001e-25
1543.57948,1.779e-24
1543.58254,1.858e-24
1543.58382,7.608e-24
1543.583925,7.802e-24
1543.58452,1.4450000000000002e-26
1543.591268,2.546e-25
1543.594131,2.8160000000000003e-25
1543.606165,7.816e-24
1543.608161,1.4729999999999998e-23
1543.60867,7.949999999999999e-24
1543.610327,1.5069999999999998e-23
1543.611558,1.353e-26
1543.617741,8.203000000000001e-25
1543.61941,1.898e-25
1543.621205,4.133e-23
1543.623278,4.06e-23
1543.628523,3.275e-24
1543.632515,3.422e-24
1543.633184,9.924e-24
1543.633836,9.64e-24
1543.644107,8.232000000000001e-25
1543.651308,3.892e-25
1543.65611,1.6470000000000003e-26
1543.663578,1.931e-25
1543.66601,1.359e-24
1543.666157,1.3959999999999999e-24
1543.685461,1.534e-26
1543.690521,1.132e-25
1543.703507,4.073e-23
1543.704255,4.007e-23
1543.72232,1.88e-26
1543.724094,4.075e-25
1543.727519,1.017e-25
1543.731063,1.3589999999999998e-23
1543.732216,1.393e-23
1543.734811,1.639e-26
1543.735826,1.24e-25
1543.740681,1.284e-23
1543.741189,1.317e-23
1543.746514,7.132e-25
1543.754407,1.741e-26
1543.758739,5.4499999999999996e-24
1543.758905,5.6529999999999996e-24
1543.759102,9.652e-26
1543.759192,1.999e-23
1543.76106,2.048e-23
1543.774077,6.717e-25
1543.780572,1.147e-24
1543.781496,1.191e-24
1543.781552,5.952000000000001e-25
1543.783096,2.151e-26
1543.784886,6.247000000000001e-25
1543.794681,9.068e-25
1543.803314,5.6560000000000005e-25
1543.818483,1.98e-26
1543.820685,2.036e-25
1543.826724,2.223e-23
1543.827342,2.282e-25
1543.833966,2.246e-23
1543.837904,4.326e-23
1543.838354,2.472e-26
1543.839352,4.253e-23
1543.842515,1.556e-24
1543.844482,1.607e-24
1543.850717,8.71e-25
1543.85134,2.168e-26
1543.855622,1.223e-25
1543.860037,4.7050000000000005e-26
1543.861618,5.9950000000000005e-25
1543.862572,5.205e-26
1543.863927,2.967e-24
1543.867976,1.25e-25
1543.87132,2.8649999999999998e-24
1543.872715,1.829e-24
1543.877819,2.2570000000000003e-26
1543.880979,1.873e-24
1543.887966,2.858e-26
1543.889565,6.832e-25
1543.891687,3.313e-26
1543.896487,4.36e-24
1543.897839,4.2189999999999996e-24
1543.899066,5.106e-24
1543.908375,5.229e-25
1543.914208,6.611000000000001e-25
1543.916671,1.581e-24
1543.917816,6.92e-25
1543.917827,1.026e-25
1543.919577,1.2990000000000002e-26
1543.926633,2.312e-25
1543.929062,5.599e-24
1543.930358,5.433e-24
1543.931718,3.3300000000000003e-26
1543.932632,2.5840000000000003e-26
1543.93831,5.793e-25
1543.941463,5.253e-24
1543.94401,4.8689999999999996e-24
1543.944375,8.501e-24
1543.944523,8.712e-24
1543.94531,9.774e-26
1543.949833,4.73e-24
1543.957486,4.928e-24
1543.96313,2.6799999999999998e-25
1543.965539,2.9640000000000003e-25
1543.965619,1.717e-24
1543.967949,1.772e-24
1543.969215,3.9240000000000005e-26
1543.974655,1.019e-23
1543.975059,1.038e-23
1543.975817,7.91e-25
1543.975819,1.3949999999999999e-24
1543.977567,1.445e-24
1543.978934,1.924e-24
1543.980887,3.174e-23
1543.982184,1.963e-24
1543.982205,3.222e-23
1543.983319,2.975e-26
1543.987308,3.28e-25
1543.991975,1.624e-24
1543.996426,1.699e-24
1543.996598,1.657e-24
1543.997148,6.3050000000000005e-25
1543.998705,2.397e-25
1543.999701,1.098e-24
1543.999824,3.4899999999999998e-25
1544.001779,8.984e-24
1544.001999,1.131e-24
1544.002546,9.137e-24
1544.004829,6.613000000000001e-25
1544.016,7.687e-25
1544.016526,8.135e-25
1544.026834,8.902e-25
1544.028047,9.282e-25
1544.029362,4.918e-25
1544.03071,3.45e-26
1544.031999,5.173e-24
1544.048742,1.237e-25
1544.057643,2.6320000000000004e-26
1544.062806,1.213e-25
1544.068905,7.912000000000001e-25
1544.071279,7.295e-24
1544.073144,3.005e-26
1544.073591,1.4199999999999999e-25
1544.080264,7.340999999999999e-24
1544.085091,1.018e-23
1544.086139,1.036e-23
1544.086617,1.377e-25
1544.087099,7.516000000000001e-25
1544.090532,1.242e-23
1544.093168,5.064e-25
1544.095291,1.006e-25
1544.095297,7.774e-25
1544.101817,1.277e-23
1544.102665,1.585e-25
1544.103053,3.412e-23
1544.109185,3.476e-23
1544.119289,9.606e-26
1544.120509,1.098e-26
1544.125819,8.849000000000001e-26
1544.134593,4.293e-23
1544.137118,4.212e-23
1544.137246,1.685e-24
1544.145876,1.612e-25
1544.147367,8.903e-24
1544.147674,1.63e-24
1544.149307,9.12e-24
1544.152084,3.044e-23
1544.153525,2.977e-23
1544.157605,2.61e-26
1544.15976,9.172e-24
1544.161151,9.332e-24
1544.169991,1.037e-26
1544.17091,2.512e-26
1544.175193,1.534e-23
1544.176443,1.571e-23
1544.192334,9.084e-26
1544.197477,4.937e-26
1544.199896,5.460000000000001e-26
1544.201469,1.008e-25
1544.219348,2.785e-26
1544.21979,1.378e-26
1544.230023,3.798e-26
1544.236384,4.2560000000000005e-26
1544.237148,1.944e-24
1544.239817,1.984e-24
1544.240941,9.976e-24
1544.24274,9.763e-24
1544.24277,8.667e-26
1544.243938,1.8229999999999998e-24
1544.246476,1.88e-24
1544.254723,9.593e-26
1544.275784,9.176e-26
1544.294555,1.233e-24
1544.297798,1.253e-24
1544.298592,3.882e-23
1544.299083,1.176e-25
1544.301086,3.804e-23
1544.309225,9.09e-26
1544.321109,1.0210000000000002e-26
1544.32211,1.375e-25
1544.324575,7.104e-25
1544.326442,3.667e-26
1544.326836,3.186e-23
1544.329128,3.234e-23
1544.329221,9.079e-24
1544.332478,9.298e-24
1544.338989,4.39e-23
1544.339064,4.32e-23
1544.341041,1.471e-25
1544.345198,1.5999999999999998e-25
1544.356074,2.0299999999999998e-24
1544.357169,2.076e-24
1544.364394,3.347e-26
1544.375583,1.612e-23
1544.377319,3.2230000000000003e-26
1544.378263,3.166e-26
1544.378409,1.248e-26
1544.381626,1.6419999999999998e-23
1544.387885,1.504e-25
1544.390597,8.902000000000001e-26
1544.397649,4.922e-26
1544.401492,1.478e-25
1544.408081,8.413e-24
1544.408435,8.136e-24
1544.409219,8.531e-26
1544.412461,1.224e-25
1544.416643,1.343e-25
1544.424105,3.071e-24
1544.424115,3.191e-24
1544.424821,5.654000000000001e-26
1544.425255,1.281e-23
1544.425384,1.246e-23
1544.446805,7.225000000000001e-25
1544.453358,3.3010000000000003e-26
1544.466767,3.671e-24
1544.468949,7.199999999999999e-24
1544.473145,7.017e-24
1544.4815,1.639e-23
1544.481745,1.492e-25
1544.486353,1.146e-23
1544.486517,1.124e-23
1544.48748,1.687e-23
1544.49456,1.526e-25
1544.497062,8.048e-26
1544.501946,4.188e-26
1544.504689,9.849e-24
1544.506386,1.002e-23
1544.509703,3.7639999999999996e-24
1544.512524,6.842e-24
1544.513052,7.038e-24
1544.513624,1.5259999999999999e-24
1544.513708,7.725000000000001e-26
1544.514847,4.033e-26
1544.520915,1.827e-24
1544.525522,1.914e-24
1544.537662,5.715e-25
1544.55722,5.465e-24
1544.557318,3.364e-24
1544.558227,7.174e-24
1544.559066,6.973e-24
1544.56061,3.747e-25
1544.562768,3.523e-24
1544.563715,1.13e-23
1544.564617,1.107e-23
1544.564796,9.123e-24
1544.567704,8.911e-24
1544.567963,7.094e-26
1544.574792,9.201e-26
1544.577139,5.116e-26
1544.579438,1.316e-25
1544.583067,6.817000000000001e-26
1544.585061,1.903e-24
1544.586919,1.567e-24
1544.588096,1.963e-24
1544.590386,4.925e-26
1544.595486,4.268e-23
1544.596039,4.335e-23
1544.596873,6.099000000000001e-26
1544.600612,5.63e-24
1544.604603,5.891e-25
1544.61085,5.867e-26
1544.612401,3.137e-23
1544.615679,3.184e-23
1544.620262,8.727e-24
1544.620374,8.954e-24
1544.621718,1.338e-25
1544.634237,1.02e-25
1544.63749,3.931e-25
1544.639632,1.104e-23
1544.640204,1.072e-23
1544.64199,1.164e-24
1544.665103,2.265e-23
1544.666288,1.272e-26
1544.667088,2.322e-23
1544.669643,1.168e-24
1544.685596,1.534e-24
1544.685842,1.577e-24
1544.687042,2.378e-25
1544.690697,2.6610000000000003e-25
1544.691716,1.571e-26
1544.695658,1.834e-25
1544.699104,5.061e-23
1544.701218,4.971e-23
1544.703929,2.088e-25
1544.716097,5.8e-24
1544.716815,6.026e-24
1544.721687,6.09e-25
1544.726053,6.409e-25
1544.737307,8.958000000000001e-26
1544.745358,2.153e-24
1544.748984,2.197e-24
1544.760404,1.229e-24
1544.761452,1.278e-24
1544.766466,1.03e-23
1544.766499,1.005e-23
1544.770382,1.652e-24
1544.780803,3.146e-24
1544.781152,1.5669999999999998e-23
1544.782263,1.607e-23
1544.783147,1.465e-23
1544.783653,1.504e-23
1544.787232,3.034e-24
1544.797537,2.3330000000000003e-25
1544.831879,5.122e-23
1544.83266,5.037e-23
1544.835873,1.707e-24
1544.837785,1.765e-24
1544.841717,7.251000000000001e-25
1544.846448,1.589e-24
1544.848894,4.731e-24
1544.858976,2.07e-24
1544.861996,2.112e-24
1544.863634,7.429e-25
1544.869752,2.417e-25
1544.876592,4.7429999999999996e-24
1544.877627,4.584e-24
1544.87891,1.021e-23
1544.880806,1.038e-23
1544.883187,1.2270000000000002e-26
1544.884151,1.08e-25
1544.887837,1.3e-25
1544.895805,1.1210000000000002e-26
1544.897309,5.358e-24
1544.901639,3.18e-25
1544.902772,5.199999999999999e-24
1544.903127,1.073e-26
1544.903333,1.263e-25
1544.910609,1.366e-23
1544.917573,3.4e-25
1544.918094,6.735e-25
1544.922243,1.406e-23
1544.923734,2.23e-26
1544.925868,8.45e-25
1544.926435,6.198e-24
1544.927233,1.017e-26
1544.927573,6.009e-24
1544.927728,4.979e-24
1544.93357,1.13e-25
1544.942102,5.368999999999999e-23
1544.943588,5.276e-23
1544.945,2.6020000000000004e-26
1544.953482,2.152e-24
1544.955465,1.1430000000000002e-26
1544.962103,2.205e-24
1544.96217,6.748e-25
1544.967478,4.394e-26
1544.967813,9.629e-25
1544.971272,4.917e-26
1544.971456,1.514e-24
1544.972111,1.396e-25
1544.973228,1.57e-24
1544.973367,1.53e-25
1544.974374,3.007e-23
1544.97712,8.894e-25
1544.978687,3.053e-23
1544.981027,8.675e-25
1544.986918,9.346e-25
1544.988518,9.764e-25
1544.993395,7.555000000000001e-25
1544.993525,1.212e-24
1544.996166,1.25e-24
1545.016157,1.283e-26
1545.019879,9.153e-25
1545.023972,1.226e-26
1545.026024,9.271e-25
1545.029826,1.632e-24
1545.036693,1.9489999999999998e-24
1545.036857,1.8999999999999998e-24
1545.037362,1.108e-26
1545.039923,6.423e-25
1545.039939,6.606000000000001e-25
1545.040718,3.1330000000000005e-26
1545.042762,1.583e-24
1545.044908,9.819e-24
1545.045425,1.007e-23
1545.04972,1.087e-25
1545.055077,8.089e-25
1545.059639,1.085e-26
1545.061578,1.072e-26
1545.064191,8.378e-25
1545.073913,8.255000000000001e-26
1545.074302,6.412e-25
1545.08566,9.275e-26
1545.089893,1.247e-23
1545.090243,1.271e-23
1545.091092,1.105e-25
1545.095988,1.078e-26
1545.098724,3.4220000000000004e-26
1545.102681,1.815e-25
1545.1036,1.4599999999999999e-24
1545.106503,3.893e-26
1545.106874,1.287e-26
1545.110258,6.817e-25
1545.115016,3.523e-23
1545.115953,1.856e-25
1545.116427,3.445e-23
1545.116675,3.2520000000000003e-26
1545.122115,8.632000000000001e-26
1545.122654,9.836e-24
1545.124008,1.001e-23
1545.131004,1.4670000000000002e-26
1545.132317,1.244e-26
1545.139355,1.3990000000000002e-26
1545.140002,6.854e-25
1545.142067,1.912e-24
1545.144249,1.246e-26
1545.144413,1.975e-24
1545.14825,1.824e-23
1545.150001,1.869e-23
1545.160812,9.34e-26
1545.169756,1.125e-26
1545.173657,1.4910000000000003e-26
1545.174961,1.498e-24
1545.179114,5.163e-23
1545.181675,5.064e-23
1545.184657,4.023e-23
1545.185766,4.083e-23
1545.187216,1.4520000000000003e-26
1545.190876,9.065e-26
1545.194648,1.128e-25
1545.200424,1.439e-26
1545.21252,5.792e-24
1545.21648,1.295e-26
1545.217469,1.256e-23
1545.217643,4.146e-23
1545.218506,1.279e-23
1545.219188,4.209e-23
1545.224713,1.7110000000000002e-26
1545.237715,1.7230000000000002e-26
1545.240349,1.675e-26
1545.243431,7.523000000000001e-25
1545.244772,2.314e-24
1545.24726,2.363e-24
1545.249283,1.593e-26
1545.256411,2.0470000000000003e-26
1545.256997,5.977e-24
1545.259092,1.503e-26
1545.261517,3.935e-26
1545.261711,1.121e-25
1545.265915,1.661e-26
1545.271824,1.7799999999999998e-23
1545.273105,1.825e-23
1545.282295,4.377e-23
1545.288471,1.171e-23
1545.288637,4.46e-23
1545.290313,1.146e-23
1545.298118,2.055e-24
1545.298331,1.761e-26
1545.29905,1.9860000000000003e-26
1545.30026,4.637e-26
1545.300997,2.121e-24
1545.304912,1.127e-25
1545.305704,4.583e-23
1545.308215,4.488e-23
1545.311167,1.149e-25
1545.312963,1.144e-23
1545.314349,1.424e-25
1545.314581,1.165e-23
1545.316369,1.273e-25
1545.324222,7.212000000000001e-25
1545.328809,1.912e-26
1545.331123,1.465e-25
1545.331472,1.481e-24
1545.333461,1.606e-25
1545.333757,1.509e-24
1545.344185,1.91e-26
1545.351742,4.092e-24
1545.353759,1.811e-26
1545.357078,1.102e-23
1545.357662,2.284e-26
1545.358023,1.13e-23
1545.377298,1.045e-23
1545.3775,2.156e-25
1545.3798,1.0699999999999998e-23
1545.380801,2.448e-25
1545.382114,3.246e-24
1545.382874,3.379e-24
1545.38887,9.153e-24
1545.389009,8.842e-24
1545.389125,2.195e-26
1545.390022,7.671e-25
1545.395634,4.199e-24
1545.413548,2.6220000000000004e-26
1545.431637,3.566e-25
1545.434528,2.385e-24
1545.435573,2.439e-24
1545.442509,2.175e-26
1545.446886,2.5150000000000003e-26
1545.447336,1.441e-23
1545.447433,1.401e-23
1545.451025,6.634e-26
1545.452792,2.0570000000000003e-26
1545.455202,8.116e-24
1545.457706,1.858e-24
1545.459264,7.902e-24
1545.464167,1.9509999999999998e-24
1545.466704,3.0030000000000003e-26
1545.470284,1.212e-23
1545.47072,1.233e-23
1545.480336,8.155000000000001e-25
1545.482014,3.421e-24
1545.485272,5.568e-23
1545.485377,5.478e-23
1545.489238,3.592e-24
1545.497442,1.062e-24
1545.502115,2.8750000000000005e-26
1545.511973,7.378e-25
1545.512346,3.748e-25
1545.517121,3.435e-26
1545.521617,1.905e-23
1545.522963,1.951e-23
1545.528028,8.522e-25
1545.52825,7.8e-25
1545.530722,7.472e-26
1545.535316,2.4760000000000003e-26
1545.536156,7.592000000000001e-25
1545.543897,1.218e-24
1545.545082,7.791e-24
1545.546252,8.026e-24
1545.546387,2.333e-26
1545.554284,1.768e-24
1545.554844,3.2810000000000004e-26
1545.561505,1.155e-24
1545.563374,1.108e-25
1545.563915,1.021e-25
1545.564784,3.9230000000000006e-26
1545.568218,8.029999999999999e-24
1545.568981,7.798e-24
1545.569152,2.552e-23
1545.5713,2.618e-23
1545.572469,1.604e-25
1545.575374,2.064e-25
1545.577634,1.004e-25
1545.580008,1.384e-23
1545.58023,1.3559999999999998e-23
1545.582139,1.779e-24
1545.582472,1.05e-23
1545.583477,1.863e-25
1545.585365,1.025e-23
1545.586073,7.06e-25
1545.605106,3.7380000000000006e-26
1545.609114,1.072e-25
1545.609674,4.4750000000000005e-26
1545.610126,7.845000000000001e-25
1545.617891,2.437e-24
1545.622599,2.8170000000000004e-26
1545.634555,2.645e-26
1545.635019,1.3459999999999998e-23
1545.63598,1.318e-23
1545.63801,3.985e-26
1545.640954,4.5240000000000005e-26
1545.641145,1.223e-23
1545.641617,1.185e-23
1545.643884,1.4870000000000002e-26
1545.651761,5.101e-26
1545.652946,4.253e-26
1545.655517,9.962e-24
1545.655678,1.023e-23
1545.656707,6.174e-25
1545.662347,6.517e-25
1545.665525,1.1610000000000002e-25
1545.669,6.13e-24
1545.670382,6.3799999999999996e-24
1545.67848,1.3319999999999999e-24
1545.683238,1.13e-25
1545.686598,1.384e-24
1545.691002,5.813000000000001e-26
1545.695353,3.3089999999999996e-24
1545.69842,4.833e-26
1545.700418,1.723e-24
1545.700611,3.1859999999999998e-24
1545.700786,1.772e-24
1545.704347,3.2070000000000004e-26
1545.717174,4.496e-24
1545.717309,2.9980000000000004e-26
1545.718666,2.199e-25
1545.72658,1.405e-26
1545.72663,2.281e-25
1545.727333,6.626e-26
1545.728867,2.588e-25
1545.730015,1.492e-23
1545.73239,2.251e-25
1545.734883,1.309e-24
1545.735945,1.224e-26
1545.736089,1.363e-24
1545.741604,5.489e-26
1545.742098,1.537e-23
1545.751981,4.023e-23
1545.755211,4.084e-23
1545.756097,1.419e-24
1545.756792,2.009e-23
1545.758802,5.458999999999999e-23
1545.75894,2.058e-23
1545.759333,5.547e-23
1545.760661,7.559000000000001e-26
1545.765457,2.272e-25
1545.772766,6.171e-23
1545.774918,6.058e-23
1545.780549,3.654e-26
1545.782153,1.771e-26
1545.782605,6.232e-26
1545.790837,8.638000000000001e-26
1545.794666,3.399e-26
1545.800363,4.744e-24
1545.805997,3.033e-26
1545.810721,3.028e-25
1545.813065,2.134e-26
1545.817621,9.898e-26
1545.82038,1.664e-23
1545.820892,1.7099999999999998e-23
1545.821581,7.077e-26
1545.828688,1.799e-23
1545.828893,1.164e-26
1545.829779,1.845e-23
1545.831038,3.256e-25
1545.831372,9.303e-25
1545.837298,2.356e-25
1545.842288,1.863e-24
1545.842493,1.144e-26
1545.844225,1.929e-24
1545.84746,5.861e-24
1545.851188,4.171e-26
1545.851986,5.1289999999999996e-24
1545.852483,5.682e-24
1545.852651,4.951e-24
1545.858784,8.044000000000001e-26
1545.865024,6.071e-24
1545.866649,3.858e-26
1545.867694,9.775e-25
1545.872399,1.3160000000000002e-26
1545.874616,1.677e-25
1545.88155,3.1480000000000005e-26
1545.884171,1.536e-24
1545.888766,9.525e-25
1545.891177,4.229e-25
1545.894651,9.157e-26
1545.899361,1.492e-24
1545.902186,7.808e-25
1545.90234,1.235e-23
1545.904865,1.257e-23
1545.907169,1.641e-26
1545.91069,6.276e-24
1545.911323,1.0069999999999999e-24
1545.91624,4.775e-26
1545.918969,6.826e-24
1545.919925,6.611e-24
1545.93329,4.386e-26
1545.941767,9.744e-25
1545.943845,1.02e-24
1545.947216,4.2020000000000005e-26
1545.949319,7.286e-26
1545.949413,4.7670000000000006e-26
1545.951872,1.27e-26
1545.955552,6.411999999999999e-23
1545.956367,6.304e-23
1545.962136,1.634e-24
1545.96395,1.696e-24
1545.964949,8.323000000000001e-26
1545.970966,2.9930000000000004e-26
1545.975672,5.487e-26
1545.981227,3.474e-26
1545.981378,4.647e-23
1545.98278,1.3309999999999999e-24
1545.983015,4.716e-23
1545.985819,1.374e-24
1545.987156,9.999999999999999e-27
1545.992887,1.754e-25
1545.994639,4.9999999999999996e-26
1545.996745,2.0809999999999998e-24
1545.998949,2.152e-24
1546.005311,8.562000000000001e-26
1546.010293,6.583000000000001e-26
1546.011065,3.854e-25
1546.018709,8.648000000000001e-25
1546.02062,1.07e-25
1546.024248,1.318e-25
1546.026271,8.675e-25
1546.028878,8.97e-25
1546.029434,6.342e-26
1546.040415,1.125e-23
1546.040643,1.154e-23
1546.041805,6.634e-23
1546.043328,6.518e-23
1546.04512,2.531e-24
1546.050002,7.936e-25
1546.050772,5.723e-26
1546.054127,2.5969999999999998e-24
1546.064436,8.373000000000001e-26
1546.072038,2.224e-24
1546.072184,2.168e-24
1546.075176,4.057e-23
1546.076534,3.964e-23
1546.07662,9.004e-26
1546.077452,7.389e-26
1546.082026,1.139e-26
1546.097583,1.078e-26
1546.100141,1.326e-25
1546.101816,6.588000000000001e-26
1546.104195,8.976e-25
1546.104417,1.467e-25
1546.105575,1.19e-25
1546.107935,1.435e-25
1546.114452,2.795e-26
1546.119596,8.705000000000001e-26
1546.134099,1.024e-24
1546.147999,7.643e-26
1546.151067,1.442e-25
1546.153514,6.588000000000001e-25
1546.155639,1.042e-25
1546.166125,1.944e-24
1546.171433,3.932e-23
1546.171538,1.297e-26
1546.173273,3.424e-26
1546.176107,3.992e-23
1546.181815,1.027e-25
1546.185104,1.275e-25
1546.187089,1.059e-25
1546.188189,1.223e-26
1546.189798,8.962000000000001e-26
1546.193211,1.187e-25
1546.194491,9.889e-25
1546.200117,1.519e-23
1546.200401,1.549e-23
1546.206776,2.78e-24
1546.209865,2.839e-24
1546.219738,6.180999999999999e-23
1546.222328,6.059999999999999e-23
1546.228438,1.065e-25
1546.228838,1.187e-23
1546.233166,5.9910000000000005e-25
1546.233756,8.039e-25
1546.235337,1.204e-23
1546.241257,1.866e-24
1546.247595,2.221e-24
1546.250148,2.294e-24
1546.255683,1.476e-26
1546.262617,1.302e-24
1546.273573,1.386e-26
1546.291898,1.228e-23
1546.2948,1.249e-23
1546.299991,2.049e-23
1546.300114,4.557e-24
1546.301201,2.101e-23
1546.309383,5.383e-23
1546.311897,5.27e-23
1546.316421,3.58e-26
1546.327295,3.358e-25
1546.327964,1.419e-23
1546.328737,1.444e-23
1546.329954,2.6560000000000003e-25
1546.33032,1.3339999999999999e-24
1546.331537,1.3689999999999998e-23
1546.333412,1.3379999999999998e-23
1546.333765,1.338e-24
1546.334446,1.68e-26
1546.335442,3.406e-24
1546.337081,3.551e-24
1546.343743,1.544e-23
1546.344123,2.721e-25
1546.344751,1.573e-23
1546.345803,4.679e-24
1546.353754,1.571e-26
1546.362339,5.357e-23
1546.363645,5.44e-23
1546.364753,9.552e-24
1546.364883,9.901e-24
1546.3664,1.762e-24
1546.367837,1.799e-24
1546.383143,1.204e-23
1546.389807,1.868e-24
1546.390105,5.461e-25
1546.390952,1.248e-23
1546.39213,1.397e-25
1546.398133,7.813e-25
1546.398506,1.968e-24
1546.402559,3.4389999999999996e-24
1546.40781,1.914e-26
1546.410172,1.013e-25
1546.411955,3.622e-24
1546.412714,3.539e-25
1546.420113,1.925e-25
1546.420123,2.772e-24
1546.422692,2.832e-24
1546.423373,1.4209999999999998e-23
1546.424746,1.4469999999999998e-23
1546.424849,2.227e-25
1546.426701,4.1230000000000006e-26
1546.428761,1.7820000000000002e-26
1546.429846,9.865e-26
1546.436685,1.346e-25
1546.437723,9.098e-24
1546.441612,8.851999999999999e-24
1546.442155,5.549e-23
1546.448857,5.659e-23
1546.452028,1.608e-25
1546.464304,1.613e-23
1546.464359,1.566e-23
1546.47136,2.857e-23
1546.473724,2.934e-23
1546.47575,2.185e-26
1546.482255,5.0110000000000005e-25
1546.49863,2.022e-26
1546.501134,2.169e-23
1546.502684,2.223e-23
1546.507968,2.788e-24
1546.508968,2.854e-24
1546.510232,9.852e-25
1546.5117,1.2820000000000002e-26
1546.514802,6.283e-24
1546.517946,1.727e-26
1546.527629,7.86e-25
1546.538231,2.5010000000000003e-26
1546.548846,1.617e-23
1546.554878,2.773e-25
1546.556897,7.937e-25
1546.561495,1.6679999999999998e-23
1546.561779,6.509e-24
1546.56273,2.585e-24
1546.563415,2.299e-26
1546.571722,8.816e-24
1546.573262,8.942e-24
1546.573524,9.095e-24
1546.574084,8.664e-24
1546.586568,6.198e-25
1546.591294,1.3910000000000003e-26
1546.592086,2.616e-24
1546.592452,1.021e-24
1546.59379,6.565000000000001e-25
1546.594233,1.334e-25
1546.5952,2.874e-26
1546.595415,1.2210000000000002e-26
1546.595993,1.203e-23
1546.598653,4.2229999999999996e-24
1546.59885,1.174e-23
1546.603268,7.555000000000001e-25
1546.606418,2.231e-23
1546.60759,3.448e-24
1546.608005,2.286e-23
1546.610663,2.286e-24
1546.611426,3.3129999999999996e-24
1546.612037,2.097e-24
1546.613873,2.389e-24
1546.617431,6.431e-24
1546.619612,6.705e-24
1546.623196,2.6210000000000005e-26
1546.626689,7.032e-23
1546.626822,6.916e-23
1546.629752,1.25e-26
1546.637722,1.3459999999999998e-23
1546.638069,1.304e-23
1546.640892,1.6210000000000002e-26
1546.64658,3.322e-26
1546.668791,1.6629999999999998e-23
1546.669067,1.6299999999999997e-23
1546.669779,2.896e-25
1546.67036,2.048e-24
1546.67197,2.867e-26
1546.678102,3e-26
1546.678614,1.583e-26
1546.682423,1.132e-23
1546.682602,1.163e-23
1546.684903,3.556e-26
1546.686999,4.469e-24
1546.689574,4.1140000000000005e-26
1546.692243,3.871e-26
1546.701626,1.595e-23
1546.702639,1.562e-23
1546.703284,1.407e-24
1546.703995,1.386e-24
1546.705401,1.445e-24
1546.710467,1.925e-24
1546.710983,1.981e-24
1546.71173,5.414e-23
1546.714002,5.498e-23
1546.714331,2.8180000000000003e-25
1546.720472,1.369e-24
1546.728354,3.454e-26
1546.73197,4.56e-26
1546.733928,1.025e-24
1546.740361,3.051e-25
1546.747036,2.9790000000000003e-26
1546.764791,1.225e-25
1546.76534,5.458000000000001e-26
1546.76651,1.371e-25
1546.774374,4.0070000000000005e-26
1546.792436,1.535e-23
1546.793576,1.047e-24
1546.793961,1.562e-23
1546.794463,6.371e-24
1546.797525,1.053e-26
1546.798951,6.1689999999999996e-24
1546.817125,4.696e-26
1546.817834,6.172000000000001e-26
1546.82267,5.514e-24
1546.822906,5.315e-24
1546.826954,2.131e-25
1546.827257,2.022e-24
1546.829154,2.096e-24
1546.830752,2.511e-26
1546.831655,1.214e-24
1546.834426,3.4410000000000005e-26
1546.839521,7.209000000000001e-26
1546.842189,7.489999999999999e-23
1546.844377,7.35e-23
1546.844887,2.9970000000000005e-26
1546.846323,1.085e-24
1546.852334,1.881e-23
1546.852856,1.934e-23
1546.869013,2.054e-23
1546.870074,2.109e-23
1546.875239,7.658e-25
1546.88242,1.367e-23
1546.882437,1.333e-23
1546.882485,8.431000000000001e-26
1546.891364,1.0079999999999999e-24
1546.891928,1.118e-24
1546.89403,1.058e-24
1546.897626,1.243e-24
1546.898655,2.214e-25
1546.906666,7.475e-24
1546.907411,7.232e-24
1546.916999,6.953e-23
1546.917507,7.066e-23
1546.935155,4.8260000000000006e-26
1546.936816,3.198e-25
1546.947148,1.753e-24
1546.947914,1.4820000000000002e-26
1546.949018,1.8229999999999998e-24
1546.951422,3.2780000000000004e-25
1546.951726,3.103e-24
1546.955284,3.169e-24
1546.956432,8.879000000000001e-26
1546.967454,1.453e-24
1546.970956,1.501e-24
1546.977972,9.18e-25
1546.987977,1.112e-24
1546.989362,9.538e-25
1546.995921,5.366e-23
1546.999166,5.448e-23
1547.032569,4.648e-23
1547.033672,2.979e-24
1547.033846,4.539e-23
1547.036682,3.042e-24
1547.046632,7.772e-25
1547.04674,1.941e-26
1547.069623,9.544e-26
1547.074527,7.993e-23
1547.074879,1.153e-24
1547.075374,7.856e-23
1547.077545,1.086e-25
1547.086689,1.003e-26
1547.098219,1.29e-25
1547.098511,1.742e-25
1547.100364,1.443e-25
1547.102455,2.527e-24
1547.102572,2.46e-24
1547.114168,1.989e-26
1547.117603,2.951e-24
1547.119736,1.286e-23
1547.120287,1.321e-23
1547.125673,8.632000000000001e-26
1547.127039,3.03e-24
1547.13053,7.91e-25
1547.137012,8.159999999999999e-23
1547.13857,8.015e-23
1547.140775,2.289e-24
1547.141173,1.653e-25
1547.143095,2.37e-24
1547.143407,1.75e-25
1547.145906,1.962e-25
1547.14704,8.421000000000001e-26
1547.157062,1.771e-26
1547.161943,6.406e-24
1547.176694,1.604e-23
1547.178477,1.633e-23
1547.191029,5.029e-24
1547.196746,7.591000000000001e-25
1547.199423,3.1230000000000003e-25
1547.21037,6.653e-24
1547.211275,1.1490000000000002e-26
1547.215759,1.097e-26
1547.227061,4.006e-25
1547.237897,5.166e-24
1547.240411,1.126e-25
1547.248475,4.018e-25
1547.256459,7.365e-23
1547.259072,7.217999999999999e-23
1547.282914,1.319e-26
1547.284069,3.546e-24
1547.286578,2.443e-23
1547.286749,3.705e-24
1547.288222,2.505e-23
1547.289624,3.3010000000000003e-25
1547.290821,1.174e-25
1547.292472,2.483e-24
1547.293893,1.092e-24
1547.295363,2.568e-24
1547.296283,1.057e-25
1547.302479,1.99e-26
1547.305415,1.842e-23
1547.305563,1.879e-23
1547.309627,6.293e-23
1547.31213,6.157e-23
1547.314163,2.711e-25
1547.317158,1.854e-24
1547.318888,3.413e-24
1547.31963,1.317e-25
1547.326904,2.5030000000000003e-25
1547.328581,1.959e-24
1547.329696,1.314e-26
1547.329948,7.315e-25
1547.330959,3.606e-24
1547.33457,1.252e-26
1547.335667,1.026e-23
1547.33613,1.064e-23
1547.336414,5.138e-23
1547.338581,4.179e-25
1547.340828,5.191e-23
1547.355616,1.018e-26
1547.356478,1.056e-24
1547.358916,1.259e-26
1547.367194,1.738e-23
1547.370135,1.592e-23
1547.371746,3.18e-23
1547.372029,1.556e-23
1547.374389,3.268e-23
1547.380443,2.355e-23
1547.380552,1.795e-23
1547.381703,2.416e-23
1547.39371,1.123e-24
1547.39445,1.543e-23
1547.394945,3.0550000000000005e-26
1547.395958,1.571e-23
1547.396913,1.191e-26
1547.398842,2.0769999999999998e-24
1547.399199,3.6260000000000005e-26
1547.399529,2.123e-24
1547.408246,1.873e-26
1547.416509,1.014e-23
1547.420178,9.861e-24
1547.428239,1.386e-23
1547.430729,1.422e-23
1547.431814,3.274e-24
1547.432681,1.4060000000000002e-26
1547.434194,3.346e-24
1547.442716,1.5e-26
1547.447952,1.461e-23
1547.448002,1.4260000000000002e-26
1547.448856,1.4989999999999998e-23
1547.45234,2.2129999999999998e-24
1547.45801,1.15e-24
1547.459432,1.245e-24
1547.463115,1.6820000000000002e-26
1547.465812,1.89e-23
1547.466222,3.92e-24
1547.466806,1.926e-23
1547.468369,1.77e-25
1547.470433,2.097e-25
1547.476157,1.7695e-23
1547.480026,1.115e-26
1547.488473,2.043e-26
1547.490543,1.256e-24
1547.492644,4.114e-24
1547.50902,2.5350000000000003e-26
1547.509449,1.223e-24
1547.511213,6.152e-25
1547.513358,1.283e-26
1547.516087,7.413e-25
1547.517532,3.557e-24
1547.51964,3.411e-24
1547.520417,6.542e-25
1547.524743,4.2269999999999996e-24
1547.527026,2.118e-24
1547.534067,1.283e-26
1547.53955,3.837e-25
1547.541226,1.464e-26
1547.544399,2.116e-26
1547.549827,1.71e-26
1547.551453,1.294e-24
1547.554582,3.936e-25
1547.555567,1.6210000000000002e-26
1547.560073,4.1619999999999996e-24
1547.561368,6.694e-24
1547.562644,1.757e-23
1547.564191,1.79e-23
1547.564513,6.994e-24
1547.573359,9.906e-24
1547.57382,9.602e-24
1547.57598,3.244e-24
1547.576935,3.322e-24
1547.5817,6.933e-23
1547.583205,7.041999999999999e-23
1547.589995,6.809e-23
1547.591084,6.914999999999999e-23
1547.592678,9.914e-24
1547.595112,1.024e-23
1547.605087,7.021e-23
1547.605354,1.371e-23
1547.608153,1.337e-23
1547.612127,2.544e-25
1547.612173,7.164e-23
1547.62936,1.475e-23
1547.629555,1.426e-23
1547.630728,2.552e-23
1547.632156,2.616e-23
1547.632988,1.131e-24
1547.636417,2.634e-26
1547.645753,2.778e-25
1547.651372,1.948e-26
1547.657608,1.841e-26
1547.667733,1.458e-24
1547.669388,1.523e-24
1547.678204,4.902e-26
1547.678301,3.2610000000000004e-26
1547.680282,3.863e-26
1547.683182,1.8080000000000003e-26
1547.687132,1.9740000000000003e-26
1547.694915,1.151e-24
1547.706999,1.279e-23
1547.70723,1.316e-23
1547.708434,2.4540000000000003e-26
1547.710044,5.912e-26
1547.711226,2.741e-26
1547.715735,2.139e-24
1547.716431,2.204e-24
1547.738319,6.879e-24
1547.742164,6.652e-24
1547.745096,1.184e-24
1547.747134,2.2180000000000003e-26
1547.752696,1.99e-23
1547.753024,1.95e-23
1547.753942,2.088e-26
1547.757257,6.754e-25
1547.761345,8.258000000000001e-26
1547.763243,8.841999999999999e-23
1547.763405,8.693999999999999e-23
1547.763531,1.883e-23
1547.76459,1.842e-23
1547.76789,7.917000000000001e-25
1547.769412,1.877e-23
1547.76991,1.911e-23
1547.788384,5.6689999999999996e-24
1547.78865,5.89e-24
1547.791815,1.221e-24
1547.796221,3.467e-24
1547.800079,3.541e-24
1547.806554,6.414e-24
1547.816287,7.198e-26
1547.820561,2.183e-24
1547.822496,2.266e-24
1547.835689,1.036e-24
1547.836239,8.812e-25
1547.837252,2.524e-26
1547.837272,1.121e-25
1547.838175,8.711000000000001e-26
1547.839059,7.031e-26
1547.83908,1.09e-24
1547.839237,7.629e-25
1547.842018,1.273e-25
1547.844584,2.368e-26
1547.847436,1.6740000000000003e-26
1547.856585,6.68e-24
1547.879044,2.115e-23
1547.879582,2.176e-23
1547.884509,2.689e-23
1547.885174,9.174e-25
1547.886626,2.757e-23
1547.889527,8.142e-24
1547.890027,7.867e-24
1547.891149,5.31e-25
1547.902922,2.839e-25
1547.906081,2.334e-23
1547.90713,2.398e-23
1547.90737,9.048e-23
1547.909589,8.875999999999999e-23
1547.921638,2.873e-26
1547.924511,1.385e-24
1547.926992,1.87e-24
1547.928941,1.9469999999999998e-24
1547.929673,2.684e-26
1547.932843,9.674e-25
1547.937091,8.348000000000001e-26
1547.94565,1.0069999999999999e-24
1547.947438,9.692e-26
1547.947535,1.577e-24
1547.948781,1.032e-24
1547.951576,1.631e-24
1547.953773,3.765e-25
1547.960885,6.828e-25
1547.96227,2.199e-25
1547.97806,1.919e-25
1547.9872,5.296999999999999e-23
1547.988365,5.168e-23
1547.999325,5.531e-25
1548.000341,3.274e-26
1548.005634,2.47e-24
1548.007347,2.208e-25
1548.007737,2.56e-24
1548.009152,3.043e-26
1548.011465,1.056e-24
1548.022147,1.442e-24
1548.044852,2.534e-25
1548.049718,1.337e-26
1548.050077,1.998e-25
1548.067284,3.397e-25
1548.070277,8.815999999999999e-23
1548.070764,8.962e-23
1548.073323,3.737e-26
1548.080862,2.2010000000000003e-26
1548.083026,3.454e-26
1548.084522,2.87e-25
1548.11464,1.4599999999999998e-23
1548.114954,1.5e-23
1548.119188,1.278e-26
1548.120268,6.807e-23
1548.123433,6.911e-23
1548.125417,5.536e-24
1548.127942,2.856e-24
1548.128015,2.779e-24
1548.128462,1.364e-25
1548.136127,1.68e-25
1548.138481,4.59e-25
1548.14059,4.278e-26
1548.141644,7.349e-26
1548.149773,5.946000000000001e-25
1548.151333,3.926e-26
1548.151846,1.304e-25
1548.153924,4.713e-25
1548.173297,2.077e-26
1548.174097,5.691e-24
1548.178391,1.918e-23
1548.180352,3.042e-25
1548.180946,1.952e-23
1548.181632,9.829e-26
1548.184242,3.467e-24
1548.18515,1.853e-23
1548.188802,9.919e-23
1548.18968,9.747e-23
1548.191213,3.534e-24
1548.195263,1.258e-25
1548.197074,3.436e-24
1548.199392,1.916e-23
1548.202116,4.917e-26
1548.206964,3.531e-24
1548.214099,4.476e-26
1548.225177,2.438e-26
1548.227719,9.993e-23
1548.227973,3.66e-24
1548.229081,2.651e-24
1548.229311,9.812e-23
1548.230911,3.336e-24
1548.231647,2.745e-24
1548.23189,3.8329999999999996e-24
1548.239677,1.813e-24
1548.246308,3.538e-24
1548.249703,1.093e-24
1548.25445,1.923e-24
1548.25788,5.684000000000001e-26
1548.266151,2.241e-26
1548.270011,1.067e-24
1548.270328,3.517e-23
1548.271372,5.1230000000000006e-26
1548.273324,3.618e-23
1548.289277,8.734e-23
1548.29102,1.553e-23
1548.291905,8.555999999999999e-23
1548.292202,1.595e-23
1548.30175,1.094e-23
1548.302619,1.137e-23
1548.306434,7.319999999999999e-23
1548.307838,6.622e-26
1548.308911,7.158e-23
1548.323221,5.897e-26
1548.339813,3.588e-24
1548.344343,1.027e-26
1548.351924,7.802000000000001e-26
1548.369767,6.841000000000001e-26
1548.374577,5.9890000000000005e-25
1548.38179,2.521e-26
1548.381842,7.87e-23
1548.383112,1.5269999999999999e-24
1548.383416,7.991e-23
1548.387958,1.11e-25
1548.389005,3.1040000000000005e-26
1548.39002,9.337e-26
1548.391557,1.125e-23
1548.394955,1.092e-23
1548.402985,2.685e-23
1548.404167,2.757e-23
1548.40426,1.842e-23
1548.405257,2.223e-23
1548.405699,2.269e-23
1548.406161,1.799e-23
1548.411235,8.021000000000001e-26
1548.413834,3.943e-24
1548.416762,4.03e-24
1548.421904,1.143e-25
1548.425205,3.629e-24
1548.425208,3.471e-24
1548.427911,1.604e-23
1548.428309,2.426e-24
1548.428316,2.485e-24
1548.430387,1.646e-23
1548.430563,6.029e-25
1548.440055,3.825e-24
1548.441028,1.17e-26
1548.442272,6.44e-25
1548.446391,1.164e-24
1548.447074,1.447e-25
1548.448081,7.381e-25
1548.448129,9.543e-26
1548.448761,6.277e-24
1548.451465,1.106e-26
1548.472196,1.168e-26
1548.481919,1.156e-25
1548.481967,2.4980000000000003e-26
1548.482822,1.929e-23
1548.482893,1.99e-23
1548.486615,5.875000000000001e-26
1548.486933,1.5929999999999999e-24
1548.49581,4.867e-25
1548.496865,9.411e-25
1548.50053,6.5589999999999996e-24
1548.500785,6.909e-24
1548.503561,2.202e-25
1548.505095,7.236e-24
1548.510475,5.746e-26
1548.511207,1.13e-24
1548.516977,5.9779999999999996e-24
1548.518596,6.677e-23
1548.523017,6.781999999999999e-23
1548.526998,3.458e-26
1548.52943,1.247e-24
1548.53051,1.3740000000000002e-26
1548.53229,1.331e-26
1548.535931,9.932e-26
1548.538673,1.149e-25
1548.541334,1.922e-23
1548.543474,1.2540000000000002e-26
1548.543882,1.956e-23
1548.547137,6.6240000000000005e-25
1548.547545,2.43e-25
1548.557371,1.044e-26
1548.557989,9.624e-25
1548.566582,1.831e-26
1548.56851,1.092e-23
1548.568861,1.057e-23
1548.570554,5.299e-24
1548.577797,4.3870000000000006e-26
1548.582024,2.302e-23
1548.582929,3.882e-24
1548.582991,2.347e-23
1548.585398,3.97e-24
1548.593689,1.2659999999999999e-24
1548.60528,2.866e-23
1548.606698,2.941e-23
1548.608002,1.108e-23
1548.610553,1.555e-23
1548.611075,1.147e-23
1548.613266,1.5149999999999998e-23
1548.613674,1.007e-26
1548.613978,2.3180000000000003e-26
1548.616058,1.6059999999999998e-23
1548.616067,1.552e-23
1548.61623,2.747e-24
1548.618119,1.515e-26
1548.618967,2.848e-24
1548.626083,1.523e-24
1548.628048,1.5949999999999999e-24
1548.630151,1.422e-26
1548.633748,2.435e-24
1548.63401,2.203e-23
1548.634787,2.243e-23
1548.635994,8.029000000000001e-26
1548.638896,3.758e-24
1548.639807,3.85e-24
1548.652035,6.891000000000001e-25
1548.667482,2.163e-23
1548.66883,2.203e-23
1548.679032,7.377e-24
1548.682102,7.124e-24
1548.696229,2.3420000000000003e-26
1548.698506,1.7250000000000003e-26
1548.705079,2.966e-23
1548.705509,1.298e-24
1548.706631,3.042e-23
1548.708528,2.323e-24
1548.711505,1.612e-26
1548.715868,8.484000000000001e-26
1548.716216,2.364e-24
1548.717126,2.438e-24
1548.72279,8.887e-23
1548.724082,9.029e-23
1548.724207,1.439e-23
1548.724469,1.4809999999999998e-23
1548.733969,5.473e-25
1548.747031,4.871e-25
1548.749076,6.007e-24
1548.749806,5.625000000000001e-25
1548.749808,8.769999999999999e-23
1548.749929,6.252e-24
1548.754182,1.339e-24
1548.757468,8.956999999999999e-23
1548.771178,2.4420000000000003e-26
1548.77344,1.965e-26
1548.774243,8.18e-25
1548.774716,1.055e-24
1548.77498,3.502e-25
1548.779004,1.113e-24
1548.787552,1.828e-26
1548.796644,2.3429999999999998e-24
1548.798562,2.436e-24
1548.803951,7.003000000000001e-26
1548.812204,1.3380000000000002e-26
1548.818566,8.36e-26
1548.820732,2.211e-23
1548.821829,2.162e-23
1548.831722,2.371e-23
1548.832097,2.321e-23
1548.833306,7.869000000000001e-25
1548.835115,1.668e-24
1548.842867,1.055e-26
1548.842903,2.244e-26
1548.845018,1.054e-25
1548.846989,1.218e-25
1548.853528,2.3640000000000003e-26
1548.858315,2.0740000000000003e-26
1548.861432,1.025e-26
1548.867553,8.817e-24
1548.86777,8.509e-24
1548.87608,1.2820000000000002e-26
1548.880128,1.045e-25
1548.88329,1.011e-24
1548.890183,1.364e-25
1548.894932,1.107e-22
1548.895122,1.088e-22
1548.897751,1.055e-24
1548.900475,2.367e-23
1548.901038,2.437e-23
1548.901237,1.983e-24
1548.903287,2.068e-24
1548.906873,2.568e-26
1548.923009,1.7e-24
1548.923825,2.3590000000000003e-26
1548.927678,1.761e-24
1548.929389,2.6620000000000003e-25
1548.935346,2.236e-26
1548.936468,2.64e-23
1548.937499,2.714e-23
1548.939077,6.003e-23
1548.940092,5.853e-23
1548.945461,1.858e-25
1548.945772,1.745e-24
1548.954537,1.047e-26
1548.95535,2.599e-25
1548.956705,1.239e-26
1548.95813,3.725e-26
1548.961535,7.708e-25
1548.965317,2.952e-26
1548.965945,1.063e-26
1548.968306,1.088e-22
1548.970552,1.0669999999999998e-22
1548.976071,2.671e-25
1548.976081,1.203e-26
1548.977796,1.734e-23
1548.977807,1.782e-23
1548.984129,2.689e-26
1548.984906,9.296e-25
1549.002806,1.956e-23
1549.006222,9.082e-25
1549.018141,2.026e-23
1549.018188,3.4120000000000004e-26
1549.019518,6.044e-24
1549.029286,7.443e-25
1549.037959,8.523e-25
1549.0393,3.078e-26
1549.045298,5.796e-26
1549.057212,2.764e-25
1549.059977,2.349e-23
1549.060772,3.4640000000000003e-25
1549.06143,2.393e-23
1549.065414,3.975e-26
1549.066794,1.451e-26
1549.069589,6.218e-24
1549.07663,9.044e-23
1549.07891,9.188e-23
1549.087033,1.407e-26
1549.088712,5.96e-24
1549.089461,3.543e-26
1549.097574,8.712000000000001e-25
1549.106871,4.6840000000000006e-26
1549.117902,2.683e-24
1549.120202,2.785e-24
1549.128844,1.931e-26
1549.134828,4.111e-26
1549.137905,2.52e-26
1549.138227,4.392e-24
1549.138506,3.201e-24
1549.141557,4.6950000000000005e-26
1549.141704,4.49e-24
1549.142164,6.248e-24
1549.142344,5.605e-26
1549.148494,3.212e-24
1549.148507,3.1229999999999998e-24
1549.157252,1.74e-24
1549.158082,3.411e-24
1549.166143,4.598e-26
1549.167125,3.865e-23
1549.167127,3.744e-24
1549.17056,3.98e-23
1549.171385,6.862000000000001e-26
1549.172526,3.931e-24
1549.173135,1.6940000000000002e-26
1549.174441,1.652e-23
1549.175035,1.699e-23
1549.175848,4.82e-26
1549.17619,1.853e-24
1549.187831,4.212e-24
1549.188056,1.1630000000000002e-25
1549.18995,1.508e-25
1549.190831,4.305e-24
1549.194294,1.64e-26
1549.195027,7.895000000000001e-25
1549.204281,1.097e-26
1549.204962,3.238e-24
1549.206106,1.0990000000000002e-26
1549.206501,1.042e-26
1549.209453,1.629e-26
1549.21364,5.729e-26
1549.213828,1.653e-25
1549.218471,1.113e-22
1549.218935,1.132e-22
1549.24143,2.927e-26
1549.2506,1.281e-26
1549.260836,3.968e-24
1549.262996,1.159e-23
1549.263232,1.14e-26
1549.264361,1.207e-23
1549.265673,2.9399999999999998e-24
1549.268558,3.047e-24
1549.271239,4.081e-24
1549.272089,3.0750000000000005e-26
1549.275729,1.972e-26
1549.280377,1.803e-24
1549.280639,2.7250000000000003e-26
1549.280843,1.793e-25
1549.286771,1.7260000000000002e-25
1549.289886,1.51e-26
1549.296732,8.203000000000001e-25
1549.297873,1.907e-26
1549.298375,1.225e-22
1549.299285,1.2039999999999998e-22
1549.299802,8.471999999999999e-23
1549.300699,1.25e-26
1549.302235,8.28e-23
1549.303455,1.185e-26
1549.304579,1.3230000000000002e-26
1549.312309,3.466e-24
1549.313924,1.218e-22
1549.315548,1.196e-22
1549.318187,1.031e-22
1549.32082,1.009e-22
1549.323869,1.807e-26
1549.326417,6.507e-25
1549.328071,3.486e-24
1549.330643,3.654e-24
1549.341361,1.551e-26
1549.342622,6.694e-25
1549.34451,5.821e-25
1549.352371,2.211e-26
1549.352418,1.812e-26
1549.359423,6.251000000000001e-25
1549.360079,9.026e-23
1549.362865,1.24e-23
1549.363315,9.169e-23
1549.365931,1.203e-23
1549.371933,3.589e-24
1549.373966,1.845e-26
1549.374575,2.289e-26
1549.375004,2.8e-26
1549.381606,2.862e-26
1549.385909,1.1210000000000002e-26
1549.387695,1.784e-25
1549.390258,2.143e-26
1549.392035,2.7780000000000004e-26
1549.397779,2.211e-26
1549.398626,1.891e-24
1549.403481,2.2370000000000003e-26
1549.403799,3.21e-23
1549.405342,3.296e-23
1549.405741,1.047e-26
1549.409453,4.369e-24
1549.409882,1.425e-26
1549.41107,1.4870000000000002e-26
1549.412773,1.346e-26
1549.422939,1.375e-24
1549.42633,1.077e-26
1549.433908,2.122e-23
1549.435649,7.067e-24
1549.435801,2.071e-23
1549.441374,7.419e-24
1549.446197,2.526e-26
1549.446272,1.996e-25
1549.453025,1.1430000000000002e-26
1549.453831,2.885e-24
1549.454443,2.813e-24
1549.454755,2.479e-23
1549.456515,2.524e-23
1549.459947,1.807e-23
1549.460207,1.066e-26
1549.462424,1.856e-23
1549.467751,3.055e-23
1549.468997,3.139e-23
1549.469673,2.65e-26
1549.484351,2.124e-23
1549.484509,2.193e-23
1549.489592,1.391e-24
1549.494018,2.5570000000000003e-26
1549.500269,1.622e-26
1549.500555,2.673e-23
1549.500826,2.728e-23
1549.503644,1.527e-26
1549.504668,1.089e-26
1549.510961,7.756e-26
1549.520668,1.901e-23
1549.521539,1.954e-23
1549.532993,2.3e-25
1549.551941,8.579e-26
1549.558105,1.018e-25
1549.558716,1.197e-23
1549.558917,1.158e-23
1549.561021,3.0610000000000004e-26
1549.5655,4.96e-24
1549.57044,1.325e-26
1549.572063,7.666e-25
1549.579032,1.581e-24
1549.581383,1.658e-24
1549.586603,2.9480000000000005e-26
1549.591775,1.242e-24
1549.594146,8.211e-26
1549.594299,1.846e-26
1549.59691,4.547e-24
1549.597599,1.678e-23
1549.597814,1.739e-23
1549.597953,1.732e-26
1549.599189,4.652e-24
1549.609032,1.404e-24
1549.611584,1.7539999999999998e-23
1549.614184,1.708e-23
1549.616607,7.852999999999999e-24
1549.617849,1.231e-23
1549.618749,7.572e-24
1549.619585,1.1320000000000002e-26
1549.619744,1.165e-26
1549.620761,2.483e-26
1549.62116,1.033e-26
1549.621579,1.276e-23
1549.629474,1.2710000000000002e-26
1549.630218,7.833000000000001e-25
1549.643371,4.106e-24
1549.645877,2.381e-23
1549.64753,2.425e-23
1549.648616,3.526e-26
1549.658866,1.209e-24
1549.659047,1.45e-24
1549.659113,5.503000000000001e-26
1549.675542,3.3920000000000005e-26
1549.676316,2.102e-26
1549.677464,2.023e-25
1549.678459,8.633e-23
1549.680465,1.963e-26
1549.681189,6.848e-26
1549.682704,8.771e-23
1549.693798,2.793e-23
1549.693947,2.355e-26
1549.69475,2.848e-23
1549.695186,1.129e-25
1549.696441,4.332e-24
1549.697306,4.441e-24
1549.70071,7.72e-25
1549.704971,6.32e-24
1549.706516,6.589999999999999e-24
1549.707525,1.019e-25
1549.708413,1.064e-24
1549.711899,2.5989999999999998e-24
1549.713064,2.683e-24
1549.713818,1.127e-24
1549.714775,2.583e-24
1549.717952,3.356e-23
1549.718731,1.926e-24
1549.71948,3.445e-23
1549.722469,7.556000000000001e-25
1549.726571,5.421e-24
1549.732454,4.053e-26
1549.738238,1.6109999999999998e-23
1549.738557,1.659e-23
1549.747204,1.173e-25
1549.756963,2.395e-26
1549.760848,3.892e-26
1549.761534,2.2250000000000003e-26
1549.777253,2.502e-24
1549.779229,2.604e-24
1549.779919,5.654e-24
1549.786255,3.6750000000000005e-26
1549.790262,2.455e-24
1549.793666,2.651e-23
1549.795145,2.701e-23
1549.8052,3.3150000000000003e-25
1549.805765,6.99e-26
1549.811142,3.604e-26
1549.812529,4.649e-26
1549.820245,2.043e-23
1549.824818,2.858e-24
1549.826464,1.018e-25
1549.827673,1.154e-26
1549.829159,2.7350000000000003e-26
1549.82928,1.049e-24
1549.831933,2.3190000000000003e-25
1549.834308,2.526e-26
1549.834827,9.08e-25
1549.836932,2.12e-23
1549.837546,1.635e-25
1549.840634,9.148e-24
1549.840746,9.493e-24
1549.842536,4.4560000000000005e-26
1549.845449,2.025e-24
1549.84568,1.096e-24
1549.847258,2.006e-26
1549.852306,3.326e-25
1549.870161,2.09e-24
1549.872346,2.184e-24
1549.873224,2.585e-23
1549.874351,2.527e-23
1549.878849,2.784e-24
1549.888203,6.766e-23
1549.888833,5.323e-26
1549.889026,6.592e-23
1549.893862,1.822e-24
1549.895021,1.091e-22
1549.897499,3.1300000000000003e-26
1549.899261,1.8899999999999998e-24
1549.903191,2.872e-26
1549.903333,1.116e-22
1549.905864,2.811e-23
1549.906282,2.751e-23
1549.916278,7.714e-25
1549.91665,2.635e-23
1549.917247,2.716e-23
1549.920622,5.092e-26
1549.922876,2.0960000000000003e-26
1549.925655,1.14e-22
1549.927121,1.158e-22
1549.932822,7.943e-25
1549.933435,9.423e-25
1549.94078,2.475e-25
1549.942667,6.576e-24
1549.95422,4.844e-24
1549.95713,4.954e-24
1549.959003,3.599e-26
1549.961354,6.084000000000001e-26
1549.961669,1.225e-26
1549.963048,2.971e-23
1549.964079,3.057e-23
1549.965468,3.273e-26
1549.974185,1.132e-22
1549.975258,1.151e-22
1549.982517,2.038e-26
1549.984415,1.248e-26
1549.987114,1.258e-26
1549.991403,3.532e-23
1549.991971,2.868e-24
1549.99348,3.627e-23
1549.994003,2.981e-24
1549.994612,6.77e-24
1549.995127,5.807e-26
1550.014709,1.412e-25
1550.015447,4.16e-26
1550.018233,1.238e-25
1550.021759,1.3800000000000001e-22
1550.021953,2.984e-26
1550.021975,1.3559999999999998e-22
1550.022776,3.746e-26
1550.024993,1.303e-22
1550.027262,1.277e-22
1550.030078,6.945000000000001e-26
1550.041501,3.001e-24
1550.04688,2.856e-23
1550.047435,2.91e-23
1550.05245,1.2940000000000002e-26
1550.054844,3.55e-26
1550.055337,1.214e-25
1550.062152,4.218e-23
1550.065821,4.848e-26
1550.066074,6.612e-26
1550.066127,4.348e-23
1550.066391,3.215e-24
1550.069722,1.632e-24
1550.071247,1.88e-26
1550.071852,2.874e-24
1550.074228,4.312e-26
1550.093909,1.747e-24
1550.094984,7.919000000000001e-26
1550.099173,6.85e-25
1550.101495,3.791e-24
1550.105768,7.267000000000001e-25
1550.108117,2.311e-26
1550.108679,3.991e-24
1550.110599,5.712000000000001e-26
1550.120365,5.0010000000000006e-26
1550.133496,7.518000000000001e-26
1550.147855,3.317e-26
1550.149465,6.836000000000001e-26
1550.149984,2.028e-24
1550.155914,6.995e-25
1550.156046,9.023e-26
1550.161043,5.863000000000001e-26
1550.163866,3.4170000000000004e-26
1550.164043,3.491e-24
1550.164105,3.594e-24
1550.167137,1.858e-23
1550.16754,1.912e-23
1550.170467,7.031e-25
1550.171032,2.726e-26
1550.182431,8.367e-26
1550.187453,3.092e-24
1550.188417,3.098e-24
1550.190995,3.216e-24
1550.196572,6.975000000000001e-26
1550.197434,8.54e-26
1550.201511,3.201e-26
1550.209243,1.059e-25
1550.213228,1.028e-25
1550.219398,1.22e-23
1550.221366,1.273e-23
1550.227404,8.466000000000001e-26
1550.228155,3.4469999999999996e-24
1550.229418,1.415e-25
1550.233894,3.624e-24
1550.252896,5.52e-25
1550.255293,1.053e-25
1550.257943,9.694e-26
1550.262798,1.282e-25
1550.266476,1.171e-25
1550.271967,5.965000000000001e-25
1550.284586,7.051000000000001e-26
1550.286191,2.139e-24
1550.289731,9.756e-23
1550.290107,8.683000000000001e-26
1550.290698,9.052e-25
1550.292098,9.53e-23
1550.293429,4.732e-25
1550.29599,4.976e-24
1550.299986,5.086e-24
1550.314048,1.515e-24
1550.315102,1.1e-25
1550.315718,1.335e-25
1550.318818,1.499e-25
1550.324474,1.298e-26
1550.328543,4.572e-24
1550.330433,1.3589999999999998e-23
1550.333097,1.317e-23
1550.333878,1.994e-23
1550.335021,2.051e-23
1550.339486,4.707e-24
1550.341467,9.392e-25
1550.34286,1.462e-25
1550.343187,1.211e-22
1550.345815,1.185e-22
1550.356768,1.469e-25
1550.357791,1.1380000000000002e-26
1550.360843,1.526e-25
1550.361727,1.399e-22
1550.362168,1.4229999999999998e-22
1550.36252,4.615e-24
1550.365918,7.155e-24
1550.367157,7.404e-24
1550.369024,1.249e-25
1550.373373,7.534e-24
1550.379282,1.248e-26
1550.382755,2.563e-26
1550.382845,7.434e-26
1550.38318,1.5269999999999999e-24
1550.395627,1.4789999999999998e-22
1550.397279,1.451e-22
1550.400848,7.794e-24
1550.401678,1.747e-25
1550.402236,6.261000000000001e-25
1550.403247,1.507e-22
1550.40355,1.163e-26
1550.404186,1.48e-22
1550.419887,1.419e-25
1550.423413,6.148e-25
1550.426026,2.818e-26
1550.430123,1.025e-26
1550.434307,2.927e-23
1550.434555,4.41e-24
1550.436905,2.982e-23
1550.437934,2.01e-25
1550.446676,8.183000000000001e-25
1550.448572,2.073e-23
1550.448799,2.4370000000000003e-26
1550.450681,2.7690000000000003e-26
1550.450982,2.131e-23
1550.459076,2.433e-23
1550.460944,2.373e-23
1550.466548,1.014e-24
1550.467982,1.615e-25
1550.468732,1.13e-22
1550.469575,7.886000000000001e-26
1550.47188,1.151e-22
1550.474469,1.3600000000000002e-26
1550.475755,3.326e-24
1550.476943,3.237e-24
1550.480737,2.326e-23
1550.481004,2.404e-23
1550.484108,3.451e-23
1550.485277,3.549e-23
1550.49917,7.89e-25
1550.504071,9.119e-25
1550.505094,3.828e-26
1550.513842,1.843e-25
1550.518709,1.168e-26
1550.520913,9.4e-25
1550.524864,1.1e-26
1550.526563,1.628e-24
1550.528339,1.357e-25
1550.529392,1.712e-24
1550.542883,5.1090000000000006e-26
1550.543977,1.305e-23
1550.544,1.261e-23
1550.551052,8.294e-24
1550.55208,7.985e-24
1550.554734,1.521e-24
1550.560483,3.1590000000000004e-26
1550.56216,1.052e-24
1550.571175,7.638e-26
1550.572993,9.375e-26
1550.573915,2.099e-24
1550.574142,1.804e-23
1550.574628,1.872e-23
1550.590715,3.198e-23
1550.590925,3.265e-23
1550.596214,1.187e-26
1550.600047,5.4899999999999995e-24
1550.600434,3.196e-24
1550.602075,1.33e-26
1550.602212,1.464e-25
1550.602815,5.617e-24
1550.60296,1.422e-25
1550.603038,3.322e-24
1550.60673,1.572e-24
1550.608445,1.969e-23
1550.608836,1.248e-26
1550.609457,1.808e-25
1550.610897,1.915e-23
1550.619286,6.081e-25
1550.619714,6.164e-26
1550.622261,1.36e-23
1550.623783,1.3650000000000002e-26
1550.626672,1.412e-23
1550.636738,1.064e-24
1550.637548,2.109e-23
1550.643541,1.13e-24
1550.644065,1.4060000000000002e-25
1550.644429,1.449e-26
1550.648316,1.772e-25
1550.655905,2.193e-23
1550.656056,6.602e-24
1550.658416,6.897e-24
1550.674658,6.208e-25
1550.680289,1.5160000000000002e-26
1550.687725,1.4160000000000002e-26
1550.688044,3.715e-23
1550.689528,3.818e-23
1550.695635,1.295e-26
1550.699542,2.637e-24
1550.699734,2.034e-25
1550.702776,2.841e-24
1550.704243,2.936e-24
1550.704712,4.316e-24
1550.720799,2.221e-24
1550.725469,5.337e-24
1550.72784,5.463e-24
1550.729547,1.326e-24
1550.734784,1.0820000000000002e-26
1550.744003,2.654e-24
1550.745621,1.794e-23
1550.745987,1.85e-23
1550.745992,2.768e-24
1550.748837,4.969e-24
1550.749649,5.098e-24
1550.75327,1.729e-26
1550.753853,3.998e-25
1550.761467,1.607e-26
1550.76261,1.31e-22
1550.764135,1.3309999999999998e-22
1550.769745,1.295e-26
1550.770769,1.077e-24
1550.77645,2.496e-24
1550.777566,2.945e-23
1550.779282,1.11e-26
1550.780152,3e-23
1550.781708,3.871e-23
1550.783418,3.975e-23
1550.789358,3.818e-24
1550.789458,1.128e-24
1550.798978,1.294e-24
1550.799423,1.585e-26
1550.799907,3.372e-23
1550.800836,3.441e-23
1550.802432,4.008e-25
1550.805612,2.884e-26
1550.808614,9.776e-24
1550.80911,1.016e-23
1550.811103,1.32e-26
1550.816069,1.339e-26
1550.816359,2.1810000000000003e-25
1550.821026,1.975e-26
1550.822399,4.12e-26
1550.823607,2.007e-26
1550.830093,1.8250000000000003e-26
1550.830981,3.937e-26
1550.833507,2.188e-24
1550.833588,1.126e-26
1550.834585,7.581999999999999e-23
1550.835168,7.382e-23
1550.835862,2.291e-24
1550.836904,1.051e-26
1550.837891,7.101e-24
1550.838601,1.603e-26
1550.841921,2.68e-26
1550.848831,1.114e-22
1550.853162,1.132e-22
1550.860075,1.939e-24
1550.86244,1.136e-26
1550.863098,1.993e-26
1550.866329,2.015e-24
1550.883525,2.2620000000000003e-26
1550.885338,4.654e-26
1550.887072,8.377e-26
1550.890323,2.1740000000000003e-25
1550.891441,7.316e-24
1550.892005,3.232e-23
1550.893323,3.295e-23
1550.89359,2.0760000000000003e-26
1550.911416,3.691e-26
1550.91783,3.228e-26
1550.919898,3.36e-23
1550.920673,3.423e-23
1550.921004,3.007e-23
1550.922151,2.938e-23
1550.927545,2.918e-23
1550.928186,3.011e-23
1550.93016,2.129e-25
1550.933251,2.504e-24
1550.939179,3.779e-26
1550.939644,2.7289999999999998e-24
1550.940694,2.6020000000000004e-26
1550.951985,2.3690000000000003e-26
1550.955422,4.57e-23
1550.960058,4.717e-23
1550.96319,1.0710000000000002e-26
1550.971398,2.943e-24
1550.97512,3.318e-23
1550.975575,3.246e-23
1550.976853,1.484e-24
1550.983352,3.326e-23
1550.984378,3.426e-23
1550.990297,2.125e-24
1550.992557,3.009e-26
1550.994305,3.868e-26
1550.996741,3.486e-24
1551.003238,1.4840000000000002e-26
1551.005303,2.712e-26
1551.007762,1.599e-24
1551.008309,1.4820000000000002e-26
1551.022284,1.3379999999999998e-22
1551.030641,3.634e-26
1551.03103,3.796e-24
1551.031508,1.37e-22
1551.034111,1.466e-26
1551.037229,1.354e-26
1551.03904,3.508e-26
1551.040382,4.009e-24
1551.052241,2.212e-23
1551.052295,2.276e-23
1551.053604,3.123e-26
1551.058335,2.709e-24
1551.062278,1.4489999999999998e-22
1551.063556,1.473e-22
1551.066198,3.657e-24
1551.066286,2.117e-26
1551.073453,3.076e-24
1551.074341,1.262e-26
1551.075745,3.202e-24
1551.07743,1.552e-22
1551.079715,1.521e-22
1551.08007,4.135e-26
1551.084188,1.5430000000000002e-26
1551.089998,2.0860000000000003e-26
1551.090203,1.106e-24
1551.090395,1.0749999999999999e-24
1551.093359,1.192e-26
1551.093536,1.284e-26
1551.096192,4.929e-25
1551.096989,3.624e-26
1551.105591,2.4980000000000003e-26
1551.107484,1.11e-24
1551.113926,4.894e-25
1551.115531,4.95e-26
1551.125275,6.897000000000001e-26
1551.125358,3.346e-24
1551.125429,1.214e-26
1551.125681,1.166e-25
1551.132401,5.364e-25
1551.135021,3.529e-24
1551.135664,4.2510000000000005e-26
1551.139644,2.6080000000000003e-26
1551.143721,1.7119999999999997e-22
1551.143964,1.682e-22
1551.145226,6.06e-26
1551.149219,2.255e-24
1551.155485,5.117e-25
1551.161586,2.605e-25
1551.168654,7.674000000000001e-26
1551.170081,5.058e-26
1551.170946,1.274e-23
1551.173646,1.332e-23
1551.174616,3.883e-24
1551.174765,4.001e-24
1551.180051,5.572e-25
1551.182923,1.145e-24
1551.186446,5.474e-25
1551.194379,1.931e-26
1551.197642,1.756e-26
1551.197759,6.6430000000000005e-25
1551.199693,2.485e-26
1551.20006,1.68e-26
1551.201136,1.54e-26
1551.201553,6.133e-26
1551.202475,2.55e-25
1551.202585,1.667e-24
1551.208951,2.082e-23
1551.209599,2.144e-23
1551.217921,3.406e-24
1551.220778,3.541e-24
1551.233293,1.031e-26
1551.239029,8.081e-26
1551.242103,5.414e-26
1551.250008,1.208e-26
1551.253368,7.068000000000001e-26
1551.254202,7.072e-26
1551.259733,6.441e-25
1551.274294,1.674e-24
1551.27622,1.118e-22
1551.278498,1.091e-22
1551.291542,7.164e-24
1551.292254,2.2350000000000003e-26
1551.29426,1.48e-23
1551.29644,1.433e-23
1551.297088,1.235e-26
1551.298554,2.233e-26
1551.300881,2.009e-26
1551.301121,7.567e-24
1551.3049,6.106e-24
1551.307269,3.534e-23
1551.308285,6.248e-24
1551.308677,3.603e-23
1551.309557,1.205e-23
1551.319309,2.6020000000000004e-26
1551.321421,5.851e-24
1551.322143,1.946e-26
1551.323138,2.3130000000000003e-26
1551.324412,5.9859999999999996e-24
1551.342165,1.231e-23
1551.344795,7.518000000000001e-26
1551.359047,1.01e-26
1551.364273,1.4159999999999998e-22
1551.366885,1.385e-22
1551.378378,1.137e-26
1551.383241,5.227e-24
1551.384229,3.067e-26
1551.387997,2.682e-26
1551.394796,5.388e-24
1551.399028,2.09e-24
1551.403654,3.009e-26
1551.41295,3.671e-26
1551.417991,3.1440000000000004e-26
1551.42152,1.485e-22
1551.423411,3.111e-25
1551.423893,1.5100000000000001e-22
1551.453059,4.4940000000000006e-26
1551.454786,2.148e-23
1551.458919,3.739e-26
1551.460377,1.63e-24
1551.465432,3.043e-25
1551.468658,1.664e-24
1551.471975,2.532e-23
1551.472082,1.755e-24
1551.472376,2.621e-23
1551.47243,2.31e-23
1551.472824,1.786e-22
1551.474501,1.752e-22
1551.474895,2.376e-23
1551.475205,2.239e-23
1551.478334,5.689000000000001e-26
1551.479759,2.774e-23
1551.481584,2.704e-23
1551.482069,8.348e-24
1551.482377,8.688e-24
1551.483005,1.069e-26
1551.483288,1.6130000000000003e-26
1551.485984,4.537e-26
1551.493829,3.806e-24
1551.495555,3.698e-24
1551.499787,4.135e-23
1551.499941,1.751e-22
1551.50034,1.781e-22
1551.501239,4.252e-23
1551.50155,7.598e-26
1551.503416,1.846e-22
1551.504383,1.812e-22
1551.511864,5.654000000000001e-26
1551.513938,1.685e-24
1551.516729,1.115e-25
1551.523988,1.6260000000000002e-26
1551.524109,1.365e-23
1551.524295,1.415e-23
1551.533349,7.204000000000001e-26
1551.533714,3.887e-23
1551.534954,4.001e-23
1551.545686,1.928e-23
1551.546499,2.004e-23
1551.559635,1.051e-24
1551.567993,1.3600000000000002e-26
1551.568206,1.122e-24
1551.568977,1.751e-25
1551.571399,2.225e-24
1551.575098,2.426e-23
1551.575921,2.497e-23
1551.591862,2.584e-24
1551.600959,4.2410000000000005e-26
1551.601134,2.198e-23
1551.602312,6.842e-24
1551.603399,2.136e-23
1551.605642,7.164e-24
1551.613692,5.0740000000000007e-26
1551.621345,1.493e-23
1551.623119,1.595e-26
1551.626469,1.553e-23
1551.629392,1.971e-24
1551.63755,4.921e-25
1551.638515,4.7030000000000005e-25
1551.648588,3.887e-26
1551.671044,2.434e-24
1551.671532,3.989e-26
1551.674488,1.025e-26
1551.675841,3.808e-23
1551.67595,1.264e-24
1551.675958,3.704e-25
1551.676007,3.89e-23
1551.686704,4.93e-25
1551.688837,3.087e-24
1551.690661,3.194e-24
1551.691273,4.797e-25
1551.691772,1.6210000000000002e-26
1551.693218,1.306e-24
1551.69463,1.886e-25
1551.703709,2.098e-24
1551.704896,1.4929999999999997e-22
1551.705808,1.181e-24
1551.707704,1.095e-24
1551.708205,1.517e-22
1551.708745,4.677e-26
1551.712284,2.799e-24
1551.713251,3.765e-23
1551.714358,2.9239999999999998e-24
1551.715005,3.837e-23
1551.719198,3.62e-25
1551.729109,1.15e-24
1551.735569,4.237e-26
1551.74009,6.198e-24
1551.742277,6.348e-24
1551.749206,1.988e-23
1551.749651,2.051e-23
1551.75053,4.303e-26
1551.751901,7.633e-24
1551.770911,3.984e-26
1551.771701,1.038e-23
1551.772647,1.08e-23
1551.778229,8.448e-23
1551.778516,8.217999999999999e-23
1551.783831,4.331e-23
1551.785597,4.445e-23
1551.791418,2.2759999999999998e-24
1551.793841,2.135e-24
1551.793989,2.388e-24
1551.79574,1.222e-24
1551.795929,5.673e-24
1551.796654,5.825e-24
1551.799001,3.813e-25
1551.79962,4.584e-24
1551.800301,1.5500000000000002e-26
1551.8015,1.966e-24
1551.807087,3.222e-25
1551.80743,7.871e-24
1551.820064,1.2160000000000002e-26
1551.821629,2.05e-24
1551.828885,2.133e-24
1551.832554,2.378e-24
1551.846947,4.915e-23
1551.852385,5.079e-23
1551.859781,1.414e-24
1551.864939,1.061e-26
1551.867856,1.172e-26
1551.873346,2.585e-24
1551.876921,3.611e-23
1551.878292,1.293e-24
1551.878706,3.68e-23
1551.885743,1.4180000000000002e-26
1551.887104,4.164e-24
1551.891524,2.62e-26
1551.894261,1.054e-26
1551.899311,2.082e-26
1551.901397,4.054e-23
1551.902311,4.138e-23
1551.912928,1.3430000000000002e-26
1551.914799,1.057e-25
1551.917979,1.404e-24
1551.919385,4.393e-25
1551.921696,4.556e-26
1551.925667,1.206e-26
1551.930114,2.326e-24
1551.931627,1.385e-24
1551.933171,3.215e-23
1551.933868,3.321e-23
1551.946475,2.502e-26
1551.955448,3.254e-24
1551.955669,3.752e-24
1551.957446,3.393e-24
1551.963939,4.292e-25
1551.964068,3.482e-23
1551.965225,3.4e-23
1551.967678,3.977e-24
1551.987297,2.105e-24
1551.99201,1.112e-25
1551.999427,3.705e-23
1552.000164,1.426e-22
1552.000464,3.82e-23
1552.003093,1.59e-26
1552.004431,1.45e-22
1552.004762,3.622e-26
1552.005753,3.926e-23
1552.007169,4.004e-23
1552.013298,1.2710000000000002e-26
1552.014348,1.7450000000000002e-26
1552.019547,3.172e-24
1552.022593,5.266e-26
1552.027988,1.7550000000000002e-26
1552.034112,3.359e-24
1552.039486,3.898e-23
1552.039973,3.811e-23
1552.051046,1.7620000000000002e-26
1552.051908,4.604e-25
1552.053156,4.09e-26
1552.07755,4.553e-23
1552.079578,4.682e-23
1552.083899,5.061e-25
1552.088867,1.832e-24
1552.091862,6.646e-24
1552.094561,6.804e-24
1552.117623,1.321e-23
1552.121214,1.383e-23
1552.123143,6.670000000000001e-26
1552.125612,1.841e-22
1552.125624,3.543e-24
1552.127907,1.803e-22
1552.128214,3.689e-24
1552.137624,4.098e-25
1552.14643,1.267e-26
1552.147388,1.629e-22
1552.148724,1.257e-26
1552.150423,7.941e-25
1552.153842,5.195e-25
1552.154934,1.3960000000000002e-26
1552.157681,1.671e-22
1552.163272,1.832e-24
1552.176768,1.507e-24
1552.180219,4.295e-24
1552.180334,4.425e-24
1552.189133,4.178e-25
1552.193168,1.332e-26
1552.19501,1.297e-26
1552.196831,7.671e-25
1552.197995,2.318e-23
1552.198497,2.39e-23
1552.199815,5.071e-25
1552.208861,1.103e-26
1552.212448,3.555609999999999e-24
1552.212907,1.03e-26
1552.217921,7.108000000000001e-26
1552.220729,2.021e-26
1552.224661,7.506e-24
1552.23525,5.885e-25
1552.240494,1.185e-26
1552.249466,1.841e-22
1552.250894,1.872e-22
1552.254346,1.602e-23
1552.255948,1.549e-23
1552.256038,1.091e-25
1552.259267,1.274e-22
1552.260821,2.115e-22
1552.261089,2.078e-22
1552.261428,1.243e-22
1552.261568,1.483e-24
1552.272018,2.154e-23
1552.276302,4.277e-26
1552.277983,6.11e-26
1552.278925,1.535e-24
1552.282897,1.293e-26
1552.283323,1.257e-26
1552.287835,1.168e-26
1552.289173,1.823e-23
1552.293953,5.729e-25
1552.294991,2.25e-23
1552.302595,4.267e-23
1552.303205,4.351e-23
1552.310203,1.13e-25
1552.313378,1.239e-24
1552.317894,2.3230000000000003e-25
1552.321642,1.838e-23
1552.321652,5.629000000000001e-26
1552.326378,2.2590000000000003e-26
1552.337125,1.851e-22
1552.338185,1.881e-22
1552.355263,1.4350000000000002e-26
1552.357372,2.511e-23
1552.358571,2.587e-23
1552.360215,1.325e-26
1552.365077,4.47e-26
1552.379477,6.124e-25
1552.381443,1.647e-22
1552.384025,1.61e-22
1552.388935,1.047e-26
1552.391457,4.482e-26
1552.394095,1.744e-24
1552.395226,2.421e-24
1552.396886,1.867e-24
1552.397283,5.871000000000001e-26
1552.400624,1.28e-24
1552.403289,1.019e-26
1552.405292,1.686e-24
1552.408068,6.891e-24
1552.408684,8.648e-24
1552.409459,1.784e-24
1552.410599,9.018e-24
1552.410965,1.576e-26
1552.411504,7.052e-24
1552.415352,2.1350000000000003e-26
1552.419846,1.642e-26
1552.425375,1.5060000000000002e-26
1552.426188,4.21e-26
1552.426986,5.9730000000000005e-25
1552.427732,4.218e-26
1552.432385,1.475e-25
1552.436576,2.8120000000000003e-25
1552.439514,5.96e-24
1552.44971,1.806e-24
1552.450546,2.63e-23
1552.451248,5.03e-26
1552.451714,6.15e-24
1552.452972,2.707e-23
1552.458059,2.742e-23
1552.458622,2.842e-23
1552.476818,5.437e-26
1552.477027,1.025e-24
1552.477737,2.267e-24
1552.480061,1.888e-26
1552.48365,2.909e-25
1552.486228,1.717e-26
1552.487856,1.0999999999999998e-24
1552.495955,3.148e-23
1552.497715,3.067e-23
1552.499238,1.47e-23
1552.499671,1.5249999999999998e-23
1552.507844,4.327e-24
1552.510083,4.197e-24
1552.512222,2.047e-23
1552.513427,2.131e-23
1552.534104,2.182e-26
1552.536715,1.554e-26
1552.536768,1.241e-26
1552.538162,1.9250000000000003e-26
1552.541067,1.965e-26
1552.542536,3.543e-26
1552.543308,4.349e-23
1552.543633,5.518000000000001e-26
1552.543717,7.031999999999999e-24
1552.544478,4.48e-23
1552.545512,2.148e-22
1552.547212,2.106e-22
1552.548207,7.381e-24
1552.551701,1.207e-26
1552.561661,1.163e-26
1552.56283,1.041e-26
1552.563668,3.6339999999999996e-24
1552.564212,1.313e-24
1552.566143,3.79e-24
1552.568417,1.599e-25
1552.571361,1.045e-26
1552.571547,5.904e-25
1552.58066,1.263e-26
1552.58297,2.543e-26
1552.589646,2.44e-23
1552.5909,2.2620000000000003e-26
1552.591681,2.369e-23
1552.596433,7.196000000000001e-25
1552.598881,2.25e-22
1552.599873,2.208e-22
1552.606512,1.122e-26
1552.615136,1.6289999999999998e-23
1552.617792,1.858e-26
1552.621014,1.698e-23
1552.622117,5.91e-25
1552.626082,2.996e-26
1552.629726,3.549e-25
1552.633152,2.182e-22
1552.63356,2.221e-22
1552.635256,2.623e-26
1552.638465,2.604e-26
1552.640019,1.101e-24
1552.645605,7.014e-25
1552.646734,8.147e-24
1552.65017,1.776e-24
1552.663658,3.586e-26
1552.664677,1.16e-24
1552.669304,2.934e-24
1552.670069,3.334e-24
1552.670086,4.391e-23
1552.671431,3.071e-24
1552.672317,3.455e-24
1552.672756,4.477e-23
1552.674485,3.0750000000000005e-26
1552.680023,3.618e-25
1552.680199,1.466e-26
1552.689034,2.4910000000000003e-26
1552.695482,4.389e-26
1552.695746,1.424e-26
1552.704093,8.408e-24
1552.708654,3.657e-26
1552.710477,2.026e-26
1552.710699,3.079e-26
1552.719068,9.093e-23
1552.719144,9.357e-23
1552.719622,1.939e-24
1552.721419,5.556000000000001e-26
1552.724927,6.282e-26
1552.729888,1.095e-23
1552.731362,1.141e-23
1552.736733,5.243e-23
1552.738254,4.439e-26
1552.741004,7.421e-26
1552.743143,5.426e-23
1552.743739,2.351e-24
1552.746584,2.4729999999999998e-24
1552.746662,2.191e-23
1552.747132,2.263e-23
1552.749449,4.725e-23
1552.750977,4.863e-23
1552.755927,4.514e-23
1552.756057,4.613e-23
1552.756934,1.885e-26
1552.764789,5.52e-26
1552.765324,7.502e-24
1552.767935,7.684e-24
1552.772605,2.128e-24
1552.773477,1.055e-24
1552.778501,2.151e-24
1552.780461,1.7890000000000002e-26
1552.786936,2.243e-24
1552.797442,1.853e-22
1552.799733,1.95e-24
1552.800183,1.472e-24
1552.800513,1.884e-22
1552.804847,8.43e-25
1552.819232,1.7260000000000002e-26
1552.824672,5.676e-26
1552.824907,1.156e-24
1552.835427,1.676e-26
1552.836642,4.958e-23
1552.838151,6.4329999999999996e-24
1552.838459,6.622e-24
1552.838477,5.1e-23
1552.847652,7.201e-24
1552.848249,1.736e-24
1552.84993,7.379999999999999e-24
1552.851175,8.888e-25
1552.855825,8.21e-25
1552.864968,3.746e-24
1552.865577,1.799e-24
1552.875324,3.653e-24
1552.876113,2.245e-26
1552.876208,1.639e-26
1552.887775,1.3520000000000002e-26
1552.890627,3.888e-24
1552.904289,9.196e-25
1552.910533,2.915e-24
1552.91281,1.3500000000000002e-26
1552.912932,1.278e-24
1552.915006,3.641e-24
1552.927529,1.5620000000000002e-25
1552.931236,4.953e-24
1552.931291,3.102e-24
1552.933512,3.524e-23
1552.93352,3.186e-26
1552.93428,3.643e-23
1552.934683,7.764e-25
1552.941554,3.97e-25
1552.942172,1.7180000000000002e-26
1552.953867,2.026e-26
1552.966631,4.5680000000000005e-26
1552.968676,1.494e-25
1552.97075,1.965e-26
1552.972807,2.008e-24
1552.982172,1.507e-24
1552.983868,4.418e-25
1552.98466,2.105e-26
1552.991041,6.236e-26
1552.994304,1.276e-26
1552.995645,4.433e-23
1552.997368,4.851e-23
1552.997591,1.32e-24
1552.998261,4.953e-23
1552.998378,4.519e-23
1553.001206,4.283e-26
1553.002412,4.013e-23
1553.003569,3.916e-23
1553.00485,9.846e-25
1553.007424,3.445e-24
1553.009526,4.107e-23
1553.009728,3.599e-24
1553.010575,4.237e-23
1553.020456,2.046e-26
1553.021536,4.557e-24
1553.039452,1.32e-26
1553.041952,2.071e-26
1553.048811,1.597e-26
1553.050041,2e-24
1553.056523,1.481e-24
1553.057795,9.58e-25
1553.05941,1.358e-23
1553.064088,1.425e-23
1553.084104,2.371e-26
1553.089287,2.119e-23
1553.08961,1.351e-26
1553.090403,6.663000000000001e-26
1553.096857,4.744e-23
1553.098141,4.84e-23
1553.098958,4.558e-23
1553.099472,4.454e-23
1553.101719,2.297e-26
1553.105412,2.765e-23
1553.105526,2.851e-23
1553.11279,2.158e-24
1553.114818,3.057e-25
1553.115431,2.22e-23
1553.123534,4.6310000000000005e-26
1553.123701,2.144e-22
1553.125155,2.18e-22
1553.128544,6.892e-24
1553.135262,2.1899999999999998e-25
1553.144051,7.338e-24
1553.149438,3.86e-24
1553.152247,4.025e-24
1553.160058,1.826e-22
1553.163938,3.114e-25
1553.164331,1.856e-22
1553.169538,2.173e-22
1553.171835,2.127e-22
1553.172789,2.1730000000000003e-25
1553.173977,6.525000000000001e-26
1553.179707,4.383e-26
1553.180845,4.726e-24
1553.181359,4.879e-24
1553.185597,5.033e-23
1553.186368,5.132e-23
1553.19657,1.147e-24
1553.197275,8.705e-25
1553.199978,2.006e-24
1553.200989,4.87e-25
1553.209944,2.767e-26
1553.210694,1.7229999999999998e-23
1553.211605,1.6629999999999998e-23
1553.223193,2.571e-23
1553.223909,2.653e-23
1553.228341,2.678e-26
1553.237792,2.759e-23
1553.238872,1.444e-22
1553.240885,1.4079999999999998e-22
1553.241938,6.071e-26
1553.251663,1.115e-24
1553.253854,1.948e-22
1553.26558,2.003e-22
1553.269818,2.765e-23
1553.269926,4.953e-25
1553.294647,1.213e-25
1553.299143,1.104e-26
1553.299896,1.85e-24
1553.305649,6.308000000000001e-26
1553.327533,1.6350000000000002e-26
1553.331388,3.219e-26
1553.331884,8.867e-24
1553.335738,9.267e-24
1553.336435,1.6929999999999998e-24
1553.341354,1.066e-26
1553.341535,1.798e-24
1553.350621,3.112e-26
1553.357302,1.917e-24
1553.362422,6.417000000000001e-26
1553.373057,2.602e-22
1553.373349,2.554e-22
1553.380125,1.3319999999999999e-24
1553.380517,2.563e-26
1553.380842,2.321e-22
1553.382104,2.361e-22
1553.388326,4.7090000000000006e-26
1553.388806,9.855e-25
1553.390652,2.3540000000000003e-26
1553.391238,6.869000000000001e-26
1553.394693,1.906e-22
1553.39723,1.863e-22
1553.402556,1.063e-24
1553.421128,1.043e-26
1553.427282,2.4570000000000003e-26
1553.432727,2.039e-26
1553.434422,7.982999999999999e-24
1553.437219,2.028e-24
1553.437404,8.176e-24
1553.437574,1.293e-24
1553.438983,2.952e-23
1553.439741,3.063e-23
1553.442924,1.3230000000000002e-25
1553.448433,3.736e-26
1553.451788,8.335e-24
1553.454359,2.105e-24
1553.45505,8.538e-24
1553.459863,7.183e-25
1553.465695,2.898e-23
1553.466443,4.476e-26
1553.468147,2.986e-23
1553.468565,3.6070000000000005e-26
1553.469377,1.5719999999999998e-23
1553.469671,1.49e-26
1553.470105,1.634e-23
1553.473204,5.619000000000001e-26
1553.473738,2.159e-23
1553.475415,2.251e-23
1553.480244,7.161e-24
1553.484884,6.746e-24
1553.486128,7.537e-24
1553.497813,6.97e-24
1553.501402,4.184e-26
1553.502639,1.7690000000000003e-26
1553.503506,4.634e-26
1553.503913,1.432e-24
1553.504487,1.301e-24
1553.50766,3.555e-23
1553.509331,3.46e-23
1553.511175,7.185e-25
1553.517616,4.887e-24
1553.518688,7.739000000000001e-26
1553.520347,4.733e-24
1553.53427,5.224e-23
1553.535642,5.328e-23
1553.553192,8.648999999999999e-24
1553.55563,1.542e-24
1553.559423,2.287e-26
1553.561079,4.3240000000000005e-26
1553.567624,1.093e-24
1553.573843,2.284e-26
1553.573981,2.693e-23
1553.574366,5.223e-23
1553.575735,2.612e-23
1553.575739,5.379e-23
1553.578286,4.849e-23
1553.579533,4.999e-23
1553.582179,4.169e-26
1553.586656,1.341e-24
1553.592897,2.617e-25
1553.596211,1.155e-24
1553.598028,7.043000000000001e-26
1553.598314,1.123e-26
1553.599824,1.402e-24
1553.603709,1.7669999999999998e-23
1553.607852,2.158e-26
1553.610389,1.846e-23
1553.61105,3.036e-23
1553.611833,3.13e-23
1553.612681,8.935e-24
1553.613691,2.571e-22
1553.615409,2.52e-22
1553.615671,1.496e-24
1553.622249,1.005e-26
1553.624785,5.544e-23
1553.625571,3.055e-24
1553.627841,3.204e-24
1553.628999,1.162e-26
1553.632345,1.045e-26
1553.63237,5.747e-23
1553.640873,2.6650000000000003e-25
1553.646462,3.58e-24
1553.648271,3.837e-26
1553.64921,3.714e-24
1553.654753,1.141e-26
1553.65682,9.998e-23
1553.657335,1.0300000000000001e-22
1553.66147,7.633e-25
1553.669323,4.9910000000000007e-26
1553.669633,1.589e-24
1553.669773,1.559e-24
1553.670903,1.4180000000000002e-26
1553.683163,1.147e-23
1553.684141,1.529e-25
1553.685259,1.198e-23
1553.689639,2.731e-22
1553.69053,2.4099999999999998e-24
1553.690656,2.679e-22
1553.69147,4.805e-26
1553.693722,2.542e-24
1553.709895,1.354e-26
1553.712728,1.203e-26
1553.72195,1.983e-26
1553.72319,1.782e-24
1553.7291,8.473e-25
1553.730663,2.239e-24
1553.734035,1.5960000000000002e-26
1553.738091,1.395e-26
1553.739877,2.403e-23
1553.740439,2.485e-23
1553.740492,2.34e-24
1553.741185,2.3e-26
1553.744016,1.344e-26
1553.746381,2.397e-22
1553.747347,1.8169999999999998e-24
1553.749419,2.438e-22
1553.755859,1.64e-25
1553.756663,2.058e-26
1553.761355,2.707e-22
1553.761739,2.756e-22
1553.773163,5.748e-26
1553.783783,1.91e-26
1553.786098,1.726e-24
1553.788116,1.6350000000000002e-26
1553.789874,3.492e-24
1553.796446,5.525e-26
1553.798044,2.566e-24
1553.809309,3.735e-24
1553.810254,2.338e-26
1553.812862,1.851e-26
1553.815849,1.945e-26
1553.823343,3.206e-25
1553.826735,2.746e-24
1553.827339,5.489e-23
1553.82898,5.651e-23
1553.830983,5.327e-23
1553.831081,5.446e-23
1553.836006,1.612e-25
1553.840184,2.96e-26
1553.841006,1.675e-24
1553.847081,2.36e-26
1553.850298,1.505e-26
1553.854587,2.197e-24
1553.856887,5.774e-26
1553.860162,3.954e-26
1553.861392,8.289999999999999e-24
1553.863494,8.501e-24
1553.869595,2.94e-26
1553.871144,1.591e-25
1553.872593,6.605000000000001e-26
1553.87376,7.282e-24
1553.874947,7.493e-24
1553.875483,5.805000000000001e-26
1553.876466,4.7290000000000005e-26
1553.880558,3.626e-25
1553.882903,2.054e-24
1553.886981,7.491e-25
1553.890437,3.747e-26
1553.895778,3.604e-24
1553.896726,4.204e-26
1553.897117,6.338000000000001e-26
1553.897789,3.773e-24
1553.906609,2.036e-23
1553.912291,2.922e-26
1553.914386,5.976000000000001e-26
1553.927249,4.488e-26
1553.927722,7.249000000000001e-25
1553.928584,3.84e-23
1553.929427,3.975e-23
1553.93271,3.913e-26
1553.934421,1.359e-26
1553.934807,2.177e-24
1553.936712,2.1400000000000003e-23
1553.944251,7.051000000000001e-26
1553.949001,1.987e-24
1553.952279,5.621e-23
1553.954027,5.731e-23
1553.95922,1.212e-26
1553.961269,6.187000000000001e-26
1553.961523,2.424e-26
1553.967608,7.575e-26
1553.972982,5.555e-26
1553.986341,1.393e-26
1553.986623,3.577e-26
1553.993493,7.255e-26
1553.996279,1.383e-23
1554.002288,1.4549999999999998e-23
1554.00329,6.589e-26
1554.012306,2.7590000000000003e-26
1554.015073,4.528e-23
1554.01615,4.676e-23
1554.021593,2.3910000000000003e-26
1554.023591,5.662e-24
1554.029981,2.429e-22
1554.030008,2.366e-24
1554.032513,1.041e-26
1554.03393,2.47e-22
1554.034857,2.362e-24
1554.036034,4.602e-23
1554.037177,4.488e-23
1554.039697,6.588e-24
1554.040714,3.961e-24
1554.04332,4.138e-24
1554.046746,2.461e-24
1554.051451,2.436e-26
1554.058201,8.670000000000001e-26
1554.059375,7.049e-24
1554.063959,2.228e-25
1554.071483,1.214e-26
1554.072343,1.007e-26
1554.077454,7.684000000000001e-26
1554.085587,8.287e-26
1554.087084,4.198e-26
1554.087578,5.383e-23
1554.088062,1.306e-24
1554.088578,5.778e-23
1554.089457,5.903e-23
1554.089483,5.489e-23
1554.093939,1.346e-26
1554.096734,1.603e-24
1554.104524,2.282e-24
1554.110823,2.268e-25
1554.116014,5.236e-24
1554.117716,2.5010000000000003e-26
1554.119541,2.5010000000000003e-26
1554.123956,4.273e-25
1554.126826,2.2570000000000003e-26
1554.143005,5.754e-23
1554.144362,9.907e-26
1554.144977,5.926999999999999e-23
1554.152266,9.681e-26
1554.153534,5.304e-23
1554.154067,5.181e-23
1554.155442,8.313000000000001e-26
1554.160062,1.107e-26
1554.16115,2.4010000000000003e-26
1554.163307,1.839e-23
1554.163394,1.774e-23
1554.167832,1.345e-24
1554.168773,8.822000000000001e-26
1554.173413,9.448e-26
1554.173693,1.582e-24
1554.176486,5.171e-24
1554.177165,5.345e-24
1554.179129,2.71e-24
1554.184405,4.166e-25
1554.198673,5.709e-23
1554.200029,5.827e-23
1554.207309,2.834e-23
1554.207315,1.206e-26
1554.207923,2.927e-23
1554.209124,8.952e-24
1554.209203,2.552e-22
1554.211494,2.497e-22
1554.211738,9.176e-24
1554.215035,1.6279999999999998e-22
1554.215049,4.068e-23
1554.216863,1.5859999999999998e-22
1554.223726,1.957e-24
1554.226078,1.131e-25
1554.238746,2.066e-26
1554.246895,4.057e-23
1554.249441,7.813000000000001e-26
1554.25162,8.987e-24
1554.252822,2.614e-24
1554.256992,1.075e-25
1554.257822,9.417e-24
1554.262048,1.684e-24
1554.263563,3.769e-26
1554.268328,1.796e-24
1554.268978,1.2e-26
1554.272976,1.771e-22
1554.276399,1.115e-26
1554.283306,2.029e-24
1554.294813,9.306e-25
1554.295456,2.241e-22
1554.297831,1.244e-26
1554.301283,1.432e-24
1554.301342,3.49e-26
1554.303334,1.289e-25
1554.304579,8.968000000000001e-26
1554.312404,1.011e-24
1554.3151,1.065e-25
1554.315781,3.103e-24
1554.327238,8.295000000000001e-26
1554.336347,1.222e-25
1554.353193,1.112e-24
1554.355218,2.304e-22
1554.358723,1.039e-26
1554.361455,3.1e-23
1554.362697,3.199e-23
1554.363192,1.133e-26
1554.368629,2.376e-22
1554.369808,8.217000000000001e-26
1554.376107,1.468e-25
1554.382163,8.569e-25
1554.390513,1.1e-26
1554.394056,2.988e-24
1554.394218,1.084e-26
1554.403907,1.305e-24
1554.404022,2.196e-22
1554.406496,2.144e-22
1554.41151,1.388e-25
1554.411856,7.22e-24
1554.413683,7.001e-26
1554.414737,3.159e-23
1554.415731,3.283e-23
1554.419429,7.623e-24
1554.423185,1.464e-26
1554.430219,2.261e-23
1554.432465,2.363e-23
1554.43421,3.273e-23
1554.434681,1.6709999999999998e-23
1554.434849,8.563e-25
1554.435601,1.7409999999999998e-23
1554.436619,3.375e-23
1554.444368,1.672e-25
1554.444856,3.548e-24
1554.446555,9.119e-24
1554.46608,2.007e-26
1554.471288,7.595e-25
1554.480429,3.186e-22
1554.480745,3.1269999999999995e-22
1554.482522,1.575e-25
1554.489346,1.3910000000000003e-26
1554.490404,1.068e-24
1554.494962,2.1980000000000003e-26
1554.496434,1.3060000000000002e-26
1554.505341,9.345e-24
1554.505923,4.0359999999999996e-24
1554.508078,1.905e-25
1554.508112,9.429e-24
1554.508271,4.224e-24
1554.508623,9.574e-24
1554.511101,5.808e-23
1554.51487,3.993e-23
1554.516426,3.883e-23
1554.520107,6.03e-23
1554.520274,1.0880000000000002e-26
1554.523001,5.485e-24
1554.523785,1.134e-24
1554.52621,5.302e-24
1554.528001,1.886e-25
1554.528403,3.4099999999999995e-24
1554.529994,7.608e-24
1554.536478,6.261999999999999e-23
1554.53714,6.389999999999999e-23
1554.537577,2.908e-26
1554.538944,1.249e-24
1554.540576,4.135e-25
1554.543699,7.872e-24
1554.546886,1.169e-26
1554.548746,1.158e-25
1554.549441,1.787e-25
1554.553093,2.923e-22
1554.554136,2.956e-23
1554.554313,1.327e-26
1554.554483,2.973e-22
1554.555552,2.865e-23
1554.565863,8.592e-25
1554.566374,4.051e-24
1554.566718,2.28e-25
1554.567181,2.1720000000000003e-25
1554.572518,3.159e-24
1554.573047,3.2110000000000006e-26
1554.573783,1.92e-25
1554.573843,2.06e-26
1554.574905,3.322e-24
1554.580326,2.689e-26
1554.580541,5.373e-23
1554.58173,5.544e-23
1554.583334,1.14e-25
1554.587097,1.904e-23
1554.591767,1.092e-22
1554.592812,1.1259999999999998e-22
1554.593358,2.499e-26
1554.594636,1.995e-23
1554.612349,2.028e-25
1554.613572,2.952e-26
1554.618002,3.819e-24
1554.621341,3.968e-24
1554.621596,2.48e-25
1554.623443,1.042e-26
1554.623973,4.77e-26
1554.62473,1.622e-26
1554.628569,2.757e-24
1554.631491,4.668000000000001e-25
1554.631511,1.192e-23
1554.631696,2.451e-24
1554.634347,1.248e-23
1554.634557,2.439e-25
1554.635326,2.593e-24
1554.644608,2.872e-24
1554.656067,3.885e-24
1554.663034,2.161e-26
1554.663674,1.295e-24
1554.670208,4.5380000000000006e-26
1554.671201,2.841e-25
1554.671371,2.304e-25
1554.677357,3.064e-22
1554.678083,2.311e-24
1554.678701,2.9719999999999995e-22
1554.679088,3.0009999999999995e-22
1554.679753,3.022e-22
1554.681677,2.112e-24
1554.689567,2.421e-24
1554.695176,2.298e-25
1554.699145,3.263e-24
1554.700616,2.188e-26
1554.708409,7.457e-26
1554.715799,3.266e-25
1554.720703,2.2759999999999998e-24
1554.721363,5.291e-26
1554.723841,3.51e-24
1554.723967,1.896e-23
1554.726705,2.622e-25
1554.727325,2.621e-23
1554.727972,2.713e-23
1554.729038,2.361e-26
1554.734163,2.397e-24
1554.741135,1.3329999999999999e-24
1554.755052,3.777e-25
1554.755336,2.819e-26
1554.759046,2.0000000000000002e-23
1554.760385,6.996e-26
1554.775036,2.6580000000000003e-25
1554.775691,3.299e-22
1554.776486,1.041e-24
1554.776729,3.235e-22
1554.778689,2.9920000000000003e-25
1554.789512,5.891999999999999e-23
1554.791072,6.073999999999999e-23
1554.796659,2.6860000000000003e-26
1554.798251,9.751e-26
1554.801337,1.016e-25
1554.814247,1.6640000000000003e-26
1554.817547,2.362e-24
1554.825929,7.246000000000001e-26
1554.827023,1.387e-26
1554.82798,3.426e-25
1554.831061,2.58e-26
1554.83129,5.688e-26
1554.850089,2.42e-26
1554.856205,7.754e-26
1554.864136,3.56e-26
1554.87004,6.231e-23
1554.871973,6.419e-23
1554.875554,2.35e-26
1554.876153,1.473e-26
1554.880837,1.4230000000000002e-26
1554.884592,3.3429999999999995e-22
1554.884955,3.405e-22
1554.885723,6.474e-23
1554.888539,6.604e-23
1554.890584,2.326e-26
1554.891744,9.337e-25
1554.900998,6.257e-23
1554.901068,6.400000000000001e-23
1554.905224,8.198e-24
1554.906202,8.436e-24
1554.908892,2.4540000000000003e-26
1554.909536,1.006e-23
1554.911995,1.032e-23
1554.917213,2.779e-26
1554.918337,4.163e-23
1554.919302,4.315e-23
1554.919797,3.765e-24
1554.922146,3.95e-24
1554.928193,1.394e-23
1554.930089,1.02e-25
1554.935839,1.472e-23
1554.944416,1.5740000000000003e-26
1554.945721,6.154e-24
1554.949395,9.535e-24
1554.951584,9.784e-24
1554.95681,9.162e-26
1554.957923,3.38e-26
1554.965527,1.087e-25
1554.970752,6.624e-24
1554.972365,1.19e-26
1554.975116,3.498e-25
1554.985019,1.588e-25
1554.986867,1.054e-25
1554.987125,1.34e-26
1555.006887,7.464e-26
1555.008673,2.558e-26
1555.014865,4.966e-23
1555.015974,5.134e-23
1555.017782,2.786e-26
1555.019952,1.3230000000000002e-26
1555.02764,1.196e-25
1555.027877,9.73e-26
1555.029033,8.371000000000001e-26
1555.02975,1.616e-25
1555.03043,9.857e-26
1555.033069,2.197e-26
1555.034114,3.411e-25
1555.04213,1.879e-26
1555.043073,1.9350000000000003e-26
1555.046111,1.245e-26
1555.055448,2.8560000000000004e-26
1555.060432,4.274e-24
1555.063175,4.474e-24
1555.063897,1.337e-26
1555.06493,5.251e-23
1555.066044,5.118e-23
1555.083441,9.993e-26
1555.093191,1.741e-26
1555.104163,1.4040000000000002e-25
1555.106328,2.981e-22
1555.10664,1.7080000000000003e-26
1555.109345,3.032e-22
1555.111297,1.877e-23
1555.112191,1.95e-23
1555.123379,1.507e-25
1555.128245,2.052e-24
1555.136933,3.387e-23
1555.137125,3.499e-23
1555.137249,1.135e-25
1555.138406,9.214e-26
1555.140598,6.363e-24
1555.141277,1.583e-25
1555.162235,2.9830000000000004e-26
1555.167136,5.627e-24
1555.167827,8.989999999999999e-24
1555.168039,5.823e-24
1555.169786,1.4890000000000002e-26
1555.173866,6.067e-23
1555.174161,6.817e-25
1555.174378,6.852e-23
1555.175239,7.003e-23
1555.176891,9.448e-24
1555.176982,1.509e-26
1555.182078,1.656e-24
1555.182693,1.506e-25
1555.184099,1.821e-26
1555.187428,8.288000000000001e-26
1555.187755,1.826e-22
1555.189356,1.777e-22
1555.189858,2.13e-24
1555.189865,1.774e-24
1555.194187,6.558e-23
1555.194803,8.591e-25
1555.196803,9.778e-26
1555.197162,6.689999999999999e-23
1555.19778,8.215000000000001e-25
1555.20321,6.144e-23
1555.203277,1.703e-24
1555.203756,5.998e-23
1555.203771,1.289e-26
1555.204992,6.033e-23
1555.209693,2.3010000000000003e-26
1555.213932,1.334e-26
1555.215648,3.093e-26
1555.217096,3.11e-23
1555.217547,9.416e-25
1555.2179,3.216e-23
1555.224418,2.2030000000000003e-26
1555.225582,1.542e-26
1555.230096,1.4180000000000002e-26
1555.231342,1.2699999999999999e-24
1555.234989,1.4430000000000002e-26
1555.235463,3.2099999999999997e-24
1555.235508,5.902e-24
1555.244606,2.984e-22
1555.24688,2.918e-22
1555.250383,3.352e-24
1555.261633,2.368e-26
1555.267139,1.882e-26
1555.272086,1.179e-26
1555.272672,1.031e-24
1555.28195,6.836e-23
1555.282964,1.688e-24
1555.283199,6.980999999999999e-23
1555.283895,2.049e-26
1555.296476,2.144e-26
1555.298201,3.17e-25
1555.30658,1.307e-24
1555.307831,5.9820000000000005e-25
1555.326244,1.03e-24
1555.331048,2.226e-26
1555.338504,7.199e-24
1555.340123,2.004e-26
1555.342797,1.239e-26
1555.346601,9.558e-24
1555.348141,7.626e-24
1555.35977,3.38e-25
1555.366124,4.76e-26
1555.381649,2.351e-23
1555.384582,2.462e-23
1555.385315,3.36e-23
1555.386593,3.498e-23
1555.38968,1.509e-26
1555.394754,1.768e-23
1555.395674,6.021e-23
1555.39616,1.843e-23
1555.406397,6.263e-23
1555.408198,1.025e-24
1555.408479,4.5380000000000006e-26
1555.409114,9.373e-25
1555.409426,2.516e-22
1555.410531,9.893e-24
1555.411817,2.456e-22
1555.42372,1.6280000000000002e-26
1555.427423,2.27e-26
1555.43107,7.405999999999999e-23
1555.431833,7.557e-23
1555.435011,1.329e-25
1555.436435,2.661e-22
1555.439743,3.566e-23
1555.442184,3.68e-23
1555.447502,1.093e-24
1555.449015,1.534e-26
1555.451706,2.944e-22
1555.452,2.754e-22
1555.455932,2.9939999999999995e-22
1555.465065,3.449e-22
1555.466456,3.508e-22
1555.466647,7.754e-26
1555.478717,1.352e-25
1555.494373,3.86e-25
1555.512912,7.3e-26
1555.517024,3.244e-24
1555.517584,4.461e-23
1555.518993,4.335e-23
1555.519607,3.421e-24
1555.523865,6.118e-24
1555.523904,1.185e-22
1555.524612,8.381000000000001e-25
1555.525584,1.224e-22
1555.526828,1.0699999999999998e-23
1555.527541,5.903e-24
1555.528262,1.379e-25
1555.529798,1.097e-23
1555.530112,3.226e-23
1555.53112,3.122e-23
1555.541288,1.6889999999999998e-23
1555.544136,1.072e-25
1555.552388,1.232e-25
1555.560802,1.541e-24
1555.565353,2.04e-23
1555.565827,8.52e-24
1555.567245,2.472e-24
1555.571431,2.625e-24
1555.573819,2.143e-23
1555.574377,2.8860000000000003e-26
1555.574918,1.2299999999999998e-23
1555.577652,2.3230000000000003e-26
1555.578634,1.291e-23
1555.578816,1.117e-23
1555.580405,8.83e-24
1555.580518,8.65e-25
1555.582006,1.145e-23
1555.582678,1.79e-23
1555.582936,3.884e-22
1555.583275,3.811e-22
1555.583942,4.794e-26
1555.584673,4.047e-24
1555.588712,4.212e-24
1555.601419,5.928e-23
1555.602599,3.1690000000000003e-26
1555.602689,6.122999999999999e-23
1555.602876,2.957e-24
1555.611632,2.6069999999999998e-24
1555.611762,1.326e-25
1555.613588,1.675e-24
1555.614144,3.2020000000000005e-26
1555.615537,2.2370000000000003e-26
1555.620721,2.364e-24
1555.622281,2.716e-26
1555.627305,6.465e-23
1555.628351,3.723e-23
1555.628616,6.671e-23
1555.629099,3.846e-23
1555.634182,2.483e-24
1555.634392,3.204e-24
1555.648619,1.097e-25
1555.656476,3.276e-25
1555.656672,6.881000000000001e-25
1555.661153,2.7490000000000004e-26
1555.662413,1.1490000000000002e-26
1555.669392,1.474e-25
1555.673743,1.683e-26
1555.678517,3.655e-22
1555.679763,3.719e-22
1555.681914,1.066e-25
1555.692127,6.668e-25
1555.697744,2.701e-26
1555.698386,2.553e-24
1555.700012,5.172e-26
1555.700026,3.214e-26
1555.710224,2.843e-23
1555.710971,2.947e-23
1555.711664,3.381e-26
1555.7201,1.4e-26
1555.729548,4.1e-26
1555.72963,1.103e-26
1555.734769,1.734e-25
1555.736508,3.634e-22
1555.738247,3.5579999999999995e-22
1555.738693,1.131e-26
1555.73942,4.713e-24
1555.740643,1.075e-26
1555.740938,7.584e-23
1555.742278,7.742e-23
1555.748825,1.142e-25
1555.754389,1.261e-25
1555.756103,2.1520000000000003e-26
1555.757051,1.3940000000000002e-26
1555.757438,2.788e-25
1555.760967,1.4470000000000003e-26
1555.769135,3.2160000000000005e-26
1555.776016,1.4380000000000002e-26
1555.776807,2.9740000000000003e-26
1555.779004,2.548e-26
1555.780946,1.82e-26
1555.785895,4.569e-24
1555.791086,1.233e-24
1555.792883,1.9790000000000003e-26
1555.804564,1.14e-25
1555.806313,3.0510000000000004e-26
1555.808232,1.849e-26
1555.812147,1.351e-26
1555.812713,3.891e-24
1555.814796,4.092e-24
1555.81577,2.72e-25
1555.818785,3.91e-26
1555.839886,2.4810000000000003e-25
1555.845788,1.2410000000000002e-25
1555.846334,5.577e-24
1555.849235,6.821e-23
1555.850938,7.034e-23
1555.851939,2.2420000000000003e-26
1555.854148,3.738e-24
1555.855103,1.3899999999999998e-23
1555.855761,1.083e-25
1555.85656,5.509e-26
1555.857034,3.968e-22
1555.85809,3.889e-22
1555.864181,1.2669999999999999e-24
1555.864776,1.4729999999999998e-23
1555.867342,3.913e-24
1555.877972,1.107e-25
1555.87836,6.0469999999999996e-24
1555.895298,1.792e-23
1555.902227,1.315e-26
1555.902811,4.487e-23
1555.902967,1.004e-25
1555.903905,4.657e-23
1555.907018,2.1030000000000003e-26
1555.910797,1.4960000000000002e-26
1555.913675,1.281e-26
1555.920681,1.126e-25
1555.931215,9.176e-24
1555.932151,9.45e-24
1555.933694,4.322e-24
1555.936321,4.535e-24
1555.937955,1.397e-25
1555.945349,1.391e-25
1555.960854,1.088e-23
1555.961383,1.88e-26
1555.96288,1.117e-23
1555.965974,7.314e-23
1555.966022,7.485e-23
1555.966121,1.4280000000000002e-26
1555.982325,1.225e-25
1555.9992,2.475e-26
1556.002801,4.111e-22
1556.003144,4.188e-22
1556.00906,3.2370000000000004e-26
1556.009863,5.417e-23
1556.011021,5.607e-23
1556.01594,1.477e-25
1556.016226,2.4350000000000003e-26
1556.017494,2.162e-26
1556.02224,2.4960000000000003e-26
1556.031567,2.044e-26
1556.035521,5.6630000000000005e-25
1556.042122,1.4060000000000002e-26
1556.04254,2.1640000000000003e-26
1556.043779,2.143e-24
1556.051196,3.804e-22
1556.054803,3.3390000000000004e-26
1556.055289,1.971e-23
1556.057356,2.051e-23
1556.059079,6.191e-26
1556.06545,3.69e-22
1556.069986,1.563e-26
1556.080422,8.856e-24
1556.081891,1.5210000000000002e-26
1556.084035,2.3540000000000003e-26
1556.087484,3.405e-26
1556.088384,7.699999999999998e-25
1556.089096,5.963e-23
1556.090166,5.807e-23
1556.092997,9.337e-24
1556.096453,1.608e-24
1556.102971,4.7040000000000006e-26
1556.106187,1.732e-24
1556.107736,2.227e-24
1556.118218,8.531e-25
1556.141977,4.4950000000000005e-26
1556.150626,2.007e-26
1556.152784,6.087e-24
1556.153963,6.3069999999999996e-24
1556.155024,8.872e-23
1556.157032,2.036e-22
1556.158357,1.98e-22
1556.166388,1.3520000000000002e-26
1556.167211,3.5050000000000004e-26
1556.171916,8.245e-23
1556.173594,1.028e-25
1556.173651,8.413999999999999e-23
1556.185466,8.800999999999999e-23
1556.185494,1.222e-24
1556.187803,7.13e-23
1556.189715,7.356999999999999e-23
1556.191293,2.975e-26
1556.195171,3.393e-23
1556.195914,3.512e-23
1556.219101,7.949000000000001e-26
1556.223902,4.159e-25
1556.227096,7.344e-24
1556.228787,3.0950000000000004e-26
1556.23218,1.008e-26
1556.232908,1.8520000000000003e-26
1556.23772,9.948e-24
1556.240426,1.219e-24
1556.245296,1.8e-26
1556.247984,7.083e-23
1556.248533,6.911e-23
1556.255308,8.087e-23
1556.256157,8.269999999999999e-23
1556.260122,7.085e-24
1556.260663,7.508000000000001e-26
1556.272309,7.535999999999999e-24
1556.275743,3.472e-22
1556.277851,7.887e-23
1556.277881,2.8050000000000003e-25
1556.27799,3.394e-22
1556.278486,6.169999999999999e-23
1556.279865,8.048e-23
1556.280741,6.599000000000001e-25
1556.283445,4.419e-25
1556.283588,1.734e-26
1556.284244,2.1350000000000003e-26
1556.29129,6.432e-23
1556.294122,1.8420000000000003e-26
1556.30042,2.2150000000000003e-26
1556.301785,1.804e-24
1556.304002,1.031e-23
1556.305984,1.184e-23
1556.308543,1.215e-23
1556.317013,2.4520000000000003e-26
1556.320779,9.606e-25
1556.324142,6.812999999999999e-24
1556.325459,3.707e-22
1556.328007,2.426e-23
1556.331773,2.546e-23
1556.331991,2.8950000000000004e-26
1556.33597,2.136e-26
1556.340595,3.954e-22
1556.342924,1.185e-24
1556.344478,1.7620000000000002e-26
1556.346076,3.75e-23
1556.347357,3.878e-23
1556.349915,1.856e-23
1556.350707,3.551e-23
1556.351786,1.939e-23
1556.352327,3.703e-23
1556.358418,1.407e-23
1556.367507,1.03e-24
1556.372228,8.152e-23
1556.37353,8.327e-23
1556.384335,1.797e-24
1556.387146,2.5570000000000003e-26
1556.390996,2.1860000000000003e-26
1556.391314,2.4250000000000003e-26
1556.391413,5.618000000000001e-25
1556.399829,3.994e-23
1556.4022,4.126e-23
1556.403893,2.123e-26
1556.407903,1.4989999999999998e-23
1556.410903,2.869e-22
1556.413187,2.798e-22
1556.413954,1.217e-24
1556.41398,1.633e-25
1556.427165,4.369e-24
1556.429394,4.594e-24
1556.434382,8.415000000000001e-25
1556.437889,2.177e-26
1556.440225,1.391e-25
1556.444142,4.3620000000000006e-26
1556.444918,4.291e-26
1556.445555,2.4230000000000003e-26
1556.447626,1.705e-25
1556.447806,2.3220000000000003e-25
1556.453221,1.277e-22
1556.453604,3.306e-24
1556.455661,1.32e-22
1556.456198,1.395e-25
1556.456406,3.497e-24
1556.464679,1.854e-26
1556.46802,2.1650000000000003e-25
1556.476007,3.5720000000000006e-26
1556.486971,2.825e-24
1556.489492,4.358e-24
1556.495204,3.3070000000000003e-25
1556.495611,1.8009999999999998e-23
1556.497108,2.4709999999999998e-24
1556.500045,4.576e-24
1556.500664,2.569e-24
1556.501907,3.499e-23
1556.502001,2.634e-24
1556.502429,3.382e-23
1556.505348,4.165e-26
1556.506007,9.252e-25
1556.506265,4.491e-26
1556.509412,3.027e-22
1556.511624,3.039e-25
1556.513359,1.258e-23
1556.515798,4.958e-23
1556.517025,4.813e-23
1556.518134,1.324e-23
1556.518939,9.461e-25
1556.520103,6.782e-24
1556.521391,4.853e-25
1556.524239,6.531e-24
1556.526113,2.114e-25
1556.527457,3.146e-22
1556.529098,1.531e-26
1556.536211,1.409e-25
1556.537883,1.568e-26
1556.538506,2.171e-23
1556.541216,2.807e-24
1556.541804,3.321e-26
1556.543958,3.4070000000000005e-26
1556.544252,2.5740000000000003e-26
1556.546458,4.259e-24
1556.547978,2.288e-23
1556.550989,3.323e-26
1556.551328,4.441e-24
1556.557687,2.497e-26
1556.558523,2.394e-24
1556.559529,2.648e-26
1556.567847,4.648e-26
1556.571039,1.029e-25
1556.574086,1.4350000000000002e-26
1556.574363,2.521e-24
1556.577327,2.749e-24
1556.577789,1.285e-25
1556.580887,3.786e-26
1556.58374,3.449e-26
1556.584486,1.243e-23
1556.587721,1.275e-23
1556.587792,3.704e-22
1556.591968,3.768e-22
1556.592219,4.301e-26
1556.595775,6.501e-23
1556.597004,6.722e-23
1556.59834,2.3180000000000003e-26
1556.600001,9.502e-24
1556.600978,3.7090000000000005e-26
1556.604637,1.224e-25
1556.611265,1.3990000000000002e-26
1556.615516,9.865e-24
1556.621835,1.15e-25
1556.622826,8.391000000000001e-25
1556.634071,1.6230000000000002e-26
1556.642821,1.849e-25
1556.644115,1.506e-25
1556.646284,1.4860000000000003e-26
1556.661199,1.419e-24
1556.662971,3.0810000000000003e-26
1556.662999,1.071e-25
1556.669142,1.305e-25
1556.669473,1.4380000000000002e-26
1556.68058,4.713999999999999e-22
1556.680938,4.622999999999999e-22
1556.687601,3.067e-23
1556.688454,3.182e-23
1556.688543,3.151e-26
1556.692675,3.02e-26
1556.696119,2.5760000000000003e-26
1556.697316,1.422e-26
1556.700417,2.44e-26
1556.700943,3.843e-26
1556.706682,2.928e-26
1556.72242,2.014e-26
1556.731042,1.625e-25
1556.741103,4.843e-24
1556.744113,2.204e-26
1556.746498,1.282e-24
1556.748467,9.023e-23
1556.749177,9.215e-23
1556.752173,1.96e-26
1556.765818,1.445e-25
1556.77694,1.368e-23
1556.776968,2.586e-26
1556.778985,3.887e-26
1556.782468,5.298e-24
1556.784542,2.093e-26
1556.789146,1.4549999999999998e-23
1556.791141,4.29e-22
1556.792882,4.199e-22
1556.804232,3.0470000000000003e-26
1556.808246,7.200999999999999e-23
1556.809834,7.439e-23
1556.810537,4.007e-24
1556.812987,4.225e-24
1556.814922,3.764e-26
1556.817302,1.9549999999999998e-24
1556.825973,1.059e-25
1556.827217,2.5920000000000005e-26
1556.832512,2.446e-26
1556.834553,4.608e-26
1556.836268,3.5340000000000004e-26
1556.836497,4.56e-22
1556.83785,4.640999999999999e-22
1556.839103,4.355e-26
1556.8423,1.5520000000000003e-26
1556.844198,3.405e-26
1556.845225,2.775e-26
1556.850881,3.4220000000000004e-26
1556.863357,3.515e-25
1556.863364,2.644e-26
1556.870644,4.4110000000000006e-26
1556.872127,4.3770000000000006e-26
1556.878538,1.4870000000000002e-26
1556.881981,4.808e-23
1556.882107,7.68e-23
1556.883232,4.997e-23
1556.884116,7.927e-23
1556.886874,1.128e-24
1556.888572,1.789e-24
1556.88864,5.249e-25
1556.895341,4.677e-26
1556.91991,3.667e-26
1556.923737,4.604e-26
1556.931576,4.384e-26
1556.933666,4.75e-22
1556.934738,4.653999999999999e-22
1556.942011,5.56e-25
1556.945989,2.221e-24
1556.951071,4.616e-24
1556.951901,1.022e-23
1556.952843,1.053e-23
1556.953731,4.853e-24
1556.955914,1.158e-24
1556.965863,8.051000000000001e-26
1556.971136,4.137e-26
1556.974886,6.617000000000001e-25
1556.97503,4.122e-26
1556.981651,1.016e-26
1556.985473,2.52e-24
1556.989291,8.562e-24
1556.990291,3.988e-26
1556.990527,1.432e-26
1556.992649,5.267000000000001e-26
1556.995343,2.052e-23
1556.995462,3.75e-26
1556.998693,1.092e-25
1556.998796,4.688e-22
1556.998813,2.1400000000000003e-23
1556.999259,5.876e-23
1556.999829,4.770999999999999e-22
1557.000475,6.09e-23
1557.003493,7.626000000000001e-26
1557.005067,1.538e-24
1557.006213,9.062e-24
1557.00929,2.512e-26
1557.012246,2.311e-24
1557.014798,7.434e-25
1557.017353,1.668e-24
1557.017548,3.751e-26
1557.018399,2.0980000000000003e-26
1557.025904,8.511e-23
1557.025934,8.714999999999999e-23
1557.030614,1.239e-23
1557.032514,1.323e-23
1557.032722,1.273e-23
1557.034829,1.358e-23
1557.045716,2.329e-24
1557.048139,4.637000000000001e-25
1557.048824,3.892e-26
1557.05185,2.0250000000000003e-26
1557.062982,4.383e-25
1557.068855,1.052e-25
1557.074772,3.272e-26
1557.076388,1.456e-24
1557.081219,9.377e-23
1557.084396,9.572e-23
1557.103745,1.6390000000000002e-25
1557.107217,2.639e-26
1557.108531,6.737e-23
1557.108962,4.7960000000000007e-26
1557.109242,2.009e-25
1557.109537,6.556e-23
1557.116038,5.033e-22
1557.116361,5.127999999999999e-22
1557.117946,1.699e-25
1557.122867,2.257e-22
1557.12386,2.193e-22
1557.124914,4.634e-26
1557.127776,1.306e-22
1557.132297,1.029e-23
1557.132337,1.451e-24
1557.133421,6.546e-24
1557.134934,6.792e-24
1557.146431,4.063e-23
1557.146723,4.207e-23
1557.148067,3.0710000000000004e-26
1557.148693,5.098e-24
1557.155159,5.368e-24
1557.155834,4.22e-25
1557.156915,1.2939999999999998e-22
1557.157463,5.076e-26
1557.159511,6.238e-23
1557.161928,1.602e-25
1557.163328,3.073e-24
1557.173795,1.9790000000000003e-26
1557.174844,6.518e-23
1557.175077,1.039e-23
1557.176618,6.87e-24
1557.190589,3.683e-23
1557.191506,3.818e-23
1557.191941,4.7030000000000007e-26
1557.191993,7.340999999999999e-24
1557.201178,1.067e-23
1557.211582,4.029e-26
1557.213702,1.905e-25
1557.214646,2.862e-24
1557.227817,8.736000000000001e-25
1557.23352,1.658e-25
1557.235097,1.114e-23
1557.236277,2.012e-26
1557.238061,5.564000000000001e-26
1557.2456,3.86e-26
1557.247264,2.32e-26
1557.249191,1.99e-26
1557.254757,5.369e-26
1557.256907,1.516e-25
1557.261201,1.374e-25
1557.269269,2.482e-23
1557.274049,2.612e-23
1557.275602,4.5190000000000005e-26
1557.284013,9.433e-25
1557.287852,8.127e-23
1557.288395,7.924e-23
1557.291411,4.8250000000000007e-26
1557.291685,1.5910000000000003e-26
1557.299723,1.433e-25
1557.300068,1.935e-23
1557.302484,2.026e-23
1557.30261,4.021e-22
1557.302908,3.604e-26
1557.303994,3.788e-26
1557.304818,3.927e-22
1557.3109,3.728e-23
1557.31146,1.532e-25
1557.312933,3.895e-23
1557.314189,1.715e-26
1557.319181,1.46e-25
1557.329955,8.319e-24
1557.330906,9.502e-23
1557.331658,1.497e-26
1557.331741,9.721e-23
1557.345814,2.9250000000000003e-26
1557.345851,2.868e-26
1557.346689,1.408e-25
1557.348007,3.576e-24
1557.353687,4.418e-26
1557.356142,3.078e-26
1557.360222,3.0499999999999998e-24
1557.362329,6.438e-26
1557.363336,2.623e-26
1557.37004,3.711e-26
1557.372541,9.532e-23
1557.37598,9.733e-23
1557.376295,1.463e-26
1557.37745,3.1390000000000004e-26
1557.379707,1.366e-22
1557.379823,6.204e-26
1557.381852,1.2e-25
1557.383055,1.414e-22
1557.386505,2.7350000000000003e-26
1557.386539,3.343e-24
1557.389651,3.548e-24
1557.391853,2.088e-24
1557.391948,3.351e-24
1557.392138,1.906e-24
1557.39457,4.3e-23
1557.395416,4.714999999999999e-22
1557.397001,4.447e-23
1557.39838,4.797e-22
1557.40845,3.2539999999999995e-22
1557.410601,3.171e-22
1557.418194,1.123e-25
1557.421257,2.445e-24
1557.422956,1.065e-24
1557.423596,1.402e-26
1557.427059,2.619e-24
1557.429462,7.717e-24
1557.434627,4.121e-26
1557.437855,2.9250000000000003e-26
1557.442289,2.397e-26
1557.44471,2.307e-24
1557.446808,1.276e-23
1557.447198,9.672e-23
1557.448413,9.885e-23
1557.452426,2.231e-26
1557.452863,1.347e-23
1557.454448,2.945e-24
1557.45863,6.164e-25
1557.469466,3.64e-23
1557.469524,3.771e-23
1557.477704,1.909e-24
1557.481762,7.430000000000001e-26
1557.48757,2.726e-26
1557.489155,5.9820000000000005e-25
1557.490076,1.093e-24
1557.491426,2.397e-24
1557.493579,4.24e-26
1557.500119,7.149000000000001e-26
1557.501926,1.381e-26
1557.503334,4.449e-24
1557.506598,2.296e-23
1557.508945,6.391e-25
1557.509195,4.649e-24
1557.50951,5.48e-23
1557.51015,2.533e-24
1557.510515,5.315e-23
1557.511615,7.472e-24
1557.516206,7.181e-24
1557.517166,2.428e-23
1557.517397,1.821e-25
1557.522411,6.099999999999999e-25
1557.523289,3.8160000000000006e-26
1557.523709,2.4840000000000003e-26
1557.525944,2.64e-26
1557.534647,4.292e-26
1557.536233,3.994e-24
1557.537668,2.4810000000000003e-26
1557.545641,1.6390000000000002e-25
1557.560655,3.344e-22
1557.560897,4.478e-26
1557.562679,1.4210000000000002e-26
1557.573986,3.761e-24
1557.576279,2.504e-26
1557.581656,3.4919999999999995e-22
1557.594428,4.2940000000000006e-26
1557.596358,8.556e-26
1557.598627,1.4079999999999998e-23
1557.601584,1.445e-23
1557.603057,7.096e-23
1557.604373,7.346e-23
1557.607075,3.5540000000000004e-26
1557.607978,1.252e-25
1557.610277,4.3430000000000006e-26
1557.615651,8.219e-26
1557.624368,3.0910000000000003e-26
1557.624952,3.5040000000000005e-26
1557.626136,1.053e-23
1557.626821,4.472e-23
1557.62754,4.63e-23
1557.629318,3.936e-24
1557.630154,2.133e-26
1557.632936,2.336e-26
1557.642703,1.095e-23
1557.647244,4.427e-26
1557.649096,5.956000000000001e-26
1557.656263,1.07e-22
1557.657016,1.0929999999999998e-22
1557.658331,7.838e-23
1557.659601,8.104999999999999e-23
1557.660217,3.289e-23
1557.660918,3.397e-23
1557.661517,1.211e-25
1557.673976,1.821e-25
1557.683497,4.355e-24
1557.68607,1.469e-23
1557.689143,1.508e-23
1557.69361,1.326e-23
1557.694289,5.758e-26
1557.704934,5.125e-26
1557.706054,4.086e-24
1557.706113,9.829e-26
1557.707001,8.067000000000001e-26
1557.708293,4.321e-24
1557.709012,1.418e-23
1557.710558,2.105e-25
1557.711241,1.141e-25
1557.713215,1.537e-26
1557.720074,1.184e-25
1557.723544,4.666999999999999e-22
1557.72379,9.238e-26
1557.724348,4.299e-24
1557.725888,1.014e-26
1557.726427,9.426e-26
1557.72766,1.475e-25
1557.727729,4.749e-22
1557.730375,2.062e-26
1557.731594,1.973e-26
1557.741299,7.662000000000001e-26
1557.752944,5.151e-26
1557.756859,4.066e-24
1557.759988,2.382e-26
1557.763146,1.907e-26
1557.773357,5.694999999999999e-22
1557.773735,5.583e-22
1557.775315,4.444e-26
1557.776433,1.4810000000000002e-25
1557.783585,9.525e-26
1557.784214,4.727e-26
1557.786686,5.452e-22
1557.788015,5.547999999999999e-22
1557.804559,4.597e-24
1557.805635,2.888e-26
1557.807219,4.847e-24
1557.811023,1.127e-25
1557.814842,1.481e-26
1557.817203,1.766e-25
1557.832453,1.0790000000000002e-25
1557.837653,1.271e-25
1557.841254,5.040999999999999e-22
1557.84299,4.931e-22
1557.843092,6.34e-24
1557.84316,6.001e-24
1557.849394,8.309e-23
1557.851161,8.584999999999999e-23
1557.853073,5.3260000000000005e-25
1557.85354,1.153e-25
1557.854421,2.2899999999999998e-24
1557.855842,5.122e-23
1557.857283,5.331e-23
1557.866373,4.556e-26
1557.871024,3.1090000000000005e-26
1557.881373,6.379e-25
1557.883159,8.614e-25
1557.891589,7.132e-26
1557.893981,2.5520000000000003e-26
1557.89428,8.088e-24
1557.895533,8.259e-25
1557.904667,5.54e-26
1557.907765,1.446e-24
1557.907945,6.098e-25
1557.908328,4.473e-24
1557.911083,1.29e-25
1557.916639,8.598e-24
1557.923248,2.386e-24
1557.923458,1.581e-24
1557.927227,1.081e-22
1557.927587,1.865e-25
1557.928537,1.105e-22
1557.931426,2.117e-23
1557.933741,1.232e-25
1557.934439,6.738e-25
1557.936376,4.246e-24
1557.936578,2.213e-23
1557.951187,9.968e-25
1557.955335,5.653e-22
1557.956563,5.755999999999999e-22
1557.967311,1.132e-23
1557.968232,1.168e-23
1557.969249,6.901e-26
1557.977036,4.3330000000000006e-26
1557.981381,1.714e-24
1557.983683,6.339e-23
1557.984977,6.579e-23
1557.990766,5.74e-24
1557.998251,2.9100000000000004e-26
1557.999609,2.146e-25
1558.003818,5.704000000000001e-26
1558.005586,5.660999999999999e-22
1558.006284,1.473e-25
1558.006671,5.543999999999999e-22
1558.009087,4.082e-26
1558.015477,1.899e-25
1558.016454,1.022e-24
1558.020643,1.056e-23
1558.027424,2.0960000000000003e-26
1558.030303,1.4040000000000002e-25
1558.037606,2.286e-25
1558.038093,4.5240000000000005e-26
1558.038517,1.4000000000000002e-23
1558.038703,1.705e-24
1558.038704,6.209e-23
1558.040478,1.439e-23
1558.048842,1.631e-26
1558.056371,1.344e-25
1558.057124,6.504999999999999e-23
1558.05966,3.828e-26
1558.063906,2.245e-26
1558.064757,6.204e-24
1558.066269,1.712e-26
1558.067713,2.278e-25
1558.070634,5.376e-26
1558.07195,7.914000000000001e-26
1558.072041,1.974e-25
1558.073283,6.105000000000001e-26
1558.08041,1.633e-25
1558.080788,9.856e-23
1558.080806,1.01e-22
1558.083795,4.512e-24
1558.084681,1.54e-26
1558.085261,2.488e-22
1558.085585,1.8350000000000003e-26
1558.085857,2.414e-22
1558.087864,6.541e-24
1558.092219,1.097e-23
1558.096616,1.681e-25
1558.100868,1.427e-26
1558.107276,7.028e-24
1558.108041,4.295e-24
1558.109036,6.996e-24
1558.110785,1.51e-25
1558.110952,7.27e-24
1558.11906,1.883e-22
1558.122152,1.598e-25
1558.12323,7.573e-23
1558.123238,4.954e-26
1558.124152,7.362999999999999e-23
1558.128078,2.283e-26
1558.128804,7.609e-25
1558.135938,1.235e-25
1558.140421,1.683e-26
1558.144898,1.37e-26
1558.146476,1.308e-25
1558.146712,3.4510000000000004e-26
1558.146794,1.865e-22
1558.161239,3.293e-26
1558.161669,3.975e-23
1558.162566,4.125e-23
1558.16702,3.2070000000000004e-26
1558.168355,1.1610000000000002e-25
1558.171308,3.102e-26
1558.176605,1.134e-24
1558.182067,1.916e-25
1558.188197,1.089e-24
1558.1941,4.85e-26
1558.197337,8.286e-25
1558.205404,2.516e-23
1558.209307,1.816e-25
1558.211425,2.656e-23
1558.211964,8.656e-23
1558.212834,1.047e-25
1558.21381,8.949999999999999e-23
1558.224257,6.133e-22
1558.224562,6.252e-22
1558.231362,3.278e-24
1558.23324,2.42e-25
1558.234462,2.094e-25
1558.245198,2.002e-23
1558.246022,4.419e-24
1558.24826,2.101e-23
1558.251616,1.53e-25
1558.259099,1.1630000000000002e-25
1558.262621,2.183e-25
1558.265207,2.723e-26
1558.265883,3.887e-23
1558.267044,4.217e-24
1558.268413,4.069e-23
1558.268885,2.9640000000000003e-26
1558.269257,2.663e-26
1558.275305,1.507e-24
1558.280764,4.5730000000000005e-26
1558.282026,4.3180000000000006e-26
1558.285003,1.034e-25
1558.291792,2.062e-25
1558.297293,1.989e-25
1558.29943,2.721e-26
1558.300596,3.6020000000000005e-26
1558.303349,1.4489999999999998e-22
1558.304306,3.201e-26
1558.307781,1.5019999999999998e-22
1558.308985,1.62e-25
1558.310496,4.21e-26
1558.311179,4.442e-23
1558.3125,3.352e-24
1558.312503,4.605e-23
1558.313292,4.1480000000000005e-26
1558.314313,3.648e-26
1558.315193,2.5320000000000004e-26
1558.315985,3.571e-24
1558.31721,7.618e-25
1558.320848,1.807e-25
1558.322811,9.278e-23
1558.322964,2.43e-26
1558.323338,9.04e-23
1558.32474,2.553e-26
1558.325207,4.633e-22
1558.327344,4.603e-24
1558.327359,4.522999999999999e-22
1558.329469,4.867e-24
1558.329768,3.139e-24
1558.335942,5.930999999999999e-22
1558.337772,6.036999999999999e-22
1558.338255,2.4850000000000003e-25
1558.33962,2.393e-24
1558.34552,1.6889999999999998e-24
1558.346603,2.576e-24
1558.347668,4.776e-23
1558.349984,4.945e-23
1558.362065,4.419e-26
1558.369637,2.3390000000000003e-25
1558.37033,3.477e-26
1558.37222,1.188e-22
1558.373938,1.214e-22
1558.375228,1.281e-23
1558.376292,7.847000000000001e-25
1558.382422,1.536e-23
1558.382843,1.3559999999999998e-23
1558.384933,1.578e-23
1558.389945,4.208e-24
1558.390779,1.347e-26
1558.395477,1.457e-24
1558.397648,4.003e-26
1558.40155,1.1109999999999998e-22
1558.402066,3.672e-22
1558.402376,1.1369999999999998e-22
1558.404053,3.575e-22
1558.406617,1.4009999999999999e-24
1558.408257,4.0239999999999996e-24
1558.408939,2.831e-25
1558.409299,9.562e-24
1558.411419,3.5400000000000003e-26
1558.415372,5.265e-26
1558.41934,2.369e-24
1558.419587,2.605e-26
1558.432216,3.892e-23
1558.432965,4.038e-23
1558.43756,3.2120000000000004e-26
1558.438072,2.864e-25
1558.440019,1.845e-26
1558.441597,2.513e-24
1558.442098,4.457e-26
1558.442561,8.006000000000001e-26
1558.442884,2.6540000000000003e-25
1558.443009,3.857e-26
1558.447749,1.136e-22
1558.449859,1.16e-22
1558.450219,7.331e-26
1558.451353,7.561000000000001e-25
1558.454346,1.388e-26
1558.455278,4.611e-24
1558.456977,5.682e-24
1558.457451,5.33e-26
1558.462324,4.829e-24
1558.464934,1.002e-26
1558.469655,2.412e-23
1558.469832,1.785e-26
1558.471587,9.256e-25
1558.474005,7.623e-26
1558.474308,2.007e-24
1558.474633,3.228e-25
1558.479762,3.5150000000000004e-26
1558.481425,2.56e-23
1558.485907,6.678000000000001e-26
1558.491391,4.371e-26
1558.491907,6.422000000000001e-26
1558.497833,7.965e-25
1558.498318,8.184e-24
1558.49872,6.024e-23
1558.499454,5.836e-23
1558.500421,5.491e-24
1558.503361,7.847e-24
1558.503552,6.219e-26
1558.509737,2.839e-24
1558.510166,3.901e-24
1558.511058,8.856e-24
1558.511594,3.011e-25
1558.523445,2.961e-26
1558.526239,3.737e-24
1558.526247,1.143e-22
1558.527499,1.168e-22
1558.533128,6.035e-26
1558.535065,9.485e-25
1558.535279,3.686e-25
1558.545194,3.014e-25
1558.546245,1.826e-24
1558.546286,1.559e-26
1558.55307,6.736000000000001e-26
1558.557276,1.757e-24
1558.563063,2.023e-24
1558.575852,3.42e-25
1558.581675,7.585e-24
1558.582147,3.189e-24
1558.583971,3.975e-26
1558.588983,7.700000000000001e-23
1558.589994,8.838e-26
1558.59028,7.980999999999999e-23
1558.590791,4.221e-25
1558.592891,7.155e-24
1558.599947,7.227000000000001e-26
1558.600158,5.0560000000000005e-26
1558.60097,3.524e-24
1558.601194,3.628e-22
1558.604976,1.263e-23
1558.615243,3.381e-24
1558.616551,1.779e-25
1558.624463,1.357e-23
1558.625414,3.808e-22
1558.62563,6.114e-22
1558.627473,3.507e-23
1558.628311,6.223e-22
1558.628644,3.651e-23
1558.628829,2.0960000000000003e-26
1558.635538,2.233e-24
1558.635791,3.892e-25
1558.639057,1.505e-26
1558.641037,4.853e-25
1558.641081,1.519e-25
1558.644444,1.6239999999999998e-23
1558.646815,2.1479999999999998e-24
1558.647664,1.6679999999999998e-23
1558.649563,1.16e-23
1558.656349,3.103e-24
1558.664182,2.531e-25
1558.667267,1.21e-23
1558.669233,2.981e-24
1558.670031,2.6659999999999998e-24
1558.670437,2.233e-25
1558.679358,4.269e-26
1558.679595,4.144e-24
1558.681922,2.563e-24
1558.682233,4.397e-24
1558.685801,5.611000000000001e-25
1558.691629,4.44e-25
1558.695089,1.345e-25
1558.701712,1.0380000000000002e-26
1558.709657,1.012e-26
1558.719038,2.078e-26
1558.720407,3.806e-25
1558.724691,6.541e-25
1558.734687,2.7e-26
1558.743757,5.085e-25
1558.75361,2.3429999999999998e-24
1558.760339,4.1340000000000005e-26
1558.766649,4.244e-26
1558.775471,8.496e-26
1558.781439,5.305e-26
1558.790522,2.356e-25
1558.792978,5.854e-25
1558.79517,7.407e-24
1558.798884,4.477e-25
1558.799485,2.1760000000000003e-26
1558.800014,7.233e-26
1558.800649,1.6520000000000003e-26
1558.803335,2.113e-25
1558.804301,1.329e-24
1558.805657,8.621999999999999e-23
1558.807273,8.925999999999999e-23
1558.811125,1.665e-25
1558.811769,3.994e-26
1558.811914,5.202e-26
1558.819176,1.183e-26
1558.820029,1.381e-26
1558.821469,4.853e-24
1558.824031,5.132e-24
1558.824385,5.422e-23
1558.824418,7.916e-24
1558.824645,1.467e-24
1558.825042,2.444e-24
1558.826056,5.654e-23
1558.828711,1.162e-26
1558.833027,1.564e-26
1558.843233,1.711e-25
1558.843468,5.827e-26
1558.846117,1.519e-25
1558.849626,5.823e-22
1558.851841,1.93e-26
1558.853676,5.927e-22
1558.86117,1.327e-26
1558.861269,6.848999999999999e-22
1558.861613,1.758e-25
1558.861663,6.713e-22
1558.863494,2.162e-23
1558.869791,1.591e-25
1558.870675,2.265e-23
1558.871332,2.022e-24
1558.87309,9.279e-23
1558.874989,3.643e-26
1558.875153,9.597e-23
1558.884178,1.256e-25
1558.886844,5.895e-22
1558.888568,5.763e-22
1558.888749,5.4e-26
1558.895559,1.245e-26
1558.903826,1.214e-26
1558.910332,1.077e-23
1558.913344,1.185e-25
1558.914979,3.106e-26
1558.916002,6.064e-23
1558.929795,2.008e-24
1558.931469,3.7680000000000005e-26
1558.938212,6.374e-23
1558.938515,1.276e-22
1558.939243,4.677e-26
1558.939268,1.3049999999999998e-22
1558.944377,4.126e-26
1558.945883,1.445e-25
1558.949133,4.354e-26
1558.951127,2.53e-26
1558.95192,3.4220000000000004e-26
1558.953835,4.993e-26
1558.962608,6.8e-23
1558.963995,7.067999999999999e-23
1558.977381,1.248e-23
1558.977905,3.852e-26
1558.978347,1.289e-23
1558.984173,8.527e-25
1558.984534,3.3580000000000005e-26
1558.984847,1.12e-23
1558.993671,6.088e-24
1558.997955,4.135e-26
1559.006973,2.657e-26
1559.011719,4.111e-26
1559.016435,2.815e-26
1559.017046,2.5740000000000003e-26
1559.018283,6.584e-24
1559.022166,5.243e-26
1559.022928,6.201e-25
1559.023202,1.4820000000000002e-26
1559.027204,3.978e-26
1559.03305,1.454e-26
1559.044217,2.724e-22
1559.044338,2.641e-22
1559.044599,3.1590000000000004e-26
1559.045924,8.734000000000001e-25
1559.048919,4.076e-25
1559.049148,2.533e-26
1559.059017,3.7380000000000006e-26
1559.07086,2.918e-26
1559.071267,2.128e-25
1559.072555,1.177e-25
1559.072793,6.714999999999999e-22
1559.073245,3.112e-26
1559.073885,6.572999999999999e-22
1559.079618,7.429e-24
1559.082026,7.732e-24
1559.084266,1.4890000000000002e-26
1559.09123,1.578e-23
1559.091278,1.95e-25
1559.09287,1.451e-26
1559.093266,1.6239999999999998e-23
1559.09964,6.99e-22
1559.100397,3.5079999999999996e-24
1559.100958,7.118999999999999e-22
1559.107971,6.825e-25
1559.109782,2.703e-22
1559.109814,1.6480000000000002e-25
1559.118203,1.302e-25
1559.13062,1.136e-22
1559.130631,1.165e-22
1559.133192,8.468999999999999e-23
1559.133563,4.77e-23
1559.133979,4.951e-23
1559.134005,8.227e-23
1559.134047,1.706e-23
1559.135525,2.68e-22
1559.13623,1.755e-23
1559.13637,2.526e-23
1559.143605,4.267e-23
1559.143631,1.715e-26
1559.143922,2.675e-23
1559.144669,4.435e-23
1559.148867,8.141e-25
1559.152696,4.278e-25
1559.165757,3.0960000000000003e-26
1559.171875,1.207e-25
1559.171881,1.661e-26
1559.17258,7.877e-26
1559.174487,3.365e-26
1559.176409,1.302e-25
1559.185285,2.056e-23
1559.187548,2.4620000000000003e-26
1559.189121,2.163e-23
1559.192474,4.395e-26
1559.201552,7.516000000000001e-26
1559.203339,3.326e-24
1559.203539,3.94e-26
1559.209211,2.9790000000000003e-26
1559.215639,4.023e-23
1559.218773,4.221e-23
1559.219574,1.621e-25
1559.221953,3.883e-26
1559.223084,1.85e-26
1559.224127,1.5239999999999998e-22
1559.229857,1.582e-22
1559.233256,1.815e-26
1559.233985,3.33e-24
1559.237972,3.563e-24
1559.244103,8.524000000000001e-26
1559.244778,9.313e-25
1559.252131,2.312e-24
1559.255195,2.344e-26
1559.256114,3.272e-26
1559.25657,1.3339999999999998e-22
1559.257363,2.7e-25
1559.260663,2.504e-24
1559.26123,1.362e-22
1559.263511,3.5480000000000005e-26
1559.265014,1.165e-25
1559.267403,2.8510000000000004e-26
1559.267835,1.776e-26
1559.270991,7.456000000000001e-26
1559.276792,1.7280000000000002e-26
1559.276836,7.575e-26
1559.278446,1.298e-26
1559.287426,1.367e-25
1559.290829,5.392e-25
1559.297292,7.265999999999999e-22
1559.298355,7.397999999999999e-22
1559.29857,1.271e-23
1559.30586,2.711e-25
1559.308105,1.3509999999999998e-23
1559.310114,6.797e-26
1559.31677,5.239e-25
1559.327498,7.441e-22
1559.327786,7.588e-22
1559.330167,5.079e-23
1559.33259,5.266e-23
1559.33299,1.282e-25
1559.338791,2.2860000000000003e-26
1559.342147,2.306e-24
1559.343528,5.311e-22
1559.345154,1.3380000000000002e-26
1559.34561,5.182e-22
1559.349873,2.776e-26
1559.352859,1.054e-22
1559.353357,1.026e-22
1559.356778,6.489000000000001e-26
1559.365741,1.468e-25
1559.368776,2.457e-24
1559.377837,1.558e-26
1559.379979,1.533e-24
1559.3906,4.12e-26
1559.390663,4.133e-23
1559.391748,4.1200000000000003e-22
1559.392233,4.294e-23
1559.393536,4.009e-22
1559.400159,6.571e-26
1559.402257,4.7389999999999996e-24
1559.40633,9.324e-24
1559.409649,4.1e-26
1559.410727,4.976e-24
1559.418822,2.3010000000000003e-26
1559.427709,2.517e-23
1559.429332,2.256e-26
1559.439134,8.783e-24
1559.440802,2.682e-23
1559.446269,2.11e-26
1559.455433,4.994e-26
1559.455596,2.0520000000000003e-26
1559.462959,1.505e-26
1559.466919,1.2929999999999998e-22
1559.467735,1.325e-22
1559.479647,1.7579999999999998e-24
1559.480135,8.908e-24
1559.483424,6.582999999999999e-23
1559.483833,6.371e-23
1559.485628,8.521e-24
1559.488963,7.798e-25
1559.498899,1.081e-23
1559.50664,3.9190000000000005e-26
1559.510838,1.175e-23
1559.517055,4.21e-26
1559.518413,4.35e-26
1559.524087,1.038e-25
1559.529582,1.36e-22
1559.53045,8.78e-26
1559.533799,1.326e-26
1559.534606,1.392e-22
1559.53563,1.272e-23
1559.540381,4.4950000000000005e-26
1559.541735,8.721e-25
1559.54716,1.6550000000000002e-26
1559.548217,2.105e-24
1559.549045,7.982e-25
1559.559036,4.108e-26
1559.55953,2.538e-25
1559.565462,2.23e-26
1559.57038,9.911e-26
1559.570523,2.299e-25
1559.570767,2.033e-25
1559.572371,1.276e-26
1559.574242,1.975e-26
1559.57565,4.161e-24
1559.576262,1.098e-25
1559.576603,1.571e-26
1559.578171,4.432e-24
1559.58314,8.312999999999999e-23
1559.584531,8.629e-23
1559.589116,8.623000000000001e-26
1559.589654,9.166e-25
1559.589824,3.717e-23
1559.591166,3.876e-23
1559.592519,1.343e-22
1559.5927,3.638e-26
1559.593701,1.374e-22
1559.596911,5.884e-26
1559.600035,1.77e-25
1559.603177,9.996e-24
1559.60628,5.259e-23
1559.606976,5.458e-23
1559.610187,6.184e-26
1559.61042,2.85e-26
1559.61282,2.001e-26
1559.61957,2.499e-26
1559.619888,3.822e-22
1559.621281,2.794e-26
1559.623519,1.653e-25
1559.626633,1.264e-25
1559.629286,2.428e-26
1559.640357,2.136e-24
1559.64761,4.033e-22
1559.64976,5.76e-26
1559.649807,5.33e-25
1559.649824,1.818e-23
1559.652766,1.868e-23
1559.653067,1.196e-25
1559.653291,4.753e-24
1559.655823,2.383e-24
1559.656003,5.043e-24
1559.658492,6.046e-26
1559.663748,2.74e-25
1559.664709,7.328999999999999e-22
1559.665877,1.271e-23
1559.666169,2.451e-25
1559.667144,9.302e-23
1559.667621,7.461999999999999e-22
1559.668399,9.642e-23
1559.67038,1.835e-25
1559.676436,1.109e-25
1559.676822,1.578e-25
1559.677705,9.362e-26
1559.684855,1.328e-23
1559.69014,2.4960000000000003e-25
1559.691642,6.497e-24
1559.69427,1.186e-24
1559.708695,3.932e-26
1559.70909,3.045e-26
1559.710857,4.033e-26
1559.721147,1.326e-24
1559.723334,1.917e-26
1559.728197,3.693e-26
1559.729759,6.988e-24
1559.730114,2.489e-24
1559.736137,3.788e-26
1559.739136,2.6260000000000005e-26
1559.750227,5.582e-25
1559.759736,6.068e-26
1559.769705,2.361e-24
1559.773482,1.895e-23
1559.776436,1.949e-23
1559.778064,2.5080000000000003e-26
1559.787602,5.703e-23
1559.787739,2.95e-26
1559.789549,5.958e-23
1559.791311,5.784999999999999e-23
1559.791495,2.183e-23
1559.795568,1.089e-23
1559.797867,2.864e-26
1559.79788,3.5190000000000005e-26
1559.798213,2.888e-25
1559.799395,2.582e-25
1559.801135,2.293e-23
1559.809106,3.4470000000000003e-26
1559.814865,3.311e-26
1559.818209,6.101e-23
1559.823566,1.883e-26
1559.827823,9.918e-23
1559.829578,2.342e-24
1559.829653,1.027e-22
1559.829721,1.152e-25
1559.837752,3.0760000000000004e-26
1559.837764,2.834e-26
1559.838914,2.242e-25
1559.839128,3.614e-26
1559.842464,1.5840000000000002e-26
1559.851425,1.81e-25
1559.856272,2.068e-25
1559.861105,1.518e-22
1559.861847,1.552e-22
1559.869271,1.536e-26
1559.869489,2.3590000000000003e-26
1559.873183,1.135e-23
1559.875341,4.254e-26
1559.877072,3.4080000000000003e-26
1559.89375,5.499e-24
1559.897083,7.687000000000001e-26
1559.900359,1.81e-25
1559.905529,2.884e-26
1559.908793,4.483e-25
1559.909913,5.063e-26
1559.912045,4.53e-26
1559.923895,7.35e-26
1559.925195,5.9939999999999996e-24
1559.925923,5.739e-26
1559.92791,6.86e-22
1559.929611,6.703999999999999e-22
1559.936429,7.252e-23
1559.937934,7.549e-23
1559.944314,8.200000000000002e-22
1559.944722,8.033e-22
1559.950779,3.472e-26
1559.952034,1.906e-25
1559.961341,3.3670000000000006e-26
1559.967293,3.734e-24
1559.968217,4.7330000000000006e-26
1559.968321,3.862e-26
1559.975456,7.275e-22
1559.97763,4.288e-26
1559.979602,7.407e-22
1559.981203,4.3290000000000005e-26
1559.981714,9.875e-25
1559.982139,1.368e-23
1559.983158,1.414e-23
1559.985975,7.079e-25
1559.992809,4.239e-26
1559.998169,3.2660000000000004e-26
1559.999293,2.871e-22
1559.999736,2.965e-22
1560.001428,6.061e-26
1560.016714,5.0040000000000005e-25
1560.017606,5.32e-26
1560.018423,4.7570000000000007e-26
1560.022196,1.036e-24
1560.030307,2.6120000000000004e-26
1560.031414,9.554e-26
1560.033491,1.804e-25
1560.044443,7.243000000000001e-25
1560.045152,7.837e-24
1560.047997,8.165e-24
1560.049985,8.104000000000001e-26
1560.054328,8.250000000000001e-26
1560.058054,8.593000000000001e-26
1560.060028,1.346e-25
1560.062116,2.507e-23
1560.064033,3.892e-26
1560.071572,2.665e-23
1560.075188,3.501e-24
1560.083115,7.443000000000001e-26
1560.088536,8.467e-22
1560.089804,8.620999999999998e-22
1560.093091,1.514e-22
1560.094369,1.548e-22
1560.094424,1.766e-23
1560.096329,1.819e-23
1560.100579,9.793e-26
1560.106884,4.553e-23
1560.107972,4.74e-23
1560.108691,4.073e-26
1560.116392,3.788e-22
1560.119713,3.947e-26
1560.120311,2.094e-23
1560.12508,2.209e-23
1560.13091,1.386e-25
1560.135284,7.928e-22
1560.136379,7.756999999999999e-22
1560.138413,9.421e-23
1560.13909,9.144e-23
1560.140056,3.763e-22
1560.14202,1.5869999999999998e-22
1560.143046,2.0640000000000003e-26
1560.149093,3.275e-24
1560.149301,1.651e-22
1560.153717,3.522e-24
1560.158679,2.202e-24
1560.159041,2.013e-25
1560.16015,4.131e-23
1560.160393,5.306e-26
1560.161465,1.182e-25
1560.164019,4.346e-23
1560.164207,1.233e-26
1560.167495,1.024e-25
1560.169277,2.4019999999999998e-24
1560.172394,5.193e-26
1560.174261,1.841e-25
1560.175397,1.303e-22
1560.175409,1.337e-22
1560.187667,1.497e-25
1560.193897,2.941e-25
1560.199014,2.6610000000000003e-25
1560.200232,6.630000000000001e-26
1560.206394,4.707e-24
1560.207925,1.537e-26
1560.208442,5.0109999999999996e-24
1560.211327,8.590999999999998e-22
1560.212537,8.753e-22
1560.215485,1.029e-22
1560.216767,1.246e-23
1560.217264,1.0669999999999998e-22
1560.224794,3.898e-26
1560.228694,1.3299999999999998e-23
1560.234429,1.274e-26
1560.240818,6.566000000000001e-25
1560.242191,1.264e-26
1560.256699,5.149e-23
1560.258079,5.351999999999999e-23
1560.259683,2.204e-24
1560.261475,4.765e-26
1560.264463,4.4060000000000006e-26
1560.272031,4.6850000000000005e-26
1560.272985,4.613e-26
1560.277662,7.974000000000001e-26
1560.277963,5.593e-23
1560.278465,1.218e-26
1560.28021,5.805e-23
1560.286374,1.4860000000000003e-26
1560.288159,2.002e-25
1560.288414,1.6430000000000002e-26
1560.291795,2.361e-24
1560.301324,4.1730000000000005e-26
1560.31534,1.563e-26
1560.322153,8.074000000000001e-26
1560.325431,2.2620000000000003e-26
1560.326949,1.916e-25
1560.335449,6.481e-26
1560.337913,6.862e-25
1560.344233,4.827e-24
1560.344787,4.355e-23
1560.344904,2.689e-25
1560.347336,4.533e-23
1560.347864,6.34e-26
1560.350895,1.808e-25
1560.35398,2.458e-25
1560.354424,5.082e-24
1560.357573,6.058e-22
1560.359564,5.907e-22
1560.363345,1.26e-25
1560.366385,1.116e-25
1560.368441,2.05e-26
1560.370933,2.012e-25
1560.37097,6.454000000000001e-26
1560.371839,1.696e-25
1560.377495,4.599e-22
1560.377992,1.192e-22
1560.378447,1.159e-22
1560.379044,4.47e-22
1560.380784,2.606e-23
1560.381196,9.876e-26
1560.387453,1.196e-25
1560.389524,3.628e-26
1560.39534,2.792e-23
1560.398953,2.5180000000000003e-26
1560.405985,6.039000000000001e-26
1560.406665,4.8640000000000007e-26
1560.409131,5.558e-26
1560.41048,1.239e-23
1560.410891,1.061e-23
1560.414256,3.716e-26
1560.41558,5.691e-26
1560.421162,5.374e-26
1560.425729,8.987999999999999e-22
1560.426001,9.169e-22
1560.438416,1.954e-23
1560.440069,3.5840000000000003e-26
1560.440882,2.011e-23
1560.442706,1.158e-23
1560.456999,9.638e-24
1560.462938,9.193e-24
1560.463624,7.153e-23
1560.463644,6.914e-23
1560.46578,2.572e-26
1560.467465,1.846e-25
1560.47077,2.472e-26
1560.475226,6.382e-25
1560.478636,3.735e-26
1560.484615,4.249e-26
1560.487362,5.435000000000001e-26
1560.491382,4.917e-26
1560.494625,5.068e-26
1560.499555,3.917e-26
1560.500124,1.184e-23
1560.501878,2.4620000000000003e-26
1560.506375,7.888000000000001e-26
1560.509999,3.9480000000000005e-26
1560.519222,7.713e-26
1560.526893,4.148e-24
1560.527268,1.499e-22
1560.528081,1.536e-22
1560.529868,4.437e-24
1560.532134,6.527e-25
1560.5365,1.4550000000000002e-26
1560.546916,3.915e-23
1560.548463,4.09e-23
1560.549754,5.0250000000000007e-26
1560.551509,2.4059999999999998e-24
1560.551661,6.465e-26
1560.552183,1.667e-25
1560.553235,1.6829999999999998e-22
1560.554929,1.72e-22
1560.560147,8.922e-23
1560.561548,9.273e-23
1560.561979,1.412e-26
1560.562023,1.329e-25
1560.564247,6.243000000000001e-26
1560.570286,1.232e-23
1560.57081,4.765e-26
1560.576952,1.015e-24
1560.577939,6.814000000000001e-26
1560.579775,3.4220000000000004e-26
1560.583209,5.33e-24
1560.585241,1.357e-25
1560.594171,3.4520000000000003e-26
1560.597281,1.607e-22
1560.599477,1.6419999999999998e-22
1560.599944,3.196e-26
1560.600597,9.087e-22
1560.601174,2.33e-25
1560.601922,9.184e-22
1560.613359,1.153e-24
1560.613832,2.199e-24
1560.616088,7.445000000000001e-26
1560.616366,2.1620000000000003e-25
1560.627378,3.963e-22
1560.628768,2.516e-24
1560.632967,5.778e-24
1560.640998,7.133000000000001e-26
1560.642729,8.136e-26
1560.645227,1.001e-26
1560.656491,7.245e-24
1560.656578,1.845e-25
1560.657748,2.758e-24
1560.658646,4.202e-22
1560.660579,1.5719999999999998e-22
1560.661788,1.6089999999999998e-22
1560.663132,4.4610000000000005e-26
1560.664492,5.348999999999999e-23
1560.671668,4.955e-24
1560.673173,9.567e-26
1560.674121,5.276e-24
1560.676964,1.136e-23
1560.677044,3.6210000000000005e-26
1560.678713,1.384e-23
1560.680807,1.093e-23
1560.683748,3.416e-26
1560.684866,2.081e-23
1560.68647,9.35e-26
1560.688074,2.141e-23
1560.689063,7.499e-26
1560.695909,2.21e-25
1560.697242,5.665e-23
1560.699081,1.4499999999999998e-23
1560.702244,7.233e-26
1560.705888,8.373000000000001e-26
1560.709578,2.248e-24
1560.715359,2.175e-23
1560.718883,2.7309999999999998e-24
1560.720142,1.932e-26
1560.722066,3.1540000000000004e-26
1560.728001,2.292e-23
1560.745486,5.959e-23
1560.747764,6.238e-23
1560.751366,1.381e-26
1560.757628,5.0160000000000006e-26
1560.761791,1.141e-23
1560.762731,7.166000000000001e-26
1560.765361,4.584e-26
1560.781743,1.011e-22
1560.783395,1.049e-22
1560.783784,2.425e-25
1560.785902,3.4750000000000005e-26
1560.787646,4.76e-24
1560.787861,7.096000000000001e-26
1560.791755,3.21e-26
1560.812696,1.043e-25
1560.821338,8.675000000000001e-26
1560.822038,7.733e-25
1560.823186,8.629e-26
1560.828292,5.241e-24
1560.829341,5.483000000000001e-26
1560.830053,1.419e-25
1560.832025,3.953e-24
1560.834961,9.477e-26
1560.835157,8.356000000000001e-26
1560.835844,1.156e-25
1560.843256,1.098e-22
1560.845352,1.139e-22
1560.849614,1.129e-25
1560.851697,7.977e-26
1560.853645,2.148e-25
1560.861449,1.814e-25
1560.872173,4.951e-26
1560.883222,5.203e-26
1560.88761,1.854e-25
1560.893376,6.58e-26
1560.89438,2.156e-26
1560.894636,9.454999999999998e-22
1560.897181,9.629e-22
1560.901445,4.629e-25
1560.904815,7.687e-23
1560.906461,8.015e-23
1560.915871,8.068e-25
1560.924948,2.76e-25
1560.935907,4.781e-25
1560.945217,1.197e-26
1560.945358,3.659e-24
1560.947024,1.425e-25
1560.948482,1.001e-25
1560.949829,4.4260000000000006e-26
1560.95071,3.1e-22
1560.951824,3.206e-22
1560.956734,5.715e-25
1560.96299,9.628e-26
1560.964448,7.946e-22
1560.966117,7.76e-22
1560.975623,6.987000000000001e-26
1560.979424,1.155e-26
1560.981591,1.491e-23
1560.982568,2.457e-23
1560.982681,1.544e-23
1560.994389,1.393e-25
1560.994416,2.624e-23
1561.004862,4.415e-26
1561.005623,8.209999999999999e-24
1561.008655,1.36e-25
1561.009256,8.578e-24
1561.012132,5.841e-25
1561.022491,9.773e-22
1561.022911,9.57e-22
1561.02444,1.6160000000000002e-26
1561.028077,6.5499999999999995e-24
1561.03658,1.498e-26
1561.038532,4.1920000000000005e-26
1561.048264,1.154e-26
1561.049184,1.542e-26
1561.050248,2.113e-23
1561.050534,1.084e-25
1561.056151,2.237e-23
1561.056995,1.637e-22
1561.059114,2.059e-24
1561.05916,3.185e-24
1561.064633,3.445e-24
1561.066141,1.707e-22
1561.067574,1.057e-25
1561.069121,6.308e-24
1561.070495,1.153e-25
1561.072523,2.267e-24
1561.076074,4.831e-23
1561.077334,5.038e-23
1561.079459,2.272e-26
1561.085749,1.107e-25
1561.085865,4.727e-26
1561.090299,1.583e-25
1561.091994,8.996e-22
1561.094344,1.246e-25
1561.094741,2.8120000000000003e-25
1561.095846,1.828e-25
1561.095983,9.162e-22
1561.09803,5.475e-23
1561.098595,5.7e-23
1561.099392,4.207e-23
1561.102977,2.589e-25
1561.104159,4.439e-23
1561.106598,1.7729999999999998e-22
1561.107367,1.814e-22
1561.108932,2.129e-25
1561.109163,1.4500000000000002e-26
1561.114643,3.4890000000000006e-26
1561.114772,1.7210000000000002e-25
1561.11637,2.243e-25
1561.11645,1.185e-25
1561.118656,2.077e-26
1561.122447,1.194e-26
1561.125934,6.643000000000001e-26
1561.127126,5.229e-22
1561.127916,2.428e-25
1561.129725,1.203e-23
1561.131165,1.97e-23
1561.132669,1.306e-25
1561.133138,2.031e-23
1561.136737,1.152e-25
1561.138892,1.042e-22
1561.13898,3.37e-26
1561.139401,1.011e-22
1561.140549,2.124e-26
1561.140886,1.31e-26
1561.144668,1.291e-23
1561.145684,1.226e-25
1561.148362,5.21e-22
1561.148812,1.672e-25
1561.150154,4.611e-25
1561.157063,2.4850000000000003e-25
1561.157237,6.240000000000001e-26
1561.157984,1.099e-25
1561.16284,1.026e-26
1561.163597,1.631e-25
1561.16595,2.13e-25
1561.171709,2.059e-24
1561.171853,4.485e-25
1561.186928,2.499e-26
1561.187374,1.3240000000000002e-25
1561.189963,4.227e-26
1561.193057,9.317e-22
1561.19415,9.112e-22
1561.196232,4.9970000000000005e-26
1561.203159,1.041e-25
1561.203439,1.269e-25
1561.204073,2.45e-25
1561.207831,1.095e-24
1561.210805,2.219e-24
1561.21197,9.731e-26
1561.213883,2.158e-23
1561.215115,1.4869999999999998e-22
1561.215135,1.5269999999999998e-22
1561.21595,2.222e-23
1561.2166,1.293e-25
1561.220541,2.3960000000000003e-26
1561.22573,1.33e-26
1561.234075,1.26e-25
1561.234233,6.698e-25
1561.235978,3.082e-25
1561.237295,2.8140000000000003e-25
1561.245018,1.151e-25
1561.246514,5.873e-23
1561.248932,6.105e-23
1561.249981,1.291e-26
1561.251618,1.147e-24
1561.253429,4.415e-26
1561.256982,1.379e-25
1561.257796,9.854e-26
1561.2582,1.215e-25
1561.26645,4.0950000000000005e-26
1561.281156,4.867e-24
1561.293444,5.14e-24
1561.294565,4.554e-23
1561.295028,1.069e-25
1561.296816,6.886000000000001e-25
1561.298282,4.749e-23
1561.299113,2e-25
1561.299115,1.518e-25
1561.304646,9.186e-24
1561.314445,1.95e-25
1561.316065,1.452e-25
1561.317262,5.634000000000001e-26
1561.319447,1.909e-25
1561.328905,2.679e-23
1561.32961,7.16e-26
1561.337008,3.239e-25
1561.338184,2.956e-25
1561.3394,3.4960000000000003e-26
1561.342485,1.053e-21
1561.343769,1.073e-21
1561.345086,2.886e-23
1561.345988,1.012e-23
1561.352202,1.327e-25
1561.352242,2.463e-25
1561.352832,6.872000000000001e-26
1561.356977,2.393e-25
1561.357337,3.279e-26
1561.359076,8.589999999999999e-23
1561.359306,5.103e-22
1561.360567,4.956e-22
1561.364614,3.186e-25
1561.367338,6.876e-22
1561.36886,4.754e-26
1561.369216,6.698e-22
1561.370432,2.232e-25
1561.372036,6.47e-26
1561.377927,1.537e-25
1561.38254,1.356e-25
1561.393562,8.792e-25
1561.395865,1.496e-25
1561.396823,3.265e-25
1561.398208,1.34e-22
1561.398605,1.303e-22
1561.405713,1.737e-25
1561.411775,1.865e-22
1561.418574,5.724e-26
1561.421393,4.092e-24
1561.423637,1.658e-25
1561.424401,4.398e-24
1561.428847,1.036e-23
1561.430515,5.083e-25
1561.435226,9.855e-24
1561.438875,7.456e-23
1561.43932,7.725e-23
1561.445293,2.385e-25
1561.447268,5.693e-26
1561.448143,2.412e-24
1561.450958,8.144e-25
1561.452518,1.102e-26
1561.455075,1.113e-26
1561.461201,2.3240000000000003e-25
1561.469091,3.878e-24
1561.469382,1.747e-25
1561.473406,3.76e-26
1561.474756,1.197e-24
1561.479855,4.764e-24
1561.482655,5.095e-24
1561.483086,1.04e-26
1561.484216,9.157e-25
1561.484453,5.193e-25
1561.485003,1.862e-25
1561.487044,5.697000000000001e-26
1561.488201,5.201000000000001e-26
1561.488549,1.015e-26
1561.491244,1.049e-22
1561.499007,4.098e-23
1561.500798,4.289e-23
1561.501987,9.461e-25
1561.507164,1.984e-25
1561.509858,1.25e-24
1561.516837,5.245e-26
1561.517212,1.905e-25
1561.518976,1.081e-21
1561.519234,1.103e-21
1561.523767,4.829e-26
1561.526161,1.889e-25
1561.52863,2.526e-24
1561.534519,4.246e-24
1561.534524,1.821e-25
1561.535344,4.735e-23
1561.541602,9.523e-23
1561.543034,1.912e-25
1561.543111,9.914e-23
1561.550368,3.195e-24
1561.552954,1.772e-25
1561.553702,2.042e-25
1561.56256,7.884e-26
1561.562704,1.089e-23
1561.564299,2.312e-25
1561.566548,6.047999999999999e-23
1561.567229,6.295e-23
1561.568119,1.542e-26
1561.570213,5.967e-26
1561.57096,5.446e-26
1561.571175,1.583e-25
1561.572028,3.613e-26
1561.574081,1.106e-21
1561.574574,4.099e-25
1561.575148,1.127e-21
1561.575482,5.04e-23
1561.577886,5.978e-26
1561.582379,1.7279999999999998e-22
1561.583188,1.7719999999999998e-22
1561.587354,2.835e-25
1561.587909,1.117e-25
1561.590698,9.038e-26
1561.593015,1.048e-22
1561.600781,2.139e-25
1561.603459,2.264e-25
1561.60387,2.76e-25
1561.605476,3.4860000000000003e-26
1561.606909,1.023e-25
1561.609959,4.208e-25
1561.612972,3.158e-24
1561.615468,4.02e-22
1561.615603,8.401000000000001e-26
1561.615979,2.546e-25
1561.62365,2.15e-25
1561.629883,5.773e-26
1561.634519,2.148e-25
1561.634996,2.134e-23
1561.642886,1.126e-26
1561.647292,1.138e-23
1561.647444,1.384e-23
1561.647651,8.162000000000001e-26
1561.650268,4.279e-22
1561.650276,2.609e-25
1561.651329,2.257e-23
1561.653433,1.08e-22
1561.654704,1.1229999999999998e-22
1561.659339,3.81e-26
1561.671098,2.284e-24
1561.672945,1.956e-22
1561.674594,3.858e-24
1561.675224,1.0880000000000002e-26
1561.677198,3.5490000000000004e-26
1561.680421,2.303e-23
1561.683347,2.371e-23
1561.685114,1.497e-23
1561.686397,2.151e-25
1561.690399,1.253e-26
1561.69407,2.031e-26
1561.694541,4.159e-24
1561.694589,2.58e-25
1561.696106,1.2210000000000002e-26
1561.698031,6.183e-23
1561.698449,3.231e-25
1561.700701,6.488e-23
1561.702948,2.9720000000000003e-25
1561.705354,2.091e-25
1561.707038,1.573e-23
1561.709101,1.424e-25
1561.713395,1.274e-25
1561.716117,2.443e-25
1561.717708,2.6520000000000003e-25
1561.717834,1.831e-22
1561.718988,1.875e-22
1561.722423,8.192000000000001e-26
1561.723426,5.445000000000001e-26
1561.725183,8.629e-23
1561.725298,3.359e-25
1561.728022,4.302e-24
1561.73965,4.381e-26
1561.742456,3.267e-25
1561.743833,3.392e-25
1561.755257,1.5770000000000002e-26
1561.756746,1.274e-23
1561.758229,1.734e-26
1561.760615,5.17e-25
1561.770587,4.171e-26
1561.770702,2.357e-24
1561.775097,2.01e-26
1561.775903,1.191e-26
1561.778093,1.507e-26
1561.780458,3.48e-25
1561.780542,2.938e-25
1561.783505,1.169e-26
1561.784537,1.159e-22
1561.786428,1.2039999999999998e-22
1561.79934,5.315000000000001e-25
1561.803576,2.107e-25
1561.803578,2.773e-25
1561.80986,3.2570000000000003e-26
1561.813884,3.792e-24
1561.819651,1.221e-25
1561.827612,2.263e-26
1561.830706,1.8e-25
1561.832853,3.1490000000000004e-26
1561.833554,2.533e-25
1561.834944,1.831e-25
1561.840016,1.164e-25
1561.841011,2.398e-23
1561.841744,2.203e-25
1561.843842,2.4700000000000003e-23
1561.852066,1.7290000000000002e-25
1561.852855,2.54e-25
1561.853073,2.46e-25
1561.856287,7.526000000000001e-26
1561.859125,3.966e-25
1561.861301,3.346e-25
1561.863438,2.085e-26
1561.863819,1.446e-26
1561.865592,5.743e-26
1561.867424,4.404e-25
1561.868002,8.097e-23
1561.869822,8.459e-23
1561.87516,6.756000000000001e-26
1561.876963,3.855e-25
1561.878047,2.904e-25
1561.88478,2.691e-25
1561.886056,3.1460000000000003e-25
1561.892372,1.503e-26
1561.896586,4.492e-25
1561.897627,2.372e-23
1561.898334,1.464e-26
1561.898575,3.324e-22
1561.900485,3.442e-22
1561.902599,2.41e-26
1561.90339,6.369000000000001e-26
1561.906648,4.525e-25
1561.910144,1.208e-26
1561.912517,2.546e-23
1561.914212,1.1200000000000002e-21
1561.917074,1.141e-21
1561.925313,6.389e-25
1561.929313,5.054e-26
1561.930192,1.063e-26
1561.931204,1.4010000000000002e-26
1561.933257,1.174e-26
1561.934013,2.3150000000000003e-26
1561.93488,1.32e-25
1561.936845,3.811e-25
1561.945004,8.036000000000001e-26
1561.945088,1.196e-25
1561.949109,4.587e-25
1561.953228,1.883e-24
1561.955486,9.712e-25
1561.96101,8.538e-24
1561.963159,3.0579999999999998e-24
1561.963582,3.569e-25
1561.965483,8.939999999999999e-24
1561.967597,6.579000000000001e-25
1561.969015,1.6679999999999998e-22
1561.969753,3.331e-24
1561.970523,2.097e-24
1561.97506,2.111e-23
1561.975719,1.617e-23
1561.976001,2.9740000000000003e-25
1561.976897,1.6759999999999998e-23
1561.980407,1.7429999999999998e-22
1561.982357,2.243e-23
1561.985772,5.577e-25
1561.988836,4.669000000000001e-25
1561.996004,6.116e-26
1561.996123,2.885e-25
1561.996456,9.159e-22
1561.998081,8.939e-22
1562.007145,4.344000000000001e-25
1562.007396,4.534e-25
1562.008866,1.102e-26
1562.013182,1.502e-26
1562.014484,5.97e-26
1562.016434,4.5340000000000005e-26
1562.017851,5.492e-26
1562.021022,1.475e-26
1562.024824,5.508000000000001e-26
1562.027906,5.739e-25
1562.027909,4.228e-26
1562.030886,5.094e-23
1562.032219,5.321e-23
1562.033336,4.245e-23
1562.036196,4.049e-25
1562.03731,1.141e-23
1562.037658,6.84e-26
1562.039209,4.494e-23
1562.043054,1.0099999999999999e-24
1562.045497,2.115e-22
1562.046227,2.163e-22
1562.05047,1.797e-25
1562.056115,1.232e-23
1562.059372,6.575000000000001e-26
1562.06423,4.652e-24
1562.066249,4.9989999999999996e-24
1562.068076,1.897e-25
1562.068286,1.2270000000000002e-26
1562.07098,7.732e-25
1562.072159,4.961000000000001e-25
1562.077867,1.866e-24
1562.079211,1.167e-26
1562.088996,1.798e-26
1562.093775,3.5350000000000003e-26
1562.095224,1.7500000000000002e-26
1562.095799,1.16e-21
1562.096227,1.135e-21
1562.098058,6.891000000000001e-25
1562.103957,4.598e-25
1562.107971,2.432e-25
1562.109845,3.327e-26
1562.113744,3.48e-25
1562.114431,5.48e-25
1562.117117,7.978e-25
1562.119963,2.278e-25
1562.126033,2.026e-24
1562.128615,2.184e-23
1562.130474,2.253e-23
1562.131178,1.183e-25
1562.13183,5.6799999999999995e-25
1562.133759,5.317000000000001e-25
1562.134514,3.373e-25
1562.134627,1.147e-22
1562.134931,1.1109999999999998e-22
1562.143461,7.104e-25
1562.144605,5.823000000000001e-26
1562.149936,2.0810000000000003e-26
1562.150544,7.033999999999999e-22
1562.161554,4.4850000000000005e-26
1562.163187,1.103e-25
1562.166954,5.231e-25
1562.16945,7.031999999999999e-22
1562.175286,1.359e-25
1562.17821,1.198e-25
1562.182568,5.835e-23
1562.184022,6.085e-23
1562.185621,8.962000000000001e-26
1562.186069,6.531e-25
1562.190901,6.408999999999999e-23
1562.191277,7.444e-24
1562.19307,6.671999999999999e-23
1562.194529,2.78e-25
1562.198351,1.1969999999999998e-22
1562.199663,9.159e-25
1562.200063,1.244e-22
1562.203614,8.313000000000001e-25
1562.20737,1.115e-21
1562.211481,1.136e-21
1562.212962,4.852e-24
1562.213668,5.873000000000001e-26
1562.225325,5.967000000000001e-25
1562.227824,5.143e-24
1562.227984,1.1210000000000002e-26
1562.234739,7.551000000000001e-25
1562.235911,6.412e-25
1562.23848,2.081e-22
1562.23926,1.097e-25
1562.239665,2.13e-22
1562.239969,4.722e-23
1562.243213,5.59e-26
1562.244932,2.9710000000000003e-25
1562.245085,4.934e-23
1562.245861,1.888e-26
1562.245955,8.311e-24
1562.246111,1.09e-21
1562.246788,4.061e-25
1562.247195,1.065e-21
1562.249771,1.689e-22
1562.249807,1.7349999999999998e-22
1562.250034,9.472e-25
1562.252711,8.588e-25
1562.25395,1.853e-26
1562.256058,6.215e-25
1562.266329,3.834e-26
1562.268256,3.931e-25
1562.27209,2.733e-23
1562.277603,8.799999999999999e-25
1562.279307,6.834e-25
1562.280283,2.1420000000000003e-26
1562.286789,2.085e-26
1562.290084,2.962e-23
1562.301913,9.791e-25
1562.303424,5.418000000000001e-26
1562.309066,5.019e-26
1562.313143,1.061e-24
1562.313239,5.8e-25
1562.314218,1.037e-24
1562.325055,7.338e-26
1562.329342,7.871000000000001e-25
1562.335202,1.052e-26
1562.337179,5.630999999999999e-22
1562.338099,5.464e-22
1562.340012,2.398e-24
1562.343799,2.211e-25
1562.347963,2.111e-24
1562.352312,3.998e-24
1562.352699,9.336e-26
1562.353275,7.482e-25
1562.354964,3.944e-25
1562.355215,1.014e-24
1562.355887,4.322e-24
1562.356275,3.688e-26
1562.357628,1.177e-25
1562.357662,6.752e-26
1562.361109,3.6940000000000006e-26
1562.362046,3.621e-25
1562.365842,1.018e-26
1562.368243,1.0999999999999998e-24
1562.370581,1.292e-21
1562.37179,1.316e-21
1562.372821,7.762999999999999e-22
1562.374103,1.085e-25
1562.374298,7.243000000000001e-25
1562.374561,7.557e-22
1562.374683,8.721000000000001e-26
1562.375138,4.725e-25
1562.376406,9.129e-25
1562.387462,1.259e-26
1562.388411,6.9650000000000005e-25
1562.392554,1.126e-24
1562.395622,1.107e-23
1562.39736,4.569e-25
1562.399041,6.369000000000001e-26
1562.402434,1.049e-23
1562.403563,3.919e-23
1562.406117,4.026e-25
1562.409514,7.991e-23
1562.410512,8.289999999999999e-23
1562.411836,3.02e-25
1562.412925,1.187e-26
1562.412941,1.2019999999999999e-24
1562.413504,1.5000000000000002e-22
1562.413826,1.4569999999999998e-22
1562.423907,2.516e-24
1562.426382,6.714e-26
1562.42669,2.401e-25
1562.435182,2.342e-24
1562.43581,3.696e-24
1562.442662,2.5640000000000003e-26
1562.443781,1.075e-23
1562.445894,4.26e-23
1562.446518,1.282e-21
1562.447736,1.307e-21
1562.447973,4.469e-23
1562.450687,1.169e-24
1562.453162,4.196e-23
1562.466229,2.5450000000000003e-26
1562.466522,8.704000000000001e-25
1562.468861,4.31e-26
1562.473026,2.475e-26
1562.473411,1.25e-24
1562.473942,2.3640000000000003e-26
1562.473943,2.439e-23
1562.475238,1.263e-24
1562.476364,2.514e-23
1562.479136,1.298e-26
1562.480879,1.527e-26
1562.482289,2.319e-26
1562.486929,3.828e-26
1562.488485,8.417000000000001e-25
1562.497189,1.843e-26
1562.49743,4.112e-26
1562.498797,5.484e-25
1562.499799,3.6459999999999996e-24
1562.499909,3.0220000000000004e-26
1562.500325,1.328e-24
1562.501642,4.894e-24
1562.502033,1.463e-26
1562.503979,5.2589999999999996e-24
1562.50791,1.047e-24
1562.50925,1.01e-22
1562.510804,1.053e-22
1562.515204,1.464e-25
1562.521671,2.9250000000000003e-26
1562.521836,5.295000000000001e-25
1562.530603,1.359e-26
1562.53229,1.126e-23
1562.534433,9.085e-26
1562.538985,1.315e-24
1562.539282,1.188e-25
1562.546879,1.0210000000000002e-26
1562.549741,1.38e-24
1562.55028,2.055e-23
1562.553211,2.776e-24
1562.554781,4.345e-24
1562.55812,1.135e-25
1562.560779,3.8990000000000006e-26
1562.567003,1.386e-24
1562.568172,1.818e-25
1562.569945,2.236e-26
1562.5712,2.183e-23
1562.575653,1.0099999999999999e-24
1562.576319,1.431e-24
1562.583769,1.7220000000000002e-25
1562.589731,1.092e-26
1562.592493,1.087e-24
1562.593919,4.042e-22
1562.598626,9.753e-25
1562.601478,7.087e-26
1562.602777,2.0740000000000003e-26
1562.605468,2.97e-25
1562.607218,1.293e-21
1562.607463,1.3210000000000001e-21
1562.610831,2.4910000000000003e-25
1562.611784,1.062e-26
1562.611958,2.767e-25
1562.612803,2.3080000000000003e-26
1562.613917,5.663e-26
1562.615883,1.467e-24
1562.61777,6.346e-25
1562.618704,6.799000000000001e-26
1562.620106,1.442e-24
1562.621691,8.022e-25
1562.622159,1.3520000000000002e-26
1562.625143,3.149e-24
1562.632104,4.316e-22
1562.632421,1.983e-22
1562.633234,2.034e-22
1562.636708,4.2170000000000005e-26
1562.640511,4.579e-26
1562.641692,1.498e-24
1562.641697,6.12e-25
1562.642258,2.22e-26
1562.644353,6.429000000000001e-26
1562.645448,6.354e-23
1562.64684,3.014e-26
1562.648362,6.699e-23
1562.650315,1.498e-24
1562.653942,2.928e-26
1562.654243,3.659e-26
1562.65623,2.887e-25
1562.661796,8.061e-25
1562.673472,1.514e-24
1562.675737,6.018e-26
1562.680663,1.169e-24
1562.680816,3.893e-24
1562.68402,6.969e-26
1562.687486,1.61e-23
1562.689643,1.383e-26
1562.694185,1.5399999999999999e-24
1562.69694,1.52e-24
1562.697042,1.3990000000000002e-25
1562.697426,2.95e-26
1562.704728,1.127e-24
1562.705694,2.617e-23
1562.705992,1.279e-25
1562.70604,2.893e-26
1562.708885,2.696e-23
1562.710332,1.561e-23
1562.711122,1.698e-23
1562.711289,6.586e-26
1562.712415,2.623e-25
1562.714981,2.34e-22
1562.716644,2.394e-22
1562.718062,1.515e-25
1562.719983,2.359e-24
1562.721059,1.371e-25
1562.72223,1.51e-24
1562.722905,9.583e-26
1562.723529,3.5880000000000004e-26
1562.724505,1.576e-24
1562.726462,2.233e-22
1562.728732,2.285e-22
1562.732057,7.327e-25
1562.735819,3.17e-25
1562.736496,1.158e-22
1562.738197,1.206e-22
1562.740239,6.492000000000001e-26
1562.742224,1.487e-24
1562.743006,9.568e-26
1562.752392,1.341e-26
1562.756953,7.055e-25
1562.757978,6.276000000000001e-26
1562.760597,6.249e-26
1562.761496,1.598e-24
1562.761655,1.448e-24
1562.768213,4.849e-25
1562.77501,4.608e-26
1562.775094,2.123e-22
1562.776266,2.175e-22
1562.77721,1.392e-24
1562.781552,1.349e-24
1562.783311,6.627e-26
1562.784283,3.3e-25
1562.784854,3.056e-25
1562.785183,4.316e-26
1562.789804,7.010000000000001e-26
1562.790655,1.609e-24
1562.790741,1.319e-24
1562.792872,1.273e-22
1562.793997,6.773e-25
1562.794983,1.3229999999999998e-22
1562.80067,2.544e-25
1562.800679,1.229e-24
1562.805664,3.4420000000000004e-25
1562.805863,8.455e-25
1562.8068,1.299e-24
1562.807149,2.249e-23
1562.807301,1.12e-24
1562.809403,9.926e-25
1562.812938,1.591e-25
1562.814117,1.439e-25
1562.814767,8.589e-26
1562.822114,3.5580000000000005e-26
1562.822204,1.431e-23
1562.822481,1.604e-24
1562.823734,2.459e-24
1562.825787,8.474999999999999e-23
1562.825964,2.43e-23
1562.827818,8.872e-23
1562.829538,3.453e-26
1562.840473,1.674e-24
1562.841661,8.438e-25
1562.842871,3.537e-22
1562.84296,3.5400000000000003e-26
1562.845133,1.368e-21
1562.845726,3.668e-22
1562.846859,1.395e-21
1562.848858,3.4640000000000003e-25
1562.849143,2.9930000000000003e-25
1562.849843,1.586e-24
1562.850066,3.207e-25
1562.851883,2.448e-25
1562.855489,3.512e-25
1562.855726,6.640000000000001e-26
1562.857434,3.3440000000000004e-26
1562.861691,2.893e-24
1562.862681,2.302e-25
1562.863494,1.8899999999999998e-24
1562.867618,8.112e-25
1562.869813,3.178e-24
1562.877816,1.551e-24
1562.878028,1.678e-22
1562.878314,1.553e-24
1562.878982,1.898e-25
1562.882805,1.287e-24
1562.89214,1.7579999999999998e-22
1562.893781,9.999999999999999e-27
1562.8947,2.086e-23
1562.903286,1.499e-24
1562.903725,2.226e-23
1562.90485,1.494e-24
1562.907078,5.749e-26
1562.909445,9.22e-26
1562.91129,8.809e-24
1562.915159,1.0820000000000002e-25
1562.916312,3.667e-26
1562.916773,9.247e-24
1562.919754,6.682e-26
1562.923266,1.342e-24
1562.923505,1.488e-25
1562.925205,3.595e-26
1562.925355,1.365e-24
1562.928567,1.429e-24
1562.939319,1.058e-23
1562.946582,9.696e-25
1562.952616,1.3399999999999999e-24
1562.955507,1.42e-24
1562.961943,4.242e-23
1562.963163,1.15e-23
1562.9648,1.732e-23
1562.965815,1.809e-23
1562.969188,4.507e-23
1562.970946,1.785e-24
1562.973706,9.306e-25
1562.976584,1.231e-24
1562.976903,1.283e-25
1562.977597,1.62e-24
1562.987932,5.338e-23
1562.989457,5.588e-23
1562.992057,4.1870000000000005e-26
1562.992233,1.33e-26
1562.998889,1.713e-24
1562.99982,4.06e-26
1563.000565,1.102e-24
1563.011935,2.028e-25
1563.023932,1.05e-21
1563.025499,1.025e-21
1563.025628,9.504e-25
1563.032489,3.857e-25
1563.037822,1.776e-24
1563.039594,6.139e-23
1563.040341,6.413e-23
1563.04084,3.415e-25
1563.041824,6.101e-26
1563.042324,5.649000000000001e-26
1563.043737,5.541000000000001e-26
1563.04415,4.121e-26
1563.046817,1.112e-24
1563.049075,5.161e-26
1563.05029,3.755e-25
1563.050932,1.106e-24
1563.053057,7.732e-25
1563.055937,3.8510000000000005e-26
1563.059265,1.429e-25
1563.05944,2.046e-24
1563.069278,5.354e-24
1563.075231,1.065e-24
1563.085172,2.374e-25
1563.085519,5.6510000000000005e-25
1563.08893,1.961e-24
1563.09658,3.419e-25
1563.099423,6.383e-26
1563.100124,5.908000000000001e-26
1563.107683,1.447e-25
1563.109251,9.53e-26
1563.121245,1.222e-25
1563.125616,1.255e-22
1563.125672,1.2149999999999998e-22
1563.128674,3.1520000000000003e-25
1563.128833,8.94e-26
1563.130595,4.542e-26
1563.132463,1.131e-25
1563.132633,1.147e-24
1563.13573,1.134e-25
1563.138442,3.7090000000000005e-26
1563.139564,4.776e-24
1563.139785,4.4510000000000005e-26
1563.140723,8.954000000000001e-26
1563.142363,1.273e-24
1563.143257,4.575e-26
1563.143425,6.085e-24
1563.143583,6.641e-23
1563.143789,2.342e-24
1563.144826,1.4370000000000001e-21
1563.146003,6.926e-23
1563.14729,1.465e-21
1563.150342,2.411e-23
1563.152256,2.49e-23
1563.152627,1.269e-26
1563.155661,3.084e-25
1563.156666,4.912e-26
1563.157618,5.084e-24
1563.164237,1.369e-21
1563.164669,1.3390000000000001e-21
1563.164787,4.759e-26
1563.172211,1.217e-24
1563.174989,2.239e-24
1563.175638,2.3220000000000003e-25
1563.177715,3.398e-25
1563.178964,9.28e-22
1563.180964,4.851e-23
1563.181852,3.164e-25
1563.184791,2.789e-26
1563.187762,5.081e-23
1563.192516,4.2060000000000006e-26
1563.19552,9.312e-22
1563.197462,8.211e-26
1563.201314,1.4690000000000003e-26
1563.204184,1.871e-25
1563.205424,2.702e-26
1563.210354,2.763e-23
1563.21477,2.208e-25
1563.219016,4.022e-26
1563.220975,1.409e-26
1563.22398,2.676e-24
1563.230382,3.018e-23
1563.231519,2.367e-24
1563.233183,1.606e-25
1563.233214,1.454e-24
1563.235205,7.047e-26
1563.235737,2.224e-25
1563.236485,1.466e-25
1563.243186,3.86e-24
1563.247045,4.201e-24
1563.248702,2.9860000000000003e-25
1563.252705,2.417e-22
1563.253247,1.148e-25
1563.253587,2.475e-22
1563.257083,2.553e-24
1563.25812,2.305e-25
1563.264666,1.387e-24
1563.266459,1.442e-26
1563.267974,3.432e-25
1563.268573,2.317e-25
1563.268682,2.876e-23
1563.270734,1.099e-25
1563.271742,2.673e-23
1563.273711,2.759e-23
1563.274951,8.303000000000001e-26
1563.275668,3.912e-25
1563.279359,1.909e-22
1563.279422,1.963e-22
1563.281642,3.591e-25
1563.284195,4.606e-24
1563.285739,1.4330000000000002e-26
1563.287146,4.977e-24
1563.290248,3.902e-26
1563.294444,1.269e-21
1563.295512,1.239e-21
1563.2956,1.79e-25
1563.297239,3.045e-25
1563.3,3.053e-24
1563.306512,2.193e-26
1563.309876,1.701e-25
1563.311116,6.177e-22
1563.311629,5.986999999999999e-22
1563.314536,1.366e-21
1563.315944,5.746e-26
1563.31755,2.194e-26
1563.318471,1.392e-21
1563.319112,2.488e-24
1563.31936,1.66e-24
1563.322183,1.052e-23
1563.323281,4.246e-24
1563.324444,5.56e-26
1563.330616,3.102e-23
1563.335235,2.906e-24
1563.33667,2.045e-26
1563.34032,5.606000000000001e-26
1563.34525,2.114e-26
1563.349781,5.491000000000001e-26
1563.35091,7.087e-26
1563.35262,1.579e-24
1563.356605,6.777e-26
1563.357271,1.175e-23
1563.364501,1.11e-23
1563.367306,4.176e-26
1563.371829,3.48e-24
1563.374019,8.717999999999999e-22
1563.375548,8.506e-23
1563.375593,8.48e-22
1563.377204,8.838999999999999e-23
1563.380064,6.427000000000001e-26
1563.387713,4.397e-23
1563.388819,4.179e-24
1563.390138,4.625e-23
1563.390742,3.007e-25
1563.393243,8.063e-26
1563.395825,2.8140000000000003e-25
1563.400789,1.892e-24
1563.409476,3.303e-24
1563.41266,4.507e-24
1563.414934,1.104e-23
1563.42073,1.496e-24
1563.423879,1.6700000000000001e-22
1563.424103,1.621e-22
1563.430153,7.849e-26
1563.4361,1.795e-24
1563.437357,6.123e-26
1563.439442,3.964e-24
1563.443407,4.254e-26
1563.456489,5.902e-26
1563.461038,1.934e-23
1563.46446,7.208e-24
1563.466957,3.689e-25
1563.46989,6.702e-26
1563.47748,2.155e-24
1563.478376,1.065e-22
1563.478793,6.477000000000001e-26
1563.479843,3.75e-24
1563.480062,1.113e-22
1563.482491,1.463e-25
1563.48663,1.014e-26
1563.487727,2.065e-23
1563.490064,1.347e-25
1563.496176,9.267e-26
1563.502803,4.514e-24
1563.503824,6.915e-24
1563.507322,1.046e-25
1563.507446,6.796e-23
1563.508123,7.099e-23
1563.514046,1.3110000000000002e-26
1563.515144,2.038e-24
1563.520547,6.280000000000001e-26
1563.521029,1.739e-24
1563.523484,5.846e-26
1563.527258,4.639e-26
1563.536362,4.3630000000000005e-26
1563.545414,6.895000000000001e-26
1563.546173,3.049e-25
1563.546205,3.954e-24
1563.546387,4.256e-24
1563.546828,2.559e-22
1563.549407,2.454e-24
1563.549574,2.619e-22
1563.555195,6.75e-26
1563.557061,4.015e-22
1563.561865,5.142e-24
1563.564999,1.557e-21
1563.566257,1.588e-21
1563.572635,1.273e-26
1563.578241,7.703e-26
1563.584651,1.147e-24
1563.58573,2.878e-25
1563.586789,3.5140000000000005e-26
1563.586868,6.508e-23
1563.589799,2.313e-24
1563.590754,6.865999999999999e-23
1563.592,2.443e-25
1563.598446,4.296999999999999e-22
1563.600033,3.3300000000000003e-26
1563.601731,2.306e-25
1563.609181,4.828e-24
1563.611801,2.39e-25
1563.614504,1.09e-25
1563.616531,2.7959999999999998e-24
1563.616559,5.862e-24
1563.616898,1.225e-22
1563.61692,4.624e-26
1563.61822,1.2779999999999998e-22
1563.618505,7.794e-26
1563.620561,8.374000000000001e-26
1563.627837,7.524000000000001e-26
1563.660129,2.624e-24
1563.663399,1.095e-25
1563.663574,1.189e-24
1563.666784,6.695e-24
1563.668328,5.479e-24
1563.677247,2.264e-22
1563.678065,2.325e-22
1563.678794,3.1879999999999998e-24
1563.683906,1.7199999999999998e-23
1563.684093,2.575e-25
1563.689762,5.378e-26
1563.69042,2.862e-23
1563.690471,1.5410000000000001e-21
1563.690706,1.574e-21
1563.691479,6.981e-26
1563.693324,7.353e-26
1563.693329,2.951e-23
1563.70946,1.82e-23
1563.710918,2.085e-23
1563.712383,7.667e-24
1563.719546,1.326e-22
1563.720269,1.427e-24
1563.7215,1.381e-22
1563.723988,6.223e-24
1563.726226,2.978e-24
1563.731382,2.625e-25
1563.733098,8.385e-26
1563.734891,2.269e-23
1563.736114,3.641e-24
1563.74328,3.59e-25
1563.745922,8.449000000000001e-26
1563.750293,3.777e-25
1563.751817,1.642e-24
1563.753099,8.816e-24
1563.754183,2.688e-24
1563.756029,8.267e-26
1563.758288,7.173000000000001e-26
1563.760445,2.4199999999999998e-24
1563.761788,9.04e-26
1563.761939,2.1620000000000003e-25
1563.764421,2.984e-24
1563.768955,9.782e-26
1563.771579,8.715000000000001e-26
1563.775738,1.739e-23
1563.77642,7.080999999999999e-24
1563.7783,8.811e-23
1563.78059,9.244e-23
1563.783579,3.734e-22
1563.783965,1.662e-22
1563.787557,3.878e-22
1563.787684,2.636e-22
1563.788226,3.383e-24
1563.78836,4.1699999999999996e-24
1563.79098,2.699e-22
1563.799492,3.087e-25
1563.801391,1.7459999999999998e-22
1563.809102,2.036e-23
1563.820299,2.182e-23
1563.823069,2.449e-22
1563.824201,2.511e-22
1563.826088,8.077e-24
1563.829063,1.6540000000000001e-21
1563.830142,1.686e-21
1563.830351,5.609000000000001e-26
1563.834427,8.031000000000001e-26
1563.834523,5.249000000000001e-26
1563.83532,4.796e-24
1563.835439,9.519e-24
1563.842319,3.818e-26
1563.84261,3.515e-25
1563.84272,7.652000000000001e-26
1563.84635,3.849e-24
1563.856278,7.575e-26
1563.856434,9.014e-24
1563.860436,9.624e-26
1563.863142,9.487e-24
1563.864505,2.5590000000000003e-26
1563.866007,1.045e-23
1563.868672,2.553e-24
1563.869129,1.055e-25
1563.869972,1.316e-24
1563.878005,9.064e-26
1563.879881,1.255e-25
1563.88349,6.513e-26
1563.884097,2.482e-26
1563.885161,4.191e-23
1563.888602,2.974e-23
1563.890371,1.589e-23
1563.891308,3.068e-23
1563.892743,1.171e-25
1563.894125,4.472e-23
1563.899739,1.046e-25
1563.900745,4.42e-24
1563.900979,4.391e-24
1563.902068,1.52e-26
1563.902823,4.807e-24
1563.908389,1.6010000000000002e-26
1563.910022,1.007e-25
1563.91063,4.0740000000000006e-26
1563.91657,1.403e-26
1563.918377,3.682e-26
1563.924219,1.115e-25
1563.933731,5.556999999999999e-23
1563.934895,1.348e-26
1563.93531,3.902e-26
1563.935389,5.83e-23
1563.935592,2.883e-24
1563.941837,1.032e-25
1563.946719,1.4599999999999999e-24
1563.947933,1.868e-23
1563.949423,1.942e-23
1563.952284,1.009e-25
1563.961554,1.102e-25
1563.975312,2.272e-25
1563.976231,1.7190000000000002e-25
1563.977838,1.056e-25
1563.982864,1.793e-25
1564.000521,1.105e-25
1564.016842,2.073e-26
1564.01715,1.75e-25
1564.025955,1.741e-25
1564.030273,1.667e-25
1564.032356,1.207e-25
1564.037363,2.136e-26
1564.039894,3.361e-24
1564.042962,1.9999999999999998e-26
1564.043167,1.16e-25
1564.046872,1.199e-21
1564.048366,1.169e-21
1564.054368,7.161000000000001e-26
1564.060841,4.631e-24
1564.065123,2.002e-26
1564.065287,2.905e-25
1564.074556,1.102e-26
1564.077949,1.075e-26
1564.08028,1.429e-26
1564.0829,4.953e-24
1564.086602,7.179e-23
1564.088685,7.5e-23
1564.088708,6.456e-23
1564.088893,6.697e-26
1564.090267,6.758e-23
1564.091692,3.02e-25
1564.096984,2.838e-25
1564.109163,1.172e-24
1564.110486,6.367e-26
1564.111617,1.32e-22
1564.111853,2.207e-25
1564.111859,1.366e-22
1564.113378,1.099e-25
1564.117506,4.933e-23
1564.119368,2.316e-24
1564.126337,5.181e-23
1564.129014,5.74e-26
1564.129951,1.579e-23
1564.133015,1.604e-25
1564.133161,1.255e-25
1564.140696,4.2940000000000006e-26
1564.141131,2.645e-23
1564.142912,2.735e-23
1564.143709,2.769e-23
1564.143928,1.682e-21
1564.143962,1.227e-25
1564.146743,1.714e-21
1564.147033,5.541000000000001e-26
1564.150266,1.199e-25
1564.155645,3.68e-24
1564.157931,2.249e-25
1564.159637,1.389e-25
1564.160323,4.037e-24
1564.160532,1.361e-22
1564.162179,1.4189999999999998e-22
1564.163274,2.399e-25
1564.166028,3.05e-23
1564.17102,1.333e-25
1564.185412,1.212e-24
1564.189928,8.274e-26
1564.199267,1.02e-23
1564.204489,1.642e-26
1564.205626,4.865e-24
1564.206857,2.121e-25
1564.208337,1.718e-23
1564.209309,2.89e-22
1564.21003,2.96e-22
1564.210917,2.439e-24
1564.215856,1.197e-21
1564.222127,9.372e-26
1564.224918,1.512e-25
1564.227804,1.609e-21
1564.228236,1.574e-21
1564.23033,1.205e-21
1564.231856,1.4e-25
1564.241821,2.521e-25
1564.245977,4.5230000000000006e-26
1564.268075,4.635e-24
1564.272678,4.777e-24
1564.275879,4.63e-26
1564.279863,5.713e-25
1564.280276,1.66e-25
1564.281116,6.733999999999999e-22
1564.281147,6.519e-22
1564.281581,1.596e-25
1564.282685,1.528e-25
1564.284031,4.37e-26
1564.286392,3.083e-25
1564.287535,1.327e-26
1564.291127,1.2940000000000002e-26
1564.292512,1.6910000000000003e-26
1564.293584,1.529e-25
1564.296659,1.073e-23
1564.303877,2.147e-22
1564.303977,2.209e-22
1564.304177,7.829e-26
1564.308413,3.397e-25
1564.308431,3.177e-25
1564.311296,4.651e-24
1564.313512,5.058e-24
1564.313746,1.24e-23
1564.314232,4.324000000000001e-25
1564.319894,1.522e-25
1564.321372,1.166e-23
1564.322867,1.171e-25
1564.323842,2.419e-25
1564.324351,4.506e-23
1564.324449,4.61e-26
1564.325659,3.4620000000000003e-26
1564.327189,4.752e-23
1564.328426,1.478e-24
1564.331065,1.4870000000000002e-25
1564.332711,2.29e-25
1564.332983,3.566e-25
1564.334261,3.335e-25
1564.336086,1.143e-25
1564.336717,4.222e-25
1564.336959,8.991999999999999e-23
1564.33701,1.234e-26
1564.337658,3.2890000000000006e-26
1564.338053,1.4700000000000001e-21
1564.339097,1.435e-21
1564.339399,9.359e-23
1564.343097,8.657e-26
1564.343629,1.741e-25
1564.34478,1.601e-25
1564.346218,5.864e-25
1564.353933,1.534e-24
1564.360354,1.266e-25
1564.361711,8.215000000000001e-26
1564.363341,2.8079999999999995e-22
1564.364614,2.878e-22
1564.367022,1.765e-23
1564.369521,3.2320000000000004e-26
1564.370932,9.738e-22
1564.372305,9.465e-22
1564.37833,1.046e-26
1564.383089,1.026e-26
1564.391846,1.1990000000000002e-26
1564.398185,1.829e-25
1564.401073,1.895e-23
1564.410121,3.966e-24
1564.410862,1.749e-25
1564.419242,1.68e-21
1564.42332,1.712e-21
1564.424026,9.598e-26
1564.429329,1.849e-22
1564.429432,1.793e-22
1564.42996,9.147e-26
1564.436275,1.116e-22
1564.438052,1.169e-22
1564.438405,1.274e-24
1564.449465,3.195e-26
1564.46469,7.853000000000001e-26
1564.469806,1.2e-25
1564.477831,1.287e-24
1564.48871,2.478e-26
1564.488976,2.983e-23
1564.491355,3.081e-23
1564.495757,1.593e-26
1564.49954,1.5520000000000003e-26
1564.502036,1.84e-25
1564.503697,1.4060000000000002e-25
1564.509444,2.093e-25
1564.512854,3.978e-22
1564.513594,1.796e-25
1564.517235,1.371e-25
1564.517618,4.489e-25
1564.522861,1.996e-25
1564.523276,6.596e-23
1564.527882,6.98e-23
1564.531995,1.881e-25
1564.53905,2.3350000000000003e-26
1564.548932,5.634000000000001e-26
1564.55316,5.294000000000001e-26
1564.557251,4.264e-22
1564.557678,2.267e-26
1564.559471,3.31e-25
1564.57014,1.431e-24
1564.574091,6.279e-26
1564.5741,5.874e-26
1564.576898,1.916e-25
1564.590199,7.587e-26
1564.591022,1.1399999999999999e-24
1564.601346,5.009e-26
1564.604767,6.57e-26
1564.605449,6.145000000000001e-26
1564.606283,9.627e-26
1564.607576,3.578e-25
1564.607937,1.488e-24
1564.608602,1.876e-23
1564.615355,2.391e-25
1564.618194,2.261e-25
1564.619345,1.327e-26
1564.622143,9.097e-26
1564.623215,3.9180000000000006e-26
1564.624565,1.179e-24
1564.625538,3.7430000000000005e-26
1564.626648,1.331e-26
1564.629586,2.275e-25
1564.630895,7.255e-26
1564.631516,3.4480000000000003e-25
1564.632005,1.276e-25
1564.632779,1.936e-21
1564.63393,1.974e-21
1564.635173,9.863e-26
1564.635434,3.238e-25
1564.636217,1.348e-24
1564.639502,2.061e-23
1564.640443,1.1930000000000002e-26
1564.640727,2.443e-24
1564.643546,1.195e-25
1564.643773,1.281e-26
1564.645119,3.828e-25
1564.646041,2.349e-25
1564.64628,3.76e-26
1564.653117,1.3330000000000002e-26
1564.653992,2.747e-24
1564.65856,1.045e-25
1564.660934,1.881e-21
1564.662017,1.27e-25
1564.662113,1.919e-21
1564.664204,1.05e-25
1564.669898,1.2969999999999998e-22
1564.67167,1.355e-22
1564.675914,1.824e-23
1564.677578,1.276e-25
1564.679408,1.009e-25
1564.679589,2.215e-25
1564.679646,1.682e-25
1564.686735,1.615e-22
1564.691551,2.1620000000000003e-25
1564.693524,1.6390000000000002e-25
1564.695962,3.614e-26
1564.697938,1.905e-26
1564.698242,1.218e-24
1564.701932,1.854e-26
1564.703596,1.939e-23
1564.707013,3.227e-23
1564.708228,1.703e-22
1564.710175,3.33e-23
1564.710683,1.9470000000000003e-26
1564.715912,2.727e-25
1564.716966,2.573e-22
1564.717796,2.644e-22
1564.718172,1.957e-23
1564.71902,1.112e-25
1564.720673,3.908e-22
1564.722191,1.4419999999999998e-22
1564.724296,1.504e-22
1564.725161,8.213e-24
1564.725422,9.096e-23
1564.725991,4.067e-22
1564.728027,9.567e-23
1564.728821,8.466000000000001e-26
1564.731044,2.589e-25
1564.732137,2.11e-23
1564.732947,1.699e-25
1564.733662,1.7240000000000002e-25
1564.735372,1.88e-26
1564.7363,1.596e-25
1564.745048,1.622e-25
1564.753329,9.483e-25
1564.761186,4.484e-25
1564.762541,2.066e-26
1564.76495,9.117e-24
1564.768722,1.8280000000000002e-21
1564.768948,1.868e-21
1564.777229,1.006e-25
1564.787698,1.471e-26
1564.788142,1.945e-26
1564.792451,2.464e-24
1564.796406,9.14e-24
1564.80292,4.089e-23
1564.804611,9.649e-24
1564.809851,1.741e-26
1564.811107,3.108e-25
1564.814063,4.385e-23
1564.815212,5.35e-26
1564.815589,6.564e-26
1564.821963,9.038e-26
1564.823284,9.882e-26
1564.824023,1.206e-25
1564.825441,4.448e-25
1564.826336,5.254000000000001e-26
1564.826747,8.789000000000001e-26
1564.827245,2.941e-25
1564.829761,1.938e-23
1564.832214,5.171000000000001e-26
1564.833371,4.112e-25
1564.835276,6.246e-26
1564.835305,3.049e-22
1564.83764,3.123e-22
1564.850724,2.006e-25
1564.852551,2.6590000000000003e-25
1564.853642,1.07e-24
1564.857457,3.195e-22
1564.858994,7.346e-26
1564.859085,3.273e-22
1564.86494,2.593e-25
1564.86496,1.953e-25
1564.869672,2.812e-22
1564.870819,2.885e-22
1564.879109,5.747e-23
1564.881002,6.044e-23
1564.883617,3.004e-25
1564.883911,9.706e-26
1564.887014,2.3e-25
1564.887429,2.834e-25
1564.892893,5.1440000000000005e-26
1564.89507,2.271e-26
1564.898786,2.055e-25
1564.899273,2.209e-26
1564.900932,3.54e-25
1564.90532,4.234e-25
1564.905535,2.635e-24
1564.910468,5.373e-25
1564.9182,3.339e-25
1564.92605,1.99e-23
1564.927343,2.393e-25
1564.927472,1.659e-26
1564.927724,2.072e-23
1564.932824,3.159e-25
1564.941358,2.523e-25
1564.944534,1.594e-25
1564.947074,3.079e-25
1564.947154,1.764e-23
1564.948109,1.798e-26
1564.949962,2.081e-25
1564.958094,6.714e-23
1564.959063,7.043e-23
1564.964844,5.383e-25
1564.976623,4.409e-24
1564.984122,6.314e-26
1564.985375,4.03e-25
1564.988298,1.623e-25
1565.00378,4.7429999999999996e-24
1565.003926,3.787e-25
1565.005444,6.371000000000001e-26
1565.006053,2.246e-24
1565.008076,5.984000000000001e-26
1565.010045,1.545e-25
1565.015143,1.588e-26
1565.015914,1.439e-25
1565.016937,2.384e-25
1565.017214,4.585e-26
1565.020925,3.18e-25
1565.021337,7.336999999999999e-23
1565.023765,7.68e-23
1565.024589,4.34e-26
1565.028749,4.026e-25
1565.031555,2.3190000000000003e-25
1565.032315,3.886e-25
1565.033761,3.099e-25
1565.040867,3.454e-24
1565.046296,3.826e-24
1565.049541,4.96e-23
1565.050947,5.687000000000001e-26
1565.053537,2.377e-25
1565.056208,1.884e-26
1565.059254,3.3840000000000003e-26
1565.060844,5.225e-23
1565.061572,2.256e-25
1565.064419,4.59e-25
1565.065275,1.361e-21
1565.06602,3.065e-25
1565.06622,4.265e-24
1565.066679,1.326e-21
1565.069445,4.675e-24
1565.069522,2.023e-21
1565.070217,3.2230000000000003e-26
1565.071211,2.064e-21
1565.072153,2.748e-23
1565.074045,9.796e-24
1565.084441,4.295e-25
1565.086399,2.697e-26
1565.088353,5.5389999999999996e-24
1565.090829,2.6220000000000004e-26
1565.092757,1.426e-22
1565.093355,1.478e-22
1565.097072,3.056e-23
1565.098811,1.8810000000000003e-26
1565.101903,2.371e-24
1565.120888,4.722e-24
1565.123468,4.8660000000000005e-26
1565.127694,2.1590000000000003e-26
1565.130949,1.171e-24
1565.138046,5.233e-25
1565.140486,8.564e-26
1565.148684,2.889e-23
1565.151505,2.96e-23
1565.157056,5.424e-24
1565.158516,1.152e-26
1565.159774,4.872e-25
1565.163005,3.172e-26
1565.167099,1.055e-25
1565.176513,1.032e-23
1565.178293,2.8230000000000003e-25
1565.184711,3.791e-25
1565.185488,2.14e-26
1565.190848,2.097e-26
1565.193317,2.745e-25
1565.198017,3.692e-25
1565.198628,1.86e-25
1565.202155,1.209e-24
1565.204452,4.961e-26
1565.206226,5.9750000000000005e-25
1565.208423,2.12e-26
1565.209949,1.12e-26
1565.211809,1.633e-24
1565.226156,2.06e-26
1565.229963,5.533e-25
1565.233438,8.2e-26
1565.246642,7.053e-22
1565.247181,7.294999999999999e-22
1565.25587,4.581e-23
1565.256045,1.517e-21
1565.259209,4.846e-23
1565.260646,8.552000000000001e-26
1565.265001,1.299e-23
1565.267862,1.543e-23
1565.268616,1.5320000000000001e-21
1565.268921,6.842e-25
1565.2725,3.194e-26
1565.272651,3.921e-24
1565.272731,2.4910000000000003e-26
1565.272988,1.216e-23
1565.27716,3.102e-26
1565.283067,3.34e-25
1565.286498,1.883e-21
1565.286926,1.8400000000000002e-21
1565.293683,2.4470000000000003e-26
1565.293729,9.436e-23
1565.295066,6.293000000000001e-25
1565.297106,9.839e-23
1565.307324,3.244e-23
1565.309218,3.354e-23
1565.311473,1.669e-23
1565.321482,3.872e-25
1565.323319,2.402e-22
1565.323469,2.473e-22
1565.326074,7.866000000000001e-25
1565.330278,3.7430000000000005e-26
1565.331551,1.256e-26
1565.334799,3.334e-25
1565.335974,2.487e-26
1565.338721,5.606000000000001e-26
1565.341769,5.287000000000001e-26
1565.342732,5.188e-25
1565.343908,4.505e-25
1565.346879,9.546e-26
1565.347589,1.21e-26
1565.349485,1.343e-25
1565.350256,3.239e-25
1565.351902,3.5970000000000005e-26
1565.353072,3.026e-25
1565.355169,7.178e-25
1565.357711,4.384e-25
1565.361204,9.95e-26
1565.361264,9.048e-26
1565.362837,1.041e-25
1565.363556,1.082e-21
1565.364689,1.05e-21
1565.375433,9.572e-26
1565.376318,2.148e-21
1565.376845,3.2319999999999995e-22
1565.376937,1.695e-21
1565.377597,9.095e-25
1565.377755,3.315e-22
1565.377947,1.6540000000000001e-21
1565.378696,2.19e-21
1565.379911,1.285e-25
1565.384331,3.729e-25
1565.390322,1.208e-25
1565.392141,1.367e-25
1565.393387,1.162e-22
1565.394971,2.766e-25
1565.395336,1.2189999999999998e-22
1565.399074,1.817e-26
1565.400766,5.176e-25
1565.402551,3.122e-26
1565.405642,3.633e-26
1565.410414,8.221000000000001e-25
1565.411658,1.548e-24
1565.422462,1.7570000000000002e-26
1565.423349,1.06e-24
1565.424142,3.067e-26
1565.425888,1.062e-25
1565.428798,7.451999999999999e-23
1565.429483,7.817e-23
1565.429807,1.973e-22
1565.429852,2.037e-22
1565.431357,1.375e-25
1565.442813,1.638e-25
1565.443089,2.6950000000000004e-26
1565.448672,2.64e-26
1565.449127,8.083e-25
1565.450028,1.139e-25
1565.452944,3.771e-26
1565.452951,1.282e-25
1565.454007,1.5660000000000002e-25
1565.45423,6.625e-23
1565.457368,3.923e-22
1565.45785,3.659e-26
1565.45976,7.035999999999999e-23
1565.461048,9.467e-25
1565.463081,1.249e-24
1565.470423,1.291e-26
1565.471102,3.511e-26
1565.482088,1.9860000000000003e-26
1565.48646,3.925e-25
1565.49595,4.959e-26
1565.496301,1.495e-24
1565.498517,5.3360000000000005e-25
1565.499653,1.6189999999999998e-23
1565.50238,3.809e-25
1565.504584,4.209e-22
1565.505738,1.877e-26
1565.507564,1.099e-24
1565.512019,4.798e-26
1565.512845,5.188e-25
1565.514854,1.246e-26
1565.517186,2.039e-21
1565.518194,9.963e-25
1565.52078,2.157e-24
1565.521067,2.079e-21
1565.529757,3.8990000000000006e-26
1565.53235,3.791e-25
1565.536706,6.387e-26
1565.538537,2.466e-24
1565.540119,1.7979999999999998e-23
1565.55114,1.287e-24
1565.552001,3.829e-26
1565.553287,2.9710000000000003e-25
1565.555144,6.1e-26
1565.557267,1.3569999999999998e-22
1565.55771,2.8120000000000003e-25
1565.558685,1.421e-22
1565.558877,1.442e-25
1565.56384,5.444e-25
1565.582689,1.449e-25
1565.586212,1.533e-22
1565.591778,5.329e-26
1565.5932,1.213e-25
1565.607594,6.636e-24
1565.612722,1.17e-25
1565.612742,1.6229999999999997e-22
1565.621772,1.848e-23
1565.624382,5.113e-25
1565.628052,4.438e-26
1565.628407,1.149e-24
1565.632854,1.4819999999999998e-22
1565.633212,4.302e-26
1565.633283,4.606e-25
1565.634873,1.5489999999999998e-22
1565.639325,2.006e-23
1565.645356,1.158e-25
1565.648538,6.3e-25
1565.649698,4.466e-25
1565.654126,4.053e-22
1565.654345,4.852e-26
1565.660497,7.478e-24
1565.661044,4.2250000000000003e-22
1565.661723,3.448e-22
1565.662302,1.922e-23
1565.663422,6.12e-25
1565.663606,3.534e-22
1565.665176,1.262e-25
1565.667215,9.322e-23
1565.670205,9.831e-23
1565.67726,4.7630000000000005e-26
1565.679131,1.5309999999999999e-24
1565.679824,3.487e-23
1565.682714,3.603e-23
1565.692375,2.053e-23
1565.694894,3.381e-26
1565.697237,1.185e-24
1565.700211,1.585e-24
1565.700703,3.311e-26
1565.71512,3.931e-23
1565.715789,3.999e-24
1565.716726,2.001e-26
1565.718102,4.424e-24
1565.727912,2.111e-26
1565.729062,4.24e-23
1565.729384,1.5650000000000002e-25
1565.731158,9.175e-24
1565.734991,1.465e-25
1565.741205,9.719e-24
1565.746859,1.125e-25
1565.75148,2.91e-22
1565.752326,2.992e-22
1565.752703,4.803e-25
1565.756197,4.505e-26
1565.760237,5.908e-25
1565.76283,4.277e-26
1565.767146,2.2620000000000002e-21
1565.768374,2.309e-21
1565.76856,5.305000000000001e-25
1565.772949,2.3180000000000003e-25
1565.774282,1.375e-25
1565.775274,5.389e-25
1565.776313,6.015e-26
1565.778753,7.556e-24
1565.780348,2.207e-25
1565.787738,3.284e-26
1565.788441,1.145e-25
1565.788625,3.55e-25
1565.790008,3.347e-25
1565.791772,9.232e-26
1565.792221,5.22e-25
1565.793972,7.415e-25
1565.797588,5.206000000000001e-26
1565.797787,3.1350000000000003e-26
1565.799916,5.903000000000001e-26
1565.801922,3.5960000000000004e-25
1565.803018,5.042e-26
1565.807637,3.186e-25
1565.808011,1.006e-25
1565.808055,3.379e-25
1565.809445,7.197000000000001e-25
1565.813104,2.444e-25
1565.81546,5.900999999999999e-23
1565.815961,2.486e-24
1565.816334,1.202e-25
1565.817256,7.216e-24
1565.817566,6.222e-23
1565.819134,1.741e-25
1565.821189,1.621e-25
1565.821558,4.792e-25
1565.824952,3.181e-25
1565.834135,8.246000000000001e-26
1565.841979,2.158e-21
1565.8422,2.206e-21
1565.84837,1.825e-25
1565.849502,1.699e-25
1565.865692,2.477e-25
1565.872621,1.915e-26
1565.883912,1.991e-24
1565.883977,2.138e-23
1565.886238,3.5729999999999995e-22
1565.88666,4.103e-24
1565.888752,3.661e-22
1565.889519,1.862e-26
1565.889745,2.159e-24
1565.891787,1.109e-26
1565.89566,7.431e-26
1565.898802,2.108e-23
1565.900712,2.198e-23
1565.90273,5.492e-25
1565.908152,3.213e-22
1565.909272,3.299e-22
1565.911007,2.771e-25
1565.912437,6.287000000000001e-25
1565.914758,8.768000000000001e-26
1565.916188,3.613e-23
1565.918768,3.736e-23
1565.919592,3.271e-25
1565.919971,7.289000000000001e-26
1565.920415,4.445e-24
1565.925676,1.168e-25
1565.929956,6.083e-25
1565.934345,2.702e-24
1565.934817,8.701e-25
1565.936479,3.1839999999999998e-24
1565.941182,4.225e-26
1565.943318,3.57e-24
1565.945948,2.222e-25
1565.947198,9.306e-24
1565.947232,4.137e-26
1565.948644,1.014e-26
1565.950917,8.437e-25
1565.961725,6.089000000000001e-26
1565.964819,1.6910000000000003e-26
1565.965104,7.850999999999999e-23
1565.967098,8.236e-23
1565.967246,6.284e-24
1565.967438,5.891000000000001e-26
1565.969053,2.301e-25
1565.970919,4.76e-24
1565.975035,6.965e-23
1565.976743,7.324e-23
1565.976994,4.922e-23
1565.978536,1.068e-26
1565.990247,2.284e-24
1565.991327,5.203e-23
1565.995677,2.697e-23
1565.999277,8.408e-26
1565.999417,5.196000000000001e-26
1566.004056,2.172e-26
1566.004303,1.938e-23
1566.012383,9.146e-26
1566.023563,3.034e-23
1566.026868,1.039e-26
1566.031278,1.1770000000000002e-26
1566.031823,3.552e-26
1566.032353,5.544e-26
1566.034327,4.908e-25
1566.035758,5.246e-26
1566.037423,8.968000000000001e-26
1566.037604,6.136e-24
1566.044778,7.314e-25
1566.046328,1.136e-26
1566.050167,1.94e-24
1566.052153,3.419e-26
1566.052548,9.371e-26
1566.055264,9.831e-24
1566.05965,3.391e-25
1566.062159,2.4280000000000002e-21
1566.062913,7.068e-25
1566.063253,2.477e-21
1566.06344,3.207e-25
1566.065893,9.028e-26
1566.06908,1.5309999999999998e-22
1566.070104,1.589e-22
1566.071074,1.018e-24
1566.079139,1.5380000000000001e-21
1566.080431,1.497e-21
1566.082013,1.6860000000000003e-26
1566.082214,9.389e-26
1566.08306,5.3e-26
1566.083256,5.891000000000001e-26
1566.083638,6.248000000000001e-26
1566.085218,2.23e-26
1566.08582,6.544e-26
1566.086506,6.168e-26
1566.087842,9.861e-25
1566.094157,1.588e-25
1566.095313,8.924000000000001e-26
1566.100465,4.216e-24
1566.101982,1.511e-22
1566.102558,4.662e-24
1566.103568,1.582e-22
1566.104212,1.632e-26
1566.107218,3.57e-23
1566.110547,1.184e-25
1566.117027,1.115e-24
1566.120337,7.102e-26
1566.120434,1.282e-25
1566.120764,6.538e-25
1566.126351,6.862000000000001e-26
1566.12648,1.122e-25
1566.129917,1.21e-25
1566.132009,3.136e-23
1566.133915,3.811e-24
1566.133964,3.25e-23
1566.14699,1.5680000000000002e-25
1566.152274,1.099e-25
1566.157365,1.503e-25
1566.162977,1.262e-23
1566.169465,3.513e-25
1566.171224,4.57e-26
1566.171462,8.018e-26
1566.172299,8.486e-25
1566.181846,5.26e-26
1566.182202,4.619e-23
1566.182664,3.4940000000000006e-26
1566.183576,1.149e-24
1566.186152,4.903e-23
1566.186433,4.4260000000000006e-26
1566.188146,5.1490000000000005e-26
1566.190769,3.416e-23
1566.191102,8.19e-25
1566.196037,1.8960000000000003e-26
1566.202741,1.187e-24
1566.208101,7.58e-22
1566.209314,7.85e-22
1566.210399,1.78e-25
1566.210995,1.3509999999999998e-23
1566.212542,1.665e-25
1566.217919,1.7990000000000002e-26
1566.219288,1.3769999999999998e-23
1566.219291,1.258e-23
1566.220224,1.149e-24
1566.222904,9.168e-26
1566.232311,6.066e-25
1566.23795,1.371e-25
1566.240565,1.473e-25
1566.243719,3.381e-26
1566.245835,9.824e-23
1566.250333,1.026e-22
1566.252257,6.17e-26
1566.264523,1.343e-25
1566.269439,5.905e-26
1566.273513,8.260000000000001e-26
1566.273693,1.518e-24
1566.279845,7.971000000000001e-26
1566.280004,4.613e-25
1566.283633,4.269e-25
1566.295005,9.819e-25
1566.300555,1.891e-21
1566.309386,1.574e-24
1566.311519,1.915e-21
1566.313021,4.9440000000000005e-26
1566.314534,9.464e-25
1566.328957,4.3530000000000005e-25
1566.329817,1.381e-24
1566.329908,3.03e-23
1566.334313,1.225e-25
1566.33768,2.674e-22
1566.337897,2.756e-22
1566.338023,1.927e-24
1566.340318,2.192e-21
1566.340736,2.141e-21
1566.341201,1.202e-22
1566.343306,1.2639999999999998e-22
1566.346791,1.67e-25
1566.348066,1.3349999999999999e-24
1566.351891,1.195e-21
1566.352373,3.876e-22
1566.352739,1.159e-21
1566.353089,3.975e-22
1566.353859,2.481e-21
1566.356633,2.531e-21
1566.357188,2.911e-25
1566.359949,2.763e-25
1566.362147,1.397e-25
1566.367179,6.204e-25
1566.374172,1.635e-25
1566.377507,1.929e-24
1566.37971,6.588e-23
1566.383112,1.308e-23
1566.384303,1.571e-25
1566.386404,7.024999999999999e-23
1566.393739,1.827e-24
1566.396439,3.872e-22
1566.397044,2.927e-23
1566.401339,5.66e-25
1566.402196,1.1880000000000002e-26
1566.403678,1.158e-26
1566.411093,1.944e-21
1566.41146,7.532e-26
1566.412059,1.896e-21
1566.412897,1.133e-24
1566.415399,2.2129999999999998e-24
1566.41706,6.524000000000001e-26
1566.418034,1.23e-25
1566.418524,2.137e-24
1566.42119,9.58e-26
1566.423622,6.383e-26
1566.425222,2.159e-22
1566.425448,2.232e-22
1566.427861,9.233e-26
1566.433213,1.091e-24
1566.43728,1.475e-23
1566.446338,4.157e-22
1566.448473,3.5250000000000004e-26
1566.448507,3.736e-25
1566.448802,2.0159999999999998e-24
1566.450962,1.246e-25
1566.451999,1.267e-25
1566.452302,1.602e-24
1566.453,2.026e-25
1566.460132,6.3220000000000005e-25
1566.460613,8.416000000000001e-26
1566.464174,4.59e-25
1566.467617,3.718e-22
1566.468867,3.815e-22
1566.469058,6.266000000000001e-26
1566.47005,1.016e-25
1566.471273,1.346e-25
1566.471373,1.547e-24
1566.471459,5.926000000000001e-26
1566.481055,4.763e-24
1566.481221,1.983e-25
1566.482221,1.411e-22
1566.483484,3.573e-23
1566.484631,4.945e-25
1566.485828,3.699e-23
1566.486329,4.3960000000000006e-26
1566.488767,3.4670000000000003e-25
1566.49238,4.184e-26
1566.492815,2.246e-25
1566.496301,8.071e-26
1566.499517,2.143e-25
1566.504723,4.32e-25
1566.510976,3.166e-26
1566.515059,1.5009999999999998e-22
1566.518125,1.57e-25
1566.519693,1.706e-23
1566.520213,3.028e-26
1566.522791,1.476e-25
1566.525979,1.305e-24
1566.53164,1.72e-26
1566.541996,1.868e-23
1566.547159,1.254e-24
1566.547758,1.6740000000000003e-26
1566.553355,2.595e-26
1566.553527,5.477e-24
1566.556524,2.391e-23
1566.556577,2.45e-25
1566.558732,1.04e-26
1566.563409,1.108e-25
1566.567066,7.955e-26
1566.570192,1.854e-24
1566.570443,1.066e-25
1566.574245,2.315e-25
1566.575054,1.796e-25
1566.580142,1.668e-25
1566.58192,1.418e-22
1566.583798,1.4869999999999998e-22
1566.5839,4.159e-22
1566.585672,2.397e-25
1566.590151,1.787e-24
1566.590617,5.515e-26
1566.591781,1.687e-25
1566.592738,4.346e-22
1566.593636,1.993e-24
1566.596895,1.0709999999999999e-24
1566.603604,9.478e-23
1566.60412,2.508e-23
1566.60564,6.579000000000001e-25
1566.60707,1.003e-22
1566.607692,1.429e-25
1566.611041,2.487e-21
1566.612151,2.402e-25
1566.615093,2.537e-21
1566.621615,3.712e-23
1566.624929,2.3030000000000003e-26
1566.63128,1.443e-25
1566.631421,1.5969999999999997e-22
1566.632368,1.4260000000000002e-26
1566.633505,1.671e-22
1566.63372,1.3890000000000002e-26
1566.63425,1.499e-24
1566.639211,4.031e-23
1566.643838,5.394e-26
1566.644016,2.009e-23
1566.646784,8.062000000000001e-26
1566.651156,1.355e-25
1566.653619,7.885000000000001e-26
1566.656378,1.438e-24
1566.65752,2.953e-25
1566.660627,9.108e-24
1566.661254,1.102e-24
1566.672962,9.687e-24
1566.676764,2.158e-23
1566.683485,2.14e-24
1566.68466,8.844000000000001e-26
1566.687528,2.887e-25
1566.688984,3.9e-23
1566.692048,3.809e-26
1566.692102,4.034e-23
1566.700138,1.279e-25
1566.701898,1.197e-26
1566.704406,2.059e-24
1566.707561,1.229e-25
1566.714308,8.285e-25
1566.718281,2.772e-26
1566.719957,1.5650000000000002e-25
1566.720676,1.561e-26
1566.725827,1.097e-26
1566.726839,2.062e-26
1566.727852,3.35e-26
1566.730662,2.89e-25
1566.737709,1.719e-24
1566.73824,8.774000000000001e-26
1566.739975,1.06e-26
1566.747015,3.229e-26
1566.749531,6.014e-23
1566.750767,8.461000000000001e-26
1566.751948,6.359999999999999e-23
1566.755827,3.547e-25
1566.758659,2.201e-23
1566.759497,1.556e-26
1566.760883,1.646e-24
1566.762001,8.493e-26
1566.767234,8.311000000000001e-25
1566.771787,2.055e-24
1566.772487,6.254000000000001e-25
1566.780608,1.507e-26
1566.780856,3.275e-22
1566.781726,3.3700000000000003e-22
1566.782966,3.91e-26
1566.784786,2.929e-25
1566.786756,1.148e-25
1566.786789,3.4650000000000003e-25
1566.790567,3.704e-24
1566.792178,2.463e-24
1566.807326,5.565e-25
1566.809588,9.205e-26
1566.811147,2.148e-23
1566.812414,9.162e-26
1566.813974,2.87e-24
1566.814144,2.367e-24
1566.817933,4.74e-24
1566.81821,8.739e-24
1566.822601,3.267e-24
1566.823261,1.7060000000000002e-26
1566.823362,1.248e-25
1566.824378,8.731000000000001e-26
1566.824694,2.504e-26
1566.824999,1.6600000000000002e-26
1566.825776,3.736e-24
1566.828725,5.432e-26
1566.829534,4.181e-24
1566.830854,5.155e-26
1566.830938,2.483e-24
1566.831397,1.472e-25
1566.833046,4.048e-24
1566.836356,1.967e-24
1566.839237,1.412e-25
1566.841037,4.19e-26
1566.841427,1.024e-25
1566.843056,5.9880000000000005e-25
1566.845129,1.493e-25
1566.845344,2.535e-25
1566.845481,7.09e-24
1566.850491,1.431e-25
1566.851323,5.705e-25
1566.851496,4.245e-25
1566.853444,7.149999999999999e-23
1566.854594,2.708e-21
1566.854692,7.538999999999999e-23
1566.854767,1.433e-25
1566.855451,4.062e-26
1566.855758,2.765e-21
1566.856394,2.472e-25
1566.85798,1.27e-25
1566.860689,1.879e-24
1566.86229,1.025e-25
1566.865385,3.43e-26
1566.866187,2.217e-23
1566.866624,1.202e-25
1566.86839,2.317e-23
1566.871128,9.925e-26
1566.871248,1.705e-26
1566.873489,5.850000000000001e-26
1566.87413,5.508000000000001e-26
1566.875075,2.851e-21
1566.876172,2.909e-21
1566.877376,2.179e-24
1566.878248,9.703e-26
1566.879727,7.905e-23
1566.882175,8.312999999999999e-23
1566.883458,4.145e-25
1566.885429,2.998e-25
1566.894402,2.5180000000000003e-26
1566.896266,2.83e-24
1566.899768,4.811e-23
1566.904425,1.8e-26
1566.910235,2.5350000000000002e-21
1566.910452,2.593e-21
1566.910601,7.444e-26
1566.912187,1.64e-26
1566.914249,2.614e-23
1566.917614,6.899e-24
1566.917848,5.106e-23
1566.919373,2.715e-24
1566.923827,4.088e-22
1566.924701,1.7130000000000003e-26
1566.926217,4.191e-22
1566.9289,2.353e-23
1566.930185,2.248e-24
1566.932473,9.259e-24
1566.944181,6.003e-26
1566.944209,3.654e-22
1566.944526,5.065e-25
1566.944907,1.5260000000000002e-26
1566.945343,3.754e-22
1566.945553,2.98e-23
1566.947903,1.917e-24
1566.94867,1.338e-25
1566.955139,2.751e-24
1566.955812,2.1419999999999998e-24
1566.956628,3.332e-26
1566.957169,1.691e-25
1566.9606,5.621000000000001e-26
1566.962248,5.92e-26
1566.964878,1.4020000000000002e-25
1566.96546,1.619e-25
1566.973079,1.524e-24
1566.974128,7.288e-26
1566.975146,6.756e-25
1566.976494,1.903e-23
1566.977539,4.942e-25
1566.978305,5.676e-26
1566.980642,4.281999999999999e-22
1566.982231,4.392e-22
1566.983979,1.474e-25
1566.989894,1.574e-24
1566.990079,2.8399999999999998e-25
1566.993846,2.702e-25
1566.994073,3.627e-24
1566.995744,3.244e-24
1567.002736,3.109e-25
1567.007841,5.0740000000000007e-26
1567.01375,3.2270000000000004e-26
1567.017476,1.838e-23
1567.01919,2.565e-24
1567.020103,3.106e-24
1567.022082,1.624e-25
1567.033268,2.46e-25
1567.034914,6.022e-25
1567.036507,2.0350000000000003e-26
1567.038211,1.9790000000000003e-26
1567.040577,1.6339999999999997e-22
1567.042109,1.6979999999999998e-22
1567.04627,2.438e-24
1567.051416,9.153e-24
1567.052198,2.123e-23
1567.053378,1.3240000000000002e-25
1567.068095,1.019e-24
1567.069035,5.872e-25
1567.077286,1.91e-24
1567.077459,1.938e-25
1567.08624,1.852e-25
1567.086535,5.0120000000000005e-26
1567.088461,1.728e-21
1567.089618,1.681e-21
1567.090089,1.217e-25
1567.090605,3.713e-24
1567.097504,1.19e-25
1567.103362,4.614e-23
1567.103363,2.923e-24
1567.108065,4.917e-23
1567.116346,3.547e-24
1567.122658,7.138e-25
1567.125084,1.01e-23
1567.126116,3.387e-23
1567.128114,3.516e-23
1567.128998,1.542e-25
1567.13035,1.048e-24
1567.132087,2.771e-24
1567.15159,1.115e-26
1567.151691,1.396e-23
1567.155789,1.096e-26
1567.157949,6.9550000000000005e-25
1567.16022,1.292e-23
1567.165507,8.09e-22
1567.167519,8.39e-22
1567.172588,1.382e-25
1567.18084,4.242e-24
1567.182688,3.33e-24
1567.185475,1.5380000000000002e-26
1567.189489,1.625e-23
1567.192258,2.218e-25
1567.193249,1.014e-22
1567.194806,9.491e-26
1567.199093,1.062e-22
1567.199237,2.1620000000000003e-25
1567.200861,1.498e-26
1567.201574,2.114e-25
1567.20547,2.067e-25
1567.207757,8.433000000000001e-25
1567.208114,4.043e-24
1567.210365,1.5650000000000002e-25
1567.213289,3.146e-24
1567.214445,2.114e-25
1567.215029,1.476e-25
1567.21513,3.432e-25
1567.216076,4.259e-26
1567.216634,3.255e-25
1567.221511,4.063e-26
1567.222347,2.4180000000000003e-26
1567.222604,1.571e-23
1567.224373,2.35e-26
1567.229168,3.033e-26
1567.230161,1.144e-25
1567.232995,2.185e-25
1567.236751,6.3030000000000005e-25
1567.237674,2.906e-26
1567.240215,1.118e-25
1567.244286,8.211000000000001e-25
1567.257147,3.792e-24
1567.257148,9.379e-24
1567.257518,9.126e-25
1567.257989,1.45e-24
1567.266437,4.839e-24
1567.273728,2.939e-21
1567.275383,3.001e-21
1567.280845,3.12e-25
1567.282071,3.095e-25
1567.282845,3.262e-25
1567.286554,1.2339999999999998e-22
1567.288895,1.3009999999999998e-22
1567.289912,3.57e-24
1567.290205,9.932e-25
1567.294597,1.7539999999999998e-24
1567.295425,4.601e-24
1567.299672,6.478999999999999e-23
1567.301566,2.533e-25
1567.303738,1.488e-25
1567.306164,1.2430000000000002e-26
1567.30784,6.940999999999999e-23
1567.311462,1.453e-25
1567.311469,2.409e-25
1567.311546,1.617e-26
1567.320327,3.853e-23
1567.322171,3.994e-23
1567.326473,1.128e-25
1567.326483,1.847e-25
1567.326711,4.319e-24
1567.327344,3.817e-22
1567.327603,1.734e-25
1567.328052,9.662e-25
1567.33043,7.96e-23
1567.33114,8.392e-23
1567.331932,1.081e-23
1567.33438,1.761e-25
1567.334913,1.793e-25
1567.335935,1.313e-21
1567.33621,1.654e-25
1567.336446,1.272e-21
1567.34195,2.56e-24
1567.346027,2.325e-21
1567.346957,2.961e-22
1567.347256,3.054e-22
1567.347381,5.5149999999999996e-24
1567.355596,2.36e-21
1567.358274,8.54e-25
1567.358344,1.2210000000000002e-26
1567.362004,4.05e-24
1567.362486,1.4940000000000002e-26
1567.370002,1.166e-24
1567.374509,1.244e-22
1567.376144,5.6e-25
1567.378301,5.229e-24
1567.379796,4.098e-22
1567.387611,7.392e-25
1567.389262,2.5410000000000002e-21
1567.389664,2.48e-21
1567.391341,4.924e-24
1567.399373,1.3849999999999998e-23
1567.401322,1.767e-24
1567.405376,2.89e-25
1567.406513,1.4199999999999999e-25
1567.406791,1.047e-25
1567.409192,4.3910000000000007e-26
1567.409251,1.133e-24
1567.411599,1.53e-23
1567.415195,1.017e-26
1567.41535,1.33e-22
1567.415669,2.35e-22
1567.415925,2.741e-25
1567.416114,2.432e-22
1567.418273,8.169e-26
1567.418366,3.141e-26
1567.420618,2.8650000000000005e-26
1567.422686,2.781e-26
1567.423652,6.282e-24
1567.42583,1.383e-25
1567.42613,1.341e-23
1567.429631,4.595e-24
1567.430068,7.890000000000001e-26
1567.431524,1.427e-26
1567.434793,1.422e-26
1567.436114,1.35e-25
1567.43647,3.0310000000000005e-26
1567.439135,1.397e-26
1567.44035,1.692e-23
1567.440519,2.2200000000000002e-21
1567.44143,2.163e-21
1567.445715,3.033e-24
1567.447141,1.365e-24
1567.449717,4.494e-25
1567.450293,8.808e-26
1567.450977,5.624e-24
1567.451632,1.3840000000000002e-26
1567.45677,5.937e-24
1567.457113,4.741e-25
1567.461912,3.242e-25
1567.465632,3.083e-25
1567.468896,1.516e-25
1567.474309,1.465e-22
1567.475882,1.541e-22
1567.477013,4.897e-25
1567.479039,4.242e-22
1567.47999,4.354999999999999e-22
1567.480317,1.901e-25
1567.480665,1.892e-25
1567.487786,1.587e-25
1567.48789,1.326e-24
1567.488482,4.203e-25
1567.492888,5.219e-24
1567.493892,5.3e-26
1567.495226,7.153e-24
1567.496661,5.042e-26
1567.503682,3.2930000000000003e-25
1567.505374,3.82e-26
1567.505531,6.44e-24
1567.509119,3.389e-24
1567.50995,4.22e-22
1567.512062,3.848e-24
1567.512088,1.812e-25
1567.514829,7.694e-25
1567.51495,3.114e-25
1567.518788,1.7699999999999998e-24
1567.519051,3.707e-26
1567.520134,1.769e-25
1567.521101,4.421e-22
1567.521455,8.47e-26
1567.521619,1.5929999999999999e-24
1567.522182,3.428e-23
1567.524457,1.618e-22
1567.526549,1.697e-22
1567.527386,2.8520000000000003e-26
1567.527456,4.859e-25
1567.530707,9.6e-25
1567.53087,6.736e-24
1567.534609,9.556e-23
1567.536429,2.149e-26
1567.537412,8.876000000000001e-26
1567.537686,1.412e-25
1567.538115,2.644e-26
1567.538664,1.014e-22
1567.538914,6.197e-25
1567.542219,6.329e-26
1567.542933,6.003e-26
1567.544647,3.754e-23
1567.546647,1.358e-25
1567.546916,1.615e-25
1567.548361,8.478e-26
1567.551921,5.938e-24
1567.554862,7.405e-24
1567.562065,8.146e-24
1567.563978,1.545e-24
1567.569527,5.724e-26
1567.570234,6.034000000000001e-26
1567.573083,5.905e-25
1567.584728,8.926e-24
1567.586628,1.247e-25
1567.589138,3.1530000000000002e-21
1567.590941,9.865e-25
1567.591424,3.218e-21
1567.593431,1.854e-24
1567.594594,1.184e-25
1567.596477,3.75e-25
1567.59873,8.563e-24
1567.599552,3.3840000000000003e-26
1567.599934,9.537e-24
1567.600652,7.641e-24
1567.601167,5.443000000000001e-26
1567.601904,3.282e-26
1567.605959,1.234e-26
1567.606304,1.179e-23
1567.606976,6.774e-24
1567.607276,1.6990000000000002e-26
1567.60855,3.535e-25
1567.616495,1.665e-25
1567.620325,2.084e-23
1567.62412,9.287e-24
1567.626087,1.6210000000000002e-26
1567.627021,1.624e-25
1567.627734,1.143e-23
1567.634371,6.144e-25
1567.637522,1.797e-24
1567.642051,3.401e-25
1567.643041,7.923e-25
1567.648631,4.164e-23
1567.651206,1.935e-24
1567.651503,4.311e-23
1567.65263,1.58e-25
1567.656092,2.253e-23
1567.658498,7.757e-24
1567.661216,1.779e-25
1567.661608,4.655e-24
1567.662568,2.152e-24
1567.663226,1.777e-25
1567.664972,1.675e-25
1567.666188,8.67e-24
1567.666686,5.644000000000001e-26
1567.676086,6.079999999999999e-23
1567.678834,6.452e-23
1567.68132,1.061e-23
1567.681726,5.420000000000001e-26
1567.683752,4.27e-25
1567.687381,8.108e-24
1567.687724,3.205e-24
1567.693721,2.51e-24
1567.696733,4.01e-25
1567.697703,3.4460000000000003e-25
1567.699924,2.992e-21
1567.703753,3.053e-21
1567.705359,2.917e-24
1567.708533,2.0829999999999998e-24
1567.711415,1.633e-25
1567.712538,1.807e-26
1567.715191,2.199e-25
1567.71703,1.775e-26
1567.720661,7.965e-24
1567.723572,2.145e-25
1567.727548,3.1530000000000005e-26
1567.727589,9.847e-24
1567.729024,2.491e-24
1567.729866,5.66e-25
1567.733558,1.214e-23
1567.733982,1.109e-25
1567.742044,3.541e-24
1567.747407,5.795000000000001e-26
1567.75645,4.56e-22
1567.758269,4.68e-22
1567.762358,2.058e-24
1567.763271,1.305e-25
1567.765495,4.863e-25
1567.77305,7.346e-25
1567.777023,2.4079999999999998e-24
1567.779512,4.547e-25
1567.780663,1.396e-23
1567.781137,3.0570000000000003e-26
1567.784223,3.983e-26
1567.785025,1.12e-23
1567.785556,2.036e-25
1567.786203,1.021e-25
1567.786676,3.86e-26
1567.78998,2.951e-26
1567.790853,6.438e-25
1567.792789,2.877e-24
1567.794607,7.722e-24
1567.795665,1.191e-25
1567.797939,1.737e-25
1567.802164,1.998e-25
1567.80503,3.666e-22
1567.805931,3.776e-22
1567.808553,8.618e-24
1567.810264,1.002e-23
1567.811858,2.744e-25
1567.812946,1.948e-25
1567.813704,2.617e-25
1567.817728,4.617e-23
1567.820537,1.599e-24
1567.822349,1.615e-23
1567.826362,8.367999999999999e-23
1567.827158,9.731e-24
1567.827812,2.497e-23
1567.828191,2.317e-23
1567.828266,8.821999999999999e-23
1567.830755,2.426e-23
1567.83412,1.368e-26
1567.836883,5.917e-26
1567.837335,2.449e-24
1567.838786,1.278e-23
1567.840496,4.922e-23
1567.841453,7.309e-23
1567.841692,5.544e-25
1567.843007,2.777e-24
1567.843379,7.729e-23
1567.848818,1.3330000000000002e-26
1567.849781,1.175e-25
1567.853353,3.365e-24
1567.85385,3.3129999999999996e-24
1567.856903,5.158e-25
1567.857059,3.0170000000000004e-26
1567.863097,2.892e-23
1567.866119,3.178e-25
1567.868923,3.59e-24
1567.870895,4.073e-24
1567.875078,1.419e-25
1567.879656,1.699e-25
1567.888234,1.587e-25
1567.889413,1.4629999999999998e-23
1567.893056,1.654e-25
1567.904269,1.075e-25
1567.906502,3.194e-24
1567.910058,2.068e-25
1567.911271,5.992e-26
1567.912192,3.808e-24
1567.912325,6.331e-25
1567.913065,2.6580000000000003e-25
1567.913493,5.698e-26
1567.915669,1.981e-25
1567.915755,1.046e-25
1567.921795,2.592e-25
1567.923691,4.299e-23
1567.926145,4.456e-23
1567.928415,1.607e-24
1567.928932,5.856e-25
1567.931491,4.968e-24
1567.934572,4.101e-26
1567.939034,7.455e-25
1567.939569,3.92e-26
1567.939724,1.91e-25
1567.942041,2.887e-26
1567.948892,3.228e-21
1567.949892,2.771e-26
1567.950096,3.298e-21
1567.954907,4.6750000000000005e-26
1567.957625,4.526e-26
1567.963831,4.753e-22
1567.966351,4.874999999999999e-22
1567.967529,3.665e-24
1567.967797,4.367e-24
1567.967967,2.777e-24
1567.972384,2.565e-23
1567.973018,4.134e-22
1567.973494,2.965e-21
1567.973712,3.034e-21
1567.974138,4.250999999999999e-22
1567.977366,7.249000000000001e-25
1567.982843,2.39e-25
1567.984035,7.526e-24
1567.984808,8.968e-25
1567.985212,2.288e-26
1567.989883,2.245e-26
1567.993895,2.3280000000000003e-25
1567.995631,6.661e-25
1567.996839,1.472e-25
1567.99716,1.676e-25
1567.997714,1.543e-24
1568.007183,1.545e-25
1568.007233,1.7319999999999998e-22
1568.009371,1.802e-22
1568.010944,1.462e-25
1568.011198,8.499e-24
1568.017282,2.087e-25
1568.019298,4.564e-23
1568.02064,4.9989999999999996e-24
1568.022605,7.149e-24
1568.022643,1.636e-22
1568.024179,1.72e-22
1568.024194,8.266e-24
1568.024941,4.886e-23
1568.026113,4.196e-24
1568.029803,5.57e-24
1568.03179,1.5959999999999999e-24
1568.03678,8.334e-25
1568.042704,8.281e-25
1568.043102,9.209e-25
1568.051378,1.27e-25
1568.053628,1.041e-26
1568.057052,7.597e-25
1568.06335,1.234e-25
1568.070691,5.7139999999999996e-24
1568.082289,4.794e-24
1568.087059,1.43e-23
1568.090512,9.636e-25
1568.092654,7.563000000000001e-26
1568.093239,1.932e-21
1568.094234,1.877e-21
1568.09571,1.315e-23
1568.098089,1.303e-26
1568.098819,2.304e-23
1568.10097,1.959e-25
1568.101283,3.637e-23
1568.103247,3.78e-23
1568.103364,2.927e-26
1568.103765,7.313e-26
1568.105747,3.203e-25
1568.109451,1.021e-24
1568.113278,8.699e-25
1568.114842,3.1220000000000003e-25
1568.117272,1.265e-26
1568.11779,5.036e-24
1568.117911,6.521e-24
1568.118843,8.568999999999999e-22
1568.120504,2.829e-26
1568.121802,8.901e-22
1568.126919,5.471000000000001e-26
1568.129788,5.29e-26
1568.135937,1.037e-22
1568.136098,5.467e-24
1568.13848,1.123e-24
1568.143405,1.0889999999999998e-22
1568.156057,2.236e-26
1568.158538,2.849e-25
1568.162245,7.434e-24
1568.162804,1.102e-25
1568.164251,3.4650000000000005e-26
1568.164445,1.002e-24
1568.168344,1.303e-24
1568.169878,2.773e-25
1568.177239,3.365e-26
1568.178525,1.2960000000000002e-26
1568.180543,1.323e-24
1568.182422,9.094e-26
1568.187596,6.225e-24
1568.193479,2.141e-26
1568.194019,1.495e-25
1568.203621,8.469e-24
1568.206507,1.452e-25
1568.20651,1.4629999999999999e-24
1568.209052,7.196e-24
1568.210806,1.162e-24
1568.211728,8.674e-26
1568.212784,1.428e-24
1568.21405,6.290999999999999e-23
1568.216449,1.584e-24
1568.21867,7.007999999999999e-24
1568.219191,1.508e-24
1568.223995,1.258e-22
1568.224016,1.328e-25
1568.224107,6.777e-23
1568.225894,5.989e-24
1568.226588,1.33e-22
1568.232365,1.279e-25
1568.236859,7.079e-24
1568.241937,9.645e-24
1568.245663,1.939e-24
1568.247497,7.688e-25
1568.252527,2.8850000000000004e-26
1568.252893,1.363e-24
1568.254082,3.769e-22
1568.257336,2.8310000000000005e-26
1568.257427,8.539000000000001e-26
1568.262699,1.025e-22
1568.267459,8.173000000000001e-26
1568.273308,3.5e-21
1568.27442,3.575e-21
1568.277043,1.099e-23
1568.277522,8.353000000000001e-26
1568.278284,2.043e-25
1568.280659,2.257e-25
1568.283989,8.041e-24
1568.288391,6.384000000000001e-26
1568.291519,6.166e-26
1568.292121,1.62e-24
1568.29326,3.846e-25
1568.296926,1.315e-23
1568.300435,5.121e-26
1568.301774,4.883e-26
1568.302734,3.746e-25
1568.304622,1.5940000000000002e-26
1568.30542,1.617e-26
1568.308712,1.253e-23
1568.309022,4.048e-22
1568.312722,1.439e-24
1568.313869,1.103e-22
1568.314213,1.177e-24
1568.314255,2.686e-24
1568.314281,1.217e-25
1568.315689,1.4340000000000001e-21
1568.315801,1.387e-21
1568.316362,9.015e-26
1568.316656,2.3350000000000003e-25
1568.321588,1.158e-25
1568.322095,1.524e-26
1568.329139,9.127e-24
1568.329258,3.385e-25
1568.332189,1.755e-25
1568.334716,1.474e-23
1568.334807,1.281e-26
1568.339375,1.0810000000000002e-25
1568.340902,3.2920000000000003e-25
1568.345224,1.703e-25
1568.347886,8.667e-26
1568.351144,3.2609999999999995e-22
1568.351544,3.368e-22
1568.353649,2.686e-24
1568.353747,1.244e-26
1568.357665,5.25e-25
1568.365571,5.347000000000001e-26
1568.372538,1.036e-23
1568.379757,5.1430000000000006e-26
1568.39146,1.634e-25
1568.392628,2.824e-21
1568.395135,4.929e-25
1568.401037,2.872e-21
1568.401142,2.543e-22
1568.401849,2.635e-22
1568.401864,2.6440000000000003e-25
1568.403775,6.081e-24
1568.404074,8.778e-25
1568.405119,2.527e-25
1568.407229,1.109e-24
1568.410451,5.928e-24
1568.414558,1.176e-23
1568.416464,3.072e-23
1568.418368,1.203e-25
1568.419767,1.952e-25
1568.424749,7.122e-25
1568.430471,8.308e-25
1568.432214,4.226e-22
1568.433329,2.9300000000000004e-21
1568.433708,2.859e-21
1568.433909,2.013e-25
1568.435877,2.02e-26
1568.445583,3.4e-23
1568.446173,4.439e-22
1568.448361,7.428000000000001e-26
1568.448815,1.251e-24
1568.44973,5.519e-25
1568.451686,7.165e-26
1568.457432,4.19e-23
1568.457816,1.789e-25
1568.45975,4.349e-23
1568.460176,9.548e-23
1568.463468,2.966e-26
1568.464967,1.017e-22
1568.465215,2.522e-21
1568.465887,2.053e-25
1568.466054,2.456e-21
1568.47252,1.5089999999999998e-22
1568.474482,5.1e-22
1568.474559,1.5909999999999998e-22
1568.474851,7.206000000000001e-25
1568.475199,5.235999999999999e-22
1568.475631,4.602e-25
1568.477389,2.1750000000000003e-25
1568.477569,1.211e-26
1568.479505,1.9899999999999999e-25
1568.481139,1.2550000000000002e-26
1568.483299,1.823e-25
1568.484201,1.222e-26
1568.485502,4.48e-25
1568.485772,2.211e-25
1568.486904,8.525e-25
1568.491617,1.181e-26
1568.495006,4.009e-25
1568.495434,2.961e-26
1568.499597,1.864e-25
1568.500208,1.258e-24
1568.501497,4.498e-24
1568.503339,8.618e-24
1568.506975,3.896e-25
1568.514715,3.625e-26
1568.518856,1.87e-25
1568.519685,3.556e-26
1568.520721,1.7239999999999998e-22
1568.522198,9.258e-24
1568.522768,1.813e-22
1568.528677,1.802e-24
1568.540476,1.829e-25
1568.542436,2.0030000000000003e-26
1568.544006,3.597e-21
1568.545834,2.874e-26
1568.54675,3.673e-21
1568.551252,4.83e-22
1568.552493,4.963e-22
1568.554425,7.421e-24
1568.555032,3.977e-25
1568.560732,2.106e-24
1568.562537,3.025e-24
1568.564869,9.33e-25
1568.567461,3.5e-24
1568.56843,1.818e-25
1568.572027,2.526e-26
1568.572781,3.4410000000000005e-26
1568.577067,2.596e-24
1568.577116,2.517e-24
1568.578525,2.5010000000000003e-25
1568.582946,1.264e-24
1568.59178,2.144e-23
1568.59454,8.898e-24
1568.595108,2.395e-25
1568.595328,5.127e-24
1568.598197,2.019e-25
1568.599107,6.095e-23
1568.599427,5.0029999999999996e-24
1568.599939,8.619e-26
1568.602297,6.492999999999999e-23
1568.602694,1.967e-25
1568.603532,8.303000000000001e-26
1568.607973,1.887e-25
1568.609348,2.32e-25
1568.612319,4.031e-25
1568.612321,3.222e-25
1568.613806,3.075e-25
1568.619417,6.049000000000001e-26
1568.628135,4.883e-26
1568.630956,2.336e-23
1568.645961,1.923e-24
1568.648018,2.909e-24
1568.64984,1.838e-25
1568.649961,2.731e-26
1568.651792,4.618e-23
1568.652881,5.488e-25
1568.653869,1.733e-25
1568.654851,4.787e-23
1568.655605,3.9230000000000006e-26
1568.655793,4.733e-25
1568.657215,2.6260000000000005e-26
1568.660059,3.7580000000000005e-26
1568.661817,2.1690000000000003e-26
1568.662759,7.839000000000001e-25
1568.663166,5.3390000000000005e-25
1568.66363,1.261e-25
1568.667723,1.517e-25
1568.668106,4.596e-25
1568.670413,8.591999999999999e-24
1568.671683,1.44e-25
1568.676067,9.508e-25
1568.676166,1.276e-24
1568.678813,3.49e-26
1568.683348,7.917e-24
1568.686171,1.331e-25
1568.708082,2.352e-25
1568.709039,2.021e-26
1568.712078,3.023e-24
1568.712104,6.179e-26
1568.716861,3.1530000000000005e-26
1568.71869,8.292999999999999e-23
1568.719851,2.787e-25
1568.721177,8.769999999999999e-23
1568.725629,7.396999999999999e-23
1568.727241,7.847999999999999e-23
1568.730683,4.329e-23
1568.731309,2.923e-25
1568.732379,3.065e-25
1568.734756,2.696e-25
1568.736262,2.345e-23
1568.737909,1.478e-25
1568.740362,1.331e-25
1568.748252,9.974e-26
1568.752085,9.595e-26
1568.759188,1.183e-26
1568.759393,4.64e-23
1568.761351,6.964e-26
1568.763519,1.993e-25
1568.765064,1.122e-25
1568.770344,8.6e-25
1568.771609,4.5390000000000005e-26
1568.771728,1.945e-25
1568.771829,6.741000000000001e-26
1568.772349,7.419e-25
1568.776251,2.766e-23
1568.776748,4.45e-26
1568.777326,1.812e-25
1568.777514,1.1490000000000002e-26
1568.778439,1.713e-25
1568.782753,3.6200000000000004e-21
1568.782843,2.713e-26
1568.783679,4.313e-24
1568.784803,2.405e-23
1568.78539,1.107e-26
1568.785513,4.212e-24
1568.786788,3.695e-21
1568.78781,2.523e-23
1568.799102,2.624e-26
1568.811619,5.571e-25
1568.81763,3.127e-26
1568.822053,1.0210000000000002e-26
1568.824041,4.084e-22
1568.824301,5.404e-25
1568.824983,4.21e-22
1568.825031,6.524e-25
1568.825101,1.0490000000000002e-26
1568.825714,1.7260000000000002e-25
1568.827398,1.632e-25
1568.827815,2.5250000000000003e-26
1568.829975,3.04e-26
1568.835099,2.382e-24
1568.835751,6.342e-25
1568.838096,3.021e-25
1568.84011,3.234e-25
1568.841792,2.886e-25
1568.842429,2.483e-26
1568.855013,3.266e-25
1568.855731,3.1240000000000003e-25
1568.867769,7.636e-25
1568.874745,3.91e-26
1568.886075,3.436e-25
1568.889457,1.151e-25
1568.89358,1.106e-25
1568.897556,1.817e-25
1568.900737,1.047e-25
1568.903883,2.01e-25
1568.90495,1.2420000000000002e-25
1568.912722,1.198e-25
1568.922415,7.83e-25
1568.922429,1.451e-25
1568.922852,1.066e-25
1568.929987,4.465e-23
1568.932912,1.515e-26
1568.933235,5.3230000000000005e-25
1568.933427,4.935e-26
1568.934486,1.111e-24
1568.935682,4.716e-26
1568.936819,4.805e-23
1568.940944,1.7840000000000002e-26
1568.942692,1.622e-25
1568.943597,1.734e-26
1568.955883,3.742e-25
1568.961454,1.022e-25
1568.962492,6.536e-25
1568.966036,3.5e-25
1568.96864,3.537e-24
1568.968807,3.618e-24
1568.969021,8.457000000000001e-26
1568.969034,1.822e-22
1568.971896,1.9e-22
1568.972276,3.61e-25
1568.972284,8.159e-26
1568.972892,2.777e-24
1568.973688,5.96e-26
1568.974453,5.682000000000001e-26
1568.975569,6.335e-25
1568.98148,7.824e-26
1568.992044,5.380999999999999e-22
1568.992101,7.729e-25
1568.99448,5.524e-22
1568.996475,1.4870000000000002e-26
1568.998609,4.654999999999999e-22
1568.999748,4.79e-22
1569.003277,7.508e-25
1569.00756,3.201e-26
1569.008067,2.787e-23
1569.012722,1.425e-26
1569.017073,1.454e-23
1569.020512,9.229e-25
1569.021927,1.123e-24
1569.02267,3.146e-26
1569.023347,5.661e-26
1569.025687,1.327e-23
1569.026183,1.998e-25
1569.026332,1.326e-25
1569.027518,3.829e-21
1569.028659,5.549000000000001e-26
1569.02867,3.914e-21
1569.030109,8.154e-26
1569.030605,1.179e-25
1569.03074,1.272e-25
1569.031749,3.451e-21
1569.031972,3.534e-21
1569.032643,5.407e-26
1569.033627,5.671e-26
1569.037406,1.125e-25
1569.043855,7.522000000000001e-25
1569.052383,4.7620000000000006e-26
1569.055832,1.954e-25
1569.058911,5.0350000000000007e-26
1569.067165,4.319000000000001e-25
1569.068088,9.005e-22
1569.069211,1.022e-25
1569.072172,9.371e-22
1569.07225,4.8510000000000005e-26
1569.073853,1.051e-22
1569.074994,8.96e-25
1569.082561,3.883e-23
1569.083293,1.106e-22
1569.084393,4.162e-25
1569.084495,5.632999999999999e-22
1569.084606,4.042e-23
1569.086041,5.783999999999999e-22
1569.087298,1.248e-25
1569.091966,1.7230000000000002e-25
1569.093373,1.634e-25
1569.093472,2.1490000000000002e-21
1569.094273,2.086e-21
1569.097401,4.121e-21
1569.098446,4.209e-21
1569.105406,1.011e-24
1569.108418,7.647e-25
1569.115815,1.066e-26
1569.121917,7.403e-25
1569.122748,6.019999999999999e-23
1569.128591,1.9030000000000003e-26
1569.12925,1.041e-26
1569.135261,6.527e-23
1569.137715,2.49e-23
1569.141566,1.459e-26
1569.143621,1.5e-26
1569.14621,7.491e-23
1569.14876,2.963e-24
1569.1507,3.028e-24
1569.15336,1.349e-25
1569.154108,9.127e-25
1569.156828,1.524e-25
1569.157781,1.272e-22
1569.160718,1.35e-22
1569.161563,1.458e-25
1569.165763,8.859e-25
1569.173951,4.974000000000001e-25
1569.174295,5.943000000000001e-25
1569.174651,1.059e-23
1569.174817,3.721e-22
1569.183901,4.0410000000000005e-26
1569.191225,1.9740000000000003e-26
1569.192087,4.785e-25
1569.196018,6.927000000000001e-26
1569.197215,1.7910000000000003e-26
1569.199516,3.971e-26
1569.210696,1.468e-25
1569.210732,5.59e-25
1569.210986,8.129e-23
1569.212169,8.263999999999999e-23
1569.212929,8.766e-23
1569.213397,1.7350000000000003e-26
1569.218389,2.3250000000000003e-25
1569.225649,1.208e-23
1569.232181,3.997e-22
1569.238659,3.099e-25
1569.23997,1.938e-26
1569.247886,2.521e-25
1569.248904,2.414e-25
1569.249399,8.919e-25
1569.260291,2.762e-26
1569.2608,5.537e-26
1569.263354,8.626e-25
1569.266014,1.118e-25
1569.269833,7.036e-26
1569.269952,9.698e-25
1569.275324,6.894000000000001e-26
1569.276235,5.715e-25
1569.280169,2.5989999999999998e-24
1569.28237,1.748e-25
1569.28482,3.086e-24
1569.287443,1.669e-25
1569.289048,1.42e-24
1569.290794,1.504e-21
1569.291154,1.5560000000000001e-21
1569.295363,5.488e-25
1569.296768,6.9650000000000005e-25
1569.303859,2.641e-23
1569.305507,1.859e-25
1569.307797,2.683e-26
1569.308182,4.0350000000000006e-26
1569.31019,1.786e-25
1569.310465,4.477e-23
1569.311069,1.0739999999999999e-24
1569.312289,4.653e-23
1569.323228,1.042e-24
1569.323686,2.916e-26
1569.32522,3.008e-25
1569.325835,2.474e-24
1569.327792,5.0270000000000005e-25
1569.329353,2.528e-24
1569.331976,5.584000000000001e-26
1569.333757,1.868e-25
1569.334053,5.335000000000001e-26
1569.336955,4.261e-24
1569.342364,2.963e-23
1569.349701,7.137e-25
1569.350235,3.572e-22
1569.350617,4.166e-22
1569.350761,3.693e-22
1569.352356,9.811e-25
1569.352764,2.553e-26
1569.356308,2.477e-25
1569.356837,5.083e-26
1569.357575,2.776e-26
1569.359151,2.473e-26
1569.361873,2.5010000000000003e-26
1569.361875,3.731e-26
1569.364158,2.882e-25
1569.364256,2.426e-26
1569.366004,3.58e-26
1569.367846,1.5389999999999998e-22
1569.368003,4.391e-22
1569.369653,1.6269999999999998e-22
1569.372967,4.994e-26
1569.373034,1.875e-25
1569.374011,6.553000000000001e-25
1569.376437,1.358e-24
1569.376447,1.346e-24
1569.379863,2.465e-25
1569.380291,9.444e-23
1569.381633,2.7339999999999995e-22
1569.382654,2.837e-22
1569.385097,1.3979999999999999e-24
1569.385441,1.037e-24
1569.386011,1.011e-22
1569.394228,6.282000000000001e-25
1569.394342,1.7209999999999998e-22
1569.396518,1.814e-22
1569.399886,1.002e-24
1569.40192,2e-25
1569.403692,1.658e-24
1569.405729,5.287000000000001e-25
1569.407371,1.906e-25
1569.41113,1.785e-25
1569.414814,1.068e-26
1569.416288,8.172e-24
1569.416619,1.039e-24
1569.417105,2.932e-26
1569.417444,2.055e-25
1569.419417,6.692e-24
1569.423159,1.654e-24
1569.423498,6.177e-25
1569.424398,6.378e-26
1569.424624,9.744e-25
1569.432345,1.0380000000000002e-26
1569.434286,6.181e-26
1569.438268,3.395e-21
1569.439861,8.835999999999999e-24
1569.445689,3.458e-21
1569.448278,2.063e-24
1569.456604,1.865e-24
1569.456802,2.5010000000000003e-26
1569.457714,4.194e-21
1569.458618,2.055e-26
1569.459336,4.285e-21
1569.459809,2.117e-26
1569.462997,1.261e-24
1569.463306,4.626e-25
1569.465567,2.8080000000000003e-26
1569.465808,9.895e-24
1569.467269,7.499e-25
1569.47225,2.421e-26
1569.472518,3.363e-21
1569.472683,8.972e-25
1569.472865,3.279e-21
1569.475319,2.715e-25
1569.475688,1.222e-24
1569.477303,2.731e-26
1569.477555,1.476e-25
1569.479692,9.403e-25
1569.480602,1.4040000000000002e-25
1569.485176,2.851e-21
1569.485929,2.774e-21
1569.488691,7.175e-25
1569.490054,6.264e-26
1569.49894,2.8230000000000003e-25
1569.499845,2.061e-24
1569.504769,2.104e-24
1569.506741,2.183e-25
1569.510297,1.028e-26
1569.511147,8.713000000000001e-26
1569.512911,1.01e-26
1569.515583,6.055e-23
1569.51616,2.286e-25
1569.516547,1.2029999999999999e-24
1569.516825,8.533e-26
1569.519293,6.478e-23
1569.522015,2.1730000000000003e-25
1569.522249,4.6890000000000005e-25
1569.526366,6.371000000000001e-26
1569.527759,1.775e-24
1569.531131,2.29e-25
1569.531522,1.161e-24
1569.54302,6.257e-26
1569.543673,9.511e-24
1569.552021,2.132e-24
1569.553425,2.1760000000000003e-25
1569.556001,8.569e-25
1569.557107,7.169e-24
1569.55795,2.185e-23
1569.558781,1.752e-25
1569.558945,8.745e-25
1569.559319,5.458999999999999e-22
1569.560316,5.613e-22
1569.568642,1.803e-25
1569.570717,2.604e-24
1569.572645,4.1820000000000006e-26
1569.578763,8.18e-25
1569.579351,1.155e-25
1569.586172,6.402e-26
1569.586602,1.115e-25
1569.587563,1.432e-25
1569.591277,8.419000000000001e-25
1569.596838,4.868e-23
1569.599691,5.053e-23
1569.601003,2.403e-23
1569.602123,7.863000000000001e-26
1569.607782,4.288e-26
1569.609905,1.475e-24
1569.610268,1.128e-24
1569.616385,2.788e-24
1569.618241,3.302e-24
1569.62316,1.428e-24
1569.624593,2.609e-25
1569.630897,2.473e-25
1569.638355,3.937e-23
1569.639417,2.153e-23
1569.640195,9.777e-25
1569.64272,1.392e-24
1569.642863,2.131e-25
1569.643568,1.548e-25
1569.65827,1.341e-24
1569.664458,9.31e-25
1569.669244,8.523e-25
1569.670245,8.673e-23
1569.670776,1.711e-24
1569.672062,9.201e-23
1569.67472,4.248e-23
1569.67696,1.746e-24
1569.678526,3.386e-26
1569.679368,7.758000000000001e-26
1569.68056,2.057e-25
1569.682377,7.745000000000001e-26
1569.682868,1.3790000000000002e-26
1569.685082,2.597e-23
1569.687852,7.439e-23
1569.690107,7.922999999999999e-23
1569.690799,7.440000000000001e-26
1569.692485,7.956000000000001e-26
1569.69799,1.325e-26
1569.703666,1.522e-25
1569.704747,1.1369999999999999e-24
1569.709675,7.810000000000001e-26
1569.711102,1.668e-25
1569.717531,6.3050000000000005e-25
1569.719834,1.115e-24
1569.722211,8.171e-26
1569.727514,2.9750000000000003e-25
1569.73431,2.8110000000000003e-25
1569.736003,2.477e-23
1569.737305,2.6650000000000003e-25
1569.737429,9.752e-25
1569.739558,2.606e-23
1569.741889,9.216e-25
1569.745795,1.058e-24
1569.746699,4.7140000000000005e-26
1569.74687,1.512e-24
1569.747239,1.075e-25
1569.747298,3.4620000000000003e-26
1569.747577,1.22e-25
1569.748982,1.135e-25
1569.749537,3.351e-26
1569.751806,1.721e-24
1569.752058,8.515e-25
1569.753109,1.052e-25
1569.753798,4.7050000000000005e-26
1569.754435,4.505e-26
1569.755237,1.085e-25
1569.759288,4.5470000000000007e-26
1569.763711,1.002e-25
1569.763963,1.607e-24
1569.76414,6.6999999999999985e-25
1569.764476,1.003e-24
1569.765659,1.664e-24
1569.768824,6.457e-25
1569.769463,2.8570000000000003e-26
1569.769899,2.9480000000000005e-26
1569.779145,7.888000000000001e-26
1569.779759,1.56e-24
1569.780139,1.546e-24
1569.783281,4.549e-21
1569.785469,4.646e-21
1569.788421,2.402e-25
1569.790389,2.306e-25
1569.79127,2.304e-25
1569.794898,1.2689999999999999e-24
1569.808216,1.3160000000000002e-26
1569.811333,1.0880000000000002e-26
1569.822801,1.2019999999999999e-24
1569.824163,2.277e-24
1569.824697,3.389e-25
1569.830993,5.917999999999999e-22
1569.832043,3.192e-25
1569.832804,6.081999999999999e-22
1569.835365,4.313e-23
1569.837846,4.526e-22
1569.838178,7.074e-25
1569.838627,1.417e-24
1569.838839,4.67e-22
1569.841105,1.53e-25
1569.843723,4.669e-23
1569.845941,1.445e-24
1569.854683,3.185e-25
1569.855192,9.898e-26
1569.862751,4.313e-21
1569.865361,1.446e-24
1569.866526,4.4050000000000004e-21
1569.866657,1.3220000000000002e-25
1569.872931,9.713e-26
1569.876785,7.292000000000001e-26
1569.880278,1.85e-24
1569.88871,2.002e-24
1569.893518,1.761e-25
1569.895511,1.364e-24
1569.897137,1.776e-24
1569.899337,3.122e-26
1569.899962,7.272e-25
1569.902568,6.508e-25
1569.9032,1.934e-24
1569.911026,5.005e-23
1569.913357,5.202e-23
1569.913473,2.474e-25
1569.916253,3.86e-25
1569.919626,2.724e-25
1569.922444,1.7229999999999997e-22
1569.923154,2.371e-25
1569.923946,1.822e-22
1569.924212,3.622e-25
1569.925961,1.904e-22
1569.929689,1.989e-22
1569.930806,2.7090000000000005e-26
1569.931187,1.647e-24
1569.93829,6.123e-25
1569.938673,2.101e-25
1569.941722,1.465e-23
1569.950071,1.3249999999999998e-23
1569.954568,1.83e-25
1569.95698,2.4710000000000004e-26
1569.963976,1.547e-24
1569.969998,2.746e-24
1569.970628,2.388e-26
1569.973984,7.365e-25
1569.974121,1.219e-25
1569.975964,2.541e-26
1569.978155,1.3220000000000002e-25
1569.981724,1.191e-25
1569.983276,1.747e-25
1569.984225,1.293e-25
1569.985125,1.155e-25
1569.987752,1.682e-25
1569.988574,2.531e-25
1569.991666,2.125e-24
1569.992322,1.877e-24
1569.996752,3.1530000000000005e-26
1570.002078,4.398e-25
1570.003406,1.17e-24
1570.006941,1.052e-22
1570.007484,1.157e-25
1570.008527,1.412e-25
1570.009274,2.037e-24
1570.010733,4.109e-25
1570.010853,2.135e-25
1570.011737,1.192e-24
1570.012459,1.139e-25
1570.013216,9.383e-22
1570.014486,1.227e-25
1570.017602,5.215e-22
1570.01864,9.783e-22
1570.01874,5.371e-22
1570.018792,1.1119999999999998e-22
1570.020625,2.323e-24
1570.021347,6.207e-22
1570.022119,2.5590000000000003e-26
1570.023914,6.375999999999999e-22
1570.024096,4.096e-23
1570.025621,5.659e-23
1570.028273,1.7559999999999998e-24
1570.032788,1.204e-25
1570.035795,2.241e-24
1570.041189,3.001e-23
1570.041388,6.183e-23
1570.042724,7.582e-24
1570.045398,2.205e-25
1570.048692,2.1439999999999998e-24
1570.048886,2.373e-25
1570.048979,4.121e-23
1570.05017,2.402e-26
1570.051039,4.297e-23
1570.055772,1.6870000000000002e-26
1570.05633,2.316e-26
1570.066988,2.488e-26
1570.070632,4.054e-26
1570.070862,3.92e-26
1570.074871,3.526e-26
1570.078492,3.389e-26
1570.080956,1.013e-26
1570.081737,5.812e-26
1570.082198,5.0160000000000005e-25
1570.084602,1.2749999999999998e-22
1570.085004,3.998e-21
1570.085236,4.097e-21
1570.087939,1.358e-22
1570.088518,1.995e-24
1570.089157,2.376e-21
1570.089728,2.305e-21
1570.091076,5.637000000000001e-26
1570.091649,4.663000000000001e-25
1570.092179,3.679e-22
1570.093386,7.096e-24
1570.094062,1.892e-25
1570.098127,2.436e-24
1570.100106,4.731e-26
1570.100176,2.455e-24
1570.100442,1.678e-26
1570.101287,1.431e-25
1570.102313,4.57e-26
1570.103421,1.6480000000000002e-26
1570.104697,1.365e-25
1570.105158,1.1399999999999999e-24
1570.10728,4.492e-23
1570.107943,2.509e-26
1570.110206,4.5230000000000004e-21
1570.110445,1.85e-24
1570.11139,4.625e-21
1570.114165,8.865e-24
1570.116559,2.331e-24
1570.119117,2.4420000000000003e-26
1570.125236,2.292e-26
1570.130121,5.6680000000000005e-25
1570.133091,6.698e-24
1570.139938,2.222e-26
1570.143211,3.185e-25
1570.14491,2.27e-24
1570.146577,2.823e-24
1570.147559,2.688e-24
1570.150536,9.346e-26
1570.151961,3.952e-22
1570.152299,2.6430000000000003e-25
1570.154893,2.689e-25
1570.156209,2.8080000000000003e-25
1570.156562,5.73e-25
1570.160227,1.865e-24
1570.163266,1.231e-24
1570.163458,2.589e-24
1570.164621,1.811e-25
1570.165128,9.623e-25
1570.166934,5.295000000000001e-25
1570.167005,3.943e-24
1570.170366,1.516e-25
1570.174217,2.666e-23
1570.174376,9.802e-25
1570.17864,9.006e-26
1570.179411,1.478e-25
1570.179844,5.8e-25
1570.17997,1.62e-24
1570.183265,2.127e-23
1570.187182,1.443e-25
1570.188008,2.749e-25
1570.189246,1.4860000000000002e-25
1570.18937,1.158e-25
1570.191042,4.798e-26
1570.191712,2.636e-25
1570.193491,8.296e-25
1570.197198,6.251000000000001e-25
1570.197815,2.589e-24
1570.199659,2.788e-24
1570.200323,1.7280000000000002e-25
1570.201427,1.6440000000000002e-25
1570.203867,1.619e-25
1570.210145,1.584e-25
1570.219004,2.6619999999999998e-24
1570.225157,6.564000000000001e-25
1570.22779,2.197e-26
1570.235584,2.429e-23
1570.236612,6.025e-25
1570.240148,3.009e-25
1570.24866,1.068e-25
1570.255406,1.033e-25
1570.261412,1.6200000000000002e-21
1570.262329,1.678e-21
1570.263299,1.543e-24
1570.263587,8.751e-25
1570.265052,4.032e-22
1570.265797,4.917e-26
1570.267687,6.333e-25
1570.269519,3.102e-24
1570.270843,1.149e-24
1570.275477,2.1439999999999998e-24
1570.276564,1.506e-24
1570.282151,5.936e-24
1570.283567,2.642e-24
1570.286203,2.984e-24
1570.286662,4.265e-22
1570.287943,7.549000000000001e-25
1570.292798,1.6430000000000002e-25
1570.294387,1.5630000000000002e-25
1570.294898,9.239e-23
1570.296261,3.185e-24
1570.300696,6.873000000000001e-25
1570.301804,9.943e-23
1570.302842,5.053e-26
1570.311999,2.611e-25
1570.314151,1.5399999999999999e-24
1570.316622,3.034e-24
1570.322144,1.003e-24
1570.322829,1.865e-25
1570.323313,7.576e-24
1570.323814,7.893000000000001e-25
1570.333894,8.036e-25
1570.335382,1.094e-23
1570.341643,1.56e-22
1570.342305,1.828e-25
1570.343929,1.656e-22
1570.344225,3.891e-22
1570.344882,8.731e-25
1570.344903,4.028e-22
1570.350173,2.31e-25
1570.35082,4.483e-26
1570.351423,2.144e-25
1570.352651,4.3e-26
1570.353088,8.255e-24
1570.353923,2.8220000000000003e-25
1570.357131,2.923e-22
1570.358528,3.037e-22
1570.358848,3.452e-24
1570.359232,5.508000000000001e-26
1570.35926,7.868000000000001e-25
1570.359405,6.432000000000001e-26
1570.359649,2.881e-25
1570.360062,5.312000000000001e-26
1570.363796,1.273e-26
1570.372034,5.3480000000000005e-25
1570.373234,3.7870000000000005e-26
1570.377882,1.225e-26
1570.379589,1.785e-25
1570.380062,5.476000000000001e-26
1570.380894,5.242000000000001e-26
1570.38651,3.572e-24
1570.387348,7.305000000000001e-26
1570.387507,2.133e-26
1570.387537,1.742e-25
1570.387928,3.6339999999999996e-24
1570.39018,1.813e-22
1570.392179,1.917e-22
1570.39505,7.029e-26
1570.395917,1.018e-24
1570.397756,1.032e-26
1570.398562,3.449e-24
1570.399083,6.857e-25
1570.403584,3.582e-26
1570.404042,3.4299999999999995e-24
1570.40817,1.618e-24
1570.409427,3.452e-24
1570.410248,2.128e-26
1570.410778,4.806e-23
1570.412226,9.065e-25
1570.413087,5.003e-23
1570.415356,1.046e-23
1570.422725,6.392e-26
1570.424404,1.977e-25
1570.425001,6.157000000000001e-26
1570.425302,1.225e-24
1570.427704,5.954e-23
1570.427745,1.599e-25
1570.428946,4.389e-26
1570.429842,6.388e-24
1570.429971,2.119e-24
1570.430898,1.932e-25
1570.431713,2.5370000000000003e-26
1570.43209,6.403e-23
1570.432734,5.422e-25
1570.438978,1.187e-24
1570.440853,4.239e-26
1570.440966,1.2e-24
1570.452126,1.315e-26
1570.45233,1.086e-25
1570.456032,1.179e-24
1570.458207,1.041e-25
1570.459206,6.579e-26
1570.459882,1.052e-24
1570.460286,2.595e-25
1570.462473,4.955e-21
1570.463607,5.065e-21
1570.471328,7.830000000000001e-26
1570.471743,5.033e-26
1570.471875,2.287e-25
1570.472322,4.975e-26
1570.473546,5.196000000000001e-26
1570.474653,4.141e-24
1570.479494,6.453e-25
1570.479892,1.436e-24
1570.480742,1.223e-24
1570.48289,4.044e-21
1570.483945,5.3490000000000005e-25
1570.485492,1.257e-24
1570.489488,4.125e-21
1570.490328,6.567000000000001e-25
1570.491965,2.241e-25
1570.496444,1.626e-25
1570.497437,3.923e-24
1570.497453,1.6890000000000002e-26
1570.497551,1.55e-25
1570.498535,4.103e-24
1570.500402,3.206e-21
1570.50105,3.117e-21
1570.501142,1.054e-25
1570.502396,1.234e-24
1570.506825,3.842e-21
1570.507132,3.743e-21
1570.507999,1.627e-25
1570.509256,2.549e-25
1570.511582,1.7240000000000002e-25
1570.512444,1.7579999999999998e-24
1570.516988,3.933e-24
1570.51913,2.207e-23
1570.519841,1.121e-24
1570.524569,7.568000000000001e-26
1570.532857,2.1910000000000003e-26
1570.534591,5.06e-25
1570.536967,1.92e-23
1570.538059,2.227e-24
1570.53815,8.445999999999999e-23
1570.54025,3.683e-25
1570.540317,3.43e-23
1570.54032,1.469e-24
1570.540704,8.994e-23
1570.544699,7.291e-26
1570.54639,6.882000000000001e-25
1570.551247,5.421e-25
1570.556428,4.717e-24
1570.557179,2.878e-26
1570.560237,2.575e-25
1570.565728,5.223e-26
1570.566603,2.453e-23
1570.568857,3.839e-26
1570.574662,2.149e-25
1570.574693,7.407e-23
1570.575335,1.781e-24
1570.575387,6.579e-22
1570.576113,6.764999999999999e-22
1570.576806,7.922e-23
1570.580671,4.453e-24
1570.581788,6.469e-25
1570.582797,2.096e-25
1570.582818,5.175e-25
1570.585464,2.227e-25
1570.586744,3.731e-23
1570.589679,2.379e-23
1570.595623,5.353e-23
1570.596596,1.7240000000000002e-25
1570.598607,5.564e-23
1570.605596,4.704e-24
1570.608503,2.604e-25
1570.614183,6.152999999999999e-22
1570.615426,6.331999999999999e-22
1570.615775,9.73e-25
1570.617503,2.795e-25
1570.620558,3.365e-26
1570.625055,4.5e-24
1570.629243,1.53e-25
1570.631783,2.463e-25
1570.631923,3.244e-26
1570.632204,5.258e-25
1570.633237,5.37e-24
1570.633375,7.399e-26
1570.63476,7.117e-26
1570.634944,1.572e-25
1570.638227,2.737e-25
1570.639752,2.405e-25
1570.643724,5.3490000000000005e-25
1570.646471,2.349e-25
1570.649804,1.105e-24
1570.651042,1.358e-24
1570.659157,5.052e-24
1570.665357,2.26e-25
1570.665608,2.1720000000000003e-25
1570.672182,2.65e-26
1570.679421,1.632e-25
1570.680173,1.536e-25
1570.681288,3.424e-25
1570.681774,2.532e-23
1570.682124,1.024e-24
1570.683292,1.573e-25
1570.683381,1.874e-25
1570.685909,1.5e-25
1570.686004,2.672e-23
1570.705061,6.117e-24
1570.707693,5.383e-24
1570.714368,5.123e-21
1570.717106,5.235e-21
1570.717158,8.542000000000001e-26
1570.719599,8.203000000000001e-26
1570.728256,5.139e-24
1570.729111,1.355e-24
1570.730273,9.733e-25
1570.731072,5.081e-26
1570.73293,5.7299999999999996e-24
1570.73303,4.873e-26
1570.733425,5.268e-26
1570.735356,4.105e-23
1570.735609,1.305e-25
1570.742202,2.234e-26
1570.742245,5.1140000000000006e-26
1570.745259,2.226e-26
1570.745709,4.477e-23
1570.747904,2.1570000000000003e-26
1570.755571,1.166e-24
1570.755698,2.171e-26
1570.759711,3.404e-25
1570.760988,4.557e-25
1570.764636,2.579e-25
1570.767797,3.837e-25
1570.76814,3.3150000000000004e-26
1570.771537,3.19e-26
1570.771872,6.973e-24
1570.772968,2.513e-25
1570.780916,2.356e-26
1570.781091,3.331e-25
1570.781984,4.27e-25
1570.788142,2.09e-26
1570.793816,1.453e-25
1570.794131,4.342000000000001e-25
1570.802034,6.5019999999999996e-24
1570.802153,2.028e-26
1570.80444,2.131e-24
1570.804825,6.149e-24
1570.819893,1.1380000000000002e-26
1570.820735,1.231e-24
1570.821393,2.1760000000000003e-25
1570.823372,2.292e-26
1570.825399,4.619e-25
1570.826607,5.857e-24
1570.83363,7.964e-24
1570.842293,3.928e-25
1570.846465,4.989e-22
1570.847524,5.153e-22
1570.84945,1.892e-25
1570.849927,2.915e-25
1570.851412,1.415e-25
1570.853281,1.855e-25
1570.85688,2.846e-25
1570.861006,1.462e-23
1570.866537,7.384e-24
1570.868635,2.8050000000000003e-25
1570.868764,1.308e-23
1570.877991,1.974e-22
1570.882761,2.067e-22
1570.890274,9.119e-24
1570.891151,9.839e-26
1570.893069,9.432e-26
1570.896412,4.062e-24
1570.896986,7.015999999999999e-24
1570.898498,4.13e-25
1570.910965,9.827e-26
1570.914183,1.814e-25
1570.916155,3.419e-25
1570.91726,9.509e-26
1570.920126,6.666e-24
1570.92056,4.04e-25
1570.922445,5.202e-23
1570.926517,1.663e-26
1570.926537,8.4e-24
1570.926974,1.598e-25
1570.928881,3.4560000000000003e-25
1570.929449,1.373e-25
1570.93099,4.486e-25
1570.931916,1.312e-25
1570.934372,5.1770000000000004e-21
1570.935124,1.04e-22
1570.937511,2.787e-25
1570.938411,5.289e-21
1570.941601,3.513e-25
1570.941711,1.048e-23
1570.942623,5.738999999999999e-23
1570.94516,3.405e-26
1570.947238,1.305e-25
1570.948536,3.3400000000000003e-26
1570.949518,3.084e-25
1570.949949,1.103e-22
1570.95142,2.608e-25
1570.954196,9.686e-22
1570.958059,3.004e-25
1570.959392,2.6799999999999998e-24
1570.9606,3.092e-26
1570.961224,1.0120000000000001e-21
1570.977801,4.586e-25
1570.982189,9.582e-24
1570.984169,7.996e-24
1570.98477,1.759e-24
1570.985027,1.131e-25
1570.987725,1.0820000000000002e-25
1570.98779,1.212e-23
1570.990083,3.543e-24
1571.0018,3.238e-25
1571.002303,4.933e-24
1571.004981,3.636e-22
1571.006009,3.034e-26
1571.006945,1.266e-22
1571.008831,7.575e-24
1571.010808,1.355e-22
1571.017944,4.347e-23
1571.020114,4.541e-23
1571.026602,1.642e-24
1571.028244,1.413e-23
1571.028978,3.867e-25
1571.031088,1.095e-24
1571.032786,5.812999999999999e-22
1571.033764,1.097e-23
1571.033863,4.994000000000001e-25
1571.03395,5.991999999999999e-22
1571.03717,2.1459999999999998e-24
1571.0393,1.168e-26
1571.03997,6.951999999999999e-22
1571.042444,7.145999999999999e-22
1571.052431,1.126e-26
1571.05246,1.521e-23
1571.054924,3.522e-25
1571.056012,2.45e-26
1571.056633,4.883e-25
1571.062122,3.4370000000000004e-25
1571.065202,1.681e-24
1571.066364,9.106e-24
1571.067174,3.906e-22
1571.067564,3.215e-23
1571.067819,2.8090000000000003e-25
1571.069452,3.5390000000000004e-26
1571.072945,2.788e-25
1571.073838,8.312e-23
1571.074672,6.277e-26
1571.074688,8.887e-23
1571.075052,1.907e-25
1571.080295,2.613e-21
1571.080593,2.532e-21
1571.081786,1.263e-23
1571.082433,3.003e-25
1571.086191,2.832e-25
1571.086987,5.799e-25
1571.087881,6.846000000000001e-26
1571.090752,3.92e-25
1571.092747,8.599e-24
1571.093934,1.15e-24
1571.094896,6.598000000000001e-26
1571.105635,4.063e-26
1571.105735,3.176e-26
1571.10829,1.201e-25
1571.110504,7.013e-25
1571.116901,3.9280000000000006e-26
1571.126332,1.783e-23
1571.129315,3.676e-25
1571.131015,1.296e-25
1571.133252,4.610000000000001e-21
1571.133471,1.238e-25
1571.133498,4.7260000000000004e-21
1571.138077,3.577e-25
1571.14254,5.166e-24
1571.14341,2.8140000000000003e-25
1571.143553,1.037e-23
1571.146041,6.579000000000001e-25
1571.14683,1.348e-24
1571.149517,2.132e-25
1571.150158,2.9980000000000004e-26
1571.152038,2.051e-25
1571.162251,1.033e-25
1571.165806,6.018e-25
1571.167649,9.911e-26
1571.168956,7.267999999999999e-22
1571.170457,7.473999999999999e-22
1571.171905,9.756e-24
1571.175376,3.812e-22
1571.17752,1.402e-24
1571.179719,5.316e-21
1571.180862,5.438e-21
1571.182463,9.097e-25
1571.188619,4.0550000000000006e-26
1571.18862,4.22e-26
1571.189314,5.881e-25
1571.195032,4.5280000000000006e-26
1571.202025,2.109e-25
1571.202245,4.05e-22
1571.202571,1.204e-23
1571.203622,1.062e-25
1571.203944,8.924e-23
1571.204081,2.839e-23
1571.204391,4.35e-26
1571.210692,3.212e-25
1571.212385,9.663e-23
1571.214233,2.241e-25
1571.214289,1.035e-25
1571.215714,1.181e-23
1571.215822,4.278e-26
1571.216291,1.493e-24
1571.216394,7.445000000000001e-26
1571.219332,4.1960000000000006e-26
1571.224002,6.815e-24
1571.227412,6.548e-26
1571.227625,1.4840000000000002e-25
1571.227642,1.733e-21
1571.227964,2.276e-25
1571.229219,1.7980000000000002e-21
1571.230664,1.414e-25
1571.236609,3.3240000000000005e-26
1571.23775,1.567e-22
1571.239911,1.6689999999999998e-22
1571.242482,1.7789999999999997e-22
1571.244761,1.888e-22
1571.246343,1.106e-23
1571.250536,4.0210000000000006e-26
1571.254752,4.24e-25
1571.256602,3.197e-25
1571.26213,7.499e-24
1571.262206,4.135e-25
1571.266332,7.203e-26
1571.269242,2.438e-25
1571.277078,6.149e-25
1571.277485,5.083e-23
1571.278522,1.387e-24
1571.279325,5.301e-23
1571.282633,2.588e-25
1571.282812,1.3459999999999998e-23
1571.284746,1.145e-23
1571.287051,1.454e-24
1571.288457,3.267e-25
1571.290924,1.5909999999999999e-24
1571.294324,7.228000000000001e-25
1571.296409,1.01e-26
1571.299665,5.850000000000001e-21
1571.300663,5.979e-21
1571.301757,5.591e-24
1571.304025,4.917e-26
1571.304032,4.3670000000000005e-25
1571.30882,2.65e-25
1571.31058,2.539e-25
1571.313029,4.247e-25
1571.316114,1.255e-23
1571.317384,4.018e-25
1571.318603,7.058e-25
1571.319359,3.952e-25
1571.326854,2.444e-25
1571.327626,3.104e-22
1571.329474,3.2309999999999995e-22
1571.330843,4.6110000000000006e-26
1571.331173,6.702e-26
1571.333107,4.215e-22
1571.333848,5.79e-23
1571.333968,4.369e-22
1571.33403,4.531e-25
1571.336073,1.325e-24
1571.337081,6.786000000000001e-26
1571.339079,6.263e-23
1571.339577,6.234000000000001e-25
1571.340909,1.517e-25
1571.342512,1.832e-24
1571.344259,2.375e-24
1571.344696,1.464e-25
1571.344801,1.537e-23
1571.347815,3.3120000000000003e-25
1571.351771,1.696e-25
1571.352804,1.795e-25
1571.354776,1.611e-25
1571.364844,4.038e-25
1571.366983,1.822e-25
1571.37436,1.266e-25
1571.376251,1.973e-26
1571.377444,7.533000000000001e-25
1571.379369,4.751e-26
1571.381295,1.426e-23
1571.385445,1.233e-25
1571.386038,2.94e-25
1571.386382,1.923e-26
1571.387696,4.6160000000000006e-26
1571.394244,5.704000000000001e-26
1571.401608,1.7599999999999997e-23
1571.402843,1.241e-24
1571.419356,1.257e-26
1571.419418,8.65e-25
1571.423636,1.848e-25
1571.428356,1.641e-23
1571.429695,2.066e-26
1571.430191,1.44e-24
1571.434954,1.997e-26
1571.435888,2.796e-23
1571.439546,1.193e-24
1571.442,1.622e-23
1571.444503,8.442e-25
1571.445514,1.8960000000000003e-26
1571.445915,1.935e-25
1571.44941,5.087e-25
1571.449411,1.834e-25
1571.450725,4.225e-25
1571.453122,2.024e-23
1571.457132,4.958000000000001e-25
1571.458884,1.841e-26
1571.473656,2.007e-25
1571.473675,5.172e-25
1571.473959,3.097e-26
1571.475062,2.206e-23
1571.476853,2.986e-26
1571.481234,5.356e-26
1571.482922,5.0250000000000005e-25
1571.484878,5.251e-26
1571.487937,2.235e-25
1571.488723,1.433e-25
1571.49019,2.102e-23
1571.49588,3.073e-23
1571.496545,8.714e-23
1571.498279,9.317e-23
1571.498413,1.85e-23
1571.499134,1.249e-24
1571.499163,2.3400000000000003e-23
1571.503317,1.454e-25
1571.504801,1.341e-25
1571.507189,2.9660000000000003e-25
1571.510865,1.316e-25
1571.51089,3.587e-21
1571.511412,3.485e-21
1571.511465,2.445e-25
1571.513831,1.26e-25
1571.514096,7.313e-23
1571.515202,2.352e-25
1571.516865,7.859999999999999e-23
1571.518221,1.07e-24
1571.519176,1.098e-24
1571.524433,5.568e-23
1571.525216,4.779e-21
1571.52626,1.43e-24
1571.527271,5.798e-23
1571.527609,2.483e-23
1571.52961,3.922e-25
1571.531113,4.881e-21
1571.536251,4.366e-21
1571.536506,4.251e-21
1571.536678,2.156e-26
1571.538682,1.968e-25
1571.539411,2.727e-23
1571.539888,2.75e-25
1571.540338,1.504e-25
1571.540874,1.5670000000000002e-26
1571.541085,1.032e-24
1571.550855,2.119e-23
1571.551864,1.464e-25
1571.552325,2.414e-25
1571.552452,2.205e-25
1571.553845,2.513e-25
1571.556074,2.084e-25
1571.558338,1.473e-24
1571.564947,1.39e-24
1571.567016,1.0059999999999999e-24
1571.56866,8.991e-26
1571.574501,8.709000000000001e-26
1571.576916,2.099e-26
1571.592329,1.486e-24
1571.594996,1.608e-25
1571.596087,1.536e-25
1571.597023,2.787e-25
1571.599967,2.439e-23
1571.599997,1.871e-25
1571.600308,6.87e-25
1571.603959,9.807e-23
1571.616492,3.082e-25
1571.616702,2.838e-25
1571.617726,6.887e-22
1571.618775,7.094e-22
1571.621435,5.876e-21
1571.622059,1.139e-25
1571.62209,2.567e-23
1571.623028,6.0090000000000004e-21
1571.627159,2.717e-23
1571.62983,3.839e-23
1571.629848,1.302e-25
1571.631511,1.336e-25
1571.634068,9.337e-26
1571.634431,8.561999999999999e-23
1571.636533,6.425e-25
1571.637039,1.156e-25
1571.63825,6.105e-25
1571.638904,6.084e-25
1571.640649,2.512e-25
1571.642849,4.223e-23
1571.644722,2.365e-25
1571.646907,5.925000000000001e-25
1571.647763,5.926000000000001e-25
1571.655411,2.095e-25
1571.659324,1.227e-24
1571.659697,1.796e-25
1571.661658,1.96e-26
1571.665222,7.471e-23
1571.683303,3.59e-25
1571.686146,1.196e-24
1571.68721,1.63e-24
1571.687906,6.026000000000001e-26
1571.689981,9.293e-23
1571.695548,5.768e-26
1571.695717,2.6719999999999998e-24
1571.696362,6.512999999999999e-23
1571.699715,3.4590000000000003e-25
1571.701168,1.826e-24
1571.701556,1.782e-25
1571.707341,1.107e-24
1571.70935,1.067e-26
1571.711587,8.142e-23
1571.713546,1.733e-25
1571.721599,1.03e-26
1571.727833,5.669999999999999e-23
1571.729761,6.754000000000001e-26
1571.731693,1.36e-25
1571.732361,2.86e-25
1571.734957,7.125999999999999e-23
1571.735258,1.525e-25
1571.7367,2.683e-25
1571.73679,1.457e-25
1571.741149,6.681000000000001e-26
1571.743777,1.351e-24
1571.743813,2.707e-24
1571.743995,3.533e-25
1571.744932,6.547000000000001e-26
1571.745936,3.98e-26
1571.747405,3.83e-26
1571.749195,1.609e-24
1571.759591,4.928e-23
1571.759758,6.228e-23
1571.759789,3.407e-25
1571.761302,4.916e-26
1571.762213,4.722e-26
1571.769842,1.964e-25
1571.774134,1.454e-24
1571.77495,1.444e-23
1571.775812,1.942e-24
1571.776789,3.741e-26
1571.779618,1.751e-24
1571.781648,1.276e-23
1571.7826,2.46e-26
1571.783318,6.375e-26
1571.783661,2.305e-25
1571.785728,5.435e-23
1571.787491,3.6210000000000005e-26
1571.789682,6.153e-26
1571.791568,4.275e-23
1571.797763,7.184e-25
1571.798359,1.062e-26
1571.79964,5.024e-26
1571.800023,1.044e-26
1571.801186,3.541e-25
1571.801302,1.7619999999999998e-22
1571.801895,1.416e-24
1571.802798,1.876e-22
1571.803344,2.025e-25
1571.803483,3.069e-24
1571.807559,6.9670000000000005e-25
1571.812346,3.258e-25
1571.812648,4.734e-23
1571.81285,4.644e-23
1571.817156,3.043e-25
1571.823234,7.251000000000001e-25
1571.823683,3.701e-23
1571.825098,2.029e-22
1571.828448,1.823e-25
1571.831124,2.13e-22
1571.831532,7.057e-25
1571.838744,2.3360000000000003e-25
1571.839179,5.185e-23
1571.840327,4.115e-23
1571.841264,1.2649999999999999e-24
1571.843295,1.807e-25
1571.848906,3.817e-26
1571.849356,3.243e-25
1571.849871,5.47e-22
1571.851008,5.656e-22
1571.851732,9.765e-26
1571.855848,3.197e-23
1571.856856,9.385e-26
1571.858012,2.105e-25
1571.858301,1.012e-22
1571.866843,1.135e-25
1571.868591,3.569e-23
1571.870147,5.067e-25
1571.870493,2.045e-25
1571.876491,1.497e-25
1571.876829,1.0779999999999998e-22
1571.877324,1.433e-25
1571.8781,5.695e-23
1571.880313,5.939e-23
1571.881206,2.95e-26
1571.885335,7.533999999999999e-22
1571.885513,1.718e-24
1571.887141,7.753999999999999e-22
1571.887964,2.755e-23
1571.888273,4.468e-26
1571.889705,4.6510000000000005e-26
1571.890624,1.457e-25
1571.89075,1.418e-24
1571.89097,3.715e-25
1571.890988,9.897999999999998e-22
1571.89619,3.4510000000000003e-25
1571.897278,3.087e-23
1571.897827,1.322e-24
1571.899188,2.311e-26
1571.899944,1.037e-21
1571.901804,1.892e-25
1571.904877,3.098e-26
1571.906224,8.143e-24
1571.906511,5.226000000000001e-26
1571.914267,1.671e-24
1571.914909,3.594e-22
1571.916988,1.511e-24
1571.91993,2.367e-23
1571.922918,1.246e-22
1571.926235,2.664e-23
1571.927433,1.339e-22
1571.941211,2.575e-24
1571.946955,3.267e-25
1571.949336,5.0090000000000005e-25
1571.951642,2.029e-23
1571.952217,8.429000000000001e-25
1571.955316,2.292e-23
1571.955449,9.393e-26
1571.957425,7.027e-26
1571.957735,1.098e-24
1571.958717,6.446e-21
1571.960805,6.589e-21
1571.961347,4.242e-25
1571.962317,8.166000000000001e-25
1571.967125,3.918e-25
1571.975117,4.557e-23
1571.977268,4.098e-26
1571.977356,4.77e-23
1571.979551,3.863e-22
1571.97994,1.602e-24
1571.980813,9.07e-26
1571.982472,3.04e-25
1571.982994,1.734e-23
1571.98438,1.967e-23
1571.993459,2.023e-24
1571.995781,8.304000000000001e-26
1571.999704,8.134000000000001e-26
1572.000336,4.399999999999999e-24
1572.001971,1.737e-26
1572.002405,8.615e-25
1572.004393,6.806000000000001e-26
1572.00567,6.109e-21
1572.007223,3.412e-25
1572.009389,6.244e-21
1572.009705,2.477e-25
1572.011014,8.377000000000001e-25
1572.011588,1.6940000000000002e-26
1572.013292,1.683e-23
1572.013876,1.478e-23
1572.014887,1.188e-24
1572.016821,9.926e-24
1572.019667,4.263e-26
1572.020116,1.924e-25
1572.021644,6.451e-25
1572.022706,2.405e-25
1572.023266,1.967e-24
1572.024036,8.547000000000001e-26
1572.024491,1.247e-25
1572.025165,1.9960000000000003e-26
1572.027437,4.144e-26
1572.027891,4.858e-25
1572.03007,3.916e-26
1572.03209,1.4020000000000002e-25
1572.034259,4.456e-25
1572.035226,1.355e-25
1572.040202,5.421e-25
1572.041842,6.446e-22
1572.04192,1.436e-23
1572.042068,1.128e-26
1572.043023,6.6500000000000005e-22
1572.044183,1.255e-23
1572.059021,7.957e-22
1572.059213,6.009e-25
1572.061622,8.184e-22
1572.063682,1.909e-25
1572.06415,1.981e-25
1572.066859,2.766e-21
1572.066883,2.858e-21
1572.067822,1.317e-23
1572.068828,2.306e-26
1572.069294,5.860000000000001e-26
1572.070135,1.221e-23
1572.072017,3.008e-25
1572.073296,1.95e-25
1572.073805,1.063e-23
1572.079033,2.2690000000000003e-26
1572.080882,3.3150000000000003e-25
1572.081388,3.495e-22
1572.087547,4.468e-25
1572.087842,5.586e-25
1572.090626,3.416e-23
1572.094116,6.607000000000001e-26
1572.094948,5.082e-25
1572.097347,1.7110000000000002e-26
1572.097812,1.035e-23
1572.09797,2.375e-24
1572.101618,9.859e-25
1572.102636,8.976e-24
1572.106874,7.944000000000001e-26
1572.107335,8.494e-23
1572.108474,4.52e-26
1572.110121,1.663e-26
1572.110332,4.3480000000000005e-26
1572.111214,1.901e-26
1572.111676,1.394e-25
1572.112043,9.542e-25
1572.113096,7.57e-26
1572.114887,3.731e-22
1572.115302,3.071e-25
1572.115566,6.409000000000001e-26
1572.116073,1.839e-26
1572.117672,5.877e-24
1572.117789,9.264e-23
1572.119419,1.3600000000000002e-26
1572.119474,6.3029999999999996e-24
1572.120089,5.231e-25
1572.120979,1.336e-26
1572.124831,8.747e-24
1572.128896,2.307e-24
1572.13057,7.554e-24
1572.138869,5.944000000000001e-26
1572.14282,6.46e-25
1572.145317,1.203e-25
1572.150793,5.818e-25
1572.151072,7.367e-24
1572.152326,1.244e-23
1572.153247,2.88e-26
1572.155314,1.058e-24
1572.156011,2.779e-26
1572.156634,2.908e-25
1572.157503,6.337e-24
1572.160368,4.964e-26
1572.161586,5.904e-24
1572.164662,1.287e-24
1572.167386,6.547e-24
1572.170187,2.82e-25
1572.17285,1.101e-25
1572.172993,4.792e-24
1572.173212,3.5150000000000004e-26
1572.176417,1.02e-24
1572.176419,6.1849999999999996e-24
1572.176496,5.290000000000001e-21
1572.176762,5.4270000000000004e-21
1572.181808,7.025e-25
1572.183332,5.298e-24
1572.185353,9.912e-25
1572.189207,1.562e-22
1572.18947,1.841e-21
1572.191826,1.913e-21
1572.191869,7.529000000000001e-25
1572.191885,1.671e-22
1572.199042,2.78e-24
1572.200761,5.175e-24
1572.200935,6.698e-25
1572.202069,1.366e-25
1572.202149,6.766000000000001e-26
1572.207956,4.415e-24
1572.210007,3.652e-25
1572.213447,3.738e-25
1572.216484,2.884e-25
1572.218017,3.3340000000000004e-26
1572.218641,8.184e-26
1572.219003,4.893e-25
1572.220904,1.185e-25
1572.222722,1.069e-25
1572.223989,4.315e-24
1572.224085,7.935e-26
1572.230806,2.996e-23
1572.231164,2.697e-24
1572.231276,3.666e-24
1572.232788,5.29e-25
1572.235097,5.559e-23
1572.235452,8.873e-25
1572.236343,1.312e-24
1572.239818,1.851e-22
1572.241439,6.055e-23
1572.241762,1.971e-22
1572.244967,1.028e-25
1572.245909,7.771e-25
1572.245971,1.15e-24
1572.245995,3.585e-24
1572.246206,7.124e-25
1572.248205,4.093e-25
1572.249037,1.007e-25
1572.249543,1.5999999999999998e-25
1572.251054,6.22e-21
1572.251071,1.719e-24
1572.252225,6.367000000000001e-21
1572.253196,3.034e-24
1572.256745,1.112e-24
1572.264493,1.804e-24
1572.266677,2.969e-24
1572.273258,1.062e-24
1572.273623,2.502e-24
1572.285586,9.113e-25
1572.285935,2.45e-24
1572.289395,1.961e-26
1572.290095,1.369e-24
1572.291665,2.955e-26
1572.292463,2.056e-24
1572.293107,3.275e-22
1572.295493,3.415e-22
1572.296673,3.244e-24
1572.298796,3.402e-25
1572.298909,6.297e-26
1572.2996,2.777e-25
1572.300954,1.622e-25
1572.302267,2.906e-26
1572.303671,2.0139999999999998e-24
1572.305291,1.2999999999999998e-24
1572.308874,3.333e-25
1572.30963,1.684e-24
1572.312543,1.31e-23
1572.312936,3.2960000000000003e-25
1572.316874,4.5400000000000005e-22
1572.317675,2.231e-25
1572.317957,4.710999999999999e-22
1572.31979,1.651e-24
1572.320289,1.084e-24
1572.323908,2.022e-23
1572.325036,1.374e-24
1572.326875,1.818e-24
1572.32759,1.911e-26
1572.330075,3.145e-24
1572.331285,1.646e-24
1572.334201,1.347e-24
1572.335792,2.101e-25
1572.338015,8.319999999999999e-23
1572.338598,1.117e-24
1572.340682,8.939999999999999e-23
1572.343474,5.385e-23
1572.345273,1.2039999999999999e-24
1572.345757,1.832e-25
1572.3458,5.626e-23
1572.346816,1.096e-24
1572.350238,9.052e-25
1572.350518,1.317e-24
1572.350713,2.198e-24
1572.353258,1.148e-25
1572.354556,1.169e-24
1572.356468,1.1620000000000002e-25
1572.356664,1.136e-25
1572.357549,8.885e-25
1572.359797,8.162000000000001e-25
1572.35984,1.441e-25
1572.35988,7.307e-25
1572.361996,1.135e-25
1572.362915,1.246e-25
1572.364902,1.195e-25
1572.366279,1.449e-25
1572.366317,7.175e-25
1572.367454,5.877e-25
1572.372901,4.7099999999999995e-25
1572.37304,5.773e-25
1572.373361,1.842e-25
1572.376182,3.76e-25
1572.376584,2.365e-25
1572.377316,2.99e-25
1572.377641,4.628e-25
1572.377897,1.79e-25
1572.377973,2.3320000000000003e-25
1572.378258,1.637e-24
1572.380044,3.696e-25
1572.380178,2.941e-25
1572.380571,5.785e-25
1572.385278,1.337e-24
1572.386917,1.753e-23
1572.390858,3.775e-24
1572.396429,1.291e-24
1572.400709,7.141e-23
1572.401072,1.762e-25
1572.402797,2.253e-23
1572.403564,7.719e-23
1572.404075,1.749e-24
1572.405508,1.7350000000000003e-26
1572.407329,1.7040000000000002e-26
1572.420277,5.3599999999999995e-25
1572.425636,3.656e-24
1572.425868,2.18e-23
1572.431361,1.686e-24
1572.431583,2.235e-25
1572.435963,2.596e-25
1572.436189,3.969e-25
1572.442374,3.4270000000000004e-26
1572.444864,3.703e-25
1572.450393,7.953000000000001e-26
1572.450956,3.842e-25
1572.452544,3.3200000000000004e-26
1572.459593,1.039e-25
1572.463686,4.075e-24
1572.464695,9.85e-26
1572.472197,1.3250000000000002e-25
1572.474807,5.899999999999999e-26
1572.478808,2.6540000000000003e-25
1572.480531,5.703e-26
1572.481592,4.382e-24
1572.484271,2.491e-23
1572.484913,1.851e-25
1572.485855,9.339e-25
1572.487166,1.786e-25
1572.488572,9.113e-25
1572.488846,1.269e-25
1572.493066,1.2420000000000002e-25
1572.500594,3.4420000000000004e-25
1572.504183,4.069e-24
1572.508974,1.417e-24
1572.510507,3.7720000000000006e-26
1572.513791,3.523e-25
1572.51664,3.992e-21
1572.516775,1.388e-26
1572.51701,3.875e-21
1572.517854,4.238e-24
1572.518586,3.511e-23
1572.518624,1.374e-24
1572.519545,1.551e-24
1572.520633,6.069e-23
1572.521512,3.7090000000000005e-26
1572.521958,1.343e-25
1572.523528,6.329e-23
1572.531103,1.496e-24
1572.535268,3.905e-23
1572.554266,9.176e-26
1572.556919,2.578e-23
1572.557975,1.107e-25
1572.558948,8.833e-26
1572.560223,1.0810000000000002e-25
1572.560792,4.938e-21
1572.560984,4.805e-21
1572.563035,2.739e-23
1572.565154,5.6050000000000004e-21
1572.568812,4.618e-25
1572.568871,5.0719999999999996e-24
1572.570463,5.731e-21
1572.570869,1.413e-25
1572.576517,1.38e-25
1572.584251,4.464e-25
1572.58582,1.994e-25
1572.587538,1.1610000000000002e-25
1572.591176,1.135e-25
1572.597741,3.261e-25
1572.600414,2.197e-26
1572.602003,2.543e-24
1572.60397,3.565e-26
1572.604559,3.7e-26
1572.60674,4.899e-24
1572.607873,1.713e-24
1572.608766,1.804e-24
1572.612365,4.7730000000000005e-26
1572.613177,2.3350000000000003e-25
1572.615597,2.249e-25
1572.622274,9.875e-26
1572.62248,1.522e-26
1572.624872,1.3359999999999999e-24
1572.628035,2.3280000000000003e-25
1572.629638,6.885e-21
1572.630796,7.045e-21
1572.63167,1.485e-26
1572.640189,1.938e-25
1572.641346,3.658e-25
1572.648773,1.794e-24
1572.652685,5.8559999999999996e-24
1572.654167,3.8070000000000005e-26
1572.654801,8.32e-22
1572.65484,4.682e-26
1572.655548,8.57e-22
1572.656066,3.661e-25
1572.656347,7.683999999999999e-22
1572.657606,7.920999999999999e-22
1572.660772,1.728e-24
1572.661659,3.7040000000000005e-26
1572.667522,1.662e-24
1572.675493,1.289e-25
1572.676012,1.391e-24
1572.677561,1.611e-24
1572.678678,1.247e-25
1572.683136,4.929e-25
1572.683612,1.4079999999999998e-23
1572.68368,1.254e-24
1572.6883,1.094e-25
1572.68857,1.226e-23
1572.692304,5.648e-24
1572.694432,6.586e-26
1572.696186,3.977e-23
1572.696662,5.357e-25
1572.697359,2.013e-25
1572.704535,3.614e-26
1572.710664,2.206e-26
1572.711152,4.943e-25
1572.712437,2.165e-26
1572.712822,5.173e-25
1572.718793,1.9489999999999998e-24
1572.725354,4.7970000000000005e-26
1572.725964,4.534e-25
1572.727318,1.56e-25
1572.729261,1.559e-24
1572.731416,4.511e-23
1572.731693,1.526e-25
1572.733027,6.744e-24
1572.736519,1.108e-25
1572.736766,4.716e-26
1572.73812,1.712e-24
1572.738714,6.386000000000001e-26
1572.739386,1.354e-25
1572.739811,7.25e-26
1572.743636,1.536e-26
1572.753478,1.353e-25
1572.754205,6.486e-25
1572.755854,1.4940000000000002e-26
1572.757758,1.274e-25
1572.758435,2.041e-25
1572.765037,1.905e-24
1572.767247,2.066e-22
1572.772967,2.071e-24
1572.774559,6.496e-24
1572.774796,2.175e-22
1572.775709,9.711e-25
1572.776325,9.678e-23
1572.780088,1.713e-25
1572.785445,1.991e-24
1572.785568,1.971e-25
1572.785861,1.672e-25
1572.78762,2.139e-25
1572.788572,1.74e-26
1572.793034,1.685e-26
1572.799526,1.036e-22
1572.804788,1.653e-24
1572.807506,8.449000000000001e-26
1572.808297,2.128e-25
1572.809886,7.751e-24
1572.812091,2.053e-25
1572.819736,6.199e-25
1572.819957,3.774e-26
1572.820919,1.944e-24
1572.821231,3.5509999999999995e-22
1572.823543,1e-21
1572.827328,7.716e-26
1572.827379,1.165e-25
1572.830047,3.926e-26
1572.830506,1.444e-25
1572.831372,1.8819999999999998e-24
1572.833597,5.0270000000000005e-26
1572.833853,1.211e-22
1572.834553,2.28e-25
1572.834829,1.05e-21
1572.836673,5.9780000000000005e-25
1572.839225,1.31e-22
1572.841047,1.59e-25
1572.841342,5.247000000000001e-26
1572.847436,2.8e-26
1572.84807,5.966e-22
1572.849304,6.175e-22
1572.850347,1.197e-25
1572.852961,2.662e-26
1572.853522,7.453e-24
1572.855201,2.572e-26
1572.855264,3.653e-24
1572.859643,1.743e-24
1572.860122,2.9050000000000004e-26
1572.862128,5.596000000000001e-26
1572.86475,7.411e-26
1572.86494,7.165e-21
1572.867738,7.328e-21
1572.869774,7.191000000000001e-26
1572.880301,1.027e-24
1572.880789,6.626e-26
1572.883247,8.889e-24
1572.886445,6.942000000000001e-26
1572.887587,8.044000000000001e-26
1572.888362,3.818e-22
1572.892128,2.384e-24
1572.893001,6.17e-25
1572.896254,1.182e-25
1572.898851,1.135e-25
1572.899252,5.798e-25
1572.899619,8.678000000000001e-25
1572.905128,2.288e-24
1572.91526,8.061e-23
1572.915637,2.429e-24
1572.916263,8.709999999999999e-23
1572.919504,2.4790000000000003e-25
1572.92307,2.118e-25
1572.923209,2.0520000000000003e-26
1572.924751,2.198e-25
1572.928133,3.877e-25
1572.929211,8.533e-24
1572.930267,6.328e-25
1572.930781,1.433e-23
1572.932187,4.746e-23
1572.93458,4.979e-23
1572.935156,3.961e-25
1572.936193,1.681e-24
1572.936202,6.079000000000001e-26
1572.937271,1.296e-25
1572.93803,7.155e-25
1572.938727,2.123e-26
1572.948028,5.974000000000001e-26
1572.951523,3.817e-25
1572.953095,1.018e-23
1572.953824,8.652e-26
1572.955808,6.89e-25
1572.957641,9.108e-26
1572.95846,1.931e-24
1572.959478,6.603000000000001e-26
1572.96047,1.911e-25
1572.961003,1.46e-25
1572.96207,1.4e-25
1572.965006,1.868e-25
1572.969164,2.268e-24
1572.980059,2.192e-24
1572.982386,3.611e-25
1572.982795,3.0679999999999995e-22
1572.984089,2.069e-25
1572.984668,5.441e-25
1572.984968,3.697e-25
1572.989693,2.7930000000000004e-26
1572.989994,2.019e-25
1572.991683,2.741e-26
1572.992189,4.725e-25
1572.995516,1.758e-25
1572.999273,1.6410000000000002e-25
1573.001651,9.748e-24
1573.003105,4.744e-24
1573.004939,7.944e-23
1573.006257,2.738e-24
1573.006927,1.338e-24
1573.017734,1.344e-23
1573.018135,8.740999999999999e-23
1573.018389,5.6710000000000005e-25
1573.019405,1.163e-23
1573.019829,2.623e-24
1573.02478,3.296e-22
1573.026109,5.717e-25
1573.039061,1.7740000000000003e-26
1573.041028,1.12e-24
1573.043517,4.156e-25
1573.043809,4.008e-24
1573.044599,1.466e-25
1573.045085,1.121e-25
1573.046658,7.110000000000001e-22
1573.046916,7.331e-25
1573.047294,1.187e-25
1573.047878,7.343999999999999e-22
1573.048518,3.003e-21
1573.048565,1.32e-24
1573.048923,3.1060000000000002e-21
1573.051542,8.239000000000001e-25
1573.053837,1.4840000000000002e-26
1573.055634,1.39e-24
1573.065883,7.275000000000001e-21
1573.06762,8.813e-22
1573.068833,1.7829999999999998e-22
1573.069529,5.374e-24
1573.06999,7.439e-21
1573.070125,9.072e-22
1573.070233,7.921e-25
1573.070873,1.112e-23
1573.07125,1.907e-22
1573.072137,6.768000000000001e-26
1573.072399,1.532e-26
1573.075365,1.729e-26
1573.082151,1.327e-23
1573.083559,7.9799999999999985e-25
1573.083934,1.541e-22
1573.086643,1.656e-22
1573.086774,1.778e-25
1573.088964,2.55e-25
1573.08981,3.899e-25
1573.102431,3.122e-26
1573.107676,3.607e-23
1573.111211,4.141e-25
1573.112108,3.028e-26
1573.112259,2.637e-24
1573.115355,3.139e-24
1573.117509,4.316e-26
1573.118506,4.1580000000000005e-26
1573.118633,3.4560000000000004e-26
1573.119639,3.686e-26
1573.119788,3.3340000000000004e-26
1573.123626,2.547e-24
1573.129557,3.001e-24
1573.130614,5.259e-23
1573.13122,8.244e-25
1573.136916,1.266e-23
1573.138235,1.712e-25
1573.138422,5.775e-23
1573.141293,1.513e-23
1573.142022,2.9720000000000003e-25
1573.143052,7.674000000000001e-26
1573.146877,1.9410000000000002e-21
1573.147263,1.446e-25
1573.148064,1.543e-25
1573.148381,1.869e-25
1573.14992,8.093e-25
1573.150158,2.0200000000000003e-21
1573.152689,1.38e-25
1573.154189,1.3240000000000002e-25
1573.154223,3.178e-25
1573.155298,7.539000000000001e-26
1573.160265,9.466e-25
1573.161234,5.425000000000001e-26
1573.165789,3.511e-26
1573.166333,5.251e-26
1573.178836,2.833e-25
1573.179953,9.085e-25
1573.182576,1.947e-25
1573.18291,2.4910000000000003e-25
1573.186444,3.791e-25
1573.187522,9.12e-24
1573.188243,2.3330000000000003e-25
1573.188954,2.429e-25
1573.192119,2.291e-25
1573.192945,2.28e-25
1573.1954,2.675e-25
1573.195663,2.115e-25
1573.19567,1.494e-25
1573.196782,1.7229999999999998e-23
1573.199833,1.439e-23
1573.200834,1.748e-24
1573.200987,3.764e-25
1573.201303,3.7639999999999996e-24
1573.202233,1.094e-23
1573.206753,4.478e-25
1573.21135,4e-25
1573.214729,6.041e-21
1573.215022,6.201e-21
1573.219423,3.591e-24
1573.22118,5.634e-23
1573.223084,5.897e-23
1573.228708,8.578000000000001e-26
1573.229533,3.764e-25
1573.231949,1.347e-25
1573.232526,1.294e-25
1573.233206,8.268000000000001e-26
1573.233951,9.198e-22
1573.234321,3.426e-24
1573.235404,9.474e-22
1573.237162,1.327e-26
1573.244101,2.391e-25
1573.245064,1.059e-26
1573.245908,1.2960000000000002e-26
1573.247637,3.848e-24
1573.248548,1.963e-23
1573.250204,3.059e-24
1573.251661,3.142e-23
1573.253086,2.006e-25
1573.253536,1.863e-25
1573.253557,3.431e-22
1573.256589,3.585e-22
1573.257685,1.648e-24
1573.259697,1.634e-23
1573.262078,2.9499999999999997e-24
1573.263579,3.589e-25
1573.264194,1.085e-24
1573.264986,2.771e-25
1573.266847,1.091e-26
1573.269992,3.1460000000000003e-25
1573.280189,3.921e-26
1573.280294,3.5240000000000005e-26
1573.280569,1.312e-23
1573.2818,4.069e-26
1573.28228,3.4570000000000003e-26
1573.283039,3.3820000000000005e-26
1573.284976,1.04e-24
1573.285677,2.607e-25
1573.290102,3.294e-26
1573.295518,4.86e-22
1573.296489,2.236e-23
1573.296867,5.051e-22
1573.297321,1.612e-24
1573.304988,8.448999999999999e-23
1573.306647,9.128e-23
1573.307883,2.173e-24
1573.308493,2.048e-25
1573.308645,1.242e-23
1573.311208,7.243e-21
1573.312349,7.418e-21
1573.314117,2.099e-24
1573.316609,1.855e-23
1573.318459,4.102e-24
1573.320001,6.898e-23
1573.323618,7.505e-23
1573.33413,3.905e-24
1573.340456,2.549e-23
1573.341415,1.311e-24
1573.3459,9.652e-26
1573.347706,8.673e-25
1573.349008,3.019e-25
1573.352679,2.745e-25
1573.355352,2.554e-25
1573.356109,2.625e-25
1573.35618,1.6480000000000002e-25
1573.357723,2.407e-25
1573.358575,9.479e-26
1573.363322,1.242e-24
1573.363829,1.179e-25
1573.366286,1.142e-25
1573.370575,1.813e-25
1573.370721,2.105e-23
1573.371366,2.127e-23
1573.372996,1.348e-24
1573.373719,1.558e-24
1573.37382,2.038e-24
1573.376536,2.9890000000000003e-25
1573.379599,1.14e-25
1573.380218,2.912e-23
1573.382573,1.321e-24
1573.382726,2.912e-25
1573.382999,3.538e-24
1573.384376,1.3720000000000002e-26
1573.38531,1.187e-24
1573.386081,7.742e-25
1573.389353,3.409e-25
1573.392336,7.563000000000001e-25
1573.395418,3.408e-24
1573.396005,1.018e-25
1573.396074,1.336e-26
1573.401279,3.12e-23
1573.41069,2.838e-25
1573.412462,4.68e-24
1573.414854,8.969e-26
1573.415564,2.772e-25
1573.420874,8.763000000000001e-26
1573.422267,2.389e-23
1573.42316,3.518e-23
1573.427422,6.133e-26
1573.428898,1.969e-24
1573.428995,4.443e-24
1573.429012,1.37e-24
1573.431397,6.226e-23
1573.434225,6.504999999999999e-23
1573.43658,2.476e-23
1573.438454,1.264e-25
1573.442775,1.6410000000000002e-25
1573.44392,1.699e-25
1573.447888,4.4310000000000005e-26
1573.4516,3.492e-25
1573.454395,3.1430000000000003e-25
1573.45764,1.419e-24
1573.459469,1.5840000000000002e-26
1573.459566,7.254000000000001e-25
1573.461819,2.114e-24
1573.463582,1.5350000000000002e-26
1573.464107,3.9340000000000005e-26
1573.46588,3.795e-26
1573.469265,5.951000000000001e-26
1573.471116,4.071e-25
1573.471639,2.714e-23
1573.475339,3.618e-25
1573.476725,1.8810000000000003e-26
1573.480968,1.354e-24
1573.48175,8.150000000000001e-21
1573.482706,8.339e-21
1573.48622,2.564e-23
1573.487378,1.615e-25
1573.489531,3.983e-25
1573.493655,2.735e-23
1573.501425,5.333e-24
1573.502108,6.676000000000001e-26
1573.506779,6.484000000000001e-26
1573.510643,4.083e-24
1573.51332,1.091e-25
1573.517053,2.449e-26
1573.517648,4.419e-21
1573.517839,4.285e-21
1573.518931,5.048e-24
1573.51926,2.3690000000000003e-26
1573.522915,1.653e-25
1573.523652,3.926e-24
1573.534473,6.675000000000001e-26
1573.534795,4.799e-25
1573.538989,4.198e-25
1573.544747,1.21e-25
1573.547137,1.619e-24
1573.551172,4.429e-26
1573.553345,4.3430000000000006e-26
1573.555735,3.885e-25
1573.557859,1.187e-25
1573.560559,1.039e-26
1573.562507,5.745e-25
1573.563068,1.76e-25
1573.564988,3.574e-25
1573.567944,4.921e-25
1573.569583,9.594e-26
1573.571209,3.191e-23
1573.571335,3.48e-25
1573.571964,1.541e-24
1573.575042,3.737e-25
1573.577534,1.0210000000000002e-26
1573.580448,5.557e-21
1573.580562,5.402e-21
1573.585344,6.074e-24
1573.587101,1.352e-23
1573.589321,1.158e-23
1573.595891,1.811e-25
1573.596614,2.746e-26
1573.601691,7.034e-25
1573.601917,6.529e-21
1573.602342,2.568e-25
1573.603952,5.7299999999999996e-24
1573.606724,6.683e-21
1573.607977,5.854e-25
1573.619974,3.699e-23
1573.621546,7.078e-25
1573.626211,8.906e-25
1573.627777,3.44e-25
1573.629447,5.542e-26
1573.631799,1.846e-24
1573.632831,3.358e-25
1573.633135,4.7e-24
1573.634317,7.104e-25
1573.637896,1.441e-24
1573.639956,3.796e-25
1573.645256,3.86e-26
1573.646783,4.512e-24
1573.647841,2.099e-24
1573.648788,1.189e-24
1573.654306,8.516e-22
1573.655417,8.788e-22
1573.65818,4.308e-25
1573.658315,1.751e-24
1573.659118,1.7419999999999998e-22
1573.65967,8.858e-25
1573.659801,1.412e-24
1573.660656,1.871e-22
1573.661981,4.6e-25
1573.663437,1.746e-24
1573.664209,6.916e-24
1573.665459,1.1610000000000002e-25
1573.672022,6.243000000000001e-25
1573.673788,2.3e-25
1573.681044,1.128e-24
1573.684078,6.499999999999999e-24
1573.688873,7.599e-25
1573.688991,9.041e-23
1573.691141,1.443e-24
1573.704394,2.083e-22
1573.704806,1.055e-25
1573.706879,2.939e-24
1573.709394,1.5939999999999999e-24
1573.711607,2.102e-24
1573.712226,1.793e-24
1573.713803,2.2e-22
1573.714561,1.3959999999999999e-24
1573.715858,1.055e-26
1573.718173,9.738e-23
1573.722619,9.162e-26
1573.724204,3.952e-26
1573.725007,3.5059999999999995e-22
1573.726058,1.329e-26
1573.727379,2.124e-26
1573.738007,7.876e-24
1573.738732,1.1629999999999998e-22
1573.739591,1.51e-25
1573.739836,2.237e-24
1573.740048,1.988e-24
1573.743008,8.709e-25
1573.745023,1.433e-25
1573.745215,1.2669999999999998e-22
1573.745815,2.323e-24
1573.745881,8.862000000000001e-26
1573.746882,5.878e-25
1573.748262,4.26e-25
1573.750474,5.399e-24
1573.751136,1.488e-25
1573.751796,9.97e-22
1573.751864,1.287e-24
1573.753148,1.4820000000000002e-25
1573.754775,4.144e-25
1573.756902,2.83e-26
1573.759333,7.372e-24
1573.763861,1.231e-25
1573.764817,5.173e-24
1573.764847,8.083e-21
1573.76592,1.05e-21
1573.76612,2.747e-26
1573.766412,8.274e-21
1573.776685,2.247e-24
1573.777826,1.105e-25
1573.779414,1.063e-25
1573.783803,2.3590000000000003e-26
1573.785663,1.595e-26
1573.786537,2.394e-24
1573.789665,1.3330000000000002e-26
1573.790698,7.013e-25
1573.791643,1.549e-23
1573.794364,1.573e-25
1573.794701,3.771e-22
1573.795,1.33e-25
1573.795374,8.674000000000001e-25
1573.796185,1.3329999999999999e-24
1573.796398,1.521e-25
1573.797866,1.44e-25
1573.804348,1.634e-25
1573.805681,5.143e-25
1573.806718,8.979e-24
1573.817195,2.256e-24
1573.820213,1.556e-26
1573.820567,1.367e-25
1573.823078,1.711e-25
1573.823508,6.535000000000001e-26
1573.824814,6.328e-23
1573.826916,6.624e-23
1573.827979,5.189e-25
1573.828239,5.547e-26
1573.82975,8.364e-24
1573.830442,5.437e-26
1573.831672,1.611e-25
1573.839537,4.156e-25
1573.841043,6.47e-22
1573.842394,6.705999999999999e-22
1573.844439,4.9570000000000007e-26
1573.844534,4.409e-25
1573.844778,4.054e-25
1573.84479,1.385e-25
1573.846536,1.152e-26
1573.847718,1.348e-25
1573.848905,4.805e-26
1573.850988,1.534e-25
1573.85487,1.126e-26
1573.855602,1.396e-25
1573.855736,1.695e-26
1573.856557,2.7269999999999998e-24
1573.860569,4.6210000000000006e-26
1573.862657,6.1889999999999996e-24
1573.870316,1.025e-23
1573.871129,1.65e-25
1573.87776,5.918e-24
1573.877906,3.399e-24
1573.879152,2.519e-22
1573.87953,1.247e-24
1573.879703,4.909e-23
1573.881189,1.4419999999999998e-23
1573.882239,5.162e-23
1573.882908,2.237e-24
1573.885718,2.009e-25
1573.888229,4.522e-25
1573.88851,1.94e-25
1573.889802,2.56e-24
1573.895375,9.497e-24
1573.89654,7.265e-23
1573.900583,1.513e-24
1573.906035,2.991e-26
1573.908848,1.982e-25
1573.910419,5.064e-25
1573.912704,2.9140000000000005e-26
1573.913498,8.083e-23
1573.913564,2.1690000000000003e-26
1573.914514,3.2549999999999998e-24
1573.916368,9.55e-25
1573.919453,9.404e-22
1573.921238,2.99e-25
1573.921253,9.695e-22
1573.921619,3.108e-24
1573.925228,7.971000000000001e-26
1573.926372,5.06e-25
1573.92876,1.174e-23
1573.929293,7.693e-26
1573.930431,1.879e-25
1573.931656,3.67e-26
1573.932208,2.727e-22
1573.933063,4.919e-25
1573.941191,6.703000000000001e-26
1573.944445,1.843e-25
1573.951232,4.446e-25
1573.951777,3.779e-25
1573.956272,1.08e-23
1573.956819,1.2099999999999999e-24
1573.957937,2.905e-24
1573.962501,2.8030000000000003e-26
1573.969681,7.080999999999999e-24
1573.969767,3.941e-24
1573.973106,8.218000000000001e-25
1573.979997,3.5090000000000005e-26
1573.981658,3.55e-24
1573.981989,1.35e-23
1573.984489,9.007000000000001e-25
1573.98562,6.757e-24
1573.986906,1.073e-25
1573.988301,9.198e-26
1573.989556,1.04e-25
1573.991364,1.904e-25
1573.9958,6.744e-25
1573.999992,3.0650000000000005e-26
1574.001126,3.1730000000000004e-26
1574.001696,3.662e-26
1574.006582,4.324000000000001e-25
1574.008581,6.919000000000001e-25
1574.008993,3.61e-25
1574.012541,1.232e-23
1574.015094,1.506e-22
1574.018416,1.6279999999999998e-22
1574.019559,1.22e-26
1574.019674,2.152e-24
1574.020602,1.047e-24
1574.020807,4.888e-23
1574.021702,3.299e-24
1574.02556,3.2400000000000004e-21
1574.026414,3.356e-21
1574.029908,1.561e-23
1574.030016,4.853e-26
1574.030621,5.422e-23
1574.030651,1.285e-25
1574.030769,1.1880000000000002e-26
1574.036573,4.065e-24
1574.045681,7.801999999999999e-22
1574.045909,6.547000000000001e-26
1574.045951,5.0030000000000005e-25
1574.046086,4.729e-25
1574.046937,8.065999999999999e-22
1574.047134,4.849e-25
1574.047189,9.035e-26
1574.051387,4.878e-25
1574.052919,9.136e-25
1574.059731,8.524e-25
1574.064346,1.4109999999999998e-23
1574.066942,5.956e-24
1574.069583,1.829e-22
1574.071465,1.965e-22
1574.071541,8.089e-24
1574.072357,1.819e-23
1574.074187,5.235e-24
1574.076627,6.574000000000001e-25
1574.077078,1.001e-21
1574.07755,2.305e-24
1574.078356,1.814e-25
1574.079693,1.031e-21
1574.081257,3.754e-24
1574.082223,1.754e-25
1574.0862,4.6739999999999996e-24
1574.088405,7.701e-24
1574.090156,6.921e-26
1574.092524,6.781000000000001e-26
1574.093202,4.573e-25
1574.09882,1.017e-24
1574.099317,5.9920000000000005e-25
1574.099817,3.42e-25
1574.099842,2.031e-21
1574.104223,2.118e-21
1574.104512,2.899e-25
1574.106207,5.82e-25
1574.109043,2.144e-23
1574.111983,1.625e-23
1574.112195,1.679e-24
1574.114846,1.239e-24
1574.115403,8.971e-21
1574.117266,2.3290000000000003e-25
1574.117391,9.179e-21
1574.118168,7.881e-23
1574.120295,4.856e-24
1574.120921,3.776e-23
1574.121034,8.572e-23
1574.126775,1.434e-26
1574.12869,8.501e-21
1574.130256,5.404e-24
1574.130528,1.392e-26
1574.131748,2.283e-25
1574.132353,8.697e-21
1574.136682,5.984000000000001e-26
1574.136889,4.283e-24
1574.13914,8.297e-25
1574.140953,5.817e-26
1574.142654,7.169000000000001e-26
1574.146441,1.149e-25
1574.148961,4.258e-25
1574.149554,2.726e-25
1574.15046,6.229e-25
1574.15607,1.885e-23
1574.156381,7.766e-25
1574.156399,5.675e-26
1574.157185,1.282e-24
1574.163571,2.5e-25
1574.168232,9.228e-24
1574.172981,7.462999999999999e-24
1574.173708,1.999e-25
1574.180669,1.172e-25
1574.185481,7.125e-26
1574.186123,8.762e-24
1574.189149,4.904e-24
1574.196018,5.512e-26
1574.203453,7.104e-26
1574.203737,6.573e-23
1574.207784,7.209e-23
1574.208961,3.569e-22
1574.211971,2.239e-26
1574.212551,3.037e-25
1574.212769,3.736e-22
1574.213097,6.947000000000001e-26
1574.213612,2.1690000000000003e-26
1574.221169,6.264000000000001e-25
1574.230816,6.126e-25
1574.23844,3.552e-25
1574.246304,2.913e-25
1574.24704,6.003e-25
1574.247953,6.864e-21
1574.24828,7.051e-21
1574.252679,5.849e-25
1574.255463,5.888e-23
1574.257244,1.037e-25
1574.257846,6.177e-23
1574.259525,9.994e-26
1574.259747,1.052e-23
1574.266548,1.817e-25
1574.267107,7.073e-25
1574.268349,1.881e-25
1574.268903,3.265e-23
1574.269032,5.170999999999999e-22
1574.270699,5.382999999999999e-22
1574.273559,2.708e-25
1574.274355,6.854e-25
1574.277275,2.66e-23
1574.278789,9.956e-24
1574.291317,3.106e-25
1574.298163,1.296e-25
1574.299189,1.246e-25
1574.300097,2.876e-25
1574.306229,7.58e-25
1574.306867,3.055e-23
1574.308699,3.15e-26
1574.311546,2.047e-23
1574.315059,2.8190000000000003e-25
1574.319879,2.1590000000000003e-26
1574.320585,1.097e-26
1574.324614,2.626e-25
1574.343231,8.945e-25
1574.346074,1.198e-23
1574.346355,2.122e-25
1574.346477,2.608e-24
1574.354453,8.604e-26
1574.356878,8.426000000000001e-26
1574.366416,1.13e-23
1574.371408,8.396e-21
1574.372572,8.604e-21
1574.375,4.909e-25
1574.376777,2.556e-24
1574.383337,3.181e-25
1574.38474,2.437e-23
1574.396559,1.223e-25
1574.40586,2.5520000000000003e-26
1574.409937,2.522e-23
1574.41465,2.4790000000000003e-26
1574.41588,1.102e-25
1574.419049,2.703e-23
1574.422702,1.086e-25
1574.422904,2.2899999999999998e-24
1574.426929,6.720999999999999e-23
1574.427201,1.3639999999999998e-23
1574.428119,1.4860000000000003e-26
1574.429483,1.4600000000000002e-26
1574.429723,7.035e-23
1574.429744,8.323000000000001e-25
1574.435234,2.275e-23
1574.436959,8.068e-25
1574.438724,6.577000000000001e-25
1574.442793,7.178e-25
1574.444088,1.3650000000000002e-26
1574.448646,6.989e-25
1574.448922,3.71e-26
1574.449025,1.282e-23
1574.449639,4.09e-26
1574.450005,3.5840000000000003e-26
1574.459921,2.596e-26
1574.468777,2.9380000000000005e-26
1574.469649,2.8410000000000005e-26
1574.471557,1.181e-24
1574.474075,4.596e-25
1574.476777,8.789e-25
1574.478921,3.539e-25
1574.479628,8.161000000000001e-25
1574.480308,1.13e-25
1574.483602,1.069e-23
1574.48555,8.853e-25
1574.485606,1.274e-23
1574.486341,1.106e-25
1574.493022,1.1430000000000002e-26
1574.494377,3.4670000000000003e-25
1574.495238,1.163e-26
1574.497754,1.119e-25
1574.50311,1.553e-23
1574.505128,6.211e-25
1574.506087,2.721e-23
1574.506862,1.092e-25
1574.510738,2.195e-24
1574.512039,1.219e-24
1574.513892,4.713e-21
1574.513915,4.866e-21
1574.521131,1.335e-25
1574.52195,1.423e-25
1574.522669,4.4990000000000006e-26
1574.523441,2.6320000000000004e-26
1574.526494,4.366e-26
1574.526642,1.454e-23
1574.529191,1.4260000000000002e-26
1574.529223,1.4020000000000002e-25
1574.529732,2.566e-26
1574.534248,1.06e-26
1574.544648,1.221e-25
1574.546138,1.175e-25
1574.548774,4.269e-25
1574.554532,2.275e-24
1574.554693,1.634e-25
1574.557469,8.065e-25
1574.561852,8.149e-25
1574.562109,1.392e-26
1574.562676,1.185e-25
1574.563007,1.142e-25
1574.564691,1.702e-26
1574.570628,2.427e-25
1574.573777,1.7699999999999998e-23
1574.578344,2.4780000000000003e-25
1574.579762,2.8040000000000003e-25
1574.582317,3.358e-25
1574.583231,7.355000000000001e-26
1574.587095,7.123000000000001e-26
1574.587236,9.763e-25
1574.590002,1.195e-24
1574.591517,2.576e-25
1574.5947,9.456e-25
1574.595217,6.221e-21
1574.595236,6.043e-21
1574.595988,8.194e-23
1574.59661,3.479e-26
1574.599301,1.649e-23
1574.599706,1.578e-25
1574.602044,1.6940000000000002e-26
1574.602746,7.21e-25
1574.606818,1.066e-25
1574.607573,3.116e-26
1574.609396,1.043e-25
1574.616793,1.663e-26
1574.620458,4.4179999999999996e-24
1574.624173,5.15e-24
1574.625334,1.831e-25
1574.62581,3.455e-22
1574.626413,1.54e-26
1574.630388,1.817e-25
1574.632967,8.890999999999999e-23
1574.633075,1.802e-25
1574.633223,8.556e-25
1574.634558,1.145e-24
1574.635424,7.557e-21
1574.636327,1.58e-24
1574.63648,2.078e-22
1574.638158,1.1e-22
1574.639168,2.021e-23
1574.639299,8.324e-25
1574.639806,7.742e-21
1574.646137,1.2079999999999998e-22
1574.647749,3.366e-26
1574.647879,3.337e-26
1574.648179,2.202e-22
1574.649163,5.441e-25
1574.649182,1.079e-26
1574.649514,3.4840000000000006e-26
1574.650226,1.665e-23
1574.653739,4.34e-25
1574.659934,1.052e-26
1574.662241,4.412e-24
1574.667054,1.873e-23
1574.668646,5.364e-24
1574.669324,2.594e-25
1574.669704,4.25e-25
1574.672693,2.0849999999999998e-24
1574.674985,9.713e-26
1574.675664,9.79e-22
1574.676797,9.424e-26
1574.676808,5.412e-25
1574.677679,9.402e-22
1574.67897,9.711e-22
1574.6828,2.129e-26
1574.683162,5.081e-25
1574.684747,2.559e-24
1574.686172,6.401000000000001e-26
1574.686492,1.344e-25
1574.692907,2.054e-24
1574.693269,1.035e-21
1574.695949,1.31e-25
1574.697311,3.753e-25
1574.698147,3.719e-22
1574.699233,2.315e-23
1574.700888,5.126e-25
1574.704103,1.788e-25
1574.709349,1.396e-25
1574.71241,1.031e-21
1574.712847,9.167e-25
1574.713191,1.064e-21
1574.714704,1.365e-25
1574.726058,2.346e-25
1574.729974,2.131e-23
1574.731596,2.4810000000000003e-25
1574.734285,2.309e-25
1574.736239,7.483999999999999e-23
1574.736659,1.82e-24
1574.737512,8.202e-23
1574.739585,1.142e-24
1574.740974,1.133e-24
1574.742516,1.536e-23
1574.744099,3.247e-25
1574.744425,1.6430000000000002e-25
1574.747295,1.105e-24
1574.749913,3.592e-25
1574.753162,1.986e-25
1574.753902,2.661e-23
1574.755436,1.4010000000000002e-25
1574.756878,2.704e-24
1574.757432,5.0210000000000005e-25
1574.761033,5.337000000000001e-26
1574.76499,5.192e-26
1574.765517,3.721e-26
1574.768302,2.759e-24
1574.769759,1.834e-22
1574.774809,9.39e-21
1574.775995,9.618e-21
1574.781771,6.454e-23
1574.784188,2.642e-24
1574.785575,2.548e-24
1574.786913,1.293e-26
1574.788177,2.43e-23
1574.790358,1.256e-26
1574.790844,7.964e-25
1574.791642,1.37e-25
1574.79791,3.3540000000000004e-26
1574.798926,2.673e-26
1574.799611,3.243e-26
1574.802315,1.381e-25
1574.803059,3.077e-23
1574.804096,1.426e-25
1574.804105,7.281999999999999e-23
1574.809335,6.57e-26
1574.813037,8.690000000000001e-26
1574.817035,9.542e-25
1574.818325,1.016e-24
1574.822027,1.114e-24
1574.824151,2.994e-25
1574.824551,5.302000000000001e-25
1574.824636,9.88e-25
1574.825204,5.042e-23
1574.827968,5.316999999999999e-23
1574.828789,6.976e-22
1574.830282,7.240999999999999e-22
1574.832022,4.753e-25
1574.832882,2.946e-25
1574.833259,1.191e-24
1574.837605,2.005e-22
1574.841041,5.19e-25
1574.841855,2.783e-23
1574.843357,1.998e-24
1574.84469,8.058e-25
1574.846512,3.586e-23
1574.854861,5.386e-25
1574.858909,1.315e-25
1574.859398,2.039e-26
1574.85959,8.737e-25
1574.860765,1.149e-24
1574.861109,1.977e-26
1574.861565,1.287e-25
1574.864955,5.155e-25
1574.870238,1.607e-25
1574.870482,2.188e-24
1574.873332,1.7239999999999998e-22
1574.875948,1.863e-22
1574.880062,1.5660000000000002e-25
1574.881365,5.219000000000001e-26
1574.882922,1.0099999999999999e-24
1574.883909,4.226e-23
1574.886797,1.3319999999999999e-24
1574.891362,3.205e-23
1574.891377,8.321000000000001e-25
1574.894766,1.287e-24
1574.905175,4.443e-23
1574.906324,1.454e-22
1574.909928,1.582e-22
1574.913725,3.371e-26
1574.917801,4.992e-23
1574.918947,5.073e-26
1574.919641,3.808e-25
1574.924293,8.638000000000001e-25
1574.925758,5.506000000000001e-26
1574.928897,3.745e-25
1574.92994,1.714e-25
1574.934709,1.672e-25
1574.937449,4.4e-26
1574.937452,3.717e-23
1574.938868,5.391e-26
1574.939471,2.353e-24
1574.944336,5.38e-25
1574.946123,5.165e-25
1574.95285,1.1369999999999999e-24
1574.953503,1.025e-24
1574.98399,7.867000000000001e-25
1574.985666,1.18e-25
1574.991355,6.456e-25
1574.993085,4.952e-25
1574.995715,9.841e-21
1574.997973,3.474e-21
1574.998107,1.2029999999999999e-24
1574.998217,5.174e-25
1574.998613,1.357e-25
1574.998884,1.0080000000000002e-20
1574.999358,3.604e-21
1575.003007,1.389e-24
1575.004665,1.169e-24
1575.005965,4.848e-25
1575.008388,6.3160000000000005e-25
1575.012557,4.823e-25
1575.018298,1.904e-26
1575.022358,4.742e-25
1575.027519,5.9910000000000005e-25
1575.028056,4.273e-26
1575.028875,1.549e-24
1575.030454,2.371e-26
1575.037119,1.495e-24
1575.040151,8.515e-22
1575.041466,8.814e-22
1575.048337,2.1070000000000002e-21
1575.048992,1.916e-25
1575.049202,2.29e-26
1575.050022,1.107e-26
1575.052586,3.116e-25
1575.054033,2.202e-21
1575.057592,2.227e-26
1575.059202,1.866e-25
1575.060021,3.47e-25
1575.06866,4.806e-25
1575.070593,2.183e-24
1575.075006,1.096e-21
1575.075398,3.124e-24
1575.077534,1.13e-21
1575.077632,1.31e-25
1575.079326,3.414e-25
1575.079481,1.269e-25
1575.092213,5.3460000000000005e-25
1575.095243,7.852e-23
1575.096836,8.604e-23
1575.101299,1.617e-25
1575.102911,1.329e-24
1575.102928,6.087e-25
1575.102987,3.145e-26
1575.1041,1.582e-25
1575.105271,6.171e-23
1575.110391,6.833999999999999e-23
1575.113297,5.9830000000000005e-25
1575.119373,2.068e-24
1575.127062,1.692e-25
1575.128655,5.1050000000000005e-26
1575.128663,3.926e-23
1575.130188,1.638e-25
1575.134858,2.305e-26
1575.138443,4.419e-25
1575.140792,2.249e-26
1575.141401,6.085e-23
1575.143062,5.446e-26
1575.143428,6.399e-23
1575.144761,2.09e-25
1575.145295,2.126e-23
1575.148985,2.037e-25
1575.154152,7.833000000000001e-25
1575.15469,3.345e-25
1575.157815,3.025e-26
1575.159297,3.682e-22
1575.164042,3.865e-22
1575.165822,1.796e-24
1575.166279,1.041e-24
1575.171749,7.659e-25
1575.172567,1.421e-24
1575.173857,9.579e-26
1575.174354,1.731e-24
1575.175116,9.243e-26
1575.176149,1.212e-25
1575.1771,1.004e-20
1575.179386,1.379e-24
1575.181579,1.028e-20
1575.187016,2.505e-23
1575.190784,7.653e-25
1575.198304,1.165e-24
1575.198731,4.057e-26
1575.199572,6.81e-25
1575.201744,7.519000000000001e-25
1575.201885,3.942e-26
1575.203378,1.0729999999999999e-24
1575.204532,1.5259999999999999e-24
1575.205455,3.995e-25
1575.220174,1.511e-25
1575.222755,2.277e-25
1575.225752,1.9899999999999999e-25
1575.22944,3.319e-25
1575.229554,1.196e-24
1575.23337,2.216e-25
1575.237404,5.466e-22
1575.239454,5.7000000000000015e-22
1575.246219,1.937e-23
1575.257601,9.766e-25
1575.259071,6.449e-25
1575.259585,5.61e-25
1575.260312,6.983000000000001e-26
1575.269273,1.921e-25
1575.26963,1.269e-26
1575.275005,8.755e-26
1575.275341,6.777e-26
1575.276155,9.585e-25
1575.276161,7.761e-21
1575.276533,7.978000000000001e-21
1575.277177,8.502000000000001e-26
1575.278879,6.556e-26
1575.279391,1.141e-21
1575.280636,2.443e-26
1575.280797,1.177e-21
1575.280817,3.367e-23
1575.281303,1.213e-23
1575.281635,1.55e-25
1575.284126,1.6500000000000002e-26
1575.287729,9.414e-25
1575.288005,2.405e-26
1575.289379,1.4629999999999999e-24
1575.297643,2.078e-24
1575.301025,1.239e-26
1575.301666,8.855000000000001e-26
1575.304258,2.528e-25
1575.305078,2.687e-24
1575.306638,1.998e-24
1575.312942,9.47e-25
1575.317705,6.796e-23
1575.318629,9.892e-26
1575.320531,7.13e-23
1575.32151,1.515e-25
1575.323927,1.498e-25
1575.325465,1.468e-25
1575.327991,2.449e-23
1575.32885,2.372e-23
1575.330227,9.095e-25
1575.331123,9.255e-25
1575.335562,1.6390000000000002e-25
1575.339263,2.639e-23
1575.341594,1.982e-25
1575.34171,1.672e-24
1575.344493,1.937e-25
1575.347056,5.701e-26
1575.348805,1.621e-24
1575.349147,8.772e-25
1575.352285,2.536e-25
1575.356021,2.468e-25
1575.35907,1.196e-24
1575.365638,1.947e-25
1575.370944,9.587e-24
1575.371019,1.354e-26
1575.371286,1.174e-24
1575.37606,2.58e-26
1575.377346,1.4619999999999999e-24
1575.377699,2.664e-26
1575.379447,1.1699999999999998e-23
1575.380287,3.1189999999999998e-24
1575.382018,9.004e-26
1575.384151,4.736e-26
1575.387712,4.6110000000000006e-26
1575.391526,2.698e-25
1575.392429,1.527e-23
1575.392603,3.648e-25
1575.396399,1.537e-25
1575.397192,1.673e-24
1575.402568,2.623e-25
1575.413494,2.656e-24
1575.415643,1.511e-25
1575.421994,9.685e-21
1575.423138,9.931e-21
1575.424341,2.397e-24
1575.427624,1.613e-24
1575.428854,1.579e-25
1575.430341,3.099e-24
1575.43359,2.304e-24
1575.437643,3.691e-25
1575.43956,1.487e-24
1575.440795,2.7150000000000003e-26
1575.442751,8.679e-26
1575.443807,1.309e-26
1575.444289,1.159e-26
1575.444955,2.554e-24
1575.447398,1.1270000000000002e-26
1575.452445,1.459e-24
1575.454311,5.288000000000001e-25
1575.455858,1.181e-25
1575.459208,5.804e-25
1575.464523,8.409000000000001e-26
1575.467723,1.141e-24
1575.474142,9.861e-25
1575.484871,3.89e-25
1575.486248,3.539e-25
1575.486513,1.114e-24
1575.495775,1.655e-22
1575.496832,7.115e-23
1575.497438,1.8000000000000001e-22
1575.499704,2.618e-26
1575.500566,1.549e-24
1575.502085,5.9980000000000005e-25
1575.504334,9.642e-25
1575.505164,5.1540000000000004e-21
1575.505439,5.327e-21
1575.505536,1.961e-24
1575.506596,1.777e-23
1575.508062,1.388e-24
1575.511428,1.166e-25
1575.512922,1.899e-24
1575.515186,2.839e-25
1575.517655,1.842e-24
1575.519142,4.864e-25
1575.524295,3.4000000000000003e-22
1575.524493,8.166000000000001e-25
1575.531238,1.807e-24
1575.531567,1.022e-22
1575.532983,3.006e-26
1575.533816,3.063e-26
1575.536533,3.1540000000000004e-26
1575.539889,9.925e-25
1575.541591,1.1339999999999998e-22
1575.544207,7.792e-23
1575.544225,3.103e-26
1575.545916,2.76e-24
1575.547455,6.2e-26
1575.551091,1.846e-26
1575.552169,1.7910000000000003e-26
1575.554158,3.06e-25
1575.554798,2.716e-26
1575.555304,3.186e-25
1575.555541,2.648e-24
1575.557429,2.9740000000000003e-25
1575.562216,3.016e-25
1575.563429,2.045e-22
1575.566797,3.094e-25
1575.567463,2.6650000000000005e-26
1575.567917,8.319000000000001e-25
1575.568346,1.084e-25
1575.573709,2.42e-25
1575.576752,2.364e-25
1575.577973,2.176e-22
1575.579978,1.778e-26
1575.582136,1.527e-25
1575.584019,1.577e-25
1575.58431,4.1820000000000006e-26
1575.593386,2.273e-24
1575.593589,8.66e-25
1575.593619,8.91e-26
1575.595032,9.436e-22
1575.595621,8.607000000000001e-26
1575.597684,1.069e-25
1575.599383,3.662e-22
1575.600719,4.097e-26
1575.601801,1.623e-23
1575.601855,2.244e-26
1575.602319,4.771e-26
1575.603565,3.858e-26
1575.604978,3.784e-26
1575.605002,6.724e-21
1575.605096,6.929e-21
1575.60648,1.126e-25
1575.60744,1.086e-25
1575.607698,2.229e-24
1575.614036,1.755e-24
1575.615633,1.176e-24
1575.616952,1.002e-21
1575.618496,1.37e-24
1575.624767,3.177e-24
1575.63792,1.337e-24
1575.638029,4.642e-26
1575.638143,7.188e-25
1575.643506,1.1150000000000002e-20
1575.644427,1.141e-20
1575.648101,1.72e-26
1575.653438,9.998e-23
1575.653549,1.508e-25
1575.654546,7.975e-25
1575.65766,1.8999999999999998e-24
1575.659958,5.501999999999999e-23
1575.661111,1.457e-25
1575.662372,3.17e-24
1575.664047,2.294e-24
1575.664743,6.466e-25
1575.665185,8.692e-21
1575.665249,2.168e-26
1575.665758,1.658e-24
1575.666784,2.7939999999999998e-24
1575.666938,5.729e-25
1575.669107,1.032e-21
1575.669203,8.913e-21
1575.670294,1.067e-21
1575.671586,2.344e-24
1575.671743,2.219e-24
1575.672414,3.036e-24
1575.676619,6.369000000000001e-26
1575.678592,5.947000000000001e-25
1575.681858,2.739e-24
1575.687058,2.045e-26
1575.690312,6.324e-23
1575.692132,6.799000000000001e-26
1575.695072,1.99e-26
1575.700771,1.0709999999999999e-24
1575.704338,3.829e-25
1575.713014,7.456000000000001e-26
1575.714091,3.75e-25
1575.718111,3.104e-24
1575.720282,3.752e-25
1575.726061,3.639e-25
1575.729067,1.5949999999999999e-24
1575.737879,3.423e-24
1575.74075,2.009e-26
1575.741662,1.106e-22
1575.746336,1.962e-26
1575.749485,3.675e-25
1575.751062,6.856e-23
1575.752324,3.567e-25
1575.753066,7.208e-23
1575.753751,3.354e-24
1575.755909,3.1250000000000003e-26
1575.757065,3.025e-26
1575.762726,5.139e-23
1575.76526,1.64e-24
1575.76574,5.435999999999999e-23
1575.773711,3.633e-24
1575.780209,1.126e-24
1575.783602,3.923e-23
1575.784212,3.473e-24
1575.785348,1.599e-24
1575.786284,3.267e-24
1575.787607,3.096e-24
1575.787991,4.0560000000000005e-26
1575.795542,5.9860000000000005e-25
1575.79601,3.99e-26
1575.796246,2.4470000000000003e-26
1575.796841,2.371e-26
1575.797452,1.712e-24
1575.800346,4.48e-23
1575.802507,2.944e-25
1575.805662,2.875e-25
1575.806702,4.178e-24
1575.811292,7.478999999999999e-22
1575.812957,7.773999999999999e-22
1575.816636,1.923e-25
1575.817243,2.675e-24
1575.819103,1.3859999999999998e-22
1575.823409,4.091e-24
1575.823545,1.52e-22
1575.82527,2.585e-24
1575.836203,8.859e-25
1575.842354,1.122e-26
1575.853058,1.143e-24
1575.854335,3.641e-25
1575.860614,6.3190000000000005e-25
1575.862962,6.162e-25
1575.867114,3.32e-24
1575.867885,4.4e-25
1575.868541,1.021e-25
1575.868636,9.859e-26
1575.870084,3.63e-26
1575.870301,9.111e-25
1575.872269,3.813e-25
1575.872526,3.532e-26
1575.873283,5.082e-24
1575.878458,7.112e-23
1575.879351,1.7379999999999997e-22
1575.879931,4.157e-24
1575.880361,4.266e-25
1575.881169,1.89e-22
1575.881685,7.867999999999999e-23
1575.887896,1.091e-20
1575.889439,1.118e-20
1575.890866,4.974e-24
1575.89094,3.964e-24
1575.902008,3.521e-25
1575.906972,6.243000000000001e-25
1575.908014,1.956e-24
1575.908814,9.366e-25
1575.910658,1.057e-25
1575.912155,1.02e-25
1575.914484,1.669e-24
1575.914828,6.202000000000001e-26
1575.918346,6.006000000000001e-26
1575.924631,1.183e-26
1575.928798,1.907e-24
1575.928862,3.643e-26
1575.933317,1.1500000000000002e-21
1575.935114,1.188e-21
1575.936229,5.9820000000000005e-25
1575.937654,6.159e-24
1575.939257,4.394e-25
1575.941673,4.259e-25
1575.950177,4.634e-25
1575.954522,3.569e-25
1575.954715,6.95e-25
1575.956156,6.024e-24
1575.962086,6.714e-24
1575.965126,3.111e-24
1575.965745,3.7e-21
1575.965927,7.842e-26
1575.967114,7.622000000000001e-26
1575.967757,3.844e-21
1575.968311,4.018e-24
1575.969864,1.608e-24
1575.973505,3.003e-24
1575.981035,4.748e-24
1575.98369,5.689e-23
1575.989882,6.376e-23
1575.990625,2.828e-26
1575.990928,5.395e-25
1575.992332,2.166e-21
1575.992517,2.921e-26
1575.992607,4.518e-24
1575.995018,4.183e-26
1575.9983,4.0750000000000005e-26
1575.999604,2.2680000000000002e-21
1575.999844,7.438e-24
1576.002373,1.5099999999999998e-23
1576.003916,1.459e-25
1576.004376,7.392e-24
1576.006967,1.123e-26
1576.008482,6.598000000000001e-25
1576.011183,6.057e-25
1576.01568,2.3180000000000003e-25
1576.016684,5.148e-25
1576.01854,9.386e-26
1576.019313,7.271e-24
1576.020541,3.679e-24
1576.024137,3.569e-25
1576.027439,3.483e-25
1576.029058,9.242e-22
1576.0297,4.986000000000001e-25
1576.030436,9.579e-22
1576.031868,1.055e-24
1576.035008,5.197e-26
1576.036937,1.097e-26
1576.038869,4.754e-26
1576.03915,4.849e-26
1576.04184,1.82e-25
1576.042517,3.849e-25
1576.043358,5.1100000000000005e-26
1576.043757,1.412e-25
1576.046759,2.325e-24
1576.047561,2.888e-25
1576.056588,2.543e-25
1576.059884,8.951e-24
1576.063788,1.813e-24
1576.064881,1.85e-23
1576.068274,2.265e-24
1576.075762,1.234e-21
1576.07702,5.417e-24
1576.078371,1.274e-21
1576.080369,8.745e-24
1576.084841,9.385e-25
1576.085937,6.232e-25
1576.089221,5.14e-24
1576.09327,3.081e-24
1576.093488,1.034e-26
1576.094924,9.864e-25
1576.096327,1.006e-26
1576.104538,3.768e-22
1576.107697,3.608e-24
1576.109837,2.8020000000000004e-26
1576.11042,3.966e-22
1576.111475,2.7150000000000003e-26
1576.116453,3.478e-24
1576.116607,8.814e-25
1576.117803,1.074e-23
1576.117884,1.558e-25
1576.122976,5.232e-25
1576.123365,1.764e-24
1576.124985,5.063e-25
1576.12867,3.221e-24
1576.129762,8.679e-25
1576.132291,4.046e-23
1576.139361,1.048e-23
1576.141522,1.138e-25
1576.143896,1.173e-25
1576.146677,6.269e-23
1576.149178,6.61e-23
1576.149258,1.963e-25
1576.149697,1.022e-25
1576.152255,6.061e-26
1576.153725,5.939e-26
1576.156711,5.281e-26
1576.158175,1.676e-24
1576.16049,6.006e-25
1576.161896,8.077e-25
1576.167885,6.1729999999999996e-24
1576.170613,1.651e-24
1576.171678,4.474e-25
1576.172817,3.5970000000000004e-25
1576.173631,1.283e-23
1576.17408,5.811e-25
1576.175224,1.799e-23
1576.180106,1.6640000000000003e-26
1576.180791,5.8399999999999996e-24
1576.181369,1.6160000000000002e-26
1576.181454,5.717000000000001e-26
1576.181492,2.755e-24
1576.182072,3.1150000000000004e-26
1576.188106,2.1080000000000003e-26
1576.194618,8.299e-25
1576.19576,8.119e-25
1576.196321,1.252e-23
1576.200623,5.740999999999999e-22
1576.201606,3.054e-26
1576.203133,5.998e-22
1576.203777,2.682e-24
1576.214209,5.076e-25
1576.215923,2.933e-24
1576.217927,3.4540000000000003e-25
1576.219076,3.466e-24
1576.219378,1.5929999999999999e-24
1576.227397,1.5279999999999998e-23
1576.231821,1.162e-20
1576.233142,1.147e-24
1576.235427,1.19e-20
1576.240269,2.343e-23
1576.24165,4.312e-25
1576.244955,4.174e-24
1576.245079,4.206e-25
1576.250567,8.24e-24
1576.251284,1.49e-23
1576.253292,1.226e-20
1576.253625,7.03e-24
1576.253727,6.6e-25
1576.254117,4.017e-24
1576.254363,2.542e-23
1576.25518,1.256e-20
1576.26733,6.628e-24
1576.269137,2.282e-23
1576.269163,1.036e-23
1576.273074,1.5939999999999999e-24
1576.277585,6.634e-26
1576.279129,1.814e-23
1576.284642,1.356e-24
1576.28627,6.521e-26
1576.288834,3.44e-23
1576.2993,6.987e-25
1576.299354,8.73e-21
1576.299779,8.982e-21
1576.300827,5.397e-25
1576.301226,6.203e-25
1576.302829,5.9940000000000005e-25
1576.304285,1.7669999999999998e-23
1576.311901,4.518e-25
1576.312215,3.2549999999999998e-24
1576.313504,6.752e-25
1576.314558,7.261e-23
1576.317239,7.635e-23
1576.317648,7.933e-25
1576.319254,1.817e-26
1576.31926,4.337e-26
1576.326915,1.7690000000000003e-26
1576.328855,2.147e-23
1576.334235,8.004e-24
1576.334327,1.068e-25
1576.335312,3.166e-24
1576.336167,1.038e-25
1576.337676,1.397e-25
1576.340495,1.7430000000000002e-26
1576.341118,1.355e-25
1576.345753,1.7030000000000003e-26
1576.348219,1.665e-24
1576.348851,7.518e-24
1576.353243,4.222e-26
1576.355359,2.09e-23
1576.357882,2.899e-25
1576.360659,1.883e-23
1576.369306,7.787e-25
1576.371256,1.2029999999999999e-24
1576.372104,3.433e-25
1576.376602,2.533e-23
1576.37671,2.842e-25
1576.3769,4.8159999999999996e-24
1576.386501,4.628e-24
1576.390726,5.782e-23
1576.400806,3.069e-24
1576.404542,2.463e-23
1576.406145,1.362e-24
1576.407316,5.936000000000001e-26
1576.409333,3.718e-24
1576.409706,9.115e-24
1576.419065,9.292e-23
1576.42023,3.337e-22
1576.422397,2.978e-23
1576.425139,4.287e-26
1576.425371,8.526e-24
1576.430343,6.068e-25
1576.431771,1.6099999999999997e-24
1576.431986,1.044e-22
1576.433112,8.106e-25
1576.435922,4.2010000000000006e-26
1576.438924,3.8329999999999996e-24
1576.447975,7.823e-25
1576.45116,2.9850000000000003e-25
1576.451867,2.893e-23
1576.452365,6.407e-23
1576.452661,5.192e-25
1576.456242,5.061e-25
1576.458962,1.7e-23
1576.462883,3.724e-24
1576.466263,3.491e-23
1576.468231,1.288e-24
1576.471235,1.112e-20
1576.472403,1.141e-20
1576.473752,7.327e-25
1576.474951,7.067e-25
1576.474959,1.556e-24
1576.476061,1.249e-24
1576.480026,1.039e-23
1576.481419,7.309999999999999e-25
1576.482286,3.747e-24
1576.485134,1.983e-22
1576.486396,5.527e-25
1576.490553,5.275000000000001e-25
1576.491645,5.604e-21
1576.492219,5.799e-21
1576.496913,9.671e-24
1576.497373,3.388e-23
1576.498187,3.597e-22
1576.498833,2.3280000000000003e-25
1576.503252,2.12e-22
1576.503533,5.543e-24
1576.508225,4.08e-23
1576.509742,8.886e-22
1576.50988,1.041e-25
1576.512087,1.017e-25
1576.512839,7.504e-25
1576.513607,5.319e-24
1576.51572,8.436000000000001e-26
1576.524744,8.290000000000001e-26
1576.529734,4.397e-23
1576.531819,1.327e-24
1576.532083,7.555e-26
1576.532283,7.4e-26
1576.53654,6.570999999999999e-23
1576.537071,9.477e-22
1576.537648,1.2410000000000002e-25
1576.538321,7.353e-23
1576.53841,5.085e-25
1576.539634,7.001e-26
1576.540741,3.225e-26
1576.541095,3.956e-23
1576.541372,6.81e-26
1576.541705,1.205e-25
1576.54242,3.142e-26
1576.543084,6.101e-26
1576.545177,1.187e-23
1576.548304,4.755e-23
1576.549066,4.323000000000001e-25
1576.550486,8.127000000000001e-26
1576.55148,7.861000000000001e-26
1576.552362,3.169e-25
1576.561356,1.09e-24
1576.561619,4.499e-24
1576.561926,9.379e-25
1576.563506,1.098e-23
1576.564542,1.514e-25
1576.572783,5.187e-23
1576.574111,6.553000000000001e-25
1576.577499,9.039e-25
1576.583072,4.605e-23
1576.586493,4.368e-24
1576.586522,5.526e-23
1576.588982,1.652e-25
1576.593908,1.93e-24
1576.594539,2.6380000000000003e-25
1576.604876,5.642000000000001e-26
1576.605133,1.3589999999999998e-23
1576.60678,3.6750000000000005e-26
1576.60793,5.469e-26
1576.60966,3.582e-26
1576.609856,7.443000000000001e-21
1576.610086,7.677e-21
1576.622895,6.405e-23
1576.623341,5.345e-23
1576.624851,6.367e-24
1576.625195,1.249e-23
1576.634799,2.538e-25
1576.63544,6.098e-24
1576.639147,2.192e-26
1576.640894,8.622e-25
1576.641682,8.302e-25
1576.644881,7.035e-25
1576.648602,2.6639999999999998e-24
1576.651488,1.211e-25
1576.655361,3.324e-23
1576.655883,1.596e-22
1576.657439,7.405e-23
1576.658816,1.75e-22
1576.659031,6.231e-25
1576.659856,1.562e-23
1576.661944,6.186999999999999e-23
1576.662756,6.069e-25
1576.674826,2.7140000000000005e-26
1576.675321,1.247e-24
1576.675861,9.372e-26
1576.677414,9.176e-26
1576.678113,1.127e-21
1576.678449,3.881e-23
1576.67946,1.166e-21
1576.680298,5.266e-24
1576.682041,1.4239999999999998e-23
1576.682197,1.267e-25
1576.68503,1.237e-25
1576.685738,1.082e-24
1576.689805,6.9660000000000005e-25
1576.690166,8.540999999999999e-23
1576.691132,9.938e-21
1576.692167,9.092e-26
1576.69484,1.02e-20
1576.694943,4.121e-26
1576.696137,1.552e-24
1576.696897,5.198e-23
1576.698923,7.142e-23
1576.700261,5.517e-23
1576.701348,3.3840000000000003e-26
1576.701476,1.228e-26
1576.702078,1.042e-24
1576.704259,7.006e-25
1576.704791,1.3009999999999998e-22
1576.706146,5.107e-24
1576.709287,1.806e-23
1576.709966,1.441e-22
1576.714873,1.72e-24
1576.715002,6.959e-26
1576.717757,4.2560000000000005e-26
1576.721083,9.829e-23
1576.721546,1.365e-25
1576.722277,2.278e-26
1576.722835,5.409e-26
1576.723503,4.418e-26
1576.731445,2.126e-26
1576.733549,2.1910000000000003e-26
1576.734144,1.631e-23
1576.734324,8.225e-23
1576.734581,1.502e-24
1576.738597,7.094e-25
1576.740855,7.298e-24
1576.742108,1.3500000000000002e-26
1576.744757,2.2350000000000003e-26
1576.745904,1.382e-24
1576.747857,3.748e-24
1576.747885,1.252e-21
1576.747947,1.012e-25
1576.748718,1.294e-21
1576.749412,1.069e-25
1576.750191,1.129e-22
1576.750544,1.2649999999999999e-24
1576.752005,6.976e-24
1576.753199,6.667e-25
1576.753329,2.105e-23
1576.7572,7.056e-25
1576.758782,1.05e-25
1576.759168,1.3220000000000002e-25
1576.768195,9.449e-23
1576.772912,1.154e-26
1576.777486,1.2939999999999998e-22
1576.781672,1.878e-23
1576.784303,1.5480000000000002e-26
1576.78701,3.616e-24
1576.788546,7.970999999999999e-22
1576.790418,8.297999999999999e-22
1576.791816,2.481e-23
1576.794771,6.568000000000001e-25
1576.794959,6.145e-24
1576.796891,1.025e-25
1576.799796,3.855e-24
1576.799909,1.115e-24
1576.800594,1.083e-22
1576.802535,1.011e-24
1576.802906,9.717e-25
1576.802952,1.481e-22
1576.804546,1.246e-24
1576.811363,3.989e-26
1576.820791,4.42e-24
1576.821718,1.198e-24
1576.821849,5.954e-24
1576.82443,2.97e-23
1576.824949,2.179e-23
1576.824958,6.737e-25
1576.826559,1.6939999999999998e-22
1576.831583,1.239e-22
1576.839919,8.014e-24
1576.848258,1.935e-22
1576.85154,8.35e-24
1576.854256,4.55e-25
1576.855409,1.047e-24
1576.857084,4.091e-25
1576.858435,7.947e-25
1576.85933,7.452e-25
1576.859567,2.142e-25
1576.859941,1.963e-26
1576.861239,1.415e-22
1576.863216,7.253000000000001e-25
1576.863308,7.964e-24
1576.863549,1.617e-25
1576.864393,4.415e-24
1576.864702,2.554e-23
1576.866937,6.916e-23
1576.867968,2.209e-22
1576.868475,7.734999999999999e-23
1576.869175,1.256e-25
1576.869291,5.128e-23
1576.870418,1.4910000000000003e-26
1576.870958,1.449e-26
1576.871097,1.295e-25
1576.875855,3.3859999999999996e-24
1576.877384,5.834e-23
1576.883351,3.996e-24
1576.883592,1.619e-24
1576.88556,2.523e-22
1576.886137,9.576e-26
1576.887001,9.259e-26
1576.889656,1.614e-22
1576.892025,1.58e-25
1576.898011,1.257e-20
1576.899227,1.2890000000000002e-20
1576.902862,3.4770000000000003e-25
1576.905164,7.496000000000001e-26
1576.905599,7.151e-24
1576.90691,7.258e-26
1576.911015,9.52e-25
1576.916958,1.838e-22
1576.918346,1.432e-24
1576.919563,5.963000000000001e-25
1576.921599,6.91e-25
1576.928027,2.5060000000000003e-26
1576.92886,3.913e-21
1576.929309,7.76e-26
1576.931617,4.0720000000000004e-21
1576.931786,2.204e-21
1576.932074,3.242e-24
1576.932113,1.537e-25
1576.932979,1.842e-24
1576.933606,6.921e-24
1576.934518,1.5e-25
1576.934823,1.505e-26
1576.936425,1.373e-24
1576.938844,4.465e-25
1576.939755,1.471e-26
1576.940959,2.314e-21
1576.941309,2.6009999999999998e-24
1576.943315,2.091e-22
1576.94342,1.048e-23
1576.944895,3.344e-25
1576.946008,1.6060000000000002e-26
1576.953336,1.5650000000000002e-26
1576.956906,9.538e-24
1576.957023,2.149e-25
1576.958816,1.133e-24
1576.958878,1.182e-24
1576.959941,2.299e-25
1576.960848,1.5249999999999999e-24
1576.962276,1.48e-24
1576.968977,2.379e-22
1576.969353,9.076e-24
1576.973069,7.768e-25
1576.977378,1.598e-24
1576.977514,1.063e-26
1576.97854,2.109e-25
1576.978663,1.349e-25
1576.983423,2.4749999999999998e-24
1576.984729,3.228e-24
1576.988099,3.2260000000000005e-26
1576.988383,1.3250000000000002e-25
1576.991177,7.153e-25
1576.996656,1.433e-24
1577.003947,1.141e-24
1577.010766,1.1590000000000002e-25
1577.011389,1.134e-25
1577.012215,8.299e-24
1577.013193,9.975e-22
1577.014657,1.035e-21
1577.023144,1.216e-24
1577.025616,5.178e-25
1577.027134,1.642e-24
1577.0306,6.6599999999999995e-25
1577.032183,3.92e-26
1577.033986,2.171e-21
1577.035221,1.7539999999999998e-24
1577.038056,6.393e-23
1577.038935,2.5810000000000003e-26
1577.039559,4.198e-26
1577.040131,2.5030000000000003e-26
1577.040291,6.76e-23
1577.041425,8.021e-24
1577.044652,3.821e-22
1577.046205,1.572e-24
1577.047628,1.75e-24
1577.050448,2.71e-25
1577.051921,4.034e-22
1577.052761,2.117e-26
1577.054661,8.882e-25
1577.055568,1.025e-25
1577.056947,1.088e-23
1577.058707,8.639e-25
1577.059264,7.064e-25
1577.060794,1.296e-24
1577.062133,1.3360000000000001e-21
1577.064467,1.153e-25
1577.064569,3.819e-26
1577.06468,1.38e-21
1577.070149,1.032e-23
1577.072847,1.136e-25
1577.075127,7.243000000000001e-25
1577.08161,5.533000000000001e-26
1577.085066,1.669e-24
1577.09165,3.159e-25
1577.098254,1.633e-23
1577.100985,1.997e-26
1577.101225,1.939e-26
1577.101952,5.862e-25
1577.103102,1.3210000000000002e-26
1577.103316,1.0069999999999999e-24
1577.105745,7.99e-26
1577.106682,1.3270000000000002e-20
1577.108391,1.858e-25
1577.109371,1.317e-24
1577.10988,1.376e-24
1577.111265,1.812e-25
1577.112095,7.062e-25
1577.113177,7.412000000000001e-26
1577.114073,3.0559999999999998e-24
1577.114803,9.605e-24
1577.121031,6.625e-24
1577.122085,2.6650000000000003e-25
1577.126211,2.069e-25
1577.126624,7.753000000000001e-26
1577.130762,4.137e-23
1577.130904,1.879e-24
1577.130968,6.008e-25
1577.132757,1.013e-25
1577.133564,1.144e-20
1577.133722,1.03e-24
1577.137575,1.28e-24
1577.137934,4.985000000000001e-25
1577.138187,1.423e-25
1577.142362,1.159e-23
1577.145313,9.272e-24
1577.146601,2.203e-23
1577.146894,1.045e-25
1577.149295,8.339000000000001e-26
1577.149432,8.615000000000001e-26
1577.151069,1.795e-24
1577.151659,1.24e-23
1577.151839,1.497e-24
1577.155678,8.658e-24
1577.158677,5.986999999999999e-22
1577.160104,3.371e-25
1577.16174,6.268e-22
1577.164454,2.409e-23
1577.165704,1.173e-23
1577.17507,1.427e-25
1577.176732,1.396e-25
1577.180184,1.343e-25
1577.183317,7.228e-23
1577.186155,7.622e-23
1577.189501,1.517e-24
1577.20347,1.697e-25
1577.203596,3.214e-26
1577.203754,1.308e-25
1577.205821,2.167e-23
1577.206228,3.1350000000000003e-26
1577.207447,2.838e-26
1577.208262,2.7690000000000003e-26
1577.209894,1.8839999999999998e-24
1577.211359,1.319e-24
1577.212422,1.98e-23
1577.213356,1.109e-23
1577.213547,1.666e-25
1577.215326,9.419e-26
1577.219484,6.658000000000001e-26
1577.223641,5.112e-26
1577.224783,1.646e-26
1577.226762,4.96e-26
1577.228603,6.52e-26
1577.229032,1.3969999999999999e-24
1577.229649,2.147e-24
1577.236133,3.054e-26
1577.237037,6.209e-26
1577.237611,6.044000000000001e-26
1577.240555,1.502e-25
1577.241035,1.412e-23
1577.24194,1.813e-24
1577.244189,1.055e-24
1577.245076,1.143e-20
1577.245279,1.069e-23
1577.248382,1.3999999999999999e-24
1577.248409,1.026e-24
1577.24928,1.48e-25
1577.250207,8.953000000000001e-26
1577.251024,2.046e-24
1577.251725,8.658000000000001e-26
1577.254687,1.5259999999999999e-24
1577.255666,1.599e-24
1577.256028,1.332e-23
1577.258718,1.152e-23
1577.25991,1.355e-24
1577.265712,5.611000000000001e-26
1577.273264,1.395e-20
1577.276119,1.31e-25
1577.276263,4.17e-23
1577.283951,1.763e-24
1577.288042,7.77e-25
1577.291909,3.485e-23
1577.300138,8.202999999999999e-23
1577.305179,1.387e-21
1577.306218,3.215e-26
1577.306539,1.4340000000000001e-21
1577.30787,1.277e-23
1577.308423,1.343e-25
1577.308474,2.328e-26
1577.310469,2.4e-26
1577.311115,1.4969999999999998e-22
1577.313072,1.656e-22
1577.314013,3.266e-22
1577.314028,1.765e-23
1577.317318,9.373e-23
1577.317526,9.771e-21
1577.318017,1.006e-20
1577.319359,3.1240000000000005e-26
1577.321691,7.91e-25
1577.32336,2.449e-24
1577.325065,1.608e-23
1577.3259,4.849e-25
1577.335662,2.238e-25
1577.338254,2.1810000000000003e-25
1577.338558,3.4220000000000004e-26
1577.341135,1.5099999999999998e-23
1577.341333,1.229e-23
1577.342793,2.0570000000000003e-26
1577.344653,2.182e-21
1577.346086,2.328e-24
1577.347885,1.521e-24
1577.358229,4.693e-23
1577.370134,4.6760000000000005e-25
1577.384997,3.535e-24
1577.387904,3.121e-23
1577.394764,1.762e-24
1577.394982,3.525e-22
1577.396236,1.851e-24
1577.398335,1.4679999999999998e-23
1577.399854,2.295e-26
1577.401436,2.228e-26
1577.401442,1.888e-22
1577.401475,2.632e-25
1577.402292,6.9450000000000005e-25
1577.402957,5.197e-25
1577.403738,1.831e-23
1577.408781,5.769e-26
1577.409253,5.312000000000001e-25
1577.409787,8.382e-25
1577.412026,2.7919999999999998e-24
1577.412251,2.633e-25
1577.412363,3.843e-25
1577.413379,1.95e-25
1577.417117,1.318e-25
1577.419566,8.114999999999999e-22
1577.421044,1.713e-23
1577.42246,1.92e-25
1577.423835,2.126e-25
1577.424113,2.03e-22
1577.42855,1.25e-24
1577.430861,5.3230000000000005e-25
1577.432948,1.213e-24
1577.433488,1.41e-23
1577.433631,4.417e-24
1577.434276,2.086e-25
1577.434529,1.269e-25
1577.43627,2.646e-24
1577.448277,6.986e-25
1577.450841,6.262000000000001e-25
1577.452875,3.831e-23
1577.453776,8.705e-22
1577.457422,2.58e-26
1577.459441,9.184e-26
1577.462337,9.451e-26
1577.466163,1.571e-25
1577.470133,1.23e-25
1577.47333,6.0570000000000004e-21
1577.473673,1.752e-25
1577.474255,6.276e-21
1577.474674,1.712e-25
1577.477037,2.087e-23
1577.478986,1.332e-26
1577.479839,1.295e-26
1577.479985,7.515000000000001e-25
1577.484742,1.683e-23
1577.493105,6.663e-25
1577.495459,1.308e-24
1577.49563,3.1799999999999998e-24
1577.495778,1.943e-23
1577.497467,1.054e-25
1577.504483,1.029e-25
1577.505351,1.5620000000000002e-25
1577.511757,2.686e-25
1577.511799,2.373e-24
1577.51208,1.27e-20
1577.512445,7.675e-25
1577.513238,1.305e-20
1577.514702,2.616e-25
1577.518123,1.131e-25
1577.519186,2.64e-23
1577.521596,3.005e-24
1577.521759,1.614e-23
1577.521859,1.099e-25
1577.522779,1.2940000000000002e-26
1577.523301,1.2699999999999999e-24
1577.526236,4.512e-24
1577.527407,1.265e-26
1577.529342,1.534e-25
1577.529677,2.029e-24
1577.53167,2.138e-24
1577.54494,2.384e-23
1577.552788,3.184e-23
1577.553998,3.192e-25
1577.560178,1.76e-25
1577.561938,1.159e-24
1577.564641,8.555000000000001e-26
1577.565369,2.206e-23
1577.566217,8.319000000000001e-26
1577.567037,1.414e-26
1577.567079,1.926e-23
1577.569036,3.25e-26
1577.569089,1.371e-24
1577.574051,1.378e-26
1577.574154,3.621e-24
1577.577197,2.096e-24
1577.582948,2.521e-25
1577.592398,2.4820000000000003e-25
1577.60084,1.199e-22
1577.602094,3.409e-24
1577.60255,1.097e-26
1577.606165,1.844e-23
1577.607271,1.475e-24
1577.607401,1.344e-22
1577.607415,2.729e-23
1577.609793,8.193e-21
1577.610183,8.460000000000001e-21
1577.61134,1.092e-24
1577.611859,1.431e-24
1577.617133,1.449e-26
1577.618645,6.014e-23
1577.620597,7.505e-25
1577.621385,5.136e-25
1577.622592,6.829e-23
1577.624143,5.212e-23
1577.624365,3.014e-24
1577.627802,3.336e-25
1577.627926,5.553e-23
1577.629866,2.509e-23
1577.639756,2.6540000000000003e-25
1577.645328,2.201e-23
1577.646815,1.392e-24
1577.647571,4.124e-24
1577.650499,2.141e-25
1577.65057,2.604e-25
1577.652295,2.092e-25
1577.652957,2.236e-24
1577.65319,3.612e-24
1577.653725,8.334e-25
1577.655002,1.139e-25
1577.656731,7.226999999999999e-23
1577.658657,7.641e-23
1577.659444,2.33e-24
1577.661291,1.2440000000000002e-25
1577.661544,3.648e-26
1577.661988,2.464e-24
1577.662177,1.2230000000000001e-21
1577.662207,8.141e-25
1577.663462,1.268e-21
1577.664415,3.138e-23
1577.667104,3.213e-25
1577.668935,1.5749999999999998e-22
1577.67069,1.7419999999999998e-22
1577.676635,2.473e-25
1577.677801,3.867e-24
1577.677848,8.11e-25
1577.678101,4.115e-26
1577.681354,6.005e-26
1577.686728,2.103e-23
1577.689341,2.862e-23
1577.689876,1.012e-24
1577.697778,4.578e-25
1577.70208,1.964e-24
1577.703137,1.273e-25
1577.706361,1.086e-25
1577.708719,2.168e-24
1577.710431,1.2430000000000002e-25
1577.711429,1.26e-25
1577.712954,1.13e-20
1577.715843,4.701e-24
1577.71587,3.628e-23
1577.716399,1.161e-20
1577.71947,2.512e-23
1577.71999,3.213e-25
1577.722765,3.1270000000000003e-25
1577.724624,4.6850000000000005e-25
1577.72545,1.686e-24
1577.726684,9.971e-26
1577.730852,9.694e-26
1577.731381,4.473e-24
1577.738955,2.241e-25
1577.739928,4.486e-23
1577.741084,3.5240000000000005e-26
1577.743907,3.277e-23
1577.74877,4.388e-24
1577.749272,3.248e-25
1577.750613,5.208e-23
1577.750813,3.45e-24
1577.759104,3.196e-25
1577.760538,8.440999999999999e-22
1577.760766,1.215e-24
1577.761665,4.228e-23
1577.762659,8.802999999999999e-22
1577.763478,2.394e-23
1577.763501,4.665000000000001e-25
1577.767215,4.707e-24
1577.770815,2.6430000000000003e-25
1577.771987,3.4360000000000005e-26
1577.773688,4.506e-24
1577.778918,5.369e-24
1577.779625,2.075e-24
1577.78063,5.491000000000001e-26
1577.780707,1.736e-24
1577.781972,5.348e-26
1577.782474,4.211e-24
1577.784121,2.6679999999999998e-24
1577.784742,1.495e-20
1577.785223,5.242000000000001e-26
1577.785493,1.683e-24
1577.785638,1.5330000000000003e-20
1577.785967,1.18e-24
1577.78725,2.832e-24
1577.789476,2.864e-23
1577.790897,2.357e-25
1577.793765,3.774e-23
1577.793992,1.875e-24
1577.801603,4.982e-23
1577.80411,2.796e-26
1577.806319,2.7290000000000004e-26
1577.808877,4.534e-24
1577.81123,2.7979999999999998e-24
1577.815082,4.984e-24
1577.819136,1.719e-24
1577.823827,5.214e-25
1577.835298,5.965e-23
1577.836454,2.721e-23
1577.836718,6.148e-24
1577.8393,4.379e-23
1577.848942,8.383000000000001e-25
1577.851235,3.3010000000000003e-25
1577.85531,3.263e-23
1577.855728,3.4690000000000003e-25
1577.861386,6.2980000000000005e-25
1577.862429,3.237e-25
1577.866647,2.217e-21
1577.869196,3.623e-25
1577.872687,2.517e-24
1577.874007,2.408e-25
1577.875255,2.422e-26
1577.875368,2.478e-26
1577.876857,5.671e-24
1577.877305,1.937e-24
1577.878127,2.334e-21
1577.881403,5.133e-23
1577.883296,4.22e-24
1577.887302,4.108e-21
1577.889121,7.068e-24
1577.890942,4.283e-21
1577.891204,6.726000000000001e-26
1577.892689,3.324e-25
1577.892815,3.831e-25
1577.894238,1.98e-26
1577.89586,3.725e-25
1577.902287,7.959999999999999e-25
1577.903634,1.534e-25
1577.903736,3.048e-24
1577.905572,8.527e-25
1577.905708,3.091e-23
1577.907007,6.753000000000001e-26
1577.907486,3.2489999999999998e-24
1577.907795,6.546e-26
1577.911217,1.496e-25
1577.912362,4.167e-25
1577.914078,4.603e-26
1577.916696,4.47e-26
1577.916923,3.716e-23
1577.91955,2.608e-25
1577.920895,2.547e-25
1577.92259,4.1e-25
1577.925928,8.864e-25
1577.926894,1.378e-21
1577.927262,1.6090000000000002e-26
1577.928694,1.427e-21
1577.931012,1.7519999999999998e-24
1577.934299,6.47e-24
1577.935927,8.172e-24
1577.944172,1.018e-25
1577.946621,2.67e-26
1577.948599,2.037e-24
1577.951847,9.959e-26
1577.953597,1.972e-24
1577.966233,1.644e-24
1577.971311,3.508e-23
1577.974136,4.861e-24
1577.974244,4.233e-23
1577.976769,9.526e-24
1577.979336,4.706e-24
1577.979595,3.837e-22
1577.986407,4.007e-25
1577.987774,7.41e-24
1577.988568,4.064e-22
1577.989744,2.5e-26
1577.990529,1.446e-20
1577.991915,1.071e-21
1577.992055,1.484e-20
1577.993479,1.1130000000000001e-21
1577.996486,8.371000000000001e-25
1577.997132,8.699000000000001e-26
1578.002656,2.382e-25
1578.006689,1.114e-25
1578.011021,2.633e-26
1578.012245,4.099e-25
1578.014899,1.441e-23
1578.016797,1.5249999999999999e-24
1578.017034,6.485e-23
1578.018335,3.474e-24
1578.019752,6.881e-23
1578.022743,3.722e-24
1578.024284,1.12e-24
1578.025824,2.6460000000000004e-26
1578.027172,4.826e-23
1578.03291,1.095e-25
1578.033367,3.981e-23
1578.03342,1.114e-25
1578.035396,1.176e-25
1578.038048,8.53e-24
1578.040666,6.484e-24
1578.044329,2.361e-25
1578.046719,2.025e-23
1578.047178,1.089e-24
1578.05533,1.492e-21
1578.057916,1.543e-21
1578.058271,4.091e-25
1578.059225,8.395000000000001e-25
1578.061837,2.065e-23
1578.065342,1.717e-26
1578.067874,1.7670000000000002e-26
1578.069694,2.236e-23
1578.069856,4.01e-25
1578.069993,2.302e-25
1578.07223,5.3270000000000005e-25
1578.075553,5.512e-23
1578.082867,5.24e-25
1578.084676,4.552e-25
1578.087635,4.423e-25
1578.090185,2.17e-24
1578.092032,4.518e-23
1578.098958,1.841e-25
1578.102679,3.165e-25
1578.104524,1.135e-25
1578.104632,3.088e-25
1578.1053,5.52e-25
1578.105485,1.107e-26
1578.106845,1.794e-25
1578.109804,1.083e-26
1578.111138,2.382e-24
1578.111548,6.197999999999999e-22
1578.11528,6.504e-22
1578.11636,2.304e-24
1578.119139,6.313e-23
1578.122584,5.233e-26
1578.124933,4.192e-23
1578.126966,1.013e-25
1578.127952,3.952e-24
1578.128884,1.043e-25
1578.133055,4.257e-24
1578.135142,1.359e-25
1578.137489,7.985e-26
1578.137756,1.904e-24
1578.138218,7.737000000000001e-26
1578.139233,2.027e-23
1578.142868,1.172e-25
1578.147556,5.132e-23
1578.150704,2.25e-23
1578.153094,1.213e-25
1578.157698,7.326e-25
1578.164713,1.92e-25
1578.166964,1.814e-23
1578.170046,1.181e-26
1578.170064,1.15e-26
1578.174244,6.949999999999999e-23
1578.17663,1.138e-25
1578.178757,1.316e-25
1578.182694,1.2380000000000002e-26
1578.183497,7.636999999999999e-23
1578.184362,1.284e-25
1578.185541,1.866e-25
1578.186059,8.075e-23
1578.186825,6.899000000000001e-25
1578.18941,1.208e-26
1578.191672,6.18e-26
1578.193165,5.995e-26
1578.198027,8.121e-23
1578.200371,5.839999999999999e-23
1578.205529,3.1869999999999995e-22
1578.215569,1.496e-25
1578.217747,4.7549999999999996e-24
1578.225051,1.653e-23
1578.228111,6.594000000000001e-25
1578.228884,6.784e-25
1578.232629,4.4869999999999996e-24
1578.236749,2.011e-26
1578.238462,4.865e-24
1578.239947,6.671e-25
1578.243432,1.654e-25
1578.251975,5.391e-25
1578.253177,2.348e-26
1578.255148,5.234e-25
1578.258438,2.312e-26
1578.26003,7.167e-25
1578.260865,5.052e-25
1578.263195,2.589e-23
1578.268189,2.779e-24
1578.268829,3.487e-25
1578.27285,4.95e-25
1578.273661,2.684e-24
1578.273764,5.37e-26
1578.285438,1.025e-24
1578.287354,2.758e-25
1578.289111,2.202e-25
1578.289669,3.443e-22
1578.290933,3.497e-23
1578.293707,3.565e-25
1578.294693,4.459e-25
1578.297315,2.144e-25
1578.298533,2.09e-26
1578.299654,2.03e-26
1578.301102,2.91e-24
1578.306311,9.975e-25
1578.312131,1.7569999999999998e-22
1578.315075,1.559e-20
1578.315787,5.331e-23
1578.318101,1.188e-24
1578.318622,1.5990000000000002e-20
1578.318648,6.168e-23
1578.32417,7.099e-22
1578.330675,1.088e-20
1578.331245,1.121e-20
1578.332404,5.088e-24
1578.333567,1.988e-25
1578.333774,2.173e-23
1578.335073,5.948000000000001e-25
1578.338998,5.556e-24
1578.340698,1.903e-22
1578.341523,5.136e-24
1578.347379,3.827e-25
1578.347652,3.177e-25
1578.349044,3.732e-25
1578.359934,2.003e-25
1578.362491,1.122e-24
1578.364502,1.299e-23
1578.365898,1.628e-25
1578.366258,4.058e-24
1578.367281,7.666999999999999e-22
1578.367355,2.426e-26
1578.370305,7.928e-25
1578.37162,1.863e-23
1578.372327,1.6440000000000002e-20
1578.374118,1.6860000000000002e-20
1578.382336,8.606e-25
1578.382666,1.5550000000000002e-26
1578.383797,1.5960000000000002e-26
1578.384519,3.064e-25
1578.386238,2.422e-26
1578.386601,8.628e-25
1578.388234,2.365e-26
1578.39384,8.46e-25
1578.404141,1.087e-23
1578.404886,6.912000000000001e-26
1578.40525,7.127e-26
1578.412857,7.074e-25
1578.41391,9.346e-25
1578.416332,1.399e-22
1578.417594,1.001e-26
1578.419826,1.5649999999999998e-22
1578.419849,3.232e-24
1578.421856,2.747e-24
1578.424659,2.363e-23
1578.425521,3.767e-24
1578.425559,3.118e-24
1578.427319,5.764e-24
1578.429412,6.365e-25
1578.432552,6.174e-25
1578.432699,7.938e-25
1578.434695,6.346e-24
1578.445957,3.151e-26
1578.449189,4.78e-25
1578.450207,6.506e-21
1578.451549,6.750000000000001e-21
1578.453206,5.231e-24
1578.459017,6.216e-25
1578.460895,1.498e-24
1578.463781,2.6540000000000003e-25
1578.465699,2.048e-24
1578.466554,1.034e-25
1578.471413,6.088e-25
1578.472599,1.466e-26
1578.474093,2.625e-25
1578.47548,3.074e-26
1578.478923,1.081e-22
1578.48263,2.555e-25
1578.486775,2.412e-25
1578.487196,1.23e-22
1578.488182,2.8060000000000003e-25
1578.488664,4.7e-26
1578.488702,4.8220000000000005e-26
1578.490823,3.2080000000000003e-26
1578.495005,1.737e-24
1578.498418,2.931e-26
1578.503669,3.19e-25
1578.509353,4.131e-26
1578.512128,4.015e-26
1578.513801,3.603e-24
1578.517416,6.525e-24
1578.522972,5.486e-24
1578.525578,7.254e-24
1578.532045,4.611e-25
1578.532597,1.088e-24
1578.534179,4.494e-25
1578.537,3.054e-26
1578.540047,2.09e-26
1578.541255,1.521e-24
1578.541304,2.134e-26
1578.542521,3.006e-26
1578.543727,9.316e-25
1578.544557,1.069e-24
1578.545033,3.016e-25
1578.547133,5.179e-23
1578.547775,1.931e-25
1578.549042,1.958e-24
1578.550508,1.445e-20
1578.551476,5.542e-23
1578.551692,1.484e-20
1578.552272,9.432e-25
1578.554315,1.315e-26
1578.562751,7.430000000000001e-26
1578.562825,9.075e-25
1578.563451,1.228e-25
1578.564304,7.2e-26
1578.565539,2.235e-24
1578.566051,3.748e-24
1578.567619,5.417e-24
1578.568997,3.082e-25
1578.570707,1.34e-26
1578.572032,3.612e-24
1578.572792,2.946e-25
1578.573759,1.522e-25
1578.576753,2.9870000000000003e-25
1578.587082,2.555e-24
1578.589527,7.491e-25
1578.592884,7.259000000000001e-25
1578.599377,3.394e-24
1578.600955,1.879e-26
1578.602738,7.386e-24
1578.603027,1.934e-26
1578.604806,8.97e-21
1578.605153,4.95e-26
1578.605327,1.533e-25
1578.605387,9.272e-21
1578.610089,6.281000000000001e-25
1578.610257,3.764e-23
1578.611665,8.303e-24
1578.611774,1.498e-25
1578.61519,2.178e-24
1578.615288,3.509e-25
1578.619663,5.653e-23
1578.621156,6.533e-23
1578.625132,1.541e-25
1578.625376,4.493e-23
1578.626773,2.878e-25
1578.630707,3.546e-26
1578.631631,6.095e-25
1578.633166,2.681e-24
1578.638182,1.236e-25
1578.642655,2.193e-24
1578.647164,1.237e-25
1578.652675,5.184e-24
1578.652727,7.622e-25
1578.653904,3.1190000000000004e-25
1578.657584,1.3210000000000001e-21
1578.658922,1.016e-24
1578.659016,1.371e-21
1578.662302,2.163e-24
1578.662792,3.034e-25
1578.665547,7.461e-25
1578.667936,1.844e-26
1578.669058,8.989e-26
1578.66947,1.793e-26
1578.67305,8.745e-26
1578.676029,9.439999999999999e-25
1578.679677,1.37e-24
1578.67979,5.174e-25
1578.683333,8.364e-24
1578.686406,6.404e-25
1578.686411,1.91e-25
1578.691207,1.861e-25
1578.692111,1.345e-24
1578.692961,9.525e-24
1578.69482,1.621e-24
1578.700721,7.148000000000001e-26
1578.706727,1.973e-24
1578.706841,4.336e-24
1578.707966,2.122e-26
1578.713055,6.155e-25
1578.713113,4.172e-24
1578.719661,1.8010000000000002e-26
1578.721297,6.946e-26
1578.72187,2.163e-26
1578.727159,6.152e-25
1578.727257,8.883e-22
1578.729679,9.281e-22
1578.730595,1.2770000000000002e-20
1578.731692,1.0719999999999999e-24
1578.733818,1.313e-20
1578.736664,1.744e-24
1578.744501,1.934e-26
1578.753906,8.789e-25
1578.754218,9.697e-25
1578.75499,7.269000000000001e-26
1578.755844,1.045e-26
1578.75631,1.018e-26
1578.756338,5.538e-25
1578.757282,8.509e-25
1578.758308,5.393e-25
1578.758396,7.468000000000001e-26
1578.759251,9.484e-24
1578.760902,1.487e-21
1578.761805,1.5410000000000001e-21
1578.76519,4.296e-26
1578.768011,6.717e-26
1578.769405,6.541e-26
1578.769453,1.097e-23
1578.774091,4.887e-24
1578.780768,1.626e-24
1578.783764,3.382e-25
1578.784278,2.0370000000000003e-26
1578.79253,1.079e-26
1578.794092,6.921000000000001e-25
1578.795546,5.395e-24
1578.796848,2.201e-21
1578.798713,8.415000000000001e-25
1578.798965,1.054e-26
1578.805685,4.37e-25
1578.808294,2.974e-24
1578.81115,2.326e-21
1578.813571,5.315e-24
1578.815002,2.594e-25
1578.81605,3.9570000000000006e-26
1578.816249,8.204000000000001e-25
1578.817929,2.441e-24
1578.821834,3.893e-26
1578.823585,1.718e-24
1578.828543,3.695e-25
1578.830214,5.6e-25
1578.830549,1.078e-23
1578.834507,2.912e-24
1578.835714,1.062e-25
1578.835931,2.372e-24
1578.836513,1.6869999999999998e-24
1578.837615,1.56e-25
1578.837804,3.59e-25
1578.838079,2.6490000000000003e-25
1578.838713,1.089e-25
1578.841048,4.278e-21
1578.841097,1.268e-23
1578.841996,9.311e-25
1578.842187,5.0029999999999996e-24
1578.843109,5.392000000000001e-26
1578.844855,2.839e-24
1578.845742,4.47e-21
1578.846565,1.077e-25
1578.848772,4.807e-24
1578.855253,9.111e-25
1578.85688,2.543e-26
1578.878359,9.146e-25
1578.878637,1.046e-25
1578.888548,7.862e-26
1578.888784,2.523e-24
1578.891174,6.773e-25
1578.892836,7.654000000000001e-26
1578.897299,1.228e-23
1578.903095,5.207e-26
1578.903265,3.3680000000000005e-26
1578.905778,1.028e-24
1578.907806,1.475e-23
1578.908901,2.131e-23
1578.90931,3.809e-22
1578.909315,9.942e-25
1578.911103,6.512999999999999e-23
1578.913679,6.936e-23
1578.91487,3.4360000000000005e-26
1578.919942,6.753e-25
1578.920397,4.05e-22
1578.924512,1.226e-23
1578.926065,2.245e-24
1578.927442,3.688e-24
1578.936275,1.332e-25
1578.93895,6.6270000000000005e-25
1578.940177,1.807e-23
1578.941288,6.449e-25
1578.945969,1.132e-25
1578.95815,6.466e-25
1578.959593,1.405e-23
1578.963159,3.874e-25
1578.963859,9.773e-25
1578.964334,2.147e-24
1578.965712,1.142e-21
1578.967402,1.189e-21
1578.969429,1.73e-23
1578.970341,2.021e-23
1578.972111,5.76e-24
1578.975575,2.0860000000000003e-26
1578.977109,2.038e-26
1578.977774,2.107e-24
1578.977856,4.808e-26
1578.979034,5.524e-24
1578.988238,5.821e-24
1578.992229,1.315e-25
1578.997837,4.225e-26
1578.998005,4.3620000000000005e-25
1578.998137,1.355e-25
1578.99868,3.349e-24
1578.998814,4.121e-26
1578.999284,1.65e-20
1579.000533,1.694e-20
1579.007667,4.236e-25
1579.007896,4.532e-25
1579.015445,1.135e-25
1579.017581,1.615e-23
1579.017788,1.842e-23
1579.025718,2.049e-23
1579.026823,1.134e-24
1579.028181,7.476e-23
1579.029005,1.595e-21
1579.031055,7.931999999999999e-23
1579.031118,2.9720000000000003e-25
1579.031566,1.652e-21
1579.036148,1.528e-25
1579.038712,9.704e-25
1579.039911,5.519999999999999e-23
1579.040534,1.109e-24
1579.041528,4.322000000000001e-25
1579.043621,2.704e-25
1579.046016,6.313000000000001e-26
1579.050003,7.554000000000001e-25
1579.056373,4.112e-24
1579.058049,1.199e-24
1579.059217,6.366e-22
1579.061656,1.158e-24
1579.061687,2.623e-25
1579.062426,3.005e-25
1579.063232,8.47e-25
1579.063761,6.698e-22
1579.064263,1.313e-25
1579.066163,7.37e-25
1579.068498,1.2019999999999999e-24
1579.069799,1.864e-23
1579.071554,1.863e-23
1579.074696,6.663e-23
1579.075207,6.059e-25
1579.07628,2.456e-23
1579.077843,1.775e-25
1579.078718,2.219e-25
1579.08366,3.344e-24
1579.090327,5.107e-26
1579.095017,3.0979999999999995e-22
1579.096377,5.024e-26
1579.096596,6.616e-24
1579.097105,2.902e-25
1579.100957,2.264e-25
1579.101933,2.673e-24
1579.102361,4.109e-24
1579.103887,6.334e-24
1579.104897,1.269e-22
1579.107521,1.44e-22
1579.108708,1.1389999999999999e-24
1579.110873,1.518e-25
1579.111403,3.398e-25
1579.114182,4.21e-23
1579.115906,2.623e-24
1579.117294,2.062e-25
1579.120495,2.992e-23
1579.121273,1.068e-24
1579.12233,2.133e-23
1579.130695,5.704e-25
1579.130965,1.55e-25
1579.132927,1.591e-25
1579.134035,5.262000000000001e-26
1579.134058,3.3060000000000003e-25
1579.137882,4.7240000000000005e-26
1579.143555,5.374e-26
1579.145772,7.903000000000001e-25
1579.146795,2.8030000000000003e-26
1579.14804,7.686e-25
1579.149518,2.733e-25
1579.153667,2.6580000000000003e-25
1579.154561,2.393e-25
1579.155049,6.843e-24
1579.155411,1.755e-25
1579.157399,3.719e-23
1579.162152,5.128e-25
1579.164561,1.844e-25
1579.171011,1.04e-26
1579.172384,4.981000000000001e-25
1579.175029,2.7350000000000003e-26
1579.182511,3.351e-22
1579.18876,3.163e-24
1579.189633,2.776e-25
1579.190742,3.105e-23
1579.19291,1.613e-25
1579.193021,3.858e-24
1579.196067,7.643e-26
1579.197825,1.756e-20
1579.197877,2.025e-25
1579.200096,1.8020000000000003e-20
1579.200839,9.771e-24
1579.200861,1.3949999999999999e-24
1579.203227,3.682e-26
1579.204628,1.345e-24
1579.205446,3.581e-26
1579.207211,1.375e-24
1579.208094,1.788e-26
1579.20875,2.274e-25
1579.208905,1.09e-25
1579.210532,1.823e-26
1579.214171,2.219e-25
1579.21523,3.133e-24
1579.21565,7.584e-24
1579.216861,1.5869999999999998e-22
1579.22139,1.344e-24
1579.222533,3.218e-25
1579.223034,5.808999999999999e-22
1579.223345,7.245e-24
1579.223993,2.097e-24
1579.236392,3.315e-24
1579.238357,2.3350000000000003e-25
1579.241032,1.116e-25
1579.242564,5.499e-26
1579.243202,5.339e-26
1579.250921,3.252e-24
1579.253221,1.733e-22
1579.253243,3.726e-25
1579.256918,4.917e-24
1579.264027,1.684e-25
1579.268127,1.5110000000000002e-26
1579.27343,3.697e-24
1579.276866,2.689e-25
1579.277911,6.328e-22
1579.281759,4.311e-25
1579.285295,3.475e-23
1579.289769,4.027e-26
1579.296638,1.063e-24
1579.297246,6.741e-25
1579.29727,9.861e-25
1579.297502,1.36e-23
1579.300013,3.157e-24
1579.300128,2.009e-24
1579.301406,3.1340000000000003e-25
1579.304358,3.191e-24
1579.307824,6.305e-24
1579.308052,4.982000000000001e-25
1579.308628,4.782e-24
1579.309045,2.6719999999999998e-24
1579.311209,1.65e-21
1579.311516,2.8020000000000004e-26
1579.311988,1.431e-26
1579.312192,6.582000000000001e-25
1579.312522,1.7100000000000006e-21
1579.31346,3.09e-25
1579.316083,2.4230000000000003e-26
1579.321535,6.025e-25
1579.321805,2.773e-25
1579.323667,9.394e-25
1579.326231,9.128e-25
1579.329266,8.677e-24
1579.331958,5.839e-25
1579.332092,5.751e-25
1579.334563,9.029e-25
1579.336163,1.887e-25
1579.337415,8.271e-24
1579.338206,4.605e-23
1579.338796,1.205e-20
1579.339462,1.243e-20
1579.341605,1.814e-20
1579.341679,1.618e-24
1579.34384,5.466e-23
1579.344813,4.642e-24
1579.34517,1.86e-20
1579.345559,1.558e-24
1579.348161,3.544e-25
1579.351238,1.625e-24
1579.353027,7.245000000000001e-25
1579.353828,6.6310000000000005e-25
1579.354785,8.014000000000001e-26
1579.356123,9.214e-26
1579.356656,8.235000000000001e-26
1579.357598,1.925e-25
1579.358095,1.537e-26
1579.359285,9.456e-23
1579.359832,6.567000000000001e-26
1579.361014,3.639e-24
1579.361028,6.53e-26
1579.361568,6.338000000000001e-26
1579.36615,6.458e-26
1579.367722,4.0969999999999996e-24
1579.369863,1.015e-25
1579.37043,1.098e-22
1579.371236,1.122e-26
1579.37292,7.967e-25
1579.3732,7.636e-25
1579.376916,1.359e-26
1579.379838,1.3960000000000002e-26
1579.381013,4.055e-25
1579.382829,4.017e-24
1579.383159,1.663e-24
1579.385029,3.325e-25
1579.390125,8.782e-25
1579.391944,2.981e-24
1579.392708,3.044e-24
1579.394037,8.095000000000001e-26
1579.397824,1.624e-24
1579.398887,3.993e-25
1579.401691,8.274e-26
1579.404498,1.0089999999999999e-24
1579.410558,1.158e-25
1579.412042,4.626e-25
1579.412708,2.619e-24
1579.413212,2.5949999999999998e-24
1579.416182,1.157e-24
1579.420506,5.9699999999999996e-24
1579.421512,6.476e-25
1579.422267,6.944e-21
1579.424101,7.215e-21
1579.424886,2.277e-24
1579.424994,1.326e-24
1579.426123,2.3930000000000003e-26
1579.426253,1.127e-24
1579.430691,1.518e-24
1579.430782,2.23e-25
1579.431243,1.988e-24
1579.431861,2.291e-25
1579.432936,1.737e-24
1579.433689,1.566e-23
1579.434384,1.65e-24
1579.437445,9.912e-24
1579.438088,1.3409999999999998e-22
1579.439784,1.522e-22
1579.440577,2.351e-24
1579.441287,5.261e-25
1579.441728,1.9860000000000003e-26
1579.446328,9.403e-24
1579.447315,1.104e-24
1579.452956,4.9960000000000007e-26
1579.45416,4.8550000000000006e-26
1579.462743,2.977e-24
1579.463851,5.093e-23
1579.46808,6.1729999999999996e-24
1579.468249,3.922e-25
1579.468785,5.96e-25
1579.468899,5.478e-23
1579.469126,2.959e-23
1579.471828,1.418e-23
1579.474635,1.859e-24
1579.475029,1.2009999999999999e-24
1579.475483,7.049e-25
1579.478193,2.161e-24
1579.478965,1.7999999999999997e-24
1579.479848,1.424e-25
1579.484303,1.851e-25
1579.486391,6.824e-25
1579.491941,3.681e-23
1579.494583,6.722e-25
1579.49567,1.397e-26
1579.495933,5.045e-24
1579.501001,1.82e-24
1579.511643,4.944e-24
1579.513841,6.34e-25
1579.515162,1.113e-24
1579.517729,1.081e-24
1579.518365,2.544e-26
1579.518737,7.541000000000001e-25
1579.530223,1.1e-25
1579.532812,1.62e-26
1579.535255,1.6130000000000003e-26
1579.535263,1.661e-26
1579.536945,1.875e-25
1579.537825,2.055e-26
1579.539962,1.704e-24
1579.540122,5.9810000000000005e-25
1579.540181,1.131e-23
1579.541318,8.406e-25
1579.541702,7.393e-23
1579.542387,1.79e-26
1579.542894,1.4820000000000002e-25
1579.543583,7.872e-23
1579.543748,1.749e-26
1579.544137,1.264e-24
1579.545618,9.836e-26
1579.549232,1.072e-23
1579.553998,5.843e-25
1579.554667,2.003e-24
1579.558941,2.6490000000000003e-25
1579.561117,2.316e-24
1579.562421,9.297e-25
1579.564908,1.4050000000000002e-25
1579.569202,1.4860000000000003e-26
1579.569838,1.9549999999999998e-24
1579.572294,3.856e-25
1579.57426,3.798e-24
1579.575941,3.744e-25
1579.576137,9.562e-26
1579.581467,1.635e-20
1579.582176,1.018e-24
1579.582652,1.681e-20
1579.587317,1.596e-25
1579.587711,3.274e-26
1579.594891,9.765e-21
1579.595697,1.01e-20
1579.599527,7.335e-25
1579.600058,2.029e-25
1579.600762,1.101e-24
1579.601854,6.48e-24
1579.604763,2.159e-24
1579.607213,2.031e-24
1579.607351,1.656e-24
1579.60798,1.627e-25
1579.608914,2.074e-24
1579.610565,1.712e-24
1579.612626,1.559e-26
1579.615646,1.744e-26
1579.617695,2.126e-25
1579.618434,1.171e-24
1579.619367,5.0070000000000005e-25
1579.621034,6.1889999999999996e-24
1579.624282,8.223000000000001e-25
1579.624564,8.413e-26
1579.631154,8.271000000000001e-26
1579.633562,1.418e-21
1579.634976,1.474e-21
1579.635316,5.617e-26
1579.635562,1.217e-24
1579.635686,7.952e-25
1579.635904,5.783e-26
1579.636443,1.236e-26
1579.637373,6.063e-24
1579.637472,1.289e-23
1579.641036,1.223e-26
1579.647145,1.219e-23
1579.647659,6.556000000000001e-25
1579.649365,4.2510000000000005e-26
1579.652695,1.225e-24
1579.656094,1.093e-24
1579.661411,9.131e-26
1579.670675,1.176e-24
1579.67712,1.226e-25
1579.680697,2.828e-24
1579.682853,2.004e-24
1579.683126,1.255e-25
1579.683168,6.289000000000001e-25
1579.68633,1.4999999999999998e-24
1579.686398,1.314e-24
1579.688687,9.286e-22
1579.689214,1.275e-24
1579.690843,1.047e-24
1579.691473,9.721999999999998e-22
1579.702797,5.583e-26
1579.711002,2.546e-24
1579.715471,8.125e-25
1579.719279,8.25e-25
1579.720638,3.586e-26
1579.721291,3.674e-26
1579.721736,2.405e-24
1579.722299,2.153e-21
1579.724275,1.288e-25
1579.728094,2.486e-24
1579.729311,1.4679999999999998e-23
1579.730772,3.162e-25
1579.731106,3.254e-25
1579.731319,2.183e-26
1579.732435,2.383e-24
1579.737434,2.347e-24
1579.739156,2.9e-25
1579.739654,1.383e-23
1579.740086,2.283e-21
1579.743036,7.566e-24
1579.743855,1.435e-20
1579.746893,1.477e-20
1579.747293,7.441000000000001e-26
1579.748774,4.564e-25
1579.751865,3.023e-26
1579.753602,2.174e-23
1579.759834,3.323e-25
1579.760033,7.407e-24
1579.761967,5.6529999999999996e-24
1579.764417,3.239e-25
1579.767918,9.566e-25
1579.771748,3.273e-26
1579.77213,2.8240000000000003e-25
1579.774213,3.186e-26
1579.77834,5.277000000000001e-25
1579.779537,4.769e-25
1579.779847,9.239e-25
1579.781869,1.01e-25
1579.790073,4.419e-21
1579.791182,7.011e-26
1579.791271,5.159e-25
1579.795347,6.83e-26
1579.796029,4.627e-21
1579.804837,2.73e-25
1579.805121,1.4050000000000002e-25
1579.808224,3.01e-25
1579.80886,6.154e-24
1579.813202,1.2039999999999999e-24
1579.813248,6.434e-24
1579.81393,6.211e-24
1579.814978,2.014e-25
1579.815693,1.6709999999999998e-23
1579.821407,3.758e-25
1579.826107,9.944e-24
1579.826182,1.547e-23
1579.826786,1.569e-23
1579.831426,4.346e-26
1579.832157,1.343e-25
1579.833719,3.733e-22
1579.836849,3.636e-25
1579.842888,2.7440000000000004e-26
1579.843591,2.48e-26
1579.847159,2.8549999999999998e-24
1579.847455,3.988e-22
1579.847716,6.043e-26
1579.848142,1.062e-25
1579.849316,5.867e-26
1579.849876,1.144e-24
1579.849894,1.048e-24
1579.851678,2.732e-24
1579.85208,1.369e-25
1579.856251,1.046e-25
1579.860017,3.685e-24
1579.861947,9.216e-24
1579.8641,1.547e-24
1579.866427,6.494e-23
1579.866504,1.846e-23
1579.86683,1.7589999999999998e-23
1579.866974,1.499e-24
1579.867732,1.4860000000000003e-26
1579.869527,6.946e-23
1579.86985,1.5280000000000002e-26
1579.87062,2.422e-26
1579.878424,1.498e-26
1579.879632,9.018e-24
1579.882473,1.5230000000000002e-26
1579.884027,1.152e-24
1579.884366,2.878e-24
1579.884523,1.074e-25
1579.888978,6.874e-24
1579.891389,1.055e-25
1579.893495,3.892e-23
1579.894168,1.523e-25
1579.896608,1.903e-23
1579.900143,1.617e-21
1579.900615,2.806e-24
1579.901956,1.678e-21
1579.90523,1.9680000000000003e-20
1579.906112,2.021e-20
1579.906388,1.11e-24
1579.908557,1.779e-23
1579.914074,1.454e-26
1579.915442,3.945e-25
1579.915563,1.4160000000000002e-26
1579.918877,1.07e-24
1579.93419,1.2110000000000001e-21
1579.934365,8.395000000000001e-25
1579.936031,1.263e-21
1579.943813,1.036e-25
1579.944569,5.175e-26
1579.94553,5.047e-26
1579.947406,1.445e-25
1579.948767,4.947e-23
1579.9506,3.4650000000000005e-26
1579.952771,3.494e-24
1579.955814,3.893e-24
1579.958451,5.37e-25
1579.960389,3.273e-24
1579.961726,5.203e-25
1579.962703,1.142e-24
1579.965118,3.126e-24
1579.971608,8.029e-25
1579.972045,2.17e-23
1579.977071,2.116e-24
1579.977356,1.829e-25
1579.977778,1.118e-23
1579.97999,5.754e-24
1579.981922,1.874e-25
1579.982426,2.998e-22
1579.984981,2.018e-23
1579.996037,1.143e-25
1579.996184,1.094e-23
1579.998135,1.6809999999999998e-23
1580.001659,6.483999999999999e-22
1580.002077,4.555e-26
1580.007194,6.843e-22
1580.007353,1.575e-25
1580.011628,4.631e-25
1580.01327,1.119e-24
1580.016029,1.767e-21
1580.018573,1.832e-21
1580.023195,6.085e-26
1580.023727,4.529e-25
1580.026383,1.026e-25
1580.02674,4.561e-25
1580.02701,5.641e-26
1580.027034,4.423e-25
1580.027291,1.816e-24
1580.02761,5.932e-26
1580.029512,3.736e-24
1580.030387,1.7579999999999998e-24
1580.030861,5.788000000000001e-26
1580.033654,7.8e-23
1580.036091,8.305e-23
1580.0397,1.284e-24
1580.039835,6.007e-25
1580.04199,2.478e-23
1580.042558,3.432e-24
1580.045951,1.11e-25
1580.046942,2.322e-24
1580.04707,2.0299999999999998e-24
1580.04961,6.564000000000001e-25
1580.049916,5.892e-25
1580.052779,1.237e-24
1580.054768,4.4010000000000006e-26
1580.056078,2.291e-23
1580.059384,3.344e-24
1580.060874,7.023e-24
1580.068001,4.819e-25
1580.068814,1.129e-25
1580.068882,3.744e-24
1580.070662,1.124e-25
1580.072686,1.879e-20
1580.073002,3.786e-23
1580.073481,3.249e-22
1580.073831,3.568e-24
1580.074204,1.931e-20
1580.077663,1.397e-25
1580.078727,4.662e-23
1580.079748,9.504e-25
1580.080203,5.586e-25
1580.086034,1.377e-25
1580.086538,6.949999999999999e-24
1580.087705,4.6790000000000005e-25
1580.089873,1.145e-25
1580.090537,1.353e-23
1580.092512,4.166e-25
1580.099024,4.188e-23
1580.103963,4.405e-24
1580.104118,8.73e-25
1580.10595,3.4490000000000003e-25
1580.106421,2.837e-23
1580.1097,1.322e-23
1580.115087,1.374e-22
1580.115315,4.217e-22
1580.115733,2.4450000000000003e-26
1580.120483,1.5260000000000002e-26
1580.121325,1.492e-26
1580.121879,2.606e-23
1580.127843,5.883e-25
1580.132154,5.096e-25
1580.137749,1.363e-26
1580.139712,1.365e-25
1580.146857,1.341e-25
1580.154364,1.132e-22
1580.1558,5.629000000000001e-26
1580.159012,1.31e-22
1580.160548,1.738e-25
1580.162009,1.515e-22
1580.162727,1.284e-24
1580.16531,3.262e-23
1580.166115,1.646e-24
1580.167689,1.48e-24
1580.171881,4.277e-24
1580.17708,4.066e-24
1580.181558,1.425e-24
1580.182426,2.972e-23
1580.183311,3.357e-24
1580.18496,3.648e-25
1580.185801,6.594e-24
1580.186174,4.644e-22
1580.191123,3.19e-26
1580.191762,3.1150000000000004e-26
1580.19227,2.124e-24
1580.195469,2.054e-24
1580.196311,4.08e-24
1580.200233,1.6299999999999997e-23
1580.200355,2.971e-24
1580.212442,2.504e-24
1580.213743,3.973e-24
1580.216077,6.216e-26
1580.217701,1.185e-25
1580.218473,1.098e-24
1580.218612,3.772e-23
1580.220191,1.5929999999999998e-23
1580.227102,7.933e-23
1580.234132,4.118e-24
1580.236939,6.047000000000001e-26
1580.237785,3.403e-23
1580.239736,4.042e-25
1580.23976,1.75e-24
1580.240026,8.933e-26
1580.24271,9.474e-23
1580.244556,3.4570000000000003e-26
1580.244867,2.315e-24
1580.251103,3.955e-25
1580.254229,7.259000000000001e-26
1580.256967,1.2e-24
1580.259382,1.872e-24
1580.262824,3.5809999999999996e-24
1580.263505,4.788e-25
1580.266261,4.396e-23
1580.267424,4.66e-25
1580.267733,4.487e-26
1580.267918,3.104e-24
1580.26911,8.691000000000001e-26
1580.269899,4.879e-24
1580.275372,4.6249999999999996e-24
1580.275543,3.418e-23
1580.277166,1.38e-24
1580.285892,1.994e-25
1580.286916,6.926e-24
1580.288067,3.919e-23
1580.28915,2.689e-25
1580.290743,1.706e-24
1580.292468,2.758e-25
1580.294166,1.7599999999999998e-24
1580.295284,1.026e-24
1580.303302,1.179e-25
1580.303358,1.832e-25
1580.305219,1.638e-24
1580.306876,1.958e-23
1580.308146,5.179999999999999e-23
1580.311206,7.383e-25
1580.311997,1.805e-25
1580.314224,7.139e-25
1580.315339,6.3090000000000005e-25
1580.316162,6.106e-25
1580.319026,2.059e-23
1580.320929,5.291e-24
1580.324634,4.857e-25
1580.325539,8.94e-25
1580.32585,1.778e-24
1580.327669,1.912e-23
1580.328951,4.4210000000000006e-26
1580.331639,8.943e-25
1580.333472,4.548e-23
1580.335342,1.303e-24
1580.335699,1.449e-26
1580.341886,1.328e-20
1580.342666,1.3710000000000003e-20
1580.342693,1.449e-24
1580.344066,6.200999999999999e-23
1580.345627,4.835e-24
1580.346419,9.317e-25
1580.346447,2.478e-24
1580.349856,2.394e-24
1580.350775,9.451e-26
1580.352714,9.179e-25
1580.352985,4.1e-23
1580.354446,5.031e-23
1580.357846,2.747e-23
1580.360116,1.284e-25
1580.362595,5.56e-24
1580.363695,4.703e-24
1580.368376,5.2549999999999996e-24
1580.369996,6.3170000000000005e-25
1580.373609,7.592e-23
1580.374411,5.333e-23
1580.375705,4.954e-23
1580.376023,6.769e-25
1580.378463,2.055e-20
1580.381691,5.36e-23
1580.381951,2.1090000000000003e-20
1580.389498,7.362e-21
1580.390129,1.73e-25
1580.391914,7.663e-21
1580.393805,2.24e-25
1580.397558,1.699e-25
1580.402635,1.221e-25
1580.403123,6.07e-25
1580.408532,1.96e-24
1580.410473,2.344e-23
1580.410886,1.873e-23
1580.411435,5.189e-25
1580.411939,6.339999999999999e-23
1580.423766,1.879e-24
1580.424937,1.538e-25
1580.431989,1.126e-25
1580.432146,2.286e-23
1580.434014,4.018e-25
1580.435057,3.809e-24
1580.436462,3.296e-24
1580.439987,1.942e-25
1580.444841,7.503e-24
1580.445465,3.1350000000000003e-25
1580.446432,1.2440000000000002e-25
1580.446921,3.663e-26
1580.447108,2.461e-25
1580.447522,1.735e-23
1580.44776,2.269e-25
1580.450189,6.332e-24
1580.456316,5.964e-24
1580.462249,1.1320000000000002e-26
1580.462427,3.509e-25
1580.46624,3.087e-24
1580.466622,4.4160000000000006e-26
1580.472443,2.164e-20
1580.472616,2.888e-26
1580.473152,3.436e-25
1580.474139,2.222e-20
1580.474458,2.8130000000000003e-26
1580.476771,2.637e-25
1580.478282,7.263e-24
1580.483306,1.356e-25
1580.488128,1.599e-25
1580.490504,5.7099999999999996e-24
1580.491558,2.806e-24
1580.494016,8.759e-25
1580.499429,2.883e-24
1580.502979,2.781e-24
1580.503577,5.152e-25
1580.507689,2.552e-25
1580.509245,5.551e-24
1580.509261,1.184e-26
1580.511032,2.796e-23
1580.516595,4.973000000000001e-25
1580.519569,1.284e-24
1580.521138,2.247e-24
1580.525229,2.393e-25
1580.532539,7.209e-24
1580.533635,2.726e-23
1580.534146,2.357e-25
1580.536335,2.183e-26
1580.537206,2.1499999999999998e-24
1580.53906,6.763999999999999e-24
1580.542614,1.66e-25
1580.549795,4.2229999999999996e-24
1580.551891,6.218000000000001e-26
1580.552263,1.194e-24
1580.553174,1.246e-26
1580.553669,6.381000000000001e-26
1580.556192,4.389e-26
1580.556733,4.268e-26
1580.557337,5.239000000000001e-26
1580.557598,5.093e-26
1580.558718,1.265e-26
1580.562234,2.133e-26
1580.56692,2.287e-24
1580.572105,1.355e-25
1580.579253,3.5330000000000006e-26
1580.58004,1.057e-20
1580.581113,1.095e-20
1580.585913,1.1369999999999999e-24
1580.593962,8.619e-25
1580.595237,8.324e-25
1580.59596,2.185e-23
1580.607315,3.895e-25
1580.608561,3.324e-23
1580.608774,8.498e-24
1580.609197,1.84e-20
1580.60956,4e-25
1580.609728,8.209999999999999e-24
1580.610412,1.894e-20
1580.616023,1.514e-21
1580.6167,7.67e-24
1580.617584,1.576e-21
1580.619552,5.73e-25
1580.621348,3.215e-26
1580.628561,2.571e-24
1580.630526,3.943e-24
1580.630942,6.724e-24
1580.632147,3.238e-23
1580.632806,7.729e-24
1580.633299,1.003e-24
1580.635775,2.183e-25
1580.636162,9.673e-25
1580.637631,2.017e-25
1580.641419,2.247e-25
1580.641899,1.2649999999999999e-24
1580.642877,2.066e-21
1580.643494,2.143e-25
1580.643929,3.344e-24
1580.644816,9.639e-22
1580.645547,2.455e-24
1580.647689,3.221e-24
1580.648042,1.011e-21
1580.648927,5.527e-25
1580.650394,6.5299999999999995e-24
1580.665013,2.202e-21
1580.665336,1.055e-26
1580.666189,3.275e-24
1580.668612,1.083e-26
1580.668951,3.102e-25
1580.671519,1.297e-26
1580.672236,1.269e-26
1580.679479,3.031e-25
1580.681701,9.36e-24
1580.682135,1.95e-25
1580.683165,3.858e-26
1580.688962,3.961e-26
1580.689195,8.699e-24
1580.689528,1.871e-25
1580.689642,2.9690000000000003e-25
1580.689675,3.8550000000000006e-26
1580.690776,1.21e-25
1580.698116,3.137e-24
1580.703066,3.939e-23
1580.703186,1.24e-23
1580.713154,1.82e-23
1580.713326,3.747e-24
1580.713991,3.878e-24
1580.718094,7.553e-24
1580.722075,2.037e-23
1580.724194,6.802e-25
1580.725013,2.108e-24
1580.727604,6.609000000000001e-25
1580.727694,3.834e-23
1580.730795,2.938e-24
1580.732996,5.416e-25
1580.733416,2.236e-24
1580.734344,4.522e-21
1580.735685,3.009e-24
1580.740627,1.551e-25
1580.74182,4.747e-21
1580.743281,3.113e-25
1580.746104,3.089e-25
1580.746226,6.519e-24
1580.747523,1.31e-24
1580.748482,1.069e-23
1580.748796,2.7979999999999998e-24
1580.749136,7.956e-24
1580.74967,1.2960000000000002e-26
1580.751158,1.728e-21
1580.752155,1.796e-21
1580.752486,3.065e-25
1580.752687,1.604e-20
1580.752713,3.605e-22
1580.755575,1.652e-20
1580.755595,1.242e-26
1580.756585,9.876e-24
1580.759945,1.444e-23
1580.760539,6.407e-23
1580.763674,6.887e-23
1580.766941,7.892e-24
1580.769811,3.871e-22
1580.781905,3.727e-24
1580.785392,3.869e-24
1580.787147,7.657999999999999e-24
1580.789328,3.722e-24
1580.789736,2.025e-24
1580.794555,4.652e-23
1580.795176,1.7270000000000002e-25
1580.810013,7.236e-24
1580.810043,1.224e-23
1580.816991,1.199e-24
1580.818871,1.123e-23
1580.82029,4.525e-23
1580.823897,2.85e-23
1580.826757,7.644e-24
1580.827836,3.352e-24
1580.828843,1.754e-25
1580.832811,1.557e-25
1580.840372,4.476e-26
1580.840984,4.594e-26
1580.846966,3.1839999999999998e-24
1580.852232,7.494e-23
1580.855182,8.014e-23
1580.859503,7.437e-24
1580.860126,1.164e-24
1580.861793,1.121e-24
1580.86208,4.3e-25
1580.865452,4.03e-26
1580.86615,3.978e-24
1580.866381,1.407e-23
1580.867231,2.906e-26
1580.867898,2.889e-22
1580.872552,3.51e-24
1580.876083,1.281e-23
1580.876582,9.732e-23
1580.876652,2.745e-25
1580.88088,1.155e-22
1580.883034,5.478e-23
1580.884594,2.077e-26
1580.884666,2.694e-25
1580.885197,5.37e-26
1580.889235,5.236e-26
1580.890679,2.604e-25
1580.895613,5.41e-24
1580.897635,1.276e-21
1580.8985,9.237e-24
1580.899662,1.3330000000000001e-21
1580.900353,2.553e-25
1580.902074,1.51e-24
1580.905392,1.737e-24
1580.909947,5.322999999999999e-23
1580.916271,1.32e-24
1580.916365,3.748e-25
1580.917471,1.627e-23
1580.918516,6.74e-25
1580.919509,8.953e-24
1580.919673,3.82e-24
1580.919769,4.465e-24
1580.921455,2.144e-26
1580.92393,4.2879999999999996e-24
1580.925147,1.4809999999999998e-23
1580.926103,2.776e-24
1580.927023,1.347e-24
1580.927133,5.562e-25
1580.92825,1.466e-23
1580.92846,5.72e-25
1580.929784,8.069000000000001e-26
1580.929823,1.296e-24
1580.933043,7.023e-25
1580.933491,8.286e-25
1580.933856,2.684e-26
1580.935108,5.586000000000001e-26
1580.935132,2.7480000000000005e-26
1580.93542,6.53e-25
1580.938843,6.545e-22
1580.940068,3.618e-24
1580.945595,6.93e-22
1580.947752,2.032e-26
1580.947943,7.071e-24
1580.951425,2.001e-26
1580.951655,1.276e-26
1580.957518,4.035e-25
1580.95754,7.856000000000001e-26
1580.95842,2.196e-24
1580.959763,2.527e-26
1580.962632,2.3810000000000003e-26
1580.962747,3.136e-22
1580.963284,1.896e-23
1580.967021,3.972e-25
1580.968507,6.429999999999999e-23
1580.975426,1.688e-23
1580.975618,1.866e-21
1580.978097,2.622e-24
1580.97819,1.937e-21
1580.979398,3.686e-24
1580.980919,7.644e-25
1580.983209,1.287e-24
1580.989553,1.773e-25
1580.991351,3.954e-25
1580.993255,3.305e-24
1580.996679,6.241999999999999e-23
1580.999199,5.9820000000000005e-25
1580.999543,2.291e-22
1581.00377,2.235e-23
1581.005428,5.0719999999999996e-24
1581.005882,1.113e-22
1581.006296,4.351e-24
1581.006452,2.438e-24
1581.007852,7.193000000000001e-25
1581.010552,5.435000000000001e-26
1581.010573,2.544e-26
1581.011901,1.904e-24
1581.012767,2.48e-26
1581.017698,1.959e-23
1581.025618,1.078e-23
1581.027816,3.087e-26
1581.028121,4.108e-24
1581.031264,6.9630000000000005e-25
1581.03506,2.908e-23
1581.038843,2.675e-23
1581.043234,1.795e-24
1581.046108,3.795e-23
1581.047484,1.044e-23
1581.050014,5.14e-24
1581.050181,2.434e-26
1581.050979,7.525e-23
1581.054388,4.928e-24
1581.05523,2.297e-23
1581.055654,1.79e-25
1581.059921,5.451e-25
1581.067598,1.2449999999999998e-22
1581.068339,3.274e-23
1581.068601,1.094e-24
1581.070975,1.122e-24
1581.07161,8.364e-24
1581.074339,1.223e-25
1581.078679,2.124e-20
1581.079099,4.127e-23
1581.07977,1.195e-25
1581.079967,2.1850000000000003e-20
1581.080498,7.297e-23
1581.08518,6.942000000000001e-25
1581.085337,1.79e-25
1581.086969,6.043e-25
1581.08769,4.954e-24
1581.088344,3.79e-26
1581.088382,2.733e-23
1581.090557,6.234e-23
1581.091901,4.146e-23
1581.092581,1.559e-24
1581.092902,2.5600000000000003e-22
1581.093862,6.69e-25
1581.094424,3.822e-26
1581.095824,2.227e-25
1581.096242,4.8160000000000006e-26
1581.096434,6.976e-25
1581.096968,3.882e-26
1581.102316,1.041e-24
1581.104507,4.82e-26
1581.105075,2.184e-25
1581.106163,4.687e-26
1581.107267,6.713e-25
1581.108453,1.154e-26
1581.110612,1.184e-26
1581.111145,4.661e-24
1581.111774,1.555e-24
1581.11276,3.4390000000000004e-25
1581.113793,1.493e-24
1581.114318,7.763e-23
1581.117978,5.815e-25
1581.118171,3.313e-23
1581.121075,3.374e-25
1581.122639,7.08e-25
1581.12675,1.871e-24
1581.129868,1.292e-26
1581.130454,8.78e-23
1581.1306,4.624e-26
1581.135148,4.5130000000000007e-26
1581.138264,1.126e-26
1581.139712,1.098e-26
1581.140246,1.048e-23
1581.14085,4.68e-26
1581.140875,1.676e-24
1581.145815,9.534e-25
1581.146707,3.784e-25
1581.148293,1.254e-23
1581.148855,9.247e-25
1581.155111,1.634e-24
1581.161421,8.505e-23
1581.163834,5.643e-24
1581.164584,1.0709999999999999e-24
1581.167945,5.21e-25
1581.168099,1.015e-25
1581.171077,1.213e-23
1581.17398,5.904e-24
1581.176352,2.447e-25
1581.177755,5.127e-25
1581.177927,1.602e-24
1581.178197,7.831e-25
1581.178605,5.651e-24
1581.184721,5.819e-26
1581.18651,1.041e-22
1581.188152,1.2339999999999998e-22
1581.189169,5.286e-24
1581.194263,1.791e-24
1581.197084,1.717e-24
1581.201792,8.876000000000001e-26
1581.204183,2.728e-25
1581.20564,2.371e-25
1581.206935,1.0209999999999998e-22
1581.215967,1.901e-24
1581.219193,7.292000000000001e-26
1581.22317,1.618e-23
1581.225019,1.912e-26
1581.22777,1.557e-24
1581.229542,9.025e-24
1581.230065,2.025e-25
1581.232589,9.039e-26
1581.234701,6.4329999999999996e-24
1581.237991,1.094e-26
1581.238105,1.0710000000000002e-26
1581.238847,2.022e-25
1581.239461,9.884e-23
1581.243297,9.226e-26
1581.244381,7.834000000000001e-25
1581.244925,8.07e-25
1581.245919,3.304e-24
1581.247934,1.425e-25
1581.247975,1.009e-26
1581.248648,5.048e-25
1581.249855,1.8690000000000003e-26
1581.252739,1.163e-24
1581.255039,1.532e-25
1581.255594,2.662e-26
1581.255791,1.181e-25
1581.25947,2.6210000000000005e-26
1581.261338,3.326e-23
1581.262236,5.998e-24
1581.26552,1.494e-25
1581.266523,1.4549999999999998e-23
1581.267515,3.027e-24
1581.269123,2.281e-20
1581.271234,2.3440000000000003e-20
1581.271785,1.458e-25
1581.274316,4.2950000000000005e-26
1581.27856,4.4010000000000006e-26
1581.280422,1.185e-22
1581.28162,4.757e-23
1581.285289,1.439e-24
1581.28572,1.174e-24
1581.288839,5.183e-23
1581.289801,9.997e-25
1581.290293,1.406e-23
1581.293188,6.769e-24
1581.29472,1.895e-25
1581.294933,6.007e-24
1581.297366,1.921e-21
1581.297514,2.185e-23
1581.298067,6.465e-24
1581.298637,1.997e-21
1581.300251,7.347e-24
1581.301576,2.695e-25
1581.303607,1.859e-25
1581.314244,7.818e-24
1581.314636,1.146e-22
1581.316757,1.12e-24
1581.319073,3.585e-24
1581.320033,1.395e-25
1581.329114,4.948e-25
1581.329691,2.058e-25
1581.330401,6.812e-24
1581.33194,2.053e-25
1581.332833,2.042e-23
1581.33994,1.4550000000000002e-20
1581.340855,1.504e-20
1581.344101,4.293e-25
1581.347233,2.058e-24
1581.349583,1.969e-24
1581.350914,1.3719999999999998e-22
1581.351884,7.751000000000001e-21
1581.352723,4.21e-25
1581.354993,8.082e-21
1581.356881,2.731e-25
1581.360421,2.365e-26
1581.360429,8.413e-24
1581.360742,2.311e-26
1581.368044,3.586e-24
1581.371497,8.674000000000001e-25
1581.374566,6.6999999999999985e-25
1581.380305,1.6839999999999998e-23
1581.381726,1.018e-26
1581.384695,6.592000000000001e-25
1581.386964,1.324e-22
1581.393752,7.75e-24
1581.394074,2.371e-20
1581.395424,4.126e-24
1581.397456,2.435e-20
1581.400421,1.044e-23
1581.40514,1.625e-23
1581.405844,7.310999999999999e-23
1581.405933,9.742e-25
1581.406558,7.745e-24
1581.407205,1.82e-25
1581.407734,7.855e-23
1581.410295,1.926e-25
1581.411726,7.381e-24
1581.41515,9.672e-24
1581.416225,1.116e-26
1581.418411,1.584e-22
1581.425122,3.039e-25
1581.436009,2.152e-23
1581.436537,2.359e-24
1581.439458,2.253e-24
1581.452424,8.842e-24
1581.452858,1.815e-25
1581.456464,1.526e-22
1581.459927,1.769e-25
1581.46209,2.311e-25
1581.464277,1.118e-23
1581.467618,3.821e-24
1581.467877,2.0769999999999998e-24
1581.470051,3.929e-24
1581.470952,3.2260000000000005e-26
1581.471247,7.264000000000001e-25
1581.482906,1.824e-22
1581.483845,8.517e-24
1581.487176,1.604e-25
1581.489637,1.944e-23
1581.495754,1.574e-25
1581.501334,1.797e-25
1581.502554,1.268e-26
1581.504527,5.9249999999999996e-24
1581.505945,5.488000000000001e-26
1581.506653,1.013e-23
1581.507579,1.303e-23
1581.510416,1.403e-26
1581.514826,8.847e-24
1581.515625,1.873e-23
1581.51865,9.797e-24
1581.520302,8.411e-24
1581.52316,1.755e-22
1581.526974,4.653e-24
1581.528021,1.998e-24
1581.530501,3.677e-24
1581.531778,1.319e-24
1581.532897,3.3540000000000004e-26
1581.534572,1.277e-24
1581.537169,4.586e-25
1581.544393,2.096e-22
1581.544609,1.536e-23
1581.548739,5.521e-24
1581.555218,1.124e-24
1581.555343,1.089e-24
1581.556883,1.166e-23
1581.557804,1.757e-23
1581.558408,1.939e-21
1581.558412,3.4750000000000005e-26
1581.560247,1.137e-20
1581.561634,1.18e-20
1581.562493,3.42e-26
1581.565171,2.7e-24
1581.565836,2.365e-25
1581.56775,8.825e-24
1581.567852,2.572e-24
1581.570674,5.3390000000000005e-25
1581.577386,8.585e-25
1581.579611,5.234e-25
1581.583302,1.607e-21
1581.584892,1.676e-21
1581.586045,2.077e-21
1581.587076,2.013e-22
1581.587178,2.051e-24
1581.587843,8.444e-25
1581.588822,1.835e-25
1581.594512,2.239e-23
1581.595623,9.932e-22
1581.597808,5.213e-24
1581.598505,1.7720000000000002e-26
1581.599386,1.045e-21
1581.602859,2.404e-22
1581.604119,1.353e-23
1581.606883,9.337e-25
1581.613511,1.458e-24
1581.61489,7.249000000000001e-26
1581.615791,8.954e-25
1581.616559,1.128e-25
1581.617484,1.009e-23
1581.618903,1.5840000000000002e-26
1581.621757,2.154e-23
1581.623304,9.569e-24
1581.626982,7.782e-24
1581.630152,2.062e-20
1581.631379,2.1230000000000003e-20
1581.63616,2.194e-25
1581.639589,5.252000000000001e-26
1581.641412,7.063000000000001e-26
1581.644018,2.135e-25
1581.648244,2.304e-22
1581.651223,1.063e-23
1581.655036,3.085e-24
1581.657253,9.188e-24
1581.658139,2.9319999999999998e-24
1581.658286,2.753e-22
1581.661323,5.115e-26
1581.666089,1.096e-25
1581.666136,3.419e-22
1581.668314,9.3e-25
1581.669463,5.812e-25
1581.673011,1.352e-25
1581.67382,4.582e-21
1581.679108,3.352e-25
1581.680121,2.253e-26
1581.680308,6.232e-24
1581.681329,1.327e-25
1581.682624,8.989000000000001e-25
1581.683137,4.823e-21
1581.685601,2.633e-25
1581.687564,3.695e-22
1581.690503,6.653e-25
1581.69471,6.261999999999999e-23
1581.694926,2.573e-23
1581.695274,5.098e-24
1581.698479,6.769e-23
1581.705468,1.8810000000000003e-26
1581.706528,7.415e-24
1581.706701,2.633e-22
1581.710652,3.147e-22
1581.711023,5.482e-24
1581.71247,4.021e-25
1581.714859,1.15e-23
1581.717543,4.735e-26
1581.719184,4.852e-26
1581.721057,1.087e-23
1581.72251,2.223e-26
1581.723545,2.471e-23
1581.724004,2.168e-26
1581.724855,2.379e-24
1581.726171,8.598e-25
1581.726775,4.0160000000000006e-26
1581.727015,7.494999999999999e-24
1581.72704,4.126e-26
1581.728562,3.508e-26
1581.730372,1.9860000000000003e-26
1581.733785,1.975e-25
1581.736366,5.701e-25
1581.737673,2.709e-24
1581.749833,1.183e-26
1581.751415,2.769e-22
1581.754312,3.968e-24
1581.755031,1.18e-26
1581.7552,2.8860000000000003e-26
1581.756961,1.7820000000000002e-20
1581.758624,1.915e-24
1581.759731,1.838e-20
1581.75992,3.594e-22
1581.762495,3.003e-22
1581.762762,2.531e-24
1581.764554,3.5199999999999996e-24
1581.766206,3.596e-24
1581.767588,3.336e-24
1581.774822,5.858e-24
1581.776408,1.096e-24
1581.779765,1.368e-24
1581.783542,4.231e-25
1581.787065,1.811e-24
1581.787206,1.077e-24
1581.790871,2.951e-23
1581.792482,6.616000000000001e-25
1581.793781,2.717e-25
1581.798589,5.742e-25
1581.800247,9.933e-25
1581.801742,6.483e-25
1581.801889,8.403e-24
1581.802144,1.946e-23
1581.806043,4.1e-22
1581.806728,1.31e-23
1581.81335,1.234e-23
1581.815174,2.6390000000000003e-25
1581.815685,3.42e-22
1581.820234,3.665e-24
1581.820337,2.828e-23
1581.821001,2.828e-23
1581.823406,3.731e-26
1581.823816,2.564e-25
1581.823828,9.257e-25
1581.827705,5.533e-25
1581.828908,1.018e-25
1581.83596,9.049e-24
1581.837411,2.499e-26
1581.83885,4.577e-25
1581.842347,1.542e-24
1581.84245,2.044e-25
1581.846867,3.435e-26
1581.847358,3.346e-26
1581.848951,4.677e-22
1581.85032,3.011e-22
1581.850675,4.011e-24
1581.852043,1.134e-25
1581.852271,1.267e-23
1581.853018,1.855e-21
1581.854046,3.79e-24
1581.85486,1.931e-21
1581.855815,1.3360000000000001e-21
1581.856103,1.544e-24
1581.856208,4.5190000000000005e-26
1581.85657,2.55e-26
1581.856804,1.493e-24
1581.858065,1.399e-21
1581.860147,1.113e-25
1581.860497,4.4460000000000005e-26
1581.861641,1.04e-25
1581.863445,8.195000000000001e-25
1581.864089,1.469e-24
1581.86487,7.706e-23
1581.866354,3.891e-22
1581.867181,8.28e-23
1581.868693,4.305e-24
1581.869016,8.029999999999999e-23
1581.870727,6.540999999999999e-22
1581.870873,2.258e-25
1581.871895,3.852e-24
1581.875078,2.711e-24
1581.876682,9.891e-23
1581.878987,6.951e-22
1581.882338,3.377e-23
1581.884457,4.8790000000000006e-26
1581.884675,1.72e-24
1581.884999,1.802e-24
1581.887538,8.002e-23
1581.887656,1.741e-24
1581.888539,5.335999999999999e-22
1581.893221,1.491e-23
1581.893502,1.883e-24
1581.898672,2.1899999999999998e-25
1581.899495,3.004e-26
1581.90032,1.4000000000000002e-23
1581.900546,2.995e-25
1581.901237,3.069e-26
1581.909633,1.666e-26
1581.910031,1.541e-24
1581.914141,3.23e-23
1581.914615,4.423e-22
1581.91469,1.324e-26
1581.915805,1.151e-26
1581.916014,4.488e-25
1581.924649,6.091999999999999e-22
1581.931451,2.294e-24
1581.933469,1.63e-26
1581.937881,6.47e-26
1581.939957,3.162e-26
1581.939963,4.335e-23
1581.944061,1.798e-24
1581.944599,4.569e-24
1581.948036,4.302e-24
1581.948374,1.476e-24
1581.949388,1.838e-25
1581.951759,4.039e-26
1581.952043,1.385e-25
1581.952556,3.91e-26
1581.95808,2.049e-21
1581.960566,2.13e-21
1581.960639,5.025999999999999e-22
1581.969315,3.859e-23
1581.970904,9.117e-23
1581.971637,1.393e-24
1581.974246,1.699e-23
1581.980494,5.793999999999999e-23
1581.981888,1.587e-23
1581.982236,1.197e-24
1581.982789,1.37e-24
1581.982799,2.077e-26
1581.983092,8.73e-26
1581.989761,3.159e-25
1581.989831,9.901e-24
1581.99919,3.065e-25
1582.002982,3.683e-23
1582.003548,1.216e-25
1582.004423,3.893e-24
1582.004689,5.711999999999999e-22
1582.004699,2.54e-20
1582.005579,2.612e-20
1582.009526,8.169000000000001e-25
1582.010904,4.5439999999999996e-24
1582.012009,1.985e-24
1582.012316,4.063e-24
1582.013523,3.12e-25
1582.013599,1.145e-24
1582.019116,8.002e-25
1582.01923,1.204e-25
1582.019485,3.479e-24
1582.020781,3.503e-26
1582.021798,3.5970000000000005e-26
1582.024126,5.2019999999999996e-24
1582.02419,7.107e-25
1582.026152,2.673e-26
1582.027873,4.879e-24
1582.030481,1.452e-25
1582.035025,6.45e-25
1582.038197,1.2420000000000002e-25
1582.038225,3.2099999999999997e-24
1582.038341,4.0260000000000005e-26
1582.042204,1.237e-24
1582.042359,1.095e-24
1582.045061,1.707e-25
1582.049462,1.181e-24
1582.049845,1.937e-23
1582.051787,4.404e-23
1582.054707,4.024e-23
1582.05711,3.884e-25
1582.05811,1.8e-23
1582.058699,2.512e-25
1582.062824,1.64e-24
1582.065535,1.4850000000000002e-25
1582.066449,2.296e-23
1582.067893,3.2799999999999995e-23
1582.087547,4.192e-23
1582.088208,1.42e-24
1582.095458,2.474e-23
1582.104546,2.0179999999999998e-24
1582.104728,5.9249999999999996e-24
1582.106893,3.399e-25
1582.108656,5.533e-24
1582.112178,3.141e-24
1582.118386,1.342e-24
1582.119975,2.211e-23
1582.120668,2.5010000000000003e-26
1582.12439,1.863e-24
1582.127308,1.001e-23
1582.128577,1.973e-26
1582.128967,2.044e-23
1582.129702,2.322e-23
1582.129733,5.02e-23
1582.130485,2.017e-26
1582.132728,5.165e-26
1582.134307,2.395e-20
1582.135826,2.4650000000000003e-20
1582.14482,2.098e-24
1582.146025,2.023e-24
1582.148982,5.854e-26
1582.15026,4.107e-25
1582.15348,5.758e-26
1582.154875,4.241e-24
1582.159751,3.766e-25
1582.163077,1.765e-24
1582.167865,4.766e-23
1582.169979,3.648e-25
1582.174595,1.734e-24
1582.175866,6.755e-24
1582.178135,1.72e-25
1582.180129,6.275e-24
1582.180982,4.02e-25
1582.18222,4.501e-23
1582.184631,2.532e-23
1582.184907,1.203e-23
1582.186509,3.096e-24
1582.191114,4.945e-23
1582.19449,2.324e-23
1582.195128,1.962e-24
1582.201483,2.723e-26
1582.203127,5.718999999999999e-23
1582.205704,2.025e-24
1582.20727,1.315e-24
1582.207932,2.434e-24
1582.208197,3.226e-25
1582.210552,2.3449999999999998e-24
1582.210764,3.4520000000000003e-26
1582.214971,1.76e-25
1582.215448,3.3720000000000006e-26
1582.215979,2.8410000000000005e-26
1582.216745,3.727e-24
1582.217738,2.035e-25
1582.221419,1.0820000000000002e-25
1582.221806,1.005e-24
1582.222688,4.047e-24
1582.223498,6.685000000000001e-26
1582.225084,3.58e-25
1582.225579,1.941e-26
1582.227529,1.894e-26
1582.231737,9.84e-25
1582.243018,3.2000000000000003e-23
1582.243823,2.912e-23
1582.243975,5.412e-23
1582.244525,7.714e-24
1582.248448,1.112e-24
1582.24909,7.124e-24
1582.254693,2.651e-23
1582.255221,2.083e-25
1582.256505,3.015e-26
1582.261844,1.9509999999999998e-24
1582.264901,3.269e-25
1582.267221,6.794e-24
1582.271933,6.512999999999999e-23
1582.273779,2.061e-23
1582.275216,3.592e-24
1582.28644,7.338e-25
1582.286519,1.132e-23
1582.295336,6.478e-26
1582.297482,3.367e-23
1582.298606,1.435e-25
1582.304361,3.127e-26
1582.304597,3.85e-25
1582.306204,8.834e-24
1582.30941,8.101e-21
1582.309616,3.035e-23
1582.311061,8.75e-26
1582.311188,8.102e-24
1582.313343,8.463e-21
1582.315928,6.142e-23
1582.317639,1.088e-23
1582.32071,6.316000000000001e-26
1582.323245,2.076e-25
1582.323594,1.2669999999999999e-24
1582.325039,4.471e-25
1582.325337,3.609e-25
1582.332275,1.266e-25
1582.332515,3.7720000000000006e-26
1582.332953,1.5850000000000003e-20
1582.334028,1.6410000000000002e-20
1582.334237,3.673e-26
1582.335243,1.332e-25
1582.335553,1.221e-24
1582.336087,4.323000000000001e-25
1582.336101,7.419e-23
1582.33619,9.954e-24
1582.337423,2.045e-25
1582.343761,2.389e-25
1582.345588,3.924e-23
1582.350733,2.228e-24
1582.351401,7.623e-24
1582.359315,3.494e-23
1582.362631,2.188e-24
1582.36369,1.016e-23
1582.369136,9.239e-24
1582.380385,2.848e-26
1582.382943,2.447e-25
1582.383797,6.969e-23
1582.38808,4.624e-23
1582.389156,8.000000000000001e-24
1582.390654,3.64e-26
1582.391724,2.8e-25
1582.39556,8.459e-23
1582.396029,1.165e-25
1582.396429,6.423e-26
1582.400575,1.651e-23
1582.403891,4.054e-23
1582.408032,4.619e-24
1582.409821,1.624e-24
1582.410494,4.684e-24
1582.413205,4.179e-24
1582.415307,1.175e-23
1582.415707,1.544e-24
1582.418045,2.184e-26
1582.419059,2.818e-24
1582.419381,4.122e-25
1582.420716,2.71e-24
1582.421346,1.058e-23
1582.421997,2.657e-20
1582.424854,5.535e-23
1582.425424,2.731e-20
1582.428487,4.105e-25
1582.429324,1.232e-24
1582.431769,2.87e-25
1582.436736,7.555e-26
1582.439606,1.206e-24
1582.441446,7.430000000000001e-26
1582.443535,4.754e-23
1582.447689,7.91e-23
1582.449939,1.638e-25
1582.450205,9.661e-23
1582.455717,6.775e-23
1582.456219,5.892e-25
1582.45865,6.887e-24
1582.460441,3.1e-24
1582.461278,7.637e-24
1582.461986,1.3689999999999998e-23
1582.46864,1.764e-21
1582.468751,1.218e-23
1582.469292,7.061e-24
1582.476069,1.006e-23
1582.478675,5.657e-23
1582.479286,1.557e-25
1582.480241,8.578999999999999e-23
1582.48416,7.439e-26
1582.484804,9.957e-24
1582.485506,5.287000000000001e-25
1582.491271,2.766e-24
1582.493508,4.043e-25
1582.493618,4.347000000000001e-25
1582.49574,3.2080000000000003e-26
1582.497401,5.103e-25
1582.499599,1.908e-24
1582.499874,1.106e-22
1582.500325,3.284e-26
1582.500387,3.259e-25
1582.502241,1.659e-26
1582.502607,3.252e-24
1582.503195,1.613e-23
1582.503344,1.902e-21
1582.504864,5.42e-25
1582.505278,3.1229999999999998e-24
1582.505784,1.72e-26
1582.505802,1.683e-26
1582.507083,5.067e-24
1582.507415,1.2999999999999998e-24
1582.50777,8.985e-23
1582.508938,3.485e-24
1582.510551,6.856999999999999e-23
1582.51091,1.412e-23
1582.512535,9.859e-25
1582.513688,2.5949999999999998e-24
1582.52162,4.27e-25
1582.523528,4.404e-26
1582.525583,1.81e-24
1582.527657,1.196e-24
1582.528968,1.081e-23
1582.532277,5.23e-25
1582.534609,2.801e-24
1582.535501,1.216e-20
1582.537022,3.347e-24
1582.537261,1.263e-20
1582.539131,2.891e-24
1582.539146,1.931e-23
1582.541088,1.0150000000000001e-21
1582.541293,6.493e-24
1582.542091,3.342e-25
1582.542139,7.325000000000001e-26
1582.544092,5.98e-24
1582.544294,1.272e-22
1582.544794,4.203e-24
1582.545508,1.071e-21
1582.546902,2.751e-24
1582.548136,1.656e-23
1582.548883,1.08e-26
1582.551335,1.003e-25
1582.553358,3.782e-25
1582.553362,1.696e-21
1582.55356,2.793e-20
1582.554756,3.843e-24
1582.555114,1.771e-21
1582.555167,2.872e-20
1582.560334,2.072e-25
1582.562036,2.135e-25
1582.564313,1.022e-22
1582.566079,2.011e-25
1582.569651,2.364e-23
1582.573751,3.17e-22
1582.580297,1.4690000000000003e-26
1582.580469,1.97e-23
1582.586361,6.044999999999999e-23
1582.586765,2.011e-25
1582.587525,1.679e-24
1582.58939,4.483e-25
1582.590168,1.4450000000000002e-26
1582.590448,6.579999999999999e-23
1582.591574,2.986e-26
1582.594611,2.993e-23
1582.596125,3.882e-25
1582.600862,3.451e-22
1582.608305,2.391e-23
1582.608449,4.589e-21
1582.613058,1.414e-26
1582.613656,3.999e-23
1582.613943,4.858e-24
1582.616162,1.087e-25
1582.617126,2.023e-25
1582.617812,1.166e-22
1582.620011,4.847e-21
1582.621571,9.07e-26
1582.623775,4.704e-25
1582.623993,6.151e-23
1582.628131,1.418e-24
1582.631671,9.406e-25
1582.632081,1.505e-24
1582.632823,2.974e-23
1582.633054,2.639e-22
1582.63311,2.247e-25
1582.633872,8.031e-23
1582.639092,2.273e-25
1582.641071,6.228e-25
1582.642725,1.472e-24
1582.646203,2.9920000000000003e-25
1582.647274,2.298e-20
1582.648028,4.3620000000000005e-25
1582.648527,2.369e-20
1582.653848,6.001e-25
1582.655381,7.246e-23
1582.655629,5.337000000000001e-26
1582.658478,7.83e-23
1582.668095,2.344e-24
1582.673909,4.892e-25
1582.67692,3.746e-24
1582.677648,8.815e-24
1582.677882,1.091e-23
1582.678998,3.59e-24
1582.68183,1.595e-25
1582.684361,2.466e-25
1582.687321,1.992e-25
1582.692459,4.481e-25
1582.694696,1.024e-26
1582.701656,5.594000000000001e-25
1582.701693,1.879e-24
1582.703448,5.0140000000000005e-25
1582.704509,8.589e-24
1582.710582,1.141e-25
1582.714709,3.509e-24
1582.717076,2.119e-24
1582.718332,1.7519999999999998e-24
1582.71839,1.962e-21
1582.71947,9.714e-26
1582.719509,2.046e-21
1582.72187,2.002e-24
1582.722804,2.788e-24
1582.724396,9.55e-26
1582.727411,3.444e-24
1582.732662,1.7350000000000003e-26
1582.73486,4.297e-25
1582.735128,1.711e-23
1582.735921,1.108e-24
1582.736317,2.876e-22
1582.738362,1.557e-24
1582.74913,5.155e-25
1582.749859,2.433e-25
1582.756538,4.306e-23
1582.756636,1.97e-20
1582.758638,1.962e-24
1582.759319,2.034e-20
1582.760944,2.2e-23
1582.762679,1.062e-24
1582.770663,4.304e-24
1582.773471,4.118e-24
1582.781954,1.044e-23
1582.786752,5.73e-25
1582.787576,6.482000000000001e-26
1582.787684,3.614e-24
1582.789639,9.73e-24
1582.791644,7.311e-25
1582.79324,4.417e-24
1582.795502,2.106e-24
1582.797256,6.464999999999999e-22
1582.804155,3.354e-24
1582.805347,7.03e-25
1582.805638,3.02e-25
1582.807402,6.9e-22
1582.807518,2.71e-23
1582.808884,1.3900000000000001e-21
1582.811002,5.385e-25
1582.811409,1.4580000000000001e-21
1582.824783,3.893e-25
1582.826174,1.156e-25
1582.830078,1.832e-24
1582.833365,6.3299999999999995e-25
1582.833483,1.14e-25
1582.834142,5.898e-25
1582.840835,1.067e-23
1582.840988,2.547e-23
1582.841096,1.791e-24
1582.841899,1.882e-25
1582.842697,6.522e-25
1582.844092,7.467e-26
1582.845415,5.482e-25
1582.848416,1.765e-24
1582.848525,3.416e-23
1582.84886,1.378e-26
1582.851023,3.5390000000000004e-26
1582.8547,2.245e-26
1582.867962,3.0950000000000004e-26
1582.870758,3.189e-26
1582.873624,5.039e-23
1582.880629,5.239e-24
1582.891037,4.379e-24
1582.891205,1.705e-24
1582.891526,6.72e-25
1582.895699,2.09e-24
1582.90108,1.638e-24
1582.90196,2.135e-21
1582.904165,4.2959999999999996e-24
1582.904543,2.223e-21
1582.908432,2.5359999999999998e-24
1582.908977,1.69e-24
1582.908993,4.295e-24
1582.913851,6.846e-23
1582.915448,8.875e-23
1582.916475,6.54e-25
1582.916662,7.381e-25
1582.916869,4.9339999999999996e-24
1582.919358,4.712e-24
1582.920141,7.890000000000001e-26
1582.930973,3.692e-25
1582.935163,1.138e-25
1582.93716,8.553e-25
1582.938309,1.112e-25
1582.938524,1.957e-24
1582.948775,7.789e-25
1582.951838,8.207000000000001e-25
1582.952156,9.468e-25
1582.953171,1.6790000000000002e-26
1582.954335,1.639e-26
1582.956382,8.115e-25
1582.958539,4.31e-26
1582.96141,3.603e-24
1582.962708,5.813e-25
1582.962896,1.329e-23
1582.967282,7.616e-25
1582.971022,2.754e-24
1582.971053,4.106e-24
1582.971119,5.76e-26
1582.971258,1.032e-24
1582.971721,8.313000000000001e-25
1582.972514,6.037e-25
1582.974998,2.583e-24
1582.976906,1.079e-24
1582.98173,4.203e-26
1582.99008,3.688e-25
1582.990241,6.159e-25
1582.991137,1.8879999999999998e-24
1582.991452,2.985e-26
1582.991775,2.124e-24
1582.992501,1.844e-24
1582.995419,5.619000000000001e-26
1582.997186,1.2440000000000002e-25
1583.00233,1.223e-25
1583.008069,6.114e-25
1583.009515,2.733e-26
1583.013401,5.647e-24
1583.015982,3.477e-24
1583.016429,5.38e-24
1583.019142,1.728e-24
1583.020051,4.285e-25
1583.022872,1.354e-24
1583.023317,2.223e-24
1583.023975,8.595e-25
1583.025646,3.882e-23
1583.026802,1.422e-24
1583.032284,4.439e-25
1583.034562,6.679e-25
1583.034723,2.172e-24
1583.037893,9.305e-25
1583.041813,2.087e-24
1583.051351,1.084e-24
1583.051619,1.254e-23
1583.052747,5.171e-24
1583.054301,9.624e-26
1583.061411,3.619e-25
1583.061712,4.502e-25
1583.063597,5.444e-24
1583.065182,1.006e-25
1583.074043,2.268e-26
1583.076905,4.183e-23
1583.077168,5.3399999999999996e-24
1583.077549,9.973e-25
1583.083412,2.297e-26
1583.088113,4.644e-23
1583.091056,1.034e-24
1583.092059,9.649e-25
1583.09326,9.548e-25
1583.094476,1.532e-25
1583.094653,3.168e-25
1583.096281,1.761e-24
1583.098725,1.859e-24
1583.101989,1.51e-25
1583.102072,1.73e-24
1583.109189,1.89e-23
1583.113224,3.839e-25
1583.113553,2.6370000000000003e-26
1583.114038,2.572e-26
1583.115714,1.341e-24
1583.119005,1.562e-24
1583.11968,1.5019999999999998e-23
1583.121254,9.515e-25
1583.124108,2.9630000000000004e-26
1583.127283,3.1190000000000004e-25
1583.133551,1.186e-23
1583.136255,2.6820000000000003e-20
1583.137591,2.762e-20
1583.137693,6.452e-24
1583.140608,6.132e-24
1583.142144,3.223e-25
1583.145799,9.376e-24
1583.146155,8.103e-24
1583.147066,1.078e-24
1583.150609,1.119e-24
1583.158169,1.381e-25
1583.159306,1.483e-24
1583.161507,1.348e-25
1583.161588,7.037e-25
1583.161786,6.777e-25
1583.168043,8.908e-25
1583.171372,3.891e-25
1583.17542,2.6910000000000003e-26
1583.176571,5.55e-25
1583.176694,2.7590000000000003e-26
1583.178248,3.582e-24
1583.181681,3.327e-24
1583.183463,1.015e-26
1583.183711,1.168e-26
1583.184314,2.2759999999999998e-24
1583.185488,2.419e-24
1583.191311,1.176e-25
1583.199583,5.471e-25
1583.201134,1.3339999999999999e-24
1583.2058,5.084e-25
1583.208685,1.199e-24
1583.208988,1.228e-24
1583.211798,2.687e-24
1583.211997,7.749e-24
1583.212755,1.159e-24
1583.214421,5.6670000000000005e-25
1583.218025,1.024e-25
1583.220412,3.043e-23
1583.223607,2.623e-24
1583.225303,2.3520000000000003e-26
1583.229565,1.107e-24
1583.231021,7.392e-24
1583.231672,4.912e-25
1583.231822,7.361e-24
1583.232393,6.745e-24
1583.23486,1.8839999999999998e-24
1583.235159,6.976e-24
1583.236435,2.374e-25
1583.238281,7.649e-24
1583.238949,2.7939999999999998e-24
1583.241657,1.491e-23
1583.241806,2.418e-25
1583.243651,8.717e-24
1583.244732,1.89e-25
1583.246426,6.612e-24
1583.246919,1.393e-23
1583.249011,6.949e-23
1583.251007,7.557e-23
1583.253906,1.926e-24
1583.254921,1.432e-24
1583.257279,2.513e-25
1583.257857,5.0070000000000005e-26
1583.258221,1.519e-25
1583.258736,1.792e-24
1583.259147,2.631e-24
1583.260972,6.74e-26
1583.261328,1.327e-24
1583.262053,8.4e-21
1583.262116,7.069e-26
1583.263532,2.186e-21
1583.263726,2.531e-26
1583.264766,2.2800000000000002e-21
1583.266033,1.461e-26
1583.266611,1.247e-26
1583.266973,8.796e-21
1583.268545,2.475e-26
1583.269131,1.083e-24
1583.269886,1.588e-25
1583.269905,1.837e-25
1583.275251,1.56e-25
1583.280173,2.9319999999999998e-24
1583.280259,3.142e-24
1583.283518,1.466e-26
1583.284169,1.28e-26
1583.285206,1.252e-23
1583.288608,1.2210000000000002e-26
1583.290158,2.239e-25
1583.292752,1.084e-24
1583.296258,1.428e-24
1583.301184,4.394e-24
1583.302412,1.559e-24
1583.304223,6.989e-24
1583.304474,1.472e-25
1583.304958,1.4230000000000002e-26
1583.306455,7.455e-25
1583.30707,4.478e-25
1583.307505,1.454e-26
1583.307809,2.31e-25
1583.3102,4.047e-24
1583.310201,2.0740000000000003e-26
1583.311832,1.222e-25
1583.314927,2.0980000000000003e-26
1583.317397,1.4599999999999999e-24
1583.320552,2.905e-20
1583.320922,1.718e-20
1583.322184,1.78e-20
1583.32264,2.99e-20
1583.325164,8.033e-25
1583.332822,1.439e-25
1583.338459,8.39e-24
1583.341841,7.927e-24
1583.342719,1.344e-24
1583.34474,4.6899999999999996e-24
1583.346858,6.612000000000001e-25
1583.34791,4.2999999999999996e-24
1583.348865,3.287e-24
1583.35106,1.6929999999999998e-24
1583.352931,1.15e-23
1583.358496,2.022e-25
1583.360705,1.28e-24
1583.366063,1.6260000000000002e-26
1583.366218,1.992e-25
1583.367242,1.599e-24
1583.371412,4.6910000000000005e-25
1583.373191,1.5380000000000001e-21
1583.376725,4.095e-24
1583.376847,1.669e-25
1583.377585,3.7799999999999996e-24
1583.37844,2.269e-24
1583.380371,1.628e-25
1583.386513,2.172e-24
1583.390025,2.223e-26
1583.395173,1.83e-24
1583.395523,3.237e-24
1583.39613,1.848e-26
1583.39743,8.325e-24
1583.397533,1.035e-24
1583.40775,3.158e-24
1583.408377,1.956e-26
1583.411943,8.158e-24
1583.416499,1.453e-26
1583.417151,1.671e-21
1583.418229,1.42e-26
1583.418453,1.742e-24
1583.426671,9.556e-24
1583.427002,3.0410000000000003e-20
1583.430323,3.128e-20
1583.430424,8.998e-24
1583.430981,8.892e-24
1583.437412,2.868e-23
1583.43915,1.969e-24
1583.441924,8.124e-25
1583.44343,1.937e-26
1583.445281,2.824e-24
1583.450762,2.0790000000000003e-26
1583.451074,4.841e-24
1583.4527,1.065e-24
1583.45324,4.42e-24
1583.454726,2.4740000000000003e-26
1583.464817,1.026e-24
1583.46525,1.8879999999999998e-24
1583.467391,1.554e-24
1583.469209,5.395e-24
1583.470474,2.695e-23
1583.47094,4.904e-24
1583.475191,2.852e-22
1583.47577,6.239e-24
1583.477686,1.022e-24
1583.478985,5.615e-24
1583.4797,2.106e-24
1583.48055,2.005e-24
1583.481051,1.759e-25
1583.481131,9.161e-25
1583.481186,1.029e-21
1583.481204,1.161e-23
1583.486413,1.089e-21
1583.486637,1.475e-24
1583.491032,2.3420000000000003e-26
1583.491823,5.426e-24
1583.501647,5.764e-23
1583.505794,1.292e-20
1583.5066,7.918e-25
1583.506631,6.324e-23
1583.507995,1.344e-20
1583.50993,3.1349999999999995e-22
1583.511428,1.777e-21
1583.512131,2.035e-24
1583.512811,2.5000000000000002e-22
1583.513266,1.86e-21
1583.51355,1.586e-25
1583.513922,3.171e-24
1583.518459,1.088e-23
1583.519325,2.241e-24
1583.521161,7.898000000000001e-25
1583.522386,1.02e-23
1583.522993,2.682e-26
1583.531134,2.8960000000000003e-26
1583.532926,2.824e-26
1583.534082,1.633e-25
1583.534632,2.089e-24
1583.53757,2.019e-25
1583.53816,4.538e-21
1583.539286,1.022e-25
1583.54316,1.983e-25
1583.545647,1.754e-25
1583.546606,3.377e-25
1583.549598,3.71e-24
1583.550012,2.1960000000000003e-26
1583.550329,1.926e-24
1583.550781,3.2790000000000004e-25
1583.552486,4.811e-21
1583.55276,7.275e-24
1583.553966,4.117e-23
1583.555176,2.576e-25
1583.555393,6.465e-24
1583.555766,2.182e-24
1583.5562,2.371e-24
1583.557733,5.953000000000001e-25
1583.55871,1.024e-23
1583.561374,5.093e-24
1583.562818,4.648e-24
1583.563898,8.103e-24
1583.564253,3.46e-24
1583.567985,8.745e-25
1583.573725,1.003e-23
1583.574494,3.886e-24
1583.574755,5.994e-23
1583.57581,8.574e-24
1583.579471,7.499e-24
1583.580158,2.021e-26
1583.583032,5.884e-25
1583.583971,2.38e-24
1583.58672,1.792e-24
1583.587157,3.79e-24
1583.589179,2.01e-25
1583.590084,2.9870000000000005e-26
1583.591684,2.493e-24
1583.592869,3.497e-26
1583.592922,1.959e-25
1583.593714,1.341e-25
1583.597656,2.088e-24
1583.598482,1.239e-23
1583.598728,2.325e-24
1583.601033,2.953e-24
1583.602783,1.157e-23
1583.607322,1.695e-24
1583.61462,3.173e-24
1583.618237,2.6580000000000003e-25
1583.619532,3.219e-25
1583.620079,9.746e-24
1583.620769,2.731e-22
1583.623185,1.027e-23
1583.62481,2.604e-24
1583.626176,2.618e-25
1583.626965,8.792e-24
1583.627234,1.203e-26
1583.627515,1.228e-26
1583.6297,1.044e-24
1583.639066,2.145e-25
1583.639187,2.464e-24
1583.642229,5.0950000000000005e-26
1583.648445,1.257e-23
1583.651208,2.068e-26
1583.653233,1.046e-23
1583.653327,4.6220000000000005e-26
1583.653627,2.958e-24
1583.653831,2.0370000000000003e-26
1583.656271,2.703e-24
1583.657862,4.295e-24
1583.658128,2.5480000000000003e-20
1583.658186,2.6630000000000003e-25
1583.659449,2.629e-20
1583.665525,4.9730000000000005e-26
1583.66636,1.876e-24
1583.676924,7.326e-23
1583.677006,1.592e-23
1583.677175,1.413e-23
1583.678272,3.84e-26
1583.678564,2.596e-24
1583.678916,9.811e-24
1583.679109,7.966e-23
1583.681336,7.135e-25
1583.681777,1.313e-23
1583.682776,1.269e-23
1583.683063,9.336e-25
1583.684343,9.261e-25
1583.685576,2.787e-24
1583.690161,2.3520000000000003e-26
1583.692539,1.278e-23
1583.692964,1.7699999999999998e-24
1583.695037,2.405e-26
1583.696151,2.126e-23
1583.696199,4.179e-24
1583.698156,3.1210000000000003e-25
1583.700656,2.062e-24
1583.701641,3.454e-24
1583.703923,1.581e-23
1583.708422,6.209e-26
1583.710864,1.381e-25
1583.710968,3.122e-23
1583.713045,2.853e-24
1583.715007,4.114e-24
1583.715844,1.812e-24
1583.715912,2.718e-24
1583.716239,1.254e-23
1583.718355,6.309e-22
1583.71887,8.183e-24
1583.722722,1.943e-24
1583.723109,2.015e-23
1583.730886,6.766999999999999e-22
1583.731777,1.228e-23
1583.733262,1.92e-25
1583.734803,1.427e-23
1583.738427,2.897e-24
1583.747607,1.614e-23
1583.74871,4.649e-24
1583.751625,2.164e-20
1583.751991,2.827e-24
1583.752647,1.49e-23
1583.752746,3.337e-24
1583.754252,2.2370000000000003e-20
1583.754977,8.514000000000001e-26
1583.756031,2.28e-25
1583.756709,1.435e-21
1583.758862,6.508e-24
1583.759566,1.5100000000000002e-21
1583.761025,1.302e-23
1583.761829,4.532e-24
1583.761833,2.919e-24
1583.766083,4.984e-26
1583.766921,1.131e-25
1583.767019,5.251e-25
1583.769393,2.193e-26
1583.771157,1.188e-24
1583.773355,1.123e-23
1583.77771,2.182e-24
1583.780556,2.043e-24
1583.78098,2.4019999999999998e-24
1583.78311,2.914e-24
1583.785464,2.079e-21
1583.786355,2.921e-24
1583.78736,2.172e-21
1583.790573,9.591e-25
1583.792806,2.9909999999999998e-24
1583.793747,1.543e-24
1583.793948,1.198e-25
1583.79674,2.413e-25
1583.799367,2.851e-24
1583.800241,2.557e-25
1583.800735,2.35e-25
1583.801348,1.108e-25
1583.802239,2.881e-24
1583.804097,2.226e-24
1583.80606,2.511e-25
1583.809153,2.368e-24
1583.811269,2.592e-25
1583.813177,4.081e-25
1583.813271,1.35e-23
1583.814225,1.848e-23
1583.814479,8.889e-24
1583.817426,9.723e-25
1583.81907,2.818e-24
1583.819407,2.9969999999999998e-24
1583.819717,1.695e-23
1583.823426,1.742e-25
1583.824687,1.139e-25
1583.832803,2.221e-24
1583.833466,2.722e-24
1583.835048,7.562000000000001e-25
1583.838629,2.057e-24
1583.841318,1.255e-23
1583.842336,2.6490000000000003e-25
1583.842805,1.357e-24
1583.845186,2.591e-24
1583.846926,6.544e-26
1583.847796,4.28e-25
1583.850978,3.053e-24
1583.853906,2.425e-24
1583.855402,1.69e-24
1583.855829,1.683e-25
1583.856381,8.361000000000001e-25
1583.859123,2.22e-24
1583.860055,1.976e-24
1583.864979,1.931e-24
1583.870019,1.532e-23
1583.873701,3.481e-25
1583.87425,2.125e-23
1583.877565,2.219e-24
1583.878913,8.128e-25
1583.880323,1.933e-23
1583.881295,3.084e-24
1583.881659,2.324e-21
1583.881864,3.429e-25
1583.882396,1.07e-24
1583.884074,2.423e-21
1583.886045,9.624e-25
1583.886104,1.4989999999999998e-23
1583.898072,8.104e-24
1583.901397,4.741e-25
1583.905898,1.352e-24
1583.91034,3.09e-24
1583.912162,2.715e-24
1583.913016,1.848e-23
1583.918174,5.545e-24
1583.92066,8.19e-25
1583.924066,1.715e-25
1583.92552,8.713000000000001e-26
1583.925758,5.071e-24
1583.925872,4.585e-25
1583.929318,2.457e-23
1583.930256,4.665e-24
1583.931769,5.4e-24
1583.931995,2.7630000000000004e-26
1583.933069,1.082e-23
1583.936073,2.212e-23
1583.937532,2.5339999999999998e-24
1583.938276,3.066e-24
1583.938952,1.0710000000000002e-26
1583.941656,1.613e-23
1583.943494,1.6770000000000002e-26
1583.948074,1.668e-25
1583.951659,2.5970000000000005e-26
1583.952885,2.6560000000000004e-26
1583.952928,3.492e-24
1583.953135,1.016e-25
1583.955233,6.257e-24
1583.958541,7.764e-24
1583.960103,1.0490000000000002e-26
1583.963497,2.912e-24
1583.964432,1.846e-24
1583.965184,3.011e-24
1583.96576,3.802e-23
1583.969793,9.214e-25
1583.974898,2.7200000000000003e-26
1583.977676,2.678e-26
1583.978473,2.863e-23
1583.980272,4.276e-23
1583.980781,2.7959999999999998e-24
1583.986093,2.547e-23
1583.98648,1.7599999999999998e-24
1583.988796,1.728e-24
1583.989058,2.422e-26
1583.989679,2.925e-23
1583.991237,2.9219999999999998e-24
1583.992085,3.702e-23
1583.997264,2.277e-26
1583.997672,7.761e-24
1583.998311,2.887e-25
1583.999107,2.641e-24
1583.999597,1.18e-25
1584.002912,2.8030000000000003e-25
1584.003801,2.0980000000000003e-26
1584.004265,3.069e-25
1584.004765,2.167e-26
1584.009639,3.109e-24
1584.016207,1.01e-23
1584.016617,2.797e-24
1584.017036,4.544e-25
1584.018498,1.7199999999999998e-23
1584.020053,1.863e-23
1584.022184,3.374e-23
1584.022768,2.744e-23
1584.03091,2.954e-23
1584.034489,1.539e-24
1584.036711,1.822e-23
1584.036878,2.885e-24
1584.040276,8.181000000000001e-25
1584.041592,2.634e-24
1584.04233,1.611e-25
1584.0579,3.228e-25
1584.058194,1.293e-26
1584.060153,4.039e-23
1584.06321,7.356999999999999e-24
1584.063952,3.168e-25
1584.06652,2.43e-24
1584.067187,1.878e-26
1584.06723,1.156e-24
1584.069524,1.407e-23
1584.070371,3.464e-23
1584.071444,1.631e-25
1584.071512,1.495e-24
1584.072485,4.95e-25
1584.076683,4.607e-25
1584.080664,3.834e-25
1584.081264,1.263e-23
1584.082842,3.2130000000000004e-20
1584.082885,6.591e-24
1584.083735,3.31e-20
1584.089318,4.537e-24
1584.091931,2.182e-24
1584.092407,4.945e-23
1584.094874,6.343e-25
1584.096888,4.205e-24
1584.09698,6.414e-24
1584.101315,2.898e-25
1584.101536,3.556e-24
1584.102051,6.099e-24
1584.102652,1.478e-25
1584.104754,4.122e-23
1584.104914,7.202e-24
1584.105641,6.691000000000001e-26
1584.109407,1.669e-24
1584.11725,4.66e-25
1584.11863,1.885e-24
1584.118726,6.259999999999999e-23
1584.124892,4.542e-25
1584.128684,3.58e-25
1584.130812,3.28e-24
1584.133286,4.472e-25
1584.134434,5.004e-23
1584.138707,8.361999999999999e-23
1584.14114,2.314e-25
1584.141801,3.914e-24
1584.147142,3.709e-24
1584.147945,1.535e-24
1584.147986,2.722e-25
1584.15449,3.58e-24
1584.157783,1.7539999999999998e-24
1584.159903,3.434e-26
1584.160398,1.106e-24
1584.160876,6.222e-23
1584.163946,1.016e-24
1584.164804,1.245e-26
1584.165659,1.2160000000000002e-26
1584.166346,2.259e-23
1584.167681,2.846e-25
1584.172847,1.914e-25
1584.173376,1.341e-24
1584.173421,1.409e-23
1584.175329,2.9920000000000004e-20
1584.176862,3.085e-20
1584.178887,4.873e-25
1584.182253,1.119e-24
1584.183604,2.208e-23
1584.185127,3.352e-26
1584.187354,9.769e-25
1584.187807,4.065e-24
1584.193731,2.857e-23
1584.194829,3.4420000000000004e-25
1584.198747,3.347e-25
1584.208726,8.567999999999999e-24
1584.208762,5.9129999999999996e-24
1584.20979,8.637e-21
1584.210758,3.388e-25
1584.215894,9.066e-21
1584.2166,4.399e-24
1584.219308,3.722e-24
1584.226411,6.199e-25
1584.228615,3.4630000000000003e-25
1584.232987,1.416e-24
1584.233118,3.673e-24
1584.234298,2.4350000000000003e-26
1584.236967,1.227e-23
1584.24123,1.724e-26
1584.242845,7.809e-24
1584.244734,1.7500000000000002e-26
1584.24613,5.35e-24
1584.252515,2.616e-25
1584.257466,7.594e-24
1584.268409,4.648e-24
1584.271456,1.254e-21
1584.277141,2.008e-24
1584.282727,5.155e-25
1584.285492,2.391e-24
1584.289699,1.823e-26
1584.293434,3.565e-26
1584.294573,1.785e-26
1584.296365,3.5090000000000005e-26
1584.302343,4.22e-24
1584.302499,2.133e-24
1584.303846,1.851e-20
1584.304148,3.455e-24
1584.304822,2.03e-26
1584.305322,1.921e-20
1584.306335,2.0790000000000003e-26
1584.306734,3.7679999999999996e-24
1584.308662,4.4840000000000006e-26
1584.308901,2.729e-23
1584.310548,4.058e-25
1584.313532,1.863e-23
1584.316839,3.982e-25
1584.318351,1.984e-26
1584.319871,3.531e-24
1584.326789,2.666e-23
1584.327837,1.376e-21
1584.329755,3.591e-24
1584.331015,4.379e-26
1584.341165,1.123e-23
1584.343298,5.318e-24
1584.350973,1.562e-23
1584.354636,2.22e-24
1584.354698,3.456e-24
1584.355241,1.987e-26
1584.355757,1.94e-26
1584.358945,6.28e-24
1584.362113,8.216000000000001e-25
1584.365578,1.412e-23
1584.366584,2.7040000000000005e-26
1584.36985,2.46e-22
1584.371813,5.904e-25
1584.37255,3.629e-23
1584.373573,5.629000000000001e-25
1584.377333,1.4870000000000002e-26
1584.377614,1.5180000000000002e-26
1584.379897,4.782e-24
1584.380445,5.811e-25
1584.38558,4.091e-25
1584.388482,5.411e-23
1584.389224,1.785e-24
1584.389926,3.976e-25
1584.390723,2.351e-22
1584.394296,5.994e-23
1584.394914,2.321e-24
1584.398055,9.222e-24
1584.401539,4.248e-24
1584.412434,6.093e-24
1584.41323,8.961e-24
1584.415126,2.737e-22
1584.415886,1.034e-21
1584.422113,1.099e-21
1584.429054,2.97e-25
1584.432429,1.151e-24
1584.432699,5.094e-24
1584.433947,5.5999999999999996e-24
1584.435518,8.716e-24
1584.43592,1.726e-24
1584.436936,1.7849999999999998e-23
1584.437111,4.796e-24
1584.437457,3.286e-24
1584.437508,6.709999999999999e-23
1584.440793,4.425e-24
1584.440885,7.355e-23
1584.445684,3.3710000000000004e-20
1584.44772,3.285e-23
1584.449051,3.47e-20
1584.44939,1.269e-26
1584.451575,2.951e-25
1584.451956,5.418e-24
1584.453288,3.167e-24
1584.454446,4.076e-24
1584.459413,1.37e-24
1584.461906,1.81e-26
1584.46286,4.420000000000001e-21
1584.463018,1.008e-26
1584.464289,1.2550000000000002e-26
1584.46621,1.029e-26
1584.46627,3.207e-23
1584.469507,2.868e-23
1584.469532,1.851e-21
1584.471114,1.363e-20
1584.471565,1.942e-21
1584.472908,2.889e-24
1584.473092,1.348e-23
1584.47384,1.421e-20
1584.475785,6.997e-24
1584.476799,2.671e-24
1584.480622,4.705e-21
1584.483492,5.658e-24
1584.485461,3.178e-24
1584.48738,1.543e-25
1584.489416,1.42e-24
1584.495892,7.027e-25
1584.498926,1.477e-24
1584.500905,1.498e-23
1584.503139,2.683e-23
1584.503763,2.576e-22
1584.505439,1.892e-24
1584.512699,1.975e-24
1584.513086,2.2069999999999998e-24
1584.513385,1.054e-24
1584.515663,2.763e-24
1584.518516,6.143e-24
1584.525397,1.093e-24
1584.533324,8.063e-24
1584.545943,2.3e-24
1584.548515,1.086e-23
1584.554099,2.495e-24
1584.555658,3.524e-24
1584.558188,5.084e-25
1584.559366,2.613e-24
1584.561907,4.443e-24
1584.564275,1.054e-23
1584.564722,4.987000000000001e-25
1584.568829,4.795e-24
1584.571042,1.4209999999999998e-23
1584.571105,4.846e-25
1584.575716,4.706e-25
1584.579582,6.972e-24
1584.580605,1.6299999999999997e-23
1584.582806,3.941e-23
1584.583062,1.068e-26
1584.584299,7.719e-25
1584.584592,1.045e-26
1584.585038,9.333e-24
1584.586774,1.234e-25
1584.591658,4.394e-25
1584.592291,1.217e-25
1584.593833,1.537e-23
1584.59833,1.548e-25
1584.599047,7.987e-25
1584.602052,3.845e-23
1584.603384,2.217e-24
1584.606719,4.653e-26
1584.609807,4.579e-26
1584.614466,7.644e-25
1584.614858,4.255e-25
1584.615586,3.5360000000000005e-20
1584.617107,3.642e-20
1584.617404,5.478e-24
1584.619716,2.739e-23
1584.62126,1.507e-25
1584.621279,4.9299999999999993e-23
1584.623346,7.522000000000001e-25
1584.623608,1.95e-25
1584.627877,3.258e-24
1584.630934,1.087e-23
1584.631403,3.429e-24
1584.633914,6.064999999999999e-22
1584.635182,7.93e-24
1584.641506,2.546e-25
1584.64165,4.722e-24
1584.643795,2.008e-24
1584.644975,8.016e-24
1584.64701,1.197e-25
1584.649507,6.543999999999999e-22
1584.649992,3.596e-24
1584.650487,1.117e-23
1584.651572,1.4210000000000002e-26
1584.652292,1.296e-25
1584.658128,2.259e-24
1584.662391,2.175e-21
1584.663668,2.277e-21
1584.664709,2.8110000000000005e-20
1584.666069,2.9030000000000003e-20
1584.666541,2.318e-24
1584.671038,1.276e-23
1584.672371,6.619e-24
1584.673785,5.996e-24
1584.676139,6.18e-24
1584.685371,9.047e-24
1584.688334,1.795e-24
1584.694224,1.274e-23
1584.696939,2.0860000000000003e-26
1584.698899,2.133e-23
1584.699365,1.471e-21
1584.699772,2.183e-26
1584.700459,1.533e-25
1584.7008,7.693e-24
1584.70164,2.131e-26
1584.702626,1.552e-21
1584.702965,1.508e-23
1584.7054,1.5119999999999998e-23
1584.705664,2.5010000000000003e-25
1584.708483,5.58e-25
1584.708783,1.715e-24
1584.710605,1.236e-23
1584.713871,1.199e-23
1584.714162,4.712e-23
1584.716781,2.773e-24
1584.719324,4.2229999999999996e-24
1584.721347,4.471e-24
1584.726172,5.762e-25
1584.729344,2.5470000000000003e-26
1584.730256,1.036e-23
1584.732625,2.0760000000000003e-26
1584.73351,2.628e-24
1584.734065,1.815e-23
1584.734143,4.595e-23
1584.741893,2.3650000000000003e-20
1584.744496,2.4480000000000003e-20
1584.748884,2.445e-24
1584.750997,5.722e-25
1584.753149,1.293e-23
1584.755909,5.552e-25
1584.756962,2.213e-23
1584.758772,8.006999999999999e-24
1584.758983,2.868e-24
1584.760295,2.3369999999999998e-24
1584.762032,2.298e-24
1584.768033,1.515e-25
1584.768719,1.206e-23
1584.770041,1.193e-23
1584.775179,2.141e-26
1584.783348,2.2860000000000003e-26
1584.785806,1.123e-23
1584.786353,2.025e-25
1584.788426,1.992e-23
1584.799841,1.14e-26
1584.800821,6.345e-25
1584.803159,1.094e-26
1584.805123,1.3769999999999998e-23
1584.807603,6.222e-25
1584.808011,2.388e-21
1584.810607,2.495e-21
1584.81655,2.204e-24
1584.817986,7.608e-24
1584.82128,5.447e-24
1584.82201,5.81e-24
1584.824201,4.638e-24
1584.829279,1.956e-25
1584.831416,4.321e-24
1584.835184,1.491e-23
1584.835199,1.04e-25
1584.836138,2.439e-26
1584.836244,1.206e-24
1584.836291,1.578e-23
1584.837403,1.47e-23
1584.840132,1.6130000000000003e-26
1584.841791,5.614999999999999e-23
1584.842755,1.071e-25
1584.848205,3.356e-23
1584.852225,1.445e-23
1584.852856,9.859e-25
1584.855283,2.3620000000000003e-26
1584.856526,1.693e-26
1584.861644,1.73e-26
1584.861991,9.699e-25
1584.862547,5.471e-23
1584.865456,1.835e-24
1584.86713,8.629e-24
1584.867616,3.84e-23
1584.869667,9.636e-25
1584.870546,7.967e-24
1584.882535,2.695e-23
1584.884341,2.7590000000000003e-26
1584.88883,4.789e-25
1584.891442,3.9799999999999998e-25
1584.891659,9.277e-25
1584.899385,1.841e-26
1584.899657,2.438e-26
1584.900895,7.471e-25
1584.901539,3.571e-26
1584.905356,1.439e-26
1584.912235,4.102e-25
1584.914833,6.051e-26
1584.916205,1.291e-23
1584.917325,2.512e-23
1584.918079,5.952e-26
1584.918689,1.221e-25
1584.918947,9.395e-24
1584.919353,5.3490000000000005e-25
1584.919849,1.155e-24
1584.921631,2.7050000000000004e-26
1584.92389,7.433e-25
1584.925559,6.736e-25
1584.926662,7.554e-24
1584.927055,7.015e-24
1584.930724,6.529e-25
1584.934292,6.429000000000001e-26
1584.94538,6.129e-24
1584.947357,4.998000000000001e-25
1584.95391,3.489e-23
1584.954332,2.7050000000000004e-26
1584.95631,3.781e-24
1584.965694,6.668999999999999e-23
1584.96721,2.794e-26
1584.970407,3.927e-26
1584.971394,1.74e-23
1584.978757,4.462e-26
1584.978923,3.3400000000000003e-26
1584.98055,5.423e-25
1584.985933,1.527e-25
1584.987271,6.492999999999999e-23
1584.989138,1.6839999999999998e-23
1584.991158,3.2570000000000003e-26
1584.991875,3.837e-26
1584.992087,1.5470000000000003e-26
1584.995745,1.514e-26
1585.002042,1.739e-24
1585.005818,1.493e-26
1585.006362,1.002e-23
1585.009178,4.273e-24
1585.009874,5.18e-24
1585.011385,4.797e-24
1585.0116,2.4980000000000003e-26
1585.013079,1.801e-24
1585.018855,1.872e-26
1585.019815,1.9130000000000003e-26
1585.022616,1.137e-23
1585.02293,3.6450000000000006e-26
1585.023818,6.911e-24
1585.025352,3.81e-24
1585.025991,1.034e-23
1585.026812,2.035e-24
1585.02917,9.888e-24
1585.029293,3.058e-26
1585.030574,9.064e-24
1585.034427,1.5099999999999998e-23
1585.038449,7.891000000000001e-25
1585.045486,7.734e-25
1585.047023,1.912e-25
1585.054391,6.0429999999999996e-24
1585.057024,3.792e-24
1585.057885,4.26e-24
1585.058177,2.952e-26
1585.058302,1.873e-24
1585.059141,3.1320000000000003e-25
1585.063654,2.2109999999999998e-24
1585.066868,4.0560000000000005e-26
1585.068586,4.76e-26
1585.068923,3.567e-24
1585.06985,6.485e-26
1585.071017,6.289e-23
1585.071693,6.233000000000001e-26
1585.073311,6.957999999999999e-23
1585.076702,3.162e-26
1585.077624,1.7500000000000002e-26
1585.078246,1.246e-25
1585.082334,9.012e-26
1585.082429,1.806e-26
1585.084065,3.3170000000000003e-25
1585.085764,5.444e-24
1585.085873,7.895e-23
1585.086694,1.284e-25
1585.086985,1.2669999999999999e-24
1585.08727,5.039e-24
1585.093029,3.653e-24
1585.094566,7.904000000000001e-25
1585.096385,1.246e-24
1585.097215,3.468e-26
1585.100006,7.655e-25
1585.10163,2.396e-25
1585.102426,4.379e-24
1585.102853,2.025e-23
1585.107125,1.685e-24
1585.10827,1.556e-26
1585.108321,7.681e-23
1585.113075,2.298e-24
1585.119258,1.3899999999999998e-23
1585.12135,1.957e-23
1585.124102,1.315e-23
1585.126499,1.184e-23
1585.133441,1.354e-25
1585.135939,1.666e-24
1585.137722,2.8e-25
1585.139373,3.064e-24
1585.140068,4.161e-24
1585.143701,1.5329999999999998e-23
1585.144419,1.438e-24
1585.14603,3.5880000000000004e-26
1585.146381,2.151e-25
1585.14741,1.363e-23
1585.147907,4.946e-26
1585.149368,3.009e-25
1585.151322,1.631e-24
1585.151368,6.734e-24
1585.152587,8.801e-21
1585.155249,3.532e-25
1585.160125,9.263e-21
1585.160572,7.104e-25
1585.161723,2.881e-25
1585.162417,9.078e-22
1585.162906,2.648e-23
1585.165084,3.688e-25
1585.168874,3.103e-24
1585.171174,2.224e-25
1585.172077,3.318e-20
1585.173471,3.423e-20
1585.173633,6.545e-24
1585.174161,1.659e-23
1585.178908,9.007000000000001e-26
1585.179329,9.538e-24
1585.180268,1.8819999999999998e-24
1585.182247,3.253e-26
1585.182914,1.5280000000000002e-26
1585.189288,3.998e-24
1585.189768,3.79e-25
1585.192589,3.893e-26
1585.196746,2.259e-24
1585.20233,9.316e-23
1585.202404,2.554e-24
1585.20679,1.808e-23
1585.208778,1.289e-25
1585.209585,2.4300000000000007e-21
1585.210326,1.581e-23
1585.210789,2.543e-21
1585.214088,3.004e-24
1585.21682,1.017e-23
1585.217716,7.838000000000001e-26
1585.221123,7.709000000000001e-26
1585.221715,6.058e-26
1585.222265,4.789e-25
1585.222773,3.483e-25
1585.225702,9.056e-23
1585.22956,2.349e-23
1585.23057,2.6560000000000004e-26
1585.233286,2.185e-25
1585.23441,2.164e-23
1585.234625,2.419e-23
1585.234673,1.697e-24
1585.235996,1.0090000000000001e-21
1585.239013,1.853e-23
1585.241951,2.464e-23
1585.243284,4.032e-26
1585.246163,6.078e-25
1585.248864,2.268e-23
1585.252813,1.031e-25
1585.256453,1.294e-24
1585.256656,1.987e-22
1585.258181,9.248e-25
1585.258389,2.594e-26
1585.259115,1.01e-26
1585.260184,4.3720000000000006e-26
1585.2606,7.759e-25
1585.261387,1.5459999999999998e-23
1585.263909,8.947e-25
1585.264493,9.975e-25
1585.266781,2.195e-22
1585.26752,1.39e-25
1585.271074,9.778e-25
1585.271105,1.491e-25
1585.271314,2.242e-23
1585.273324,2.649e-23
1585.276582,4.05e-25
1585.278373,9.579e-25
1585.278536,2.204e-23
1585.279769,1.538e-25
1585.281558,1.98e-20
1585.283442,2.06e-20
1585.283675,1.908e-25
1585.286779,4.989e-23
1585.287899,7.462e-26
1585.289342,1.29e-26
1585.289447,1.354e-25
1585.294128,5.594e-23
1585.294377,1.264e-26
1585.295822,1.885e-24
1585.297784,3.355e-23
1585.298613,3.925e-25
1585.304468,2.675e-23
1585.307528,1.194e-24
1585.312487,4.532e-26
1585.315065,1.096e-22
1585.316855,1.621e-24
1585.317047,2.246e-22
1585.320365,4.481e-23
1585.321225,1.74e-23
1585.323897,4.208e-24
1585.324638,1.469e-23
1585.325247,1.488e-23
1585.326529,1.5939999999999999e-24
1585.327042,2.96e-25
1585.329227,3.334e-23
1585.33526,6.579e-23
1585.339423,1.064e-22
1585.341436,1.35e-25
1585.345008,4.332000000000001e-25
1585.345151,1.029e-21
1585.345357,4.87e-26
1585.345974,9.25e-26
1585.348,1.369e-24
1585.349336,4.248e-23
1585.351513,2.719e-23
1585.352081,3.628e-20
1585.352625,1.097e-21
1585.354149,3.741e-20
1585.354407,2.259e-23
1585.360177,3.411e-25
1585.365274,1.512e-24
1585.366635,8.794999999999999e-24
1585.371688,2.621e-23
1585.372514,1.647e-23
1585.372763,1.2710000000000002e-26
1585.372996,1.2990000000000002e-26
1585.382416,4.227e-21
1585.384386,4.421e-25
1585.385345,2.412e-22
1585.386776,4.874e-25
1585.386916,7.852e-24
1585.391983,8.084e-25
1585.395341,1.155e-25
1585.397439,5.514e-26
1585.397775,1.661e-25
1585.399633,5.054e-26
1585.404502,4.522e-21
1585.406579,1.732e-24
1585.40893,1.5040000000000002e-26
1585.410647,1.757e-23
1585.410682,1.539e-26
1585.410802,6.344e-24
1585.411243,5.418000000000001e-26
1585.416286,1.079e-24
1585.417788,1.068e-26
1585.417962,1.915e-21
1585.418234,1.047e-26
1585.419231,5.329e-24
1585.420154,2.014e-21
1585.422319,1.043e-24
1585.423324,4.961e-24
1585.424079,1.285e-22
1585.425618,1.659e-24
1585.431448,1.429e-20
1585.433303,1.377e-25
1585.434797,1.4920000000000002e-20
1585.435244,1.456e-25
1585.438692,7.546e-24
1585.440114,5.838000000000001e-26
1585.440756,3.828e-20
1585.44168,8.701e-25
1585.441858,5.579000000000001e-26
1585.444005,3.944e-20
1585.444011,1.302e-26
1585.445624,5.72e-25
1585.447031,2.7289999999999998e-24
1585.448477,6.0349999999999996e-24
1585.44949,1.247e-22
1585.450829,1.942e-25
1585.454315,3.514e-25
1585.456665,1.167e-24
1585.460528,1.562e-23
1585.461308,5.185e-24
1585.462381,2.593e-24
1585.464717,1.853e-25
1585.466853,2.522e-24
1585.467336,5.628e-26
1585.468711,3.139e-23
1585.469542,6.641e-23
1585.469671,8.548000000000001e-26
1585.471604,7.344999999999999e-23
1585.474879,2.3320000000000003e-25
1585.475702,4.18e-25
1585.478039,1.995e-25
1585.478053,2.364e-23
1585.482501,2.39e-25
1585.485298,5.635e-24
1585.486924,3.13e-25
1585.48781,5.986000000000001e-26
1585.48861,1.291e-23
1585.489828,3.022e-23
1585.495209,1.772e-25
1585.498697,1.207e-24
1585.50401,9.034e-26
1585.504756,1.832e-25
1585.505047,1.3299999999999998e-23
1585.506265,1.182e-24
1585.511693,1.336e-25
1585.513038,1.973e-25
1585.513654,1.722e-24
1585.51444,8.14e-24
1585.515419,1.012e-25
1585.517149,2.326e-26
1585.518989,9.946e-26
1585.528667,2.1630000000000003e-25
1585.529373,1.503e-22
1585.531642,2.062e-23
1585.536893,2.319e-24
1585.542471,2.068e-24
1585.543776,5.728e-22
1585.54601,6.225000000000001e-26
1585.548067,2.378e-26
1585.551006,6.597000000000001e-26
1585.551773,1.214e-23
1585.552428,2.032e-24
1585.555397,3.892e-25
1585.555437,2.216e-23
1585.55591,1.4559999999999998e-22
1585.563364,6.223e-22
1585.56836,7.752e-24
1585.568964,1.255e-24
1585.569866,9.08e-25
1585.570976,1.4690000000000003e-26
1585.57115,1.898e-23
1585.571556,1.436e-26
1585.575325,1.211e-24
1585.580234,6.554e-24
1585.58115,3.614e-23
1585.590583,8.754000000000001e-25
1585.591144,2.273e-24
1585.591526,1.011e-26
1585.599985,1.235e-24
1585.602594,3.081e-25
1585.603291,3.474e-23
1585.611252,6.869000000000001e-26
1585.613712,4.693e-24
1585.617516,2.24e-25
1585.619528,1.268e-23
1585.619643,4.393e-24
1585.62017,7.226000000000001e-26
1585.627457,3.4220000000000004e-26
1585.630205,3.5769999999999996e-24
1585.630944,1.752e-22
1585.636771,1.497e-21
1585.640508,1.583e-21
1585.645146,2.36e-24
1585.64809,3.346e-26
1585.652144,2.109e-24
1585.658693,1.696e-22
1585.665386,3.085e-20
1585.666795,3.189e-20
1585.672409,2.085e-25
1585.675596,1.185e-24
1585.67939,1.14e-25
1585.680005,7.888000000000001e-26
1585.682705,7.534000000000001e-26
1585.683359,1.267e-25
1585.68447,2.103e-25
1585.685545,1.124e-25
1585.688827,4.153e-23
1585.690134,1.932e-25
1585.694444,2.1770000000000003e-25
1585.695076,2.86e-26
1585.697419,2.273e-21
1585.698703,2.685e-24
1585.699408,2.385e-21
1585.703364,4.896e-25
1585.703677,1.099e-24
1585.707742,1.7699999999999998e-23
1585.71043,8.753e-24
1585.712085,3.985e-23
1585.715081,1.748e-23
1585.716154,1.456e-24
1585.721322,1.485e-24
1585.723142,1.3949999999999999e-24
1585.723578,2.842e-23
1585.727381,2.569e-20
1585.728792,2.037e-22
1585.729152,1.483e-23
1585.729166,1.454e-24
1585.729993,2.6620000000000003e-20
1585.738766,1.044e-26
1585.742665,8.562000000000001e-26
1585.744841,8.236000000000001e-26
1585.746553,1.835e-25
1585.748602,2.719e-24
1585.749509,6.051e-26
1585.750347,1.899e-25
1585.750647,3.328e-23
1585.753383,1.059e-24
1585.754542,3.9019999999999996e-24
1585.757847,1.969e-22
1585.759716,5.102e-25
1585.763724,2.516e-24
1585.763835,2.627e-24
1585.769873,2.002e-24
1585.771039,9.365e-24
1585.774086,2.581e-24
1585.774148,1.151e-24
1585.776592,1.3979999999999998e-23
1585.77924,1.6579999999999998e-23
1585.780776,7.482e-24
1585.786877,2.574e-21
1585.78921,2.694e-21
1585.791737,4.762e-23
1585.798697,9.256e-26
1585.80345,3.783e-24
1585.805262,2.6420000000000003e-25
1585.807905,1.301e-25
1585.810024,8.954000000000001e-26
1585.811641,1.279e-25
1585.814257,3.57e-24
1585.81622,4.561e-23
1585.82007,1.58e-24
1585.820419,6.259000000000001e-25
1585.822755,1.5119999999999998e-23
1585.822915,2.361e-22
1585.824639,1.747e-23
1585.82906,1.717e-23
1585.833213,1.329e-25
1585.837881,1.6160000000000002e-26
1585.838861,3.443e-26
1585.839825,1.5790000000000002e-26
1585.853382,2.28e-22
1585.855517,9.952e-26
1585.857896,1.685e-24
1585.862015,1.5309999999999999e-24
1585.863368,1.362e-25
1585.86493,1.621e-24
1585.868655,9.695e-26
1585.87348,4.039e-24
1585.880125,3.503e-26
1585.880248,3.773e-24
1585.883225,6.347e-25
1585.889872,5.451e-23
1585.892242,2.4820000000000003e-25
1585.894744,2.314e-24
1585.895097,1.476e-25
1585.89521,2.302e-24
1585.895637,1.6159999999999998e-23
1585.895904,2.91e-24
1585.903141,2.573e-25
1585.90747,1.065e-25
1585.910765,1.313e-23
1585.911207,3.247e-23
1585.912069,6.011e-24
1585.913307,2.731e-22
1585.915708,5.209e-23
1585.915963,1.19e-24
1585.919468,3.886e-24
1585.928295,1.044e-25
1585.93163,1.2420000000000002e-25
1585.938596,2.82e-24
1585.938949,1.8209999999999998e-24
1585.943161,2.39e-24
1585.94531,2.633e-22
1585.947078,1.781e-24
1585.95165,2.32e-24
1585.952621,1.21e-25
1585.953707,1.085e-26
1585.954346,1.189e-24
1585.956166,3.712e-25
1585.956822,7.811999999999999e-24
1585.958275,1.063e-26
1585.958932,1.134e-25
1585.972309,3.613e-25
1585.976616,1.839e-23
1585.977124,3.6010000000000004e-25
1585.979122,1.521e-25
1585.979617,4.151e-26
1585.98095,3.325e-24
1585.982668,1.245e-23
1585.983203,1.12e-25
1585.983224,6.228e-23
1585.984206,1.19e-23
1585.985435,1.499e-25
1585.989418,1.717e-24
1585.991506,3.266e-24
1585.993851,1.197e-26
1585.994161,1.945e-24
1585.996914,3.8360000000000005e-26
1585.999164,1.2210000000000002e-26
1585.999965,3.15e-22
1586.001593,1.868e-24
1586.006642,1.201e-25
1586.006972,2.093e-24
1586.008959,6.671e-25
1586.010563,5.939e-23
1586.01585,1.163e-24
1586.016379,1.571e-23
1586.031807,1.122e-23
1586.033643,3.033e-22
1586.037859,1.194e-25
1586.037921,3.033e-23
1586.040288,1.081e-23
1586.0423,1.84e-23
1586.044226,4.918999999999999e-22
1586.04486,1.504e-24
1586.045106,1.074e-26
1586.049099,1.116e-26
1586.051363,1.6629999999999998e-23
1586.052124,1.325e-26
1586.052785,1.353e-26
1586.053088,1.264e-25
1586.064557,1.186e-23
1586.071782,7.107e-23
1586.073854,1.497e-23
1586.075747,2.921e-25
1586.082881,3.625e-22
1586.084083,3.316e-23
1586.087284,3.034e-25
1586.087771,1.3299999999999998e-23
1586.088332,7.31e-24
1586.08896,1.268e-25
1586.090404,8.877e-21
1586.094687,1.039e-25
1586.095207,1.666e-25
1586.096463,1.3240000000000002e-25
1586.099111,1.637e-25
1586.099687,9.372e-21
1586.100803,6.76e-23
1586.104122,5.773e-24
1586.115244,9.889e-24
1586.117573,5.0120000000000005e-26
1586.118397,3.485e-22
1586.119177,1.661e-24
1586.121095,3.589e-24
1586.123931,7.622e-24
1586.124966,2.239e-24
1586.126327,1.491e-24
1586.127781,1.973e-23
1586.128078,2.42e-23
1586.128702,3.107e-25
1586.129389,2.795e-23
1586.132784,4.013e-25
1586.13282,2.1479999999999998e-24
1586.13354,1.425e-22
1586.136964,1.5929999999999999e-24
1586.137555,1.098e-26
1586.138118,1.377e-25
1586.139072,1.339e-25
1586.139327,3.9840000000000006e-20
1586.140251,4.111e-20
1586.140993,2.033e-22
1586.14124,1.607e-23
1586.142634,5.56e-22
1586.143539,3.461e-24
1586.146125,2.712e-23
1586.146572,8.582e-24
1586.149563,1.2940000000000002e-26
1586.151085,1.054e-23
1586.151255,1.3230000000000002e-26
1586.15158,2.224e-24
1586.151719,2.5399999999999998e-24
1586.155531,8.101e-23
1586.160004,2.174e-24
1586.162045,4.164e-22
1586.166472,4.496e-23
1586.167078,2.5370000000000003e-26
1586.171496,2.665e-24
1586.172149,7.336e-24
1586.172648,9.284e-24
1586.175775,5.119e-23
1586.176886,1.257e-23
1586.177099,1.424e-25
1586.183949,1.558e-23
1586.185647,2.539e-24
1586.186383,1.4060000000000002e-25
1586.18645,7.684e-23
1586.187785,1.593e-25
1586.19382,4.192e-24
1586.195685,3.663e-20
1586.197251,3.7840000000000006e-20
1586.198197,1.669e-25
1586.198427,5.879e-23
1586.199088,2.677e-25
1586.199108,3.948e-25
1586.199207,1.957e-23
1586.199453,8.653e-25
1586.199589,3.995e-22
1586.199972,7.126e-24
1586.202366,6.579999999999999e-23
1586.203696,7.603e-24
1586.204691,4.117e-24
1586.205129,2.9780000000000003e-25
1586.214096,1.462e-25
1586.215032,5.56e-24
1586.216751,5.626000000000001e-25
1586.216753,1.6459999999999998e-22
1586.221497,8.651e-25
1586.228876,8.245e-25
1586.232312,1.468e-25
1586.234452,9.228e-23
1586.237446,4.771999999999999e-22
1586.23865,2.577e-25
1586.239719,1.176e-25
1586.248623,1.4870000000000002e-25
1586.250295,2.572e-24
1586.250923,2.545e-23
1586.253005,6.064000000000001e-26
1586.253098,8.868e-25
1586.253509,3.956e-25
1586.254439,2.1090000000000003e-20
1586.256544,2.1960000000000003e-20
1586.256648,1.6410000000000002e-25
1586.257548,1.36e-23
1586.258604,2.463e-24
1586.26011,2.342e-23
1586.261572,1.301e-23
1586.263736,2.602e-24
1586.264547,8.505e-25
1586.26476,8.172e-24
1586.26559,2.241e-22
1586.267533,8.725e-23
1586.268943,1.0120000000000001e-21
1586.269092,3.421e-25
1586.271468,1.149e-23
1586.272649,2.433e-23
1586.273027,2.1459999999999998e-24
1586.274214,2.022e-25
1586.274768,5.298e-24
1586.275927,1.525e-25
1586.277242,4.5700000000000015e-22
1586.277974,1.084e-21
1586.279803,2.9680000000000004e-26
1586.28069,1.992e-25
1586.281002,1.493e-25
1586.28165,3.559e-25
1586.284108,8.21e-25
1586.286296,8.963000000000001e-26
1586.286786,1.1699999999999998e-23
1586.293828,2.417e-25
1586.29617,2.1080000000000003e-26
1586.296641,3.95e-21
1586.299647,2.903e-26
1586.308518,1.051e-22
1586.309067,5.461e-22
1586.311001,1.43e-25
1586.313685,1.283e-23
1586.314193,7.8e-24
1586.315509,9.759e-26
1586.317602,9.128e-26
1586.317988,1.574e-25
1586.318794,2.394e-23
1586.323371,4.711e-24
1586.324248,4.251e-21
1586.32937,4.428e-24
1586.332329,6.154e-24
1586.33855,1.739e-25
1586.341001,7.435e-24
1586.343636,4.5799999999999995e-24
1586.34409,9.901e-23
1586.351383,5.217999999999999e-22
1586.351589,1.308e-25
1586.353857,2.512e-26
1586.357821,1.445e-25
1586.358062,1.615e-25
1586.358593,1.246e-24
1586.359218,2.707e-24
1586.359818,2.472e-26
1586.361697,2.434e-26
1586.363824,1.591e-25
1586.364455,1.967e-21
1586.366906,2.074e-21
1586.367946,2.645e-24
1586.369828,2.7979999999999998e-24
1586.370155,2.949e-24
1586.370949,1.453e-25
1586.375089,1.978e-23
1586.376886,6.24e-22
1586.377302,2.126e-25
1586.377695,1.1969999999999998e-22
1586.378956,2.818e-24
1586.380205,8.349000000000001e-25
1586.381379,2.089e-25
1586.386241,7.351e-26
1586.386576,1.541e-25
1586.386778,1.4860000000000002e-20
1586.390874,1.556e-20
1586.396558,1.6450000000000002e-25
1586.40169,1.987e-25
1586.402446,5.266e-24
1586.406684,1.488e-25
1586.411886,4.769e-26
1586.413646,5.169e-24
1586.414045,2.359e-24
1586.416173,1.1229999999999998e-22
1586.41886,2.88e-24
1586.422044,5.947999999999999e-22
1586.423997,1.424e-25
1586.427435,1.197e-24
1586.431992,1.151e-24
1586.432289,2.325e-24
1586.433314,1.665e-25
1586.438252,1.345e-25
1586.440111,6.753000000000001e-26
1586.440873,7.121999999999999e-22
1586.441931,1.365e-22
1586.443577,1.805e-23
1586.445304,3.994e-25
1586.447696,5.289e-22
1586.449086,1.249e-25
1586.449531,4.195e-20
1586.452837,4.326e-20
1586.453552,8.497000000000001e-26
1586.454669,2.849e-25
1586.455935,1.135e-25
1586.456582,4.938e-25
1586.457172,2.327e-24
1586.457919,1.002e-25
1586.458727,4.164e-25
1586.465469,2.017e-24
1586.468566,1.672e-25
1586.472605,5.795999999999999e-22
1586.483858,1.2749999999999998e-22
1586.484537,3.375e-24
1586.487737,1.094e-26
1586.489271,6.77e-22
1586.489731,1.119e-26
1586.493876,3.218e-24
1586.495289,3.876e-25
1586.496395,2.49e-25
1586.500706,1.794e-25
1586.50099,8.122e-22
1586.501154,1.559e-22
1586.501879,5.113e-24
1586.502308,1.666e-25
1586.504958,2.12e-23
1586.510001,5.137e-25
1586.517681,8.933e-26
1586.526983,2.401e-24
1586.528058,1.472e-24
1586.534714,1.6450000000000002e-25
1586.535289,2.21e-24
1586.535382,2.57e-24
1586.541354,2.216e-25
1586.54196,3.743e-24
1586.543893,1.159e-26
1586.544874,5.327e-24
1586.54593,4.983e-24
1586.547256,1.448e-22
1586.548818,1.738e-23
1586.549345,3.954e-24
1586.551882,3.544e-24
1586.55219,8.922e-25
1586.553094,5.613e-26
1586.553124,7.697999999999999e-22
1586.555255,1.785e-22
1586.557181,9.259e-22
1586.560462,3.673e-26
1586.561864,3.283e-24
1586.564177,4.42e-24
1586.56467,2.677e-25
1586.565877,1.609e-25
1586.567967,1.428e-24
1586.568952,1.509e-21
1586.570907,3.207e-24
1586.571314,2.637e-25
1586.573442,1.602e-21
1586.576838,5.077e-24
1586.580552,5.536000000000001e-26
1586.583012,2.35e-21
1586.583365,5.599e-24
1586.584499,2.471e-21
1586.584963,5.236e-24
1586.586417,1.433e-23
1586.588908,1.963e-25
1586.590105,2.255e-23
1586.590653,1.103e-25
1586.592134,3.043e-24
1586.59344,3.856e-24
1586.59599,1.555e-25
1586.601795,3.888e-24
1586.602184,2.102e-23
1586.603369,3.668e-24
1586.604057,2.053e-22
1586.606545,1.648e-22
1586.606831,6.591e-24
1586.608314,1.94e-23
1586.609368,1.056e-21
1586.609806,1.207e-26
1586.610771,1.076e-25
1586.613685,8.745999999999999e-22
1586.618372,6.467e-24
1586.618552,2.711e-24
1586.625256,1.4840000000000002e-25
1586.625593,4.641000000000001e-25
1586.629274,2.213e-25
1586.630075,2.732e-23
1586.630408,3.384e-25
1586.632098,6.891000000000001e-25
1586.632595,2.326e-24
1586.639349,2.157e-23
1586.640187,4.851e-25
1586.640415,1.93e-25
1586.64493,3.746e-24
1586.647259,2.374e-22
1586.647813,1.088e-25
1586.650357,1.875e-25
1586.650375,3.2850000000000003e-25
1586.651907,3.068e-24
1586.653973,1.394e-25
1586.654213,2.703e-25
1586.657432,1.205e-21
1586.658415,4.388e-20
1586.658464,2.6540000000000003e-25
1586.658955,2.63e-24
1586.659855,4.528e-20
1586.661473,3.367e-20
1586.662028,1.88e-22
1586.662951,3.485e-20
1586.665571,3.826e-24
1586.669009,1.804e-23
1586.671074,9.934e-22
1586.677854,2.411e-24
1586.682543,1.284e-25
1586.690255,3.2520000000000003e-26
1586.692262,3.201e-26
1586.693741,2.607e-21
1586.695171,1.434e-25
1586.696356,2.735e-21
1586.696859,4.399999999999999e-24
1586.700189,4.081e-26
1586.701196,1.377e-21
1586.70152,1.6969999999999998e-23
1586.706863,2.827e-24
1586.707438,4.174e-24
1586.708058,2.775e-20
1586.708082,2.071e-23
1586.710715,2.879e-20
1586.71156,1.152e-25
1586.714286,2.153e-22
1586.715572,7.323e-24
1586.72006,7.282e-25
1586.725476,1.1280000000000001e-21
1586.739603,2.346e-23
1586.741937,9.958e-26
1586.751984,1.41e-25
1586.756986,2.727e-25
1586.75952,3.968e-24
1586.75988,1.067e-26
1586.760544,1.044e-26
1586.764175,1.824e-23
1586.765972,1.578e-23
1586.768891,3.874e-24
1586.773619,3.31e-25
1586.774006,6.434e-25
1586.775185,8.126e-26
1586.777193,1.283e-21
1586.777244,1.33e-25
1586.784536,7.385e-25
1586.788028,1.355e-24
1586.793445,5.375e-25
1586.794789,5.0149999999999996e-24
1586.801655,6.863e-25
1586.806091,4.7429999999999996e-24
1586.80698,8.218e-24
1586.809159,5.633000000000001e-25
1586.81048,4.4460000000000005e-26
1586.810543,5.965e-26
1586.814053,5.957e-26
1586.816298,1.998e-23
1586.817154,1.975e-23
1586.81854,1.506e-23
1586.818875,8.061e-24
1586.818935,1.409e-25
1586.823944,2.829e-23
1586.826134,1.583e-24
1586.826247,3.508e-23
1586.838559,3.109e-25
1586.83977,1.371e-25
1586.842803,1.52e-24
1586.848403,2.015e-23
1586.850493,3.53e-25
1586.851941,1.883e-25
1586.855596,2.528e-23
1586.856051,7.338e-24
1586.857312,3.4770000000000003e-25
1586.85995,5.860000000000001e-26
1586.863909,2.982e-23
1586.86427,3.3340000000000004e-26
1586.867846,3.316e-24
1586.871582,5.331e-23
1586.873762,1.7080000000000003e-26
1586.874603,6.053e-23
1586.878422,2.599e-26
1586.88424,3.357e-25
1586.884338,3.701e-24
1586.884665,7.035e-24
1586.884911,7.2e-25
1586.887223,5.712e-24
1586.888122,2.908e-25
1586.888295,5.4009999999999996e-24
1586.890301,2.584e-24
1586.891205,4.483e-25
1586.891453,4.16e-25
1586.892133,5.073e-24
1586.893008,1.179e-25
1586.899335,5.384e-24
1586.901119,7.072e-24
1586.902743,3.248e-23
1586.903396,2.4669999999999998e-24
1586.906737,1.63e-25
1586.919663,1.158e-26
1586.919713,1.014e-26
1586.925926,3.424e-25
1586.927435,2.561e-26
1586.927633,2.235e-23
1586.930356,3.361e-25
1586.944975,1.175e-26
1586.946533,2.507e-26
1586.946991,1.1490000000000002e-26
1586.952189,4.78e-24
1586.953681,1.608e-23
1586.953709,7.92e-25
1586.954432,3.738e-23
1586.956763,2.328e-24
1586.961646,6.197e-25
1586.961899,4.663e-24
1586.970295,7.226999999999999e-24
1586.972219,7.654e-25
1586.974153,6.504e-24
1586.978746,6.513e-25
1586.987179,6.1079999999999996e-24
1586.99594,7.644e-23
1587.001933,3.1189999999999998e-24
1587.002894,1.021e-23
1587.009792,8.116e-24
1587.011509,4.13e-25
1587.013338,1.866e-22
1587.014898,1.185e-26
1587.015158,1.001e-23
1587.015312,2.73e-23
1587.017794,2.681e-23
1587.017933,4.261e-26
1587.020034,4.194e-26
1587.02086,1.4079999999999998e-23
1587.023187,8.855e-21
1587.034612,9.381e-21
1587.037268,2.004e-25
1587.037867,4.296e-25
1587.041397,7.109e-24
1587.048919,3.933e-23
1587.05033,3.376e-23
1587.055382,7.762e-24
1587.055568,7.408e-24
1587.061489,4.571e-23
1587.067001,1.899e-26
1587.067673,2.166e-23
1587.069636,6.928e-24
1587.071262,1.332e-23
1587.077821,2.964e-24
1587.07804,2.5300000000000003e-23
1587.089241,2.178e-23
1587.108557,6.378e-25
1587.11217,1.242e-24
1587.116304,9.129e-23
1587.118539,4.6859999999999996e-24
1587.120418,7.118e-25
1587.123248,4.42e-24
1587.125299,1.152e-23
1587.125761,1.432e-24
1587.1307,3.358e-24
1587.131453,8.447e-24
1587.131688,4.638000000000001e-25
1587.135397,2.632e-21
1587.136297,1.557e-23
1587.136584,2.768e-21
1587.137276,2.772e-23
1587.138686,4.567e-25
1587.138942,7.507e-25
1587.13937,5.078e-25
1587.139588,1.386e-23
1587.13969,3.919e-25
1587.13987,5.738e-24
1587.144556,2.064e-22
1587.146725,7.859999999999999e-24
1587.149092,7.501e-24
1587.149936,5.595e-24
1587.152882,4.641000000000001e-25
1587.170107,2.472e-25
1587.175215,1.195e-24
1587.175945,1.2430000000000002e-25
1587.180859,1.226e-25
1587.186141,9.671e-22
1587.186211,4.02e-20
1587.187678,4.1570000000000005e-20
1587.192456,4.321000000000001e-25
1587.193554,2.292e-23
1587.194575,1.264e-23
1587.197067,4.24e-25
1587.198201,1.059e-21
1587.201792,9.647e-24
1587.205254,3.582e-21
1587.206203,1.357e-24
1587.206349,2.488e-24
1587.207224,1.239e-23
1587.218471,8.924999999999999e-24
1587.222151,2.23e-20
1587.224628,2.326e-20
1587.230541,4.753e-25
1587.231088,1.363e-24
1587.234089,2.786e-24
1587.236148,1.206e-25
1587.240038,3.8820000000000004e-21
1587.242401,5.656e-23
1587.242836,1.597e-23
1587.243065,2.546e-24
1587.244345,6.417e-23
1587.244584,9.756e-26
1587.24731,7.316e-24
1587.249375,1.376e-26
1587.26331,2.789e-24
1587.263883,9.519e-26
1587.266556,1.105e-23
1587.268526,6.239000000000001e-25
1587.269149,1.323e-24
1587.277202,8.141e-25
1587.278078,3.675e-24
1587.280145,4.969000000000001e-25
1587.284909,1.015e-23
1587.287163,3.49e-24
1587.287557,2.422e-23
1587.289544,2.376e-24
1587.289698,1.9899999999999999e-25
1587.297406,8.618e-25
1587.29756,2.37e-24
1587.299304,3.068e-25
1587.302903,2.005e-21
1587.305617,2.1200000000000006e-21
1587.306944,3.056e-25
1587.318354,2.9810000000000003e-25
1587.319924,2.03e-23
1587.322568,6.866e-24
1587.325028,3.714e-24
1587.325711,1.27e-23
1587.331888,5.163e-25
1587.333003,6.689e-24
1587.336825,2.51e-24
1587.337087,1.5340000000000002e-20
1587.337458,2.399e-23
1587.338137,5.563e-26
1587.340364,5.473000000000001e-26
1587.340837,3.945e-24
1587.342079,1.61e-20
1587.345284,4.740999999999999e-22
1587.346093,1.158e-23
1587.346349,5.1520000000000007e-26
1587.349823,2.507e-25
1587.354287,3.87e-25
1587.363507,3.281e-24
1587.363673,4.4410000000000005e-20
1587.365633,3.583e-24
1587.365723,4.588e-20
1587.373087,2.314e-23
1587.375139,2.437e-24
1587.377466,5.252e-22
1587.379201,1.469e-23
1587.382028,1.5589999999999998e-23
1587.385877,2.096e-23
1587.387679,2.1580000000000003e-25
1587.388137,5.0130000000000005e-25
1587.395077,1.527e-23
1587.399849,7.661e-25
1587.402108,1.326e-23
1587.405561,3.915e-26
1587.407549,2.4199999999999998e-24
1587.408259,6.07e-25
1587.415442,5.9760000000000005e-25
1587.419185,5.312000000000001e-25
1587.422322,2.079e-23
1587.426425,9.274e-25
1587.426942,1.712e-23
1587.427696,3.805e-23
1587.433536,2.741e-23
1587.435596,4.725e-20
1587.438647,1.957e-23
1587.438756,4.877e-20
1587.443259,1.586e-23
1587.448429,9.861e-25
1587.448823,3.821e-24
1587.450086,3.783e-25
1587.450961,3.995e-26
1587.453096,1.527e-23
1587.453209,1.348e-25
1587.453795,5.432e-25
1587.456756,1.314e-25
1587.458592,5.3290000000000005e-25
1587.464602,9.519e-25
1587.468788,2.017e-23
1587.476992,2.902e-24
1587.480147,2.38e-24
1587.486318,9.55e-25
1587.494919,3.513e-25
1587.495851,1.508e-21
1587.499324,1.773e-23
1587.500282,8.187e-24
1587.501076,1.608e-21
1587.504475,2.414e-23
1587.507642,2.031e-23
1587.51023,1.5669999999999998e-23
1587.511105,7.971e-24
1587.513658,8.35e-24
1587.51846,4.68e-26
1587.524419,2.464e-24
1587.527457,1.498e-24
1587.531091,3.365e-25
1587.533435,2.956e-23
1587.534306,3.33e-23
1587.534437,9.397e-25
1587.53945,2.7690000000000003e-26
1587.540262,3.597e-24
1587.541359,2.08e-23
1587.54312,1.442e-24
1587.551621,1.615e-23
1587.556009,3.208e-23
1587.558585,1.4989999999999998e-23
1587.565253,1.915e-23
1587.570343,2.2e-26
1587.572247,1.052e-24
1587.573235,2.266e-23
1587.57872,1.875e-23
1587.580757,2.471e-23
1587.583294,7.01e-24
1587.588734,2.154e-26
1587.588808,2.421e-21
1587.59095,2.5530000000000002e-21
1587.596325,1.124e-24
1587.596874,3.503e-24
1587.598179,3.3040000000000003e-25
1587.602786,4.6750000000000005e-25
1587.603336,2.489e-24
1587.605395,6.087e-25
1587.607708,3.897e-23
1587.609418,2.7599999999999995e-23
1587.615452,4.215e-26
1587.615498,2.381e-24
1587.618432,8.423000000000001e-25
1587.622675,1.393e-24
1587.622914,5.0750000000000006e-26
1587.625557,6.765e-24
1587.627496,3.555e-24
1587.637354,7.333e-25
1587.63964,3.37e-25
1587.639995,3.566e-24
1587.645788,3.225e-24
1587.65191,3.6540000000000005e-20
1587.653464,3.788e-20
1587.654776,7.235e-26
1587.654902,7.095e-25
1587.65506,1.042e-25
1587.657107,7.116000000000001e-26
1587.659103,4.291e-26
1587.660187,3.113e-23
1587.664361,8.027e-24
1587.670086,6e-25
1587.670443,1.937e-23
1587.673014,9.731e-24
1587.673054,3.625e-23
1587.673692,1.151e-24
1587.673776,2.781e-21
1587.676021,2.925e-21
1587.680207,7.913000000000001e-25
1587.683883,2.9790000000000003e-20
1587.684244,9.467e-24
1587.684646,8.544e-25
1587.686623,3.0950000000000004e-20
1587.687582,7.789e-25
1587.688149,3.521e-23
1587.689498,1.977e-24
1587.693445,1.082e-24
1587.703034,2.416e-23
1587.708932,1.026e-25
1587.709953,6.805e-25
1587.711625,1.188e-24
1587.713447,2.138e-24
1587.714941,6.673e-25
1587.715848,2.784e-23
1587.724561,3.83e-23
1587.730712,6.545e-25
1587.737197,2.975e-23
1587.737985,1.277e-24
1587.744254,2.345e-23
1587.749579,7.982e-24
1587.753456,4.604e-23
1587.758158,2.295e-23
1587.758445,2.104e-23
1587.769817,5.735e-25
1587.778664,1.4369999999999998e-23
1587.778859,2.776e-23
1587.784244,1.999e-25
1587.791846,7.647e-24
1587.792971,1.241e-26
1587.798594,4.631e-24
1587.799116,2.319e-23
1587.80229,1.942e-25
1587.803726,4.382e-24
1587.807101,3.278e-23
1587.812049,2.7e-23
1587.819441,1.405e-24
1587.824312,1.363e-23
1587.82439,4.6890000000000005e-25
1587.829666,4.189e-23
1587.830109,1.7010000000000002e-26
1587.832873,2.627e-23
1587.833511,3.711e-23
1587.840767,1.153e-23
1587.841518,1.933e-23
1587.84678,1.3359999999999999e-24
1587.847511,3.616e-24
1587.852424,1.121e-23
1587.860788,1.223e-24
1587.866883,3.067e-23
1587.873592,3.643e-24
1587.874625,3.482e-24
1587.875746,1.445e-24
1587.883793,1.6949999999999998e-22
1587.891162,1.2710000000000002e-26
1587.893413,8.584e-26
1587.895177,3.365e-24
1587.900276,4.248e-23
1587.901772,3.277e-23
1587.906842,1.214e-24
1587.909181,4.576e-25
1587.909582,2.567e-24
1587.911943,8.38e-26
1587.91762,2.474e-23
1587.918461,3.299e-23
1587.918822,1.179e-24
1587.919033,2.861e-23
1587.929157,1.254e-24
1587.933393,2.798e-23
1587.93619,3.945e-23
1587.937774,4.76e-23
1587.942958,5.509e-23
1587.944066,1.944e-25
1587.947102,1.892e-25
1587.947538,1.028e-24
1587.950165,5.428e-25
1587.950865,8.719e-21
1587.95511,1.011e-24
1587.958557,6.89e-25
1587.958586,1.671e-24
1587.960928,8.493e-25
1587.962849,2.767e-25
1587.964628,9.374e-26
1587.964945,9.275e-21
1587.965532,1.218e-24
1587.96611,8.326e-25
1587.967086,9.218e-26
1587.97412,1.708e-24
1587.974629,2.604e-24
1587.975538,1.091e-25
1587.976129,1.496e-24
1587.979179,1.119e-25
1587.981048,2.691e-25
1587.98703,1.227e-25
1587.98734,1.1590000000000002e-25
1588.003541,1.361e-23
1588.004198,1.873e-23
1588.004215,3.429e-24
1588.004491,3.584e-24
1588.005007,8.07e-25
1588.008014,1.631e-24
1588.0089,4.922e-25
1588.012922,3.411e-24
1588.015647,1.322e-23
1588.017183,1.631e-24
1588.022318,1.884e-22
1588.032446,1.8999999999999998e-24
1588.043188,3.522e-24
1588.045744,5.495e-25
1588.046498,1.93e-23
1588.050724,2.31e-24
1588.053481,5.57e-24
1588.055201,5.25e-24
1588.055789,5.295e-24
1588.056216,2.484e-24
1588.056511,4.993e-24
1588.057757,5.107e-25
1588.063821,2.667e-23
1588.070197,2.5350000000000003e-26
1588.070434,3.888e-25
1588.075752,5.3360000000000005e-25
1588.081531,3.402e-24
1588.087127,2.245e-24
1588.088431,2.278e-23
1588.089592,3.478e-23
1588.099515,9.408e-22
1588.10079,1.667e-24
1588.10372,1.24e-23
1588.10443,3.4e-23
1588.10485,4.099e-25
1588.107824,3.1120000000000002e-21
1588.113364,1.02e-21
1588.116171,1.685e-25
1588.118239,2.59e-26
1588.121596,3.862e-25
1588.129107,3.886e-24
1588.130238,4.69e-26
1588.136008,1.834e-24
1588.141069,2.057e-24
1588.15214,3.403e-21
1588.154094,1.096e-24
1588.157595,2.215e-23
1588.161336,1.6029999999999998e-23
1588.163402,2.37e-24
1588.164321,2.731e-23
1588.164889,5.65e-24
1588.16865,3.637e-25
1588.173814,4.837e-20
1588.173918,1.555e-23
1588.174788,5.001e-20
1588.177226,1.98e-25
1588.181277,7.839000000000001e-25
1588.181705,2.147e-24
1588.184554,2.409e-25
1588.184771,2.343e-20
1588.185712,2.346e-24
1588.187697,2.4480000000000003e-20
1588.192972,3.607e-25
1588.193101,1.732e-24
1588.195312,4.3920000000000005e-20
1588.196932,4.546e-20
1588.204111,2.077e-23
1588.204673,2.686e-23
1588.206198,7.523e-24
1588.206699,1.542e-24
1588.206724,1.056e-24
1588.208517,1.8810000000000003e-26
1588.210254,1.3299999999999999e-24
1588.212107,1.035e-24
1588.217746,2.023e-25
1588.218031,1.308e-24
1588.219978,1.849e-24
1588.223146,1.41e-24
1588.226237,1.8420000000000003e-26
1588.227195,2.427e-24
1588.229869,3.766e-24
1588.234316,1.652e-24
1588.235873,4.075e-22
1588.2379,1.358e-24
1588.238042,2.028e-21
1588.240151,5.229e-23
1588.241126,2.152e-21
1588.249201,1.5409999999999998e-23
1588.255069,1.738e-24
1588.255933,4.213e-23
1588.258981,2.055e-24
1588.262366,4.904e-23
1588.266107,8.242e-24
1588.270347,1.21e-25
1588.271272,4.117e-23
1588.272215,2.28e-25
1588.272917,1.189e-25
1588.278327,4.577e-22
1588.282348,1.57e-20
1588.283868,1.581e-25
1588.28645,1.624e-25
1588.286522,2.341e-26
1588.286903,2.415e-24
1588.288423,1.652e-20
1588.29295,7.343e-24
1588.293902,1.477e-23
1588.305286,3.735e-24
1588.305678,6.649e-24
1588.306805,9.123e-24
1588.310814,2.382e-24
1588.314155,1.881e-23
1588.315477,6.751e-25
1588.317692,4.63e-23
1588.322142,2.282e-24
1588.32324,1.016e-25
1588.325023,2.438e-24
1588.327241,1.824e-23
1588.328133,1.002e-25
1588.332144,6.539e-25
1588.332775,5.306e-24
1588.334208,2.04e-24
1588.334912,5.29e-26
1588.336449,5.018e-24
1588.345428,6.424e-24
1588.345694,4.136e-23
1588.363892,3.948e-23
1588.36473,2.736e-23
1588.377561,2.296e-24
1588.382766,4.209e-23
1588.38789,1.174e-23
1588.39272,2.764e-25
1588.395391,2.686e-25
1588.396854,2.389e-23
1588.398868,6.552e-25
1588.403684,3.458e-23
1588.409626,2.81e-26
1588.416436,5.41e-24
1588.416622,3.27e-24
1588.417457,1.493e-21
1588.418058,5.086e-23
1588.421286,8.622e-25
1588.423667,1.598e-21
1588.424344,2.003e-24
1588.433539,5.118e-20
1588.433923,4.967e-23
1588.43409,5.713e-26
1588.436107,4.746e-23
1588.436786,5.2870000000000013e-20
1588.439532,3.933e-23
1588.44247,8.777e-24
1588.443098,2.238e-24
1588.446153,3.881e-23
1588.447343,1.309e-24
1588.452931,1.282e-24
1588.457595,3.611e-23
1588.459372,3.401e-26
1588.461998,2.201e-23
1588.46836,1.714e-24
1588.471162,3.1210000000000003e-25
1588.475618,2.132e-23
1588.476349,1.686e-24
1588.480169,2.469e-21
1588.481941,2.611e-21
1588.482094,2.773e-25
1588.48415,7.78e-24
1588.491458,2.558e-24
1588.495213,3.9669999999999996e-24
1588.500444,1.512e-24
1588.502396,3.263e-23
1588.515431,9.684e-25
1588.515731,1.811e-23
1588.519663,3.068e-25
1588.523252,3.999e-24
1588.523521,7.467e-24
1588.52672,3.3790000000000003e-26
1588.531044,1.449e-23
1588.533008,2.801e-24
1588.534249,2.834e-23
1588.534645,2.91e-24
1588.537134,7.515e-26
1588.544742,5.333e-23
1588.546836,2.441e-24
1588.55494,7.341e-26
1588.559107,2.774e-21
1588.561754,2.925e-21
1588.562355,5.746e-25
1588.569762,1.556e-25
1588.572461,1.529e-25
1588.572698,1.378e-23
1588.57597,6.118e-23
1588.578747,5.986e-23
1588.580969,3.661e-24
1588.583089,2.688e-23
1588.583452,9.825e-25
1588.58587,1.5160000000000002e-26
1588.592387,5.971e-23
1588.593954,2.26e-25
1588.595613,2.3240000000000003e-25
1588.601012,2.841e-24
1588.602888,4.266e-23
1588.604247,4.536e-24
1588.604505,1.193e-24
1588.604866,2.568e-23
1588.607361,4.885e-23
1588.607981,4.305e-24
1588.618692,2.072e-26
1588.619055,2.484e-23
1588.621037,2.4830000000000003e-25
1588.622259,1.147e-24
1588.636149,2.203e-23
1588.637535,3.945e-20
1588.637656,5.751e-23
1588.637677,4.072e-26
1588.638444,2.417e-25
1588.639186,4.0940000000000006e-20
1588.640873,2.7970000000000003e-25
1588.645206,2.643e-24
1588.646253,4.567e-23
1588.649485,1.365e-25
1588.650087,4.089e-23
1588.6545,1.346e-25
1588.654827,3.1780000000000004e-20
1588.654999,4.856e-23
1588.656308,2.711e-25
1588.657093,1.115e-24
1588.657694,3.3080000000000005e-20
1588.65817,1.151e-24
1588.661715,4.197e-24
1588.665067,1.3210000000000002e-26
1588.665422,2.989e-23
1588.669941,3.888e-23
1588.672647,4.581e-25
1588.680152,6.347e-25
1588.681927,5.335e-20
1588.682788,1.616e-24
1588.683294,5.517e-20
1588.687128,2.568e-26
1588.687893,2.528e-26
1588.688587,1.582e-24
1588.689124,4.0279999999999996e-24
1588.693391,2.809e-23
1588.693732,4.571e-23
1588.703372,1.0099999999999999e-24
1588.705414,4.3660000000000005e-25
1588.70618,3.147e-24
1588.721858,2.201e-24
1588.72505,1.016e-24
1588.728378,2.174e-23
1588.729669,7.335e-23
1588.730066,2.164e-24
1588.7308,3.47e-24
1588.737339,2.676e-24
1588.738197,2.84e-24
1588.738564,3.311e-24
1588.742349,4.922e-26
1588.742757,2.988e-23
1588.746669,7.154e-23
1588.752314,1.5229999999999998e-22
1588.755576,2.408e-23
1588.756281,3.3169999999999996e-24
1588.756467,4.462e-25
1588.757556,2.887e-23
1588.76025,2.113e-24
1588.766381,1.354e-26
1588.773285,3.9589999999999996e-24
1588.777539,2.684e-23
1588.7801,2.489e-26
1588.783489,2.5900000000000002e-23
1588.787442,7.038999999999999e-23
1588.787534,1.068e-25
1588.788823,4.6810000000000005e-25
1588.788985,4.927e-23
1588.792594,3.208e-24
1588.79286,3.519e-24
1588.794077,1.2029999999999999e-24
1588.794897,2.055e-24
1588.802639,1.62e-26
1588.80306,3.877e-25
1588.805501,3.761e-25
1588.807196,3.477e-24
1588.810698,3.234e-23
1588.810939,2.558e-24
1588.819825,2.997e-25
1588.825328,1.279e-24
1588.825603,3.024e-24
1588.834299,2.863e-23
1588.840559,5.968e-26
1588.841946,1.6e-26
1588.847879,4.885e-25
1588.853538,2.485e-23
1588.853903,1.654e-26
1588.85757,3.1460000000000003e-25
1588.858286,2.4199999999999998e-24
1588.859027,1.568e-26
1588.864651,1.993e-25
1588.865508,8.076e-25
1588.86747,1.958e-25
1588.868233,2.7899999999999998e-24
1588.868914,1.18e-25
1588.87334,8.457e-21
1588.874409,2.107e-23
1588.875673,3.467e-23
1588.879157,8.765e-23
1588.890746,9.039e-21
1588.891124,3.345e-23
1588.895565,5.063e-25
1588.896771,8.542e-23
1588.898451,1.297e-25
1588.898949,1.7000000000000002e-22
1588.901652,3.186e-25
1588.902503,3.2810000000000004e-25
1588.904165,3.834e-24
1588.905489,4.242e-26
1588.907227,3.1819999999999998e-24
1588.91306,1.988e-24
1588.913207,1.319e-24
1588.914224,3.783e-24
1588.919077,1.945e-24
1588.923641,2.302e-23
1588.927135,1.272e-24
1588.932098,7.264000000000001e-26
1588.937282,3.061e-25
1588.937398,2.99e-26
1588.944465,6.599000000000001e-25
1588.965119,2.167e-23
1588.970753,2.815e-24
1588.970811,1.827e-25
1588.975951,1.8010000000000002e-25
1588.97764,1.036e-23
1588.978805,3.38e-26
1588.979187,2.767e-24
1588.980132,3.327e-26
1588.982713,3.299e-24
1588.982917,1.5019999999999998e-23
1588.984175,6.042000000000001e-26
1588.986531,6.758e-25
1588.988078,6.183e-25
1588.995138,4.393e-23
1588.996971,5.204e-23
1588.997329,4.2189999999999996e-24
1588.999883,1.6809999999999998e-23
1589.002089,3.945e-24
1589.003613,4.012e-23
1589.003645,2.5300000000000006e-21
1589.003932,5.9940000000000005e-25
1589.004555,2.256e-25
1589.006219,8.845e-22
1589.008605,3.6699999999999995e-24
1589.012501,2.265e-24
1589.016714,8.88e-26
1589.017424,3.276e-25
1589.019766,3.866e-23
1589.023084,2.174e-24
1589.023213,6.263e-24
1589.023557,9.67e-22
1589.02442,1.4419999999999998e-23
1589.024436,1.044e-22
1589.032493,1.153e-25
1589.035118,1.86e-25
1589.035584,2.3389999999999998e-24
1589.038722,4.386e-24
1589.040837,2.775e-21
1589.042026,2.934e-21
1589.042698,1.017e-22
1589.043355,6.439e-23
1589.051551,3.355e-24
1589.057774,2.367e-24
1589.0607,6.058e-24
1589.060976,2.798e-21
1589.064457,1.958e-25
1589.077864,6.708e-23
1589.086935,4.638e-24
1589.088753,1.302e-23
1589.090687,3.596e-26
1589.092378,4.017e-24
1589.094103,1.091e-25
1589.095343,9.669e-24
1589.098793,2.445e-24
1589.103247,5.764999999999999e-23
1589.112935,3.319e-24
1589.118241,3.281e-22
1589.126576,4.631e-23
1589.132164,2.139e-26
1589.135214,5.777e-23
1589.135493,1.439e-25
1589.138164,2.436e-24
1589.142288,2.4440000000000003e-20
1589.143487,4.456e-23
1589.144405,2.383e-24
1589.145753,2.559e-20
1589.149007,1.157e-24
1589.149669,5.904e-26
1589.151713,4.45e-23
1589.153571,2.544e-25
1589.156524,2.4980000000000003e-25
1589.163892,1.349e-25
1589.164835,4.589e-23
1589.165074,2.384e-24
1589.165507,1.239e-22
1589.165579,3.156e-24
1589.166224,2.033e-21
1589.169732,2.166e-21
1589.173352,5.094e-24
1589.175737,6.548e-26
1589.175843,3.754e-22
1589.178458,5.368e-25
1589.178721,4.769e-20
1589.180283,4.9430000000000006e-20
1589.180801,5.197e-25
1589.184455,1.206e-22
1589.18563,3.671e-24
1589.188173,9.912e-24
1589.191861,3.128e-23
1589.19286,6.399000000000001e-26
1589.196059,4.079e-23
1589.200685,7.012e-25
1589.201702,4.174e-23
1589.203319,4.43e-25
1589.203454,4.572e-25
1589.207329,2.824e-24
1589.213528,7.521e-24
1589.215046,3.588e-24
1589.215754,3.705e-25
1589.218499,9.311e-24
1589.220689,2.44e-24
1589.222532,1.5930000000000002e-20
1589.223659,2.3130000000000003e-26
1589.223715,3.525e-24
1589.225618,1.679e-25
1589.229922,1.681e-20
1589.232834,1.796e-25
1589.234324,2.288e-24
1589.238764,1.549e-24
1589.240078,4.3280000000000006e-26
1589.240913,4.246e-24
1589.244057,6.353000000000001e-26
1589.244559,5.333e-23
1589.248584,4.033e-23
1589.249718,4.4219999999999996e-24
1589.250355,7.23e-24
1589.254206,4.207e-24
1589.257069,5.598e-24
1589.259683,7.411e-24
1589.262293,5.123e-23
1589.273862,2.217e-25
1589.278058,1.445e-23
1589.278705,2.108e-25
1589.282406,3.371e-26
1589.284057,2.856e-23
1589.285746,3.676e-23
1589.287221,2.436e-25
1589.289567,2.255e-24
1589.290529,2.1590000000000003e-25
1589.292492,2.401e-25
1589.302369,1.466e-22
1589.302918,1.603e-24
1589.303655,3.337e-26
1589.305343,4.766e-25
1589.307966,1.001e-25
1589.309832,1.076e-23
1589.310387,1.043e-24
1589.311205,4.507e-25
1589.314054,8.118e-23
1589.316317,1.3769999999999998e-23
1589.322045,1.425e-22
1589.322417,2.672e-25
1589.32435,2.241e-25
1589.328542,2.717e-23
1589.329108,5.94e-23
1589.329432,6.309e-23
1589.333709,1.46e-21
1589.333854,3.277e-23
1589.334584,1.3450000000000002e-26
1589.33655,7.238e-24
1589.338819,6.164e-24
1589.341186,1.572e-21
1589.343364,1.154e-24
1589.343806,1.015e-24
1589.346109,1.099e-25
1589.348551,1.378e-24
1589.348785,7.233000000000001e-25
1589.351621,4.432e-26
1589.35258,4.361e-26
1589.353027,1.11e-24
1589.354841,3.203e-23
1589.354937,3.721e-26
1589.355153,3.677e-24
1589.355288,5.325e-20
1589.355805,3.427e-25
1589.357114,4.269e-25
1589.357325,5.513e-20
1589.357561,6.128e-23
1589.358099,2.976e-24
1589.364573,2.909e-24
1589.367288,2.737e-23
1589.368071,5.573e-23
1589.374176,4.714e-23
1589.376192,5.876e-23
1589.377615,4.457e-25
1589.378829,5.0070000000000005e-25
1589.379008,1.057e-23
1589.379085,7.981e-25
1589.38186,5.475999999999999e-23
1589.385702,5.216000000000001e-26
1589.386157,5.9e-25
1589.393189,1.114e-24
1589.39459,3.86e-25
1589.395526,1.35e-25
1589.404179,1.02e-25
1589.404431,1.086e-25
1589.405334,2.395e-25
1589.407629,3.732e-25
1589.409843,2.7980000000000003e-25
1589.411154,1.107e-24
1589.411782,5.717e-20
1589.41484,5.913e-20
1589.419741,6.820999999999999e-24
1589.435025,1.729e-22
1589.437695,3.234e-25
1589.438014,1.6490000000000002e-25
1589.440779,3.175e-25
1589.442999,4.639e-24
1589.444611,3.338e-24
1589.448381,5.327e-23
1589.450858,9.352e-25
1589.451892,3.1919999999999998e-24
1589.454743,4.555e-24
1589.45513,1.331e-25
1589.455475,1.6789999999999998e-22
1589.456791,7.818999999999999e-23
1589.459544,2.505e-21
1589.461933,2.658e-21
1589.463655,4.474e-24
1589.464307,3.104e-24
1589.465402,1.922e-24
1589.465578,7.026e-23
1589.466508,4.634e-23
1589.470618,1.3550000000000002e-26
1589.475218,4.547e-24
1589.476956,1.334e-25
1589.479501,2.02e-23
1589.48106,1.123e-24
1589.482159,2.013e-25
1589.48519,6.725e-23
1589.485707,9.887e-25
1589.487091,1.329e-26
1589.489085,3.496e-25
1589.492446,6.468e-23
1589.494626,2.711e-24
1589.495253,6.288000000000001e-25
1589.495453,5.38e-24
1589.495811,6.081e-25
1589.497324,5.103e-24
1589.498431,1.871e-24
1589.49879,3.005e-24
1589.498897,1.622e-25
1589.501778,7.623e-24
1589.512654,4.15e-24
1589.51278,4.648e-24
1589.518362,5.952e-23
1589.519908,5.024e-23
1589.521285,2.448e-25
1589.522765,7.277e-25
1589.524175,7.091e-25
1589.527223,4.354e-24
1589.527714,6.295e-26
1589.527936,7.73e-25
1589.535949,1.3960000000000002e-26
1589.539911,4.386e-24
1589.542291,5.108e-24
1589.542323,2.926e-21
1589.542759,4.846e-24
1589.544082,4.755e-25
1589.544387,1.976e-25
1589.544474,3.0940000000000002e-21
1589.545191,1.794e-23
1589.560542,2.9750000000000003e-25
1589.561506,2.5949999999999998e-24
1589.561804,4.3730000000000005e-25
1589.563474,2.032e-22
1589.56799,1.527e-23
1589.568605,8.041e-23
1589.57287,3.622e-24
1589.577774,9.751e-26
1589.579584,3.538e-24
1589.581217,3.283e-24
1589.584748,1.973e-22
1589.584876,2.397e-25
1589.586544,4.185e-25
1589.588664,8.712e-24
1589.588802,4.922e-25
1589.589299,7.68e-23
1589.595991,3.604e-25
1589.597633,1.227e-24
1589.598722,3.236e-25
1589.598921,2.5e-23
1589.599318,3.015e-23
1589.600461,3.178e-24
1589.600504,1.022e-26
1589.604126,3.188e-25
1589.610806,1.185e-24
1589.614447,2.341e-23
1589.614771,2.655e-23
1589.61768,4.2330000000000005e-20
1589.618841,1.352e-22
1589.619443,4.4e-20
1589.62086,3.37e-20
1589.623903,3.513e-20
1589.62555,2.903e-25
1589.627679,5.481e-25
1589.630606,4.36e-25
1589.633237,1.797e-23
1589.634953,2.293e-25
1589.64058,1.432e-26
1589.644948,5.788000000000001e-26
1589.646351,5.694000000000001e-26
1589.654432,3.374e-23
1589.655112,1.043e-26
1589.655153,5.631000000000001e-25
1589.662149,5.263e-25
1589.662447,3.506e-25
1589.66302,4.159e-23
1589.666293,7.611000000000001e-26
1589.666637,9.188e-23
1589.670255,5.465e-25
1589.672666,3.815e-26
1589.675981,2.399e-25
1589.678442,1.037e-23
1589.678567,3.258e-23
1589.680257,2.417e-23
1589.68138,1.409e-25
1589.68328,2.889e-24
1589.684134,2.359e-23
1589.684759,7.977e-25
1589.686325,6.886000000000001e-25
1589.687716,2.382e-22
1589.688529,8.754999999999999e-23
1589.689236,1.056e-23
1589.689845,5.761e-24
1589.692263,6.346e-25
1589.694484,2.113e-23
1589.696239,3.6459999999999996e-24
1589.698557,4.226e-25
1589.69901,5.6569999999999996e-24
1589.704462,7.538000000000001e-25
1589.708768,2.14e-24
1589.70987,2.31e-22
1589.7114,1.452e-23
1589.716083,4.097e-25
1589.718673,2.058e-24
1589.71931,4.021e-25
1589.719731,7.638e-25
1589.721054,2.2779999999999998e-24
1589.72148,2.227e-23
1589.731347,5.953000000000001e-25
1589.731635,5.081e-25
1589.735908,5.861e-24
1589.737276,8.678000000000001e-25
1589.74541,9.186e-25
1589.746366,2.2700000000000003e-23
1589.750085,1.396e-23
1589.751596,3.097e-23
1589.752488,5.067e-24
1589.7553,7.339999999999999e-24
1589.756059,4.819e-24
1589.759056,2.351e-24
1589.759665,1.048e-22
1589.760703,5.635000000000001e-25
1589.763327,6.098e-25
1589.768669,1.104e-24
1589.771346,5.675e-24
1589.774538,1.517e-22
1589.775483,8.549e-25
1589.776451,8.246e-25
1589.779963,1.098e-24
1589.782128,1.426e-23
1589.782341,1.734e-23
1589.782479,4.393e-24
1589.782894,9.964e-23
1589.78477,2.14e-26
1589.784946,3.5399999999999995e-24
1589.789442,4.289e-24
1589.789927,1.325e-24
1589.790474,8.056e-21
1589.791035,1.418e-25
1589.792414,7.303e-25
1589.801654,9.221e-26
1589.806475,5.346e-24
1589.80775,2.784e-22
1589.808873,1.5909999999999999e-24
1589.809213,5.678e-26
1589.809898,5.452e-24
1589.812105,8.657e-21
1589.812326,2.081e-25
1589.813683,1.3969999999999999e-24
1589.819751,8.732000000000001e-25
1589.825691,5.552e-26
1589.825695,1.91e-24
1589.830746,2.943e-25
1589.830846,2.696e-22
1589.835711,9.923e-25
1589.837038,2.945e-24
1589.837169,3.979e-24
1589.837557,1.789e-24
1589.838048,9.558e-25
1589.838964,7.471e-23
1589.840255,2.295e-24
1589.841956,1.691e-25
1589.844704,1.042e-24
1589.84768,1.195e-22
1589.849574,7.971e-25
1589.850469,2.309e-24
1589.850975,3.012e-24
1589.851203,2.16e-26
1589.852637,2.761e-24
1589.862601,3.433e-23
1589.862801,3.329e-24
1589.864865,2.321e-24
1589.867685,1.243e-24
1589.870811,4.025e-24
1589.87241,1.133e-22
1589.876714,4.883e-24
1589.879503,1.001e-23
1589.880641,5.952e-24
1589.882788,7.295e-24
1589.883072,1.3949999999999998e-23
1589.8833,1.117e-23
1589.883494,8.998e-24
1589.884162,1.75e-23
1589.88431,8.257e-23
1589.887159,6.754e-23
1589.888376,1.48e-24
1589.88874,2.198e-23
1589.890318,3.0610000000000004e-26
1589.891486,1.826e-21
1589.901087,2.747e-23
1589.905317,4.282e-25
1589.906075,2.283e-24
1589.906822,8.132999999999999e-22
1589.906948,1.761e-24
1589.91086,4.218e-25
1589.91474,4.625e-23
1589.920357,7.26e-24
1589.920441,2.262e-24
1589.92049,1.043e-24
1589.921318,1.969e-25
1589.923242,2.095e-24
1589.923575,3.244e-22
1589.923856,3.16e-26
1589.924394,1.264e-25
1589.927037,7.236e-23
1589.928922,8.977999999999998e-22
1589.929784,7.127e-24
1589.930666,1.361e-22
1589.934054,1.12e-25
1589.934399,1.6549999999999998e-23
1589.937293,1.919e-25
1589.937308,2.491e-24
1589.937726,7.216e-24
1589.942256,1.051e-24
1589.943722,2.465e-25
1589.947684,3.138e-22
1589.949055,2.965e-24
1589.949487,1.4369999999999998e-23
1589.951059,1.344e-23
1589.951609,1.922e-25
1589.955972,5.079e-24
1589.9571,1.2859999999999998e-22
1589.958472,3.532e-24
1589.959259,4.353e-23
1589.959492,5.143e-23
1589.961481,1.089e-23
1589.962423,1.363e-23
1589.962593,6.513e-26
1589.962892,1.035e-24
1589.96549,4.214e-24
1589.966519,1.167e-25
1589.967242,2.0500000000000003e-21
1589.968046,8.887e-24
1589.969051,3.22e-26
1589.970057,5.043e-24
1589.971475,7.313e-24
1589.972088,6.057e-24
1589.972305,6.946e-24
1589.984922,4.625e-23
1589.986927,5.309e-24
1589.987693,2.512e-25
1589.989494,5.17e-25
1589.989887,2.346e-22
1589.991514,3.0260000000000005e-26
1589.992103,9.653e-24
1589.992874,5.072e-25
1589.993532,9.431e-25
1589.994149,5.181e-24
1589.996191,7.532e-26
1589.997337,7.407000000000001e-26
1590.008605,1.55e-22
1590.019749,1.427e-23
1590.021566,6.023e-25
1590.024306,6.345e-23
1590.024626,1.02e-24
1590.02565,9.184e-25
1590.028349,2.848e-23
1590.030753,5.498e-23
1590.033574,4.385e-23
1590.035189,3.769e-22
1590.035506,1.695e-25
1590.036992,1.459e-22
1590.041463,1.149e-24
1590.042118,2.329e-24
1590.043006,1.105e-24
1590.051972,5.26e-25
1590.052606,6.985000000000001e-26
1590.055091,1.363e-23
1590.06039,3.642e-22
1590.062855,5.07e-25
1590.063801,1.364e-25
1590.065124,4.026e-23
1590.069124,2.716e-23
1590.071173,4.27e-24
1590.07123,2.757e-22
1590.074088,4.073e-24
1590.0765,1.1880000000000002e-26
1590.077398,1.106e-24
1590.081473,1.766e-22
1590.083821,1.31e-23
1590.090173,2.0200000000000003e-21
1590.094244,2.162e-21
1590.094522,1.1430000000000002e-26
1590.094689,2.531e-20
1590.098802,2.656e-20
1590.107023,6.436e-23
1590.110415,1.1210000000000002e-26
1590.112123,1.655e-22
1590.115729,1.449e-25
1590.121895,1.327e-24
1590.123826,1.069e-24
1590.124426,1.274e-24
1590.14259,4.368e-22
1590.143026,1.094e-25
1590.146281,9.114e-24
1590.149233,2.013e-22
1590.152337,5.966e-23
1590.15598,8.944e-24
1590.157597,1.6e-20
1590.16182,3.191e-24
1590.166178,1.739e-24
1590.166599,1.694e-20
1590.167267,2.886e-24
1590.16851,3.057e-24
1590.168971,4.215e-22
1590.173071,4.826e-24
1590.174144,5.1520000000000005e-20
1590.175849,5.347e-20
1590.176043,7.232000000000001e-25
1590.176995,1.209e-24
1590.178878,3.735e-23
1590.182547,1.878e-22
1590.185969,5.748000000000001e-20
1590.186217,6.395e-24
1590.187013,5.958000000000001e-20
1590.189848,3.643e-23
1590.191274,1.666e-25
1590.192359,4.3730000000000005e-25
1590.193708,6.237e-24
1590.197711,1.6929999999999998e-24
1590.200092,2.797e-24
1590.207012,5.644000000000001e-25
1590.209866,1.851e-24
1590.211835,2.299e-22
1590.212698,5.558e-25
1590.214451,7.61e-25
1590.217945,4.981e-24
1590.230852,3.8260000000000005e-26
1590.235359,1.004e-22
1590.23627,4.887e-25
1590.244089,8.209999999999999e-23
1590.244552,1.411e-21
1590.245774,5.049e-22
1590.246178,1.5790000000000002e-26
1590.246598,2.711e-24
1590.24834,2.134e-22
1590.251186,5.998e-23
1590.253676,1.528e-21
1590.257324,6.501e-25
1590.260937,6.373e-25
1590.262093,1.796e-25
1590.265024,9.626e-23
1590.265572,5.306e-23
1590.269204,2.633e-22
1590.272634,1.424e-25
1590.273436,4.866e-22
1590.276433,1.135e-24
1590.282573,4.81e-25
1590.28815,9.763e-26
1590.288915,1.097e-24
1590.289651,9.599e-26
1590.290447,8.197999999999999e-23
1590.291576,1.5279999999999999e-24
1590.293644,1.4649999999999999e-24
1590.293824,4.123e-24
1590.29557,4.266e-26
1590.303272,4.72e-24
1590.305542,1.257e-24
1590.307755,2.6e-24
1590.30956,7.192e-24
1590.309619,2.428e-22
1590.316697,5.102e-25
1590.31694,2.042e-25
1590.321227,3.028e-22
1590.331102,4.956000000000001e-25
1590.33376,3.128e-23
1590.334503,3.741e-23
1590.344736,5.822e-22
1590.353837,2.515e-21
1590.356011,2.679e-21
1590.358966,8.841000000000001e-26
1590.359073,3.127e-23
1590.36213,4.596e-24
1590.366576,2.77e-22
1590.367597,1.075e-25
1590.367621,1.14e-23
1590.367713,3.501e-22
1590.371822,2.787e-23
1590.373796,5.601999999999999e-22
1590.374336,5.188e-24
1590.37603,5.148e-24
1590.377413,1.276e-24
1590.377602,1.118e-23
1590.37784,7.028e-24
1590.380351,7.677e-24
1590.382135,1.7559999999999998e-24
1590.384937,1.681e-24
1590.38561,3.268e-23
1590.388122,7.482e-24
1590.393954,4.97e-25
1590.397705,6.117000000000001e-20
1590.399173,2.011e-24
1590.400894,6.334e-20
1590.403214,3.85e-25
1590.404004,2.584e-23
1590.404055,2.869e-21
1590.405632,1.4650000000000002e-26
1590.405762,2.224e-25
1590.406753,3.044e-21
1590.406992,4.662000000000001e-25
1590.408324,4.082e-22
1590.408469,1.936e-24
1590.414416,1.088e-22
1590.415349,3.378e-23
1590.415982,8.864e-23
1590.41955,3.1719999999999995e-22
1590.422998,2.015e-24
1590.429886,1.5999999999999998e-25
1590.432209,3.414e-26
1590.434664,1.393e-23
1590.437553,4.9e-26
1590.439152,2.388e-23
1590.43947,6.698e-22
1590.439857,4.73e-25
1590.441249,4.702e-24
1590.441384,2.512e-25
1590.443766,5.4499999999999996e-24
1590.443915,2.238e-23
1590.448504,9.036e-24
1590.451081,4.82e-25
1590.45342,4.793e-26
1590.455595,9.889e-25
1590.46923,3.652e-22
1590.470062,6.432999999999999e-22
1590.470847,1.341e-23
1590.473061,2.261e-23
1590.475195,3.482e-24
1590.477343,5.283e-24
1590.483288,1.183e-22
1590.489429,1.241e-24
1590.499821,2.443e-23
1590.501876,1.025e-26
1590.503812,7.411e-25
1590.507118,3.289e-24
1590.509645,7.297e-25
1590.513789,1.503e-26
1590.514135,1.739e-25
1590.517796,2.3270000000000003e-25
1590.520059,8.144e-25
1590.523479,7.981e-25
1590.524301,2.015e-24
1590.526895,1.924e-24
1590.528291,6.851e-25
1590.529969,7.688999999999999e-22
1590.534025,5.6590000000000005e-25
1590.546909,2.751e-25
1590.553102,1.43e-23
1590.557295,1.247e-24
1590.55839,1.814e-25
1590.558823,3.384e-24
1590.559106,2.827e-23
1590.561299,1.065e-26
1590.562248,7.371999999999999e-22
1590.563398,1.74e-25
1590.563585,3.535e-24
1590.565349,3.104e-25
1590.569331,9.184e-24
1590.577395,8.945e-24
1590.578722,1.697e-25
1590.579693,1.7409999999999998e-23
1590.581956,3.5490000000000006e-20
1590.584379,1.4209999999999998e-23
1590.585234,3.707e-20
1590.591591,3.156e-23
1590.592859,4.5170000000000005e-20
1590.594654,1.393e-23
1590.59476,4.7020000000000006e-20
1590.601434,5.806e-26
1590.608193,6.709e-24
1590.609526,1.9e-25
1590.614681,4.911e-25
1590.616221,8.81e-22
1590.617711,2.306e-24
1590.619632,2.371e-23
1590.62022,7.08e-25
1590.620508,1.261e-25
1590.620874,2.197e-24
1590.621838,1.2390000000000002e-25
1590.622594,5.718e-26
1590.627807,8.344999999999999e-23
1590.628719,1.822e-23
1590.628728,2.2719999999999998e-24
1590.629211,6.803e-25
1590.63489,2.631e-25
1590.639654,1.528e-25
1590.640483,2.98e-25
1590.649185,1.336e-22
1590.65037,8.43e-22
1590.656754,6.873e-24
1590.659069,3.768e-23
1590.659451,1.018e-23
1590.666853,2.3429999999999998e-24
1590.667768,7.609e-23
1590.670313,7.73e-25
1590.671684,8.482e-25
1590.67195,4.093e-23
1590.671974,4.738e-23
1590.676563,4.112e-24
1590.680559,3.929e-24
1590.683338,9.598e-23
1590.685001,2.49e-26
1590.685736,3.398e-25
1590.685999,6.351000000000001e-20
1590.687297,6.583000000000001e-20
1590.689333,6.625999999999999e-24
1590.689792,3.853e-25
1590.696263,7.255000000000001e-25
1590.698214,1.008e-21
1590.702063,7.5e-21
1590.702602,8.266e-25
1590.712002,4.475e-23
1590.716865,8.534e-23
1590.721333,3.563e-23
1590.721913,1.07e-24
1590.724351,1.545e-25
1590.72735,2.888e-23
1590.728503,6.264e-24
1590.729082,3.744e-23
1590.729151,8.113e-21
1590.733675,3.525e-25
1590.73445,9.621e-22
1590.736817,1.665e-23
1590.738455,2.636e-24
1590.739317,2.0180000000000003e-26
1590.741604,2.505e-24
1590.748377,5.614999999999999e-23
1590.753159,1.095e-23
1590.753524,2.555e-26
1590.756144,1.397e-23
1590.76153,1.066e-23
1590.763035,9.826e-24
1590.767173,2.813e-23
1590.769002,9.865e-22
1590.769674,5.099e-23
1590.773925,7.108000000000001e-26
1590.774836,2.201e-24
1590.775929,1.151e-21
1590.77732,1.016e-24
1590.780663,9.115e-25
1590.781017,9.962e-25
1590.78896,1.337e-23
1590.790594,2.431e-25
1590.79572,9.694e-25
1590.796559,1.764e-23
1590.800933,7.261e-22
1590.801706,9.542e-25
1590.804756,2.688e-23
1590.806631,1.052e-24
1590.807139,1.729e-23
1590.811817,1.045e-26
1590.812816,4.671e-23
1590.814514,1.096e-21
1590.815981,4.804e-25
1590.822476,4.195e-25
1590.823091,2.904e-24
1590.823484,2.805e-24
1590.829617,3.008e-24
1590.829691,8.113999999999999e-22
1590.833242,2.851e-24
1590.838943,1.869e-25
1590.8401,4.316e-23
1590.844826,1.254e-22
1590.849345,1.313e-21
1590.850035,1.018e-24
1590.85993,7.601000000000001e-26
1590.862317,3.032e-24
1590.862575,1.564e-24
1590.865155,2.667e-24
1590.868666,2.91e-24
1590.872155,1.1310000000000001e-21
1590.878774,6.827999999999999e-23
1590.890595,1.247e-21
1590.892721,1.524e-24
1590.895374,1.205e-23
1590.896474,2.587e-24
1590.900235,1.511e-24
1590.908598,1.1819999999999998e-22
1590.908699,5.0599999999999996e-24
1590.908744,1.622e-25
1590.91036,1.594e-25
1590.910748,4.823e-24
1590.917055,1e-22
1590.918081,2.247e-24
1590.918311,6.361e-23
1590.91843,1.497e-21
1590.92577,2.839e-21
1590.926418,5.705e-24
1590.92699,3.0230000000000002e-21
1590.931838,1.302e-23
1590.933127,3.429e-24
1590.936893,3.24e-24
1590.94053,1.266e-23
1590.945623,6.015e-25
1590.949592,1.044e-24
1590.957406,5.174e-25
1590.961438,1.011e-24
1590.962738,1.418e-21
1590.966977,1.536e-22
1590.96837,5.553e-25
1590.972705,4.599e-25
1590.975665,5.21e-25
1590.983142,1.707e-21
1590.986462,4.471e-25
1590.986885,5.2299999999999995e-24
1590.987179,1.71e-26
1590.988191,7.011e-23
1590.989228,3.825e-25
1590.99209,6.186e-23
1590.993334,2.682e-24
1590.997421,1.056e-24
1590.998589,2.893e-26
1591.002375,2.848e-26
1591.004014,4.794e-24
1591.004163,2.182e-23
1591.004286,4.571e-24
1591.007243,3.599e-26
1591.007838,1.987e-21
1591.010288,5.822e-25
1591.012603,2.1370000000000002e-21
1591.015062,2.138e-23
1591.018594,3.9059999999999996e-24
1591.022804,3.678e-24
1591.029368,4.7080000000000007e-26
1591.029409,1.264e-24
1591.031005,1.6100000000000001e-21
1591.033279,1.238e-24
1591.038647,6.586e-23
1591.041955,2.6e-20
1591.043422,1.946e-21
1591.04685,2.7360000000000004e-20
1591.049565,2.576e-24
1591.049612,1.1e-25
1591.050688,5.903999999999999e-23
1591.053351,1.085e-25
1591.060132,4.46e-25
1591.060746,4.208e-26
1591.062849,4.967e-24
1591.07077,1.1229999999999998e-22
1591.076034,4.1190000000000005e-26
1591.08109,7.556000000000001e-25
1591.082743,1.263e-24
1591.08435,1.879e-24
1591.087491,1.588e-20
1591.088885,1.243e-24
1591.090053,9.77e-23
1591.090418,3.785e-26
1591.090853,6.38e-25
1591.093082,1.811e-24
1591.093991,1.206e-23
1591.095484,1.8280000000000002e-21
1591.098484,1.6890000000000002e-20
1591.099186,2.2200000000000002e-21
1591.100035,5.483e-24
1591.101044,4.607e-25
1591.105368,1.542e-23
1591.10695,9.426e-25
1591.107631,4.449e-24
1591.11212,4.173e-24
1591.11368,3.202e-23
1591.113841,7.396999999999999e-23
1591.114325,9.023e-25
1591.114398,1.498e-23
1591.115456,6.519999999999999e-23
1591.119299,1.053e-24
1591.124477,2.885e-23
1591.126523,5.479e-25
1591.126582,4.659e-26
1591.131787,7.972e-26
1591.141195,1.063e-24
1591.146792,5.037e-24
1591.147255,4.716e-24
1591.149666,5.532e-20
1591.149887,1.343e-21
1591.150305,2.537e-21
1591.150765,4.506e-24
1591.151356,5.75e-20
1591.152718,1.327e-23
1591.156304,2.077e-21
1591.161183,1.466e-21
1591.169234,4.221e-23
1591.178671,4.888e-24
1591.18409,1.813e-24
1591.18447,3.0420000000000003e-26
1591.185169,5.0679999999999996e-24
1591.186665,1.279e-23
1591.188753,2.391e-23
1591.190128,4.733e-24
1591.194078,4.76e-24
1591.196577,2.907e-21
1591.198654,1.419e-24
1591.200092,1.531e-25
1591.207194,2.69e-23
1591.20878,3.502e-25
1591.21367,2.361e-21
1591.214806,1.494e-25
1591.218425,2.634e-23
1591.219764,2.271e-23
1591.220701,1.015e-24
1591.221655,4.455e-23
1591.223207,7.865000000000001e-25
1591.224307,2.078e-25
1591.225796,9.499e-25
1591.225821,2.042e-25
1591.230951,3.01e-24
1591.234427,4.598e-24
1591.236361,2.135e-24
1591.243784,6.945000000000001e-26
1591.249459,2.918e-24
1591.251123,3.297e-24
1591.261459,5.7789999999999996e-24
1591.266839,5.369e-24
1591.267932,2.687e-21
1591.271108,2.2e-24
1591.27258,1.44e-24
1591.273752,1.821e-23
1591.274101,1.5250000000000003e-26
1591.276093,1.566e-24
1591.280129,1.534e-24
1591.283138,1.768e-23
1591.296433,3.565e-23
1591.297603,1.146e-26
1591.307028,6.397e-25
1591.309517,2.508e-21
1591.310395,4.431e-23
1591.312309,2.683e-21
1591.317982,4.376e-23
1591.319817,1.23e-26
1591.326877,6.249e-20
1591.328912,6.486e-20
1591.329584,3.612e-24
1591.329692,6.601e-24
1591.330179,3.206e-24
1591.333994,5.885e-24
1591.335635,6.097e-24
1591.340434,6.157e-25
1591.340977,1.726e-23
1591.344834,7.588000000000001e-25
1591.345539,1.019e-22
1591.354321,1.189e-26
1591.35494,9.694e-25
1591.35583,6.892e-24
1591.356168,5.197e-25
1591.361706,3.092e-25
1591.364801,2.523e-23
1591.364883,1.64e-24
1591.366864,6.0349999999999996e-24
1591.367287,5.326e-24
1591.369562,6.776e-20
1591.370617,6.5019999999999996e-24
1591.37116,1.991e-23
1591.371188,1.613e-24
1591.372504,7.024e-20
1591.37464,7.399e-25
1591.379538,2.1960000000000003e-26
1591.383323,1.741e-25
1591.3845,1.076e-25
1591.38454,2.49e-23
1591.384884,1.188e-24
1591.386035,1.566e-26
1591.392409,2.989e-21
1591.39381,1.4830000000000002e-25
1591.394234,7.559999999999999e-24
1591.394464,3.182e-21
1591.397303,1.7230000000000002e-25
1591.397645,1.462e-25
1591.398551,7.746999999999999e-24
1591.398799,6.363e-24
1591.40078,6.935e-24
1591.401408,6.276e-24
1591.40304,4.966000000000001e-25
1591.403051,4.302e-23
1591.405655,3.303e-23
1591.410279,2.457e-23
1591.41032,9.072e-23
1591.412723,1.353e-24
1591.416601,6.739e-24
1591.417232,3.233e-23
1591.423506,4.796e-23
1591.42915,1.374e-25
1591.430777,2.346e-25
1591.435311,1.02e-23
1591.436991,2.144e-23
1591.444243,8.334e-23
1591.446753,2.079e-23
1591.452356,8.693e-24
1591.455315,1.307e-25
1591.459653,7.909e-24
1591.459789,4.543e-23
1591.47529,2.008e-25
1591.475805,1.076e-22
1591.486628,1.195e-24
1591.487265,1.3559999999999998e-23
1591.489026,1.0079999999999999e-24
1591.493851,2.418e-23
1591.500151,7.254e-24
1591.500565,2.754e-23
1591.502729,1.36e-25
1591.503101,9.677e-23
1591.50566,1.005e-23
1591.507,2.6540000000000003e-25
1591.508748,2.606e-25
1591.509996,1.906e-23
1591.511588,9.354e-25
1591.513844,9.056e-24
1591.517143,3.187e-23
1591.517559,1.934e-24
1591.517875,1.3e-23
1591.519516,6.401e-25
1591.51952,3.918e-24
1591.519958,1.243e-24
1591.52172,3.752e-24
1591.521759,1.893e-24
1591.522105,2.6270000000000004e-26
1591.523013,1.158e-22
1591.526,1.185e-24
1591.531083,9.935e-25
1591.531113,9.851e-24
1591.531473,6.009e-23
1591.531543,3.3400000000000003e-26
1591.535374,2.636e-23
1591.538088,3.713e-20
1591.541667,3.886e-20
1591.549711,5.501999999999999e-23
1591.553202,1.172e-23
1591.554589,1.3989999999999999e-24
1591.557969,2.451e-24
1591.558239,1.5409999999999998e-23
1591.562502,1.043e-23
1591.562668,4.79e-20
1591.564729,4.995e-20
1591.566573,1.455e-24
1591.571304,2.8629999999999998e-24
1591.571779,9.625e-25
1591.577107,2.752e-24
1591.580948,1.582e-23
1591.58332,7.681e-26
1591.583446,1.365e-24
1591.583846,2.882e-26
1591.58646,4.894e-23
1591.587912,2.379e-24
1591.590563,7.639999999999999e-23
1591.595086,2.516e-23
1591.595436,1.381e-23
1591.595545,6.835e-23
1591.595828,5.155e-24
1591.596751,4.448e-25
1591.599548,4.042e-23
1591.605246,2.438e-23
1591.606162,1.21e-23
1591.607802,6.776e-21
1591.610415,4.548e-23
1591.611487,3.955e-23
1591.617128,9.553e-25
1591.618981,1.473e-24
1591.623171,4.124e-25
1591.628385,9.257e-25
1591.629845,2.167e-26
1591.632054,1.653e-23
1591.633962,2.2010000000000003e-26
1591.634559,4.346e-23
1591.636324,4.012e-25
1591.641824,2.096e-24
1591.642075,7.389e-21
1591.642146,2.121e-24
1591.644546,7.124e-23
1591.644701,1.419e-23
1591.647996,1.552e-23
1591.648619,2.086e-24
1591.652494,2.358e-26
1591.654059,2.941e-26
1591.658891,3.145e-26
1591.663054,2.024e-23
1591.665632,8.192000000000001e-26
1591.669475,3.1899999999999998e-24
1591.678455,1.6889999999999998e-23
1591.678782,3.5970000000000005e-26
1591.679487,6.666e-23
1591.686809,4.09e-23
1591.687839,6.218e-22
1591.688159,2.562e-23
1591.69352,3.522e-26
1591.706806,3.421e-23
1591.707961,2.051e-23
1591.721934,3.102e-24
1591.726258,7.060999999999999e-22
1591.726779,1.8e-25
1591.729941,4.9960000000000007e-26
1591.732875,1.993e-25
1591.733151,4.916e-26
1591.734891,2.626e-24
1591.73542,2.549e-23
1591.735523,1.251e-23
1591.736809,1.964e-25
1591.748039,2.944e-23
1591.750038,5.395e-24
1591.752886,1.815e-24
1591.753667,2.379e-24
1591.758034,2.327e-24
1591.758621,2.849e-23
1591.763524,1.745e-24
1591.771749,1.685e-24
1591.785177,1.677e-24
1591.786845,2.526e-24
1591.788876,4.929e-23
1591.789825,3.7720000000000006e-26
1591.79202,3.363e-25
1591.793028,2.141e-24
1591.801194,4.82e-23
1591.801928,9.21e-25
1591.807379,3.375e-25
1591.809079,3.3130000000000003e-25
1591.817098,1.445e-25
1591.81751,9.8e-26
1591.818302,5.136e-24
1591.820795,2.8320000000000004e-26
1591.826267,4.23e-25
1591.831394,1.3399999999999999e-25
1591.834588,7.09e-23
1591.836535,9.639e-26
1591.83764,9.881e-24
1591.838854,4.071e-26
1591.839113,2.314e-24
1591.844654,6.423e-23
1591.844987,4.629e-24
1591.845532,1.308e-25
1591.849927,1.292e-24
1591.863201,3.244e-23
1591.863295,1.2639999999999998e-22
1591.865565,1.255e-23
1591.866302,1.3409999999999998e-22
1591.866994,1.627e-24
1591.871121,1.162e-22
1591.871637,4.42e-25
1591.871988,1.542e-24
1591.872582,2.95e-23
1591.874405,7.152e-25
1591.875309,4.4949999999999996e-24
1591.878813,1.1189999999999998e-22
1591.88947,2.238e-24
1591.893431,2.185e-25
1591.895851,3.434e-23
1591.896754,7.154000000000001e-26
1591.897503,1.211e-23
1591.906882,3.321e-23
1591.914537,2.732e-24
1591.914824,4.531e-26
1591.918981,1.6470000000000002e-25
1591.920656,1.933e-21
1591.921183,2.686e-24
1591.926151,1.403e-24
1591.926335,2.091e-21
1591.92754,7.434e-25
1591.92973,2.6990000000000005e-26
1591.932975,2.372e-23
1591.936033,3.648e-26
1591.958077,4.326000000000001e-25
1591.961517,2.258e-23
1591.973642,5.989e-23
1591.979802,3.4440000000000004e-25
1591.979891,1.192e-23
1591.983484,1.006e-25
1591.984062,2.649e-20
1591.984528,2.916e-24
1591.984556,3.4020000000000005e-26
1591.98471,7.031e-26
1591.986356,5.853e-23
1591.989067,2.851e-24
1591.989908,2.795e-20
1591.998958,4.464e-25
1592.002629,1.085e-25
1592.004724,3.164e-25
1592.012143,1.557e-20
1592.012969,6.752e-25
1592.017616,1.4229999999999998e-22
1592.019227,1.232e-22
1592.023243,4.852e-24
1592.023397,6.232e-24
1592.024046,3.098e-24
1592.025623,1.663e-20
1592.029451,1.369e-24
1592.030193,2.756e-24
1592.033793,5.455000000000001e-26
1592.038523,3.995e-23
1592.041745,6.588000000000001e-25
1592.049573,1.256e-21
1592.050033,3.859e-23
1592.05403,5.389e-23
1592.063798,1.383e-21
1592.066807,2.6660000000000003e-25
1592.070844,2.627e-25
1592.078927,3.73e-24
1592.079317,6.111e-24
1592.082539,3.578e-24
1592.083138,4.277e-25
1592.085035,4.197e-25
1592.08694,6.813e-26
1592.089092,5.614000000000001e-25
1592.090459,1.5909999999999999e-24
1592.091244,1.259e-26
1592.092428,7.735e-24
1592.098968,3.015e-24
1592.108343,4.3480000000000005e-26
1592.108502,5.9049999999999996e-24
1592.127186,8.658e-24
1592.132113,5.909000000000001e-20
1592.133947,6.151e-20
1592.141411,1.576e-26
1592.142704,5.505e-25
1592.143843,4.09e-26
1592.145506,1.303e-26
1592.14662,6.585000000000001e-26
1592.150523,3.858e-24
1592.153847,7.252e-23
1592.154789,4.887e-23
1592.155554,2.118e-24
1592.157058,2.182e-23
1592.158509,8.482000000000001e-26
1592.159788,1.994e-24
1592.16279,1.531e-23
1592.166267,3.765e-26
1592.166532,1.616e-24
1592.166976,7.083e-23
1592.169398,4.803e-23
1592.169514,3.8260000000000005e-26
1592.171214,5.048e-23
1592.175484,6.682e-20
1592.176054,4.636e-23
1592.176479,1.554e-25
1592.176623,6.945000000000001e-20
1592.176978,3.388e-24
1592.179669,5.075e-24
1592.181863,8.586e-24
1592.182059,3.506e-24
1592.184365,5.167e-25
1592.186818,9.664e-23
1592.187109,1.329e-24
1592.188078,4.471e-23
1592.188885,3.4469999999999996e-24
1592.193839,2.113e-24
1592.202517,4.562e-23
1592.204027,2.475e-21
1592.205182,6.715e-24
1592.205433,8.616999999999999e-23
1592.206318,1.214e-24
1592.206802,2.6600000000000002e-21
1592.207175,1.008e-23
1592.210061,3.562e-24
1592.211104,1.232e-25
1592.213125,1.307e-23
1592.214778,3.481e-24
1592.215551,5.205e-23
1592.216122,8.933e-23
1592.219503,2.09e-25
1592.220761,8.639e-24
1592.223427,1.738e-24
1592.228513,2.877e-21
1592.228549,2.674e-23
1592.229384,2.175e-24
1592.2313,3.0760000000000002e-21
1592.233059,4.955000000000001e-25
1592.235045,6.672e-24
1592.241794,1.255e-23
1592.242216,1.246e-24
1592.242827,1.8999999999999998e-24
1592.2457,2.239e-24
1592.250768,9.318e-25
1592.253171,7.973000000000001e-26
1592.254633,5.903e-25
1592.255511,4.054e-23
1592.257345,1.62e-26
1592.257537,2.689e-24
1592.258136,8.393000000000001e-25
1592.260136,7.865000000000001e-25
1592.260929,2.564e-23
1592.261978,1.1739999999999998e-22
1592.263117,2.589e-24
1592.263934,6.141e-25
1592.267229,8.209000000000001e-25
1592.26809,3.68e-25
1592.268606,2.492e-23
1592.268703,9.744e-25
1592.269324,8.065e-24
1592.269871,1.215e-24
1592.274385,2.175e-24
1592.279009,8.695e-25
1592.280677,3.583e-25
1592.281123,2.091e-23
1592.282098,1.711e-24
1592.28441,5.058e-23
1592.28483,1.0669999999999998e-22
1592.28792,9.538e-25
1592.289027,9.035e-25
1592.28972,8.434e-25
1592.290989,4.379e-25
1592.291522,6.031e-24
1592.291651,3.0610000000000004e-26
1592.292744,4.642e-24
1592.294994,4.443e-24
1592.296197,9.749e-24
1592.298731,4.921e-26
1592.299863,1.037e-24
1592.302252,1.046e-24
1592.302735,4.543e-25
1592.304988,1.086e-24
1592.305864,2.999e-26
1592.308445,5.364e-23
1592.309291,6.327e-23
1592.321022,5.166e-23
1592.324281,1.056e-24
1592.325181,5.835e-23
1592.329494,8.751e-23
1592.33023,2.327e-26
1592.332431,4.147e-24
1592.342019,7.159e-20
1592.343059,8.542e-23
1592.345152,7.432000000000001e-20
1592.353289,9.688e-26
1592.35461,5.058e-23
1592.366066,1.354e-24
1592.368727,2.421e-23
1592.369456,1.426e-24
1592.369559,5.3999999999999985e-25
1592.37145,5.297000000000001e-25
1592.371493,8.375000000000001e-25
1592.375908,4.723e-23
1592.376484,3.208e-25
1592.377779,2.37e-26
1592.379266,7.14e-24
1592.380369,2.662e-23
1592.385375,7.717000000000001e-26
1592.389073,1.8e-25
1592.390902,3.32e-25
1592.391277,8.226000000000001e-26
1592.3927,2.752e-24
1592.395618,3.554e-25
1592.396169,9.874e-23
1592.396461,2.57e-24
1592.398491,6.532e-24
1592.39976,3.502e-25
1592.404461,7.329e-23
1592.423719,8.486e-26
1592.426468,8.345e-26
1592.430333,4.335e-24
1592.435233,4.2349999999999996e-24
1592.435671,6.885999999999999e-23
1592.435696,6.192e-23
1592.435929,1.834e-25
1592.436285,2.311e-24
1592.437743,1.613e-24
1592.438606,1.155e-23
1592.440247,2.08e-23
1592.440554,4.387e-24
1592.440675,4.2e-24
1592.444716,4.4829999999999996e-24
1592.445489,1.559e-24
1592.446784,1.182e-25
1592.448869,5.954e-23
1592.449308,5.928000000000001e-26
1592.451111,1.7559999999999998e-24
1592.451729,4.405e-24
1592.452659,6.391e-24
1592.45298,1.859e-24
1592.457294,1.167e-25
1592.470183,8.752e-26
1592.470888,1.14e-25
1592.471314,2.549e-24
1592.473589,3.58e-23
1592.478495,1.489e-22
1592.480917,1.09e-24
1592.481451,3.317e-26
1592.482966,1.278e-23
1592.484632,1.314e-22
1592.489233,3.857e-20
1592.493193,4.0460000000000006e-20
1592.493818,5.769e-24
1592.494041,3.5150000000000004e-26
1592.50019,5.036e-24
1592.500584,1.052e-22
1592.506514,1.01e-25
1592.506978,1.968e-24
1592.507202,5.8670000000000004e-21
1592.507562,5.485e-24
1592.514608,1.026e-22
1592.516907,4.285e-24
1592.517819,2.3190000000000003e-25
1592.519522,2.455e-24
1592.520388,4.109e-24
1592.527407,5.049e-20
1592.529662,5.2740000000000007e-20
1592.533428,1.45e-25
1592.535113,2.395e-25
1592.538351,4.229e-24
1592.547282,2.298e-23
1592.54769,2.265e-24
1592.548221,2.416e-24
1592.551173,6.463e-21
1592.553535,3.3820000000000005e-26
1592.554741,4.067e-25
1592.557806,7.13e-23
1592.566164,4.989e-22
1592.567242,4.11e-24
1592.569393,5.232e-24
1592.570592,1.372e-25
1592.570814,2.9570000000000004e-25
1592.571624,6.845e-23
1592.573204,1.179e-23
1592.577803,3.908e-25
1592.584907,3.589e-24
1592.585662,8.127999999999999e-23
1592.588496,3.314e-24
1592.588547,7.353e-23
1592.592094,4.193e-25
1592.595674,7.149000000000001e-26
1592.603327,1.14e-23
1592.605364,5e-23
1592.606165,7.512e-23
1592.607665,3.255e-23
1592.607993,8.072e-25
1592.61294,1.787e-25
1592.615113,6.865999999999999e-23
1592.615514,1.713e-25
1592.616015,2.984e-23
1592.619323,5.792e-22
1592.637333,6.791e-25
1592.637472,1.741e-24
1592.639395,6.6599999999999995e-25
1592.645297,5.258e-24
1592.645844,8.046e-24
1592.648102,4.683e-23
1592.648325,3.142e-24
1592.648993,2.918e-24
1592.650388,5.1329999999999996e-24
1592.65413,9.14e-26
1592.654264,6.394000000000001e-26
1592.658826,5.539e-23
1592.660402,1.388e-22
1592.667028,2.0119999999999998e-24
1592.66712,1.261e-22
1592.668219,2.3860000000000003e-26
1592.670495,7.397000000000001e-20
1592.671733,7.688e-20
1592.671845,2.332e-23
1592.673069,1.2449999999999998e-22
1592.674774,8.191999999999999e-23
1592.676077,5.9780000000000005e-25
1592.681627,1.229e-22
1592.684976,2.219e-25
1592.685534,6.014e-24
1592.686185,8.532e-23
1592.687884,7.714999999999999e-23
1592.688422,1.05e-26
1592.689294,7.850999999999999e-23
1592.698262,2.225e-23
1592.702103,4.083e-25
1592.702514,5.7099999999999996e-24
1592.703254,6.437000000000001e-26
1592.703895,5.836e-25
1592.705734,6.544e-26
1592.709719,5.61e-24
1592.711058,2.639e-24
1592.711621,5.212e-24
1592.719309,4.719e-25
1592.720913,1.654e-25
1592.72356,4.648000000000001e-25
1592.729051,1.935e-24
1592.737945,8.636000000000001e-26
1592.737951,4.73e-24
1592.741258,1.705e-25
1592.741701,4.301e-24
1592.747059,4.113e-24
1592.747809,3.193e-25
1592.748175,2.186e-23
1592.748853,3.771e-24
1592.749107,2.776e-25
1592.750538,1.01e-25
1592.752476,1.018e-25
1592.760704,1.991e-24
1592.764299,1.794e-24
1592.769489,3.45e-26
1592.774643,4.631e-24
1592.776376,7.912e-24
1592.7775,8.518e-25
1592.780219,1.602e-24
1592.782854,5.707e-24
1592.786597,9.393e-23
1592.79005,2.808e-21
1592.791353,3.0170000000000002e-21
1592.792048,2.846e-25
1592.793768,7.413999999999999e-24
1592.793984,2.889e-24
1592.796562,3.328e-25
1592.801884,8.984e-23
1592.804789,3.505e-25
1592.810588,5.522e-24
1592.812834,6.919000000000001e-25
1592.813151,1.364065e-24
1592.82754,1.856e-21
1592.829104,1.506e-22
1592.830295,9.683e-26
1592.831491,2.604e-24
1592.834405,2.022e-21
1592.838907,5.472e-24
1592.841864,4.925e-24
1592.84412,1.467e-22
1592.846357,2.919e-25
1592.849761,4.878e-24
1592.851322,4.473e-25
1592.85221,8.57e-25
1592.853969,2.938e-24
1592.854992,6.356e-24
1592.856431,1.511e-25
1592.856812,6.379e-24
1592.86028,6.201e-24
1592.861147,5.67e-24
1592.865148,2.813e-24
1592.865719,4.895e-25
1592.876259,1.045e-25
1592.88285,1.3600000000000002e-26
1592.883197,6.096999999999999e-23
1592.883882,1.262e-25
1592.887792,5.785e-25
1592.893273,1.075e-22
1592.89652,6.936e-24
1592.89934,2.5930000000000003e-26
1592.900137,1.983e-24
1592.907455,3.268e-25
1592.909403,1.026e-22
1592.909694,4.764e-23
1592.91072,8.511e-25
1592.91281,8.342e-25
1592.912976,7.6e-25
1592.913054,2.541e-26
1592.916975,4.708e-25
1592.919123,7.52e-24
1592.919511,3.183e-25
1592.920983,2.6750000000000003e-20
1592.92208,1.3979999999999999e-24
1592.92348,6.578e-24
1592.925196,1.018e-24
1592.925451,1.103e-24
1592.927991,2.831e-20
1592.928341,2.034e-24
1592.931451,1.504e-20
1592.933733,1.25e-23
1592.934069,1.626e-25
1592.93452,1.651e-25
1592.934875,1.4060000000000002e-26
1592.935268,7.873000000000001e-25
1592.936536,4.91e-25
1592.937745,2.32e-23
1592.94011,4.536e-23
1592.942481,7.088999999999999e-24
1592.943375,1.149e-21
1592.945471,7.644e-25
1592.945589,9.003e-24
1592.947654,1.395e-25
1592.948077,1.615e-20
1592.949334,3.509e-24
1592.950774,1.598e-25
1592.950895,3.372e-24
1592.951144,2.577e-23
1592.951179,7.713e-24
1592.951982,1.077e-24
1592.955455,7.247e-24
1592.955871,1.978e-24
1592.957435,1.013e-22
1592.958673,9.246e-24
1592.95946,2.511e-24
1592.960685,1.202e-23
1592.961652,1.279e-21
1592.96286,7.117e-24
1592.964502,2.4199999999999998e-24
1592.965698,8.682000000000001e-25
1592.969824,4.0279999999999996e-24
1592.975113,9.855e-24
1592.980992,1.773e-24
1592.981381,2.475e-23
1592.983133,9.412e-23
1592.983713,1.102e-23
1592.985985,1.101e-25
1592.986536,1.793e-22
1592.990197,9.176e-24
1592.990754,1.1630000000000002e-25
1592.994797,1.228e-22
1593.001018,1.859e-25
1593.001754,8.426e-25
1593.00209,1.745e-22
1593.007333,1.396e-23
1593.007513,1.6160000000000002e-26
1593.010778,1.268e-25
1593.01179,1.576e-25
1593.01186,1.169e-22
1593.014285,1.197e-25
1593.015674,1.114e-23
1593.02833,5.891999999999999e-23
1593.029171,1.864e-23
1593.032809,1.048e-23
1593.035117,8.711e-24
1593.03789,6.242000000000001e-25
1593.040394,1.389e-23
1593.042059,1.2669999999999999e-24
1593.042254,6.147e-25
1593.042338,1.257e-22
1593.043216,2.735e-23
1593.047663,9.231e-26
1593.049652,2.226e-23
1593.055143,1.29e-25
1593.05818,9.538e-24
1593.059316,1.801e-24
1593.059393,7.655e-24
1593.061562,1.769e-23
1593.061883,1.151e-22
1593.062749,7.131e-23
1593.064886,7.464e-24
1593.077783,1.012e-25
1593.081312,6.572e-23
1593.082484,1.418e-25
1593.084874,1.394e-25
1593.090862,9.888e-26
1593.091165,1.402e-22
1593.095371,6.096999999999999e-23
1593.0991,6.272000000000001e-20
1593.100964,6.54e-20
1593.105719,1.482e-24
1593.109264,1.3309999999999998e-22
1593.113038,1.434e-24
1593.117326,5.166e-23
1593.11748,2.112e-25
1593.125856,5.634999999999999e-23
1593.12775,1.6620000000000002e-26
1593.133866,5.476e-24
1593.134172,1.966e-25
1593.135177,8.609e-23
1593.136463,4.845e-23
1593.13858,2.419e-21
1593.139417,7.859e-23
1593.139419,2.127e-22
1593.141697,1.542e-25
1593.142046,2.615e-21
1593.148833,3.385e-25
1593.151989,2.454e-23
1593.155541,2.069e-22
1593.158496,1.261e-25
1593.1586,7.449999999999999e-23
1593.16506,8.823e-24
1593.169725,1.063e-24
1593.171968,1.041e-24
1593.173657,7.624e-24
1593.17665,3.74e-25
1593.182369,1.5979999999999998e-22
1593.18673,7.024e-23
1593.197068,8.733000000000001e-26
1593.20163,1.5129999999999998e-22
1593.202088,7.832e-24
1593.202636,2.454e-24
1593.203545,9.162e-24
1593.211157,8.994e-24
1593.211241,4.599e-23
1593.215028,6.827e-24
1593.220402,2.5339999999999998e-24
1593.223855,2.953e-21
1593.225816,3.173e-21
1593.226882,3.842e-24
1593.232252,1.4e-25
1593.233163,2.18e-24
1593.237609,1.083e-25
1593.239418,1.102e-25
1593.244003,2.386e-23
1593.24754,2.367e-24
1593.250925,2.452e-25
1593.254454,3.737e-24
1593.256731,7.276e-25
1593.258521,9.19e-24
1593.259566,5.507e-24
1593.262697,5.909e-23
1593.264228,8.954e-24
1593.267074,5.931e-23
1593.268399,1.82e-22
1593.268843,8.246999999999999e-23
1593.269249,1.881e-25
1593.272807,9.27e-26
1593.275632,1.101e-23
1593.276094,2.753e-25
1593.278386,7.172000000000001e-20
1593.280437,7.466e-20
1593.287752,2.515e-22
1593.288972,1.718e-22
1593.304106,1.066e-23
1593.304478,2.445e-22
1593.30915,7.86e-20
1593.311968,8.171000000000001e-20
1593.315954,5.2629999999999996e-24
1593.322041,1.054e-23
1593.322538,1.376e-25
1593.330053,1.428e-25
1593.334144,5.265e-25
1593.347078,3.237e-23
1593.348915,2.0299999999999998e-24
1593.349242,2.072e-22
1593.349886,3.166e-23
1593.351365,8.224000000000001e-25
1593.354679,2.988e-23
1593.355845,8.098e-25
1593.356678,2.821e-23
1593.36107,5.143e-25
1593.361929,3.056e-25
1593.366973,2.613e-25
1593.369218,4.338e-24
1593.370221,1.8209999999999998e-24
1593.371312,1.949e-22
1593.37679,1.054e-25
1593.377712,3.795e-26
1593.38849,4.427e-25
1593.392893,7.081e-25
1593.393718,2.302e-25
1593.393721,1.3999999999999999e-24
1593.397847,7.85e-23
1593.399443,4.756e-21
1593.400124,2.1010000000000003e-26
1593.402815,1.035e-23
1593.404634,5.692000000000001e-26
1593.405382,2.274e-23
1593.405494,7.228e-23
1593.405744,1.382e-25
1593.418479,4.209e-24
1593.423068,1.146e-24
1593.42488,2.36e-22
1593.429166,4.004e-23
1593.429954,2.174e-23
1593.430766,1.322e-24
1593.431538,2.965e-22
1593.432904,3.555e-22
1593.433064,1.295e-24
1593.435363,3.9770000000000006e-20
1593.436752,1.495e-22
1593.437544,6.131e-24
1593.439802,4.183e-20
1593.442949,4.27e-25
1593.446787,1.154e-23
1593.447699,1.354e-22
1593.448676,2.21e-22
1593.448905,2.879e-22
1593.451759,3.869e-26
1593.452366,1.099e-23
1593.453618,1.133e-24
1593.454613,1.132e-23
1593.456601,3.305e-24
1593.456923,5.3080000000000004e-21
1593.457514,1.17e-25
1593.458296,1.071e-23
1593.459909,3.181e-24
1593.463115,9.529e-25
1593.467047,3.809e-25
1593.471172,1.626e-25
1593.471207,1.023e-24
1593.472933,9.513e-24
1593.47369,1.6119999999999998e-22
1593.476867,1.4419999999999998e-22
1593.481224,5.298e-24
1593.485875,6.002e-24
1593.486838,5.286e-20
1593.489324,5.534e-20
1593.49335,1.034e-24
1593.495288,2.691e-22
1593.50096,1.073e-25
1593.501837,2.1860000000000003e-26
1593.501919,3.909e-25
1593.503585,1.058e-25
1593.505654,1.607e-25
1593.507644,5.131e-24
1593.510251,4.265e-22
1593.515075,2.143e-26
1593.515453,2.8290000000000003e-25
1593.519572,3.011e-23
1593.521102,2.508e-22
1593.521538,2.286e-25
1593.539928,4.027e-25
1593.540166,1.862e-24
1593.541258,2.887e-25
1593.544422,1.315e-25
1593.552815,2.8140000000000003e-25
1593.555247,3.933e-24
1593.560433,3.074e-22
1593.560952,2.676e-24
1593.565165,3.147e-24
1593.566119,4.748e-25
1593.570776,3.485e-22
1593.571315,5.738999999999999e-23
1593.571447,2.551e-25
1593.57545,2.18e-26
1593.585854,7.093e-25
1593.588642,2.849e-22
1593.588827,3.381e-22
1593.592154,3.2170000000000004e-26
1593.595493,1.16e-25
1593.595583,6.892000000000001e-25
1593.596426,1.6979999999999998e-22
1593.598105,1.518e-22
1593.604287,9.716e-25
1593.60531,5.348999999999999e-23
1593.605884,1.837e-24
1593.611635,9.99e-25
1593.620264,3.52e-22
1593.628686,2.6069999999999998e-24
1593.629767,9.492e-25
1593.630184,2.332e-24
1593.632349,1.788e-24
1593.634892,3.493e-25
1593.635117,2.251e-24
1593.640938,1.311e-23
1593.644428,4.684e-23
1593.647102,1.275e-23
1593.647262,4.159e-24
1593.649093,1.188e-23
1593.649731,3.995e-24
1593.651373,3.241e-22
1593.658957,5.923000000000001e-25
1593.659741,1.079e-24
1593.66434,1.063e-24
1593.668363,2.465e-23
1593.672511,4.47e-23
1593.672675,1.4470000000000003e-26
1593.673736,4.847e-24
1593.674515,1.144e-23
1593.674706,4.047e-22
1593.675881,8.038e-25
1593.680424,1.638e-24
1593.682866,1.604e-24
1593.685184,1.448e-23
1593.691593,1.032e-25
1593.692851,8.729000000000001e-26
1593.693234,1.4209999999999998e-23
1593.695752,2.46e-25
1593.696697,2.372e-23
1593.696774,4.899e-25
1593.705442,8.536e-26
1593.705467,4.083e-22
1593.705908,4.652e-23
1593.707318,1.0990000000000002e-26
1593.708349,1.638e-25
1593.708539,2.3330000000000003e-25
1593.709417,3.698e-22
1593.709469,6.605999999999999e-23
1593.709935,7.808e-25
1593.71066,2.291e-25
1593.71128,1.247e-25
1593.711699,6.172e-24
1593.713469,2.411e-23
1593.716312,1.934e-25
1593.722287,1.0469999999999998e-22
1593.722337,4.3730000000000005e-25
1593.722661,1.4940000000000002e-26
1593.72364,4.68e-22
1593.724247,3.957e-22
1593.72913,1.756e-21
1593.729326,9.741e-24
1593.729915,3.384e-24
1593.730672,2.387e-25
1593.737596,1.9290000000000002e-21
1593.739178,9.536e-24
1593.742424,3.829e-25
1593.7451,9.775e-23
1593.745342,7.397e-25
1593.752582,4.332000000000001e-25
1593.754159,1.907e-24
1593.762977,4.235e-22
1593.766467,1.793e-25
1593.766864,5.454999999999999e-22
1593.767686,1.826e-25
1593.768521,7.722e-24
1593.769019,1.652e-25
1593.769131,1.355e-24
1593.776033,1.312e-24
1593.776524,1.653e-25
1593.776811,5.0109999999999996e-24
1593.777499,2.298e-23
1593.782724,2.4820000000000003e-25
1593.783775,1.56e-24
1593.787401,1.961e-24
1593.787403,4.128e-24
1593.787682,1.876e-25
1593.796975,9.204e-24
1593.800616,3.702e-25
1593.803999,6.429e-22
1593.812434,4.877999999999999e-22
1593.81521,2.317e-23
1593.816617,1.3229999999999998e-22
1593.816975,9.239e-24
1593.824232,1.558e-23
1593.82501,9.254e-25
1593.830642,1.5149999999999998e-23
1593.830897,1.0210000000000001e-21
1593.833632,1.22e-22
1593.835611,4.77e-22
1593.836525,1.196e-23
1593.840866,6.388e-23
1593.841407,3.261e-24
1593.842234,2.252e-23
1593.845273,1.4270000000000002e-20
1593.848504,6.746999999999999e-23
1593.848558,6.513e-25
1593.85147,3.92e-24
1593.851479,3.766e-24
1593.852677,2.674e-20
1593.854972,1.153e-21
1593.855171,4.618e-22
1593.855932,2.196e-24
1593.858363,8.076e-24
1593.858613,5.658e-22
1593.860456,1.452e-25
1593.860622,2.033e-25
1593.861081,6.292e-23
1593.86112,2.8410000000000003e-20
1593.861285,3.805e-24
1593.863155,1.432e-25
1593.86476,3.66e-24
1593.865938,1.5410000000000002e-20
1593.868653,2.037e-25
1593.869231,5.404e-25
1593.870236,1.963e-24
1593.87242,1.6430000000000002e-26
1593.874663,5.22e-23
1593.880315,1.393e-23
1593.886095,5.594e-24
1593.892015,4.915e-23
1593.896402,3.59e-23
1593.89765,1.16e-24
1593.907024,7.492999999999999e-23
1593.910578,3.472e-24
1593.911822,2.526e-25
1593.91642,9.447e-26
1593.917174,5.752e-23
1593.918742,1.811e-23
1593.919038,3.174e-25
1593.927023,1.7749999999999998e-23
1593.928648,1.6430000000000002e-25
1593.928881,2.344e-24
1593.929623,2.023e-24
1593.932142,1.98e-24
1593.932568,7.087e-23
1593.934848,1.9469999999999998e-24
1593.93693,3.379e-24
1593.941231,4.48e-23
1593.949608,1.024e-23
1593.950921,1.994e-24
1593.956656,2.6550000000000003e-25
1593.961207,5.556999999999999e-22
1593.962885,1.459e-24
1593.963023,1.412e-24
1593.967746,1.389e-24
1593.970852,2.264e-24
1593.971131,2.607e-25
1593.972841,1.022e-23
1593.97657,3.899e-24
1593.978621,2.45e-25
1593.980238,5.286e-24
1593.981385,3.074e-25
1593.981605,5.373e-22
1593.985764,6.782e-25
1593.987158,4.614e-25
1593.992214,2.92e-25
1593.99728,1.6910000000000003e-26
1593.999811,9.9e-24
1594.001688,9.199e-26
1594.002256,1.846e-23
1594.006129,5.469e-24
1594.007001,2.372e-23
1594.008923,1.7929999999999998e-23
1594.013251,4.51e-25
1594.015853,8.705999999999999e-24
1594.020256,1.841e-24
1594.024554,1.73e-22
1594.02527,3.61e-25
1594.025431,2.53e-25
1594.02816,2.462e-25
1594.029639,1.5649999999999998e-22
1594.030757,2.335e-21
1594.03239,2.782e-21
1594.034494,2.542e-21
1594.03464,2.385e-23
1594.035331,3.006e-21
1594.035555,8.191000000000001e-25
1594.036495,2.25e-24
1594.057478,2.27e-24
1594.05786,5.236e-24
1594.059251,3.715e-25
1594.069155,6.618000000000001e-20
1594.0692,2.335e-24
1594.071178,6.914e-20
1594.07305,8.673e-24
1594.073856,2.224e-25
1594.074494,9.745e-26
1594.081413,1.6449999999999998e-23
1594.081433,3.193e-23
1594.082253,6.454999999999999e-22
1594.086569,5.114e-24
1594.088492,2.966e-23
1594.099131,1.834e-26
1594.099594,6.489e-23
1594.103415,8.566e-25
1594.103554,6.234e-22
1594.104412,5.579e-24
1594.109013,2.979e-24
1594.111913,1.7990000000000002e-26
1594.119451,2.321e-23
1594.1256,1.843e-26
1594.126823,2.304e-25
1594.128743,1.181e-23
1594.133599,2.201e-23
1594.135785,1.454e-23
1594.138808,3.83e-24
1594.139404,7.714e-24
1594.141151,6.749999999999999e-23
1594.141282,6.723e-23
1594.1421,7.591000000000001e-20
1594.143362,7.916000000000001e-20
1594.143695,3.181e-25
1594.144917,3.876e-23
1594.147462,2.255e-23
1594.148113,5.049e-26
1594.148446,2.584e-24
1594.151409,8.109e-23
1594.154783,8.693e-24
1594.155984,2.211e-23
1594.156285,2.995e-25
1594.156557,2.108e-23
1594.156772,3.1269999999999998e-24
1594.157446,4.969e-24
1594.158556,7.514e-23
1594.160529,8.902999999999999e-23
1594.162871,8.189999999999999e-23
1594.163436,6.524e-24
1594.163937,5.204e-23
1594.169492,2.538e-25
1594.169515,2.49e-24
1594.172174,2.435e-24
1594.174423,4.89e-24
1594.175007,2.18e-23
1594.17879,3.1380000000000003e-25
1594.180579,2.476e-25
1594.181945,2.115e-23
1594.190229,6.244000000000001e-25
1594.196205,1.7e-24
1594.198749,7.477999999999999e-22
1594.199648,4.74e-24
1594.201661,2.211e-26
1594.209593,7.127e-24
1594.214406,1.957e-25
1594.214446,6.766e-23
1594.217185,1.93e-25
1594.221025,7.211999999999999e-22
1594.223879,1.089e-24
1594.224878,1.747e-24
1594.228241,1.5829999999999998e-22
1594.230823,6.358e-25
1594.231448,1.657e-24
1594.234865,9.326e-23
1594.236665,8.577e-23
1594.237463,1.447e-22
1594.240107,6.183e-25
1594.249235,1.318e-23
1594.254175,3.12e-25
1594.257126,6.014000000000001e-26
1594.261217,1.839e-24
1594.266067,1.809e-24
1594.266463,8.198e-20
1594.269544,8.535e-20
1594.272722,4.3180000000000006e-26
1594.278317,1.651e-24
1594.278719,8.517e-25
1594.280114,1.892e-22
1594.283034,3.423e-21
1594.287285,2.923e-25
1594.287986,2.9780000000000003e-25
1594.288936,2.544e-25
1594.291169,3.689e-23
1594.302488,7.496000000000001e-26
1594.303213,8.325000000000001e-25
1594.303799,1.608e-24
1594.303922,3.778e-25
1594.305855,3.708e-25
1594.310691,8.641e-22
1594.314615,7.334000000000001e-26
1594.315538,2.395e-26
1594.316446,2.323e-24
1594.317665,8.185e-24
1594.32496,2.461e-24
1594.326513,2.153e-24
1594.328853,3.886e-25
1594.330887,2.0809999999999998e-24
1594.334025,8.321999999999999e-22
1594.335183,2.259e-24
1594.34249,2.566e-23
1594.342825,2.873e-23
1594.343435,2.281e-25
1594.34882,4.403e-26
1594.349557,1.393e-24
1594.349714,2.488e-23
1594.35625,2.6420000000000003e-26
1594.358785,1.089e-24
1594.359208,1.121e-23
1594.360136,3.887e-21
1594.360477,3.072e-24
1594.361457,2.96e-24
1594.37135,2.799e-23
1594.373622,4.568e-23
1594.376453,4.0680000000000005e-20
1594.380122,2.743e-23
1594.380214,2.343e-23
1594.381323,7.396e-25
1594.38149,4.291e-20
1594.383061,2.878e-24
1594.383261,1.082e-23
1594.384824,4.453e-23
1594.389551,2.4e-24
1594.397853,1.4810000000000002e-25
1594.398062,1.856e-24
1594.399674,4.368e-23
1594.402032,2.395e-22
1594.40509,2.965e-26
1594.406848,2.257e-23
1594.407235,3.0519999999999998e-24
1594.40999,2.984e-24
1594.410478,2.135e-24
1594.412541,1.695e-24
1594.413553,7.19e-25
1594.418075,9.960999999999998e-22
1594.420786,1.549e-25
1594.425924,1.232e-24
1594.432463,1.195e-24
1594.438576,2.831e-24
1594.440635,1.222e-26
1594.441127,5.499e-20
1594.442563,9.577e-22
1594.443893,5.769000000000001e-20
1594.460668,1.519e-26
1594.467684,1.109e-25
1594.47299,5.704e-24
1594.475765,4.809e-25
1594.481456,1.069e-22
1594.483986,1.789e-24
1594.484406,2.4600000000000002e-23
1594.490543,2.877e-26
1594.494052,1.009e-23
1594.49525,4.767e-24
1594.499411,9.143e-24
1594.501251,3.891e-25
1594.501918,1.002e-22
1594.504703,3.011e-23
1594.505145,3.1580000000000005e-26
1594.508785,1.566e-26
1594.51223,2.917e-23
1594.514207,1.8209999999999998e-24
1594.516136,5.586e-24
1594.520899,1.146e-21
1594.526504,8.496e-23
1594.532632,6.572e-23
1594.533062,6.940999999999999e-23
1594.545038,1.468e-25
1594.546648,1.1e-21
1594.554328,2.386e-24
1594.554537,9.556e-24
1594.558561,6.096e-23
1594.559311,2.347e-24
1594.563249,2.629e-25
1594.566109,2.591e-25
1594.572514,8.866e-24
1594.577533,2.367e-23
1594.578263,1.255e-25
1594.585557,1.3749999999999998e-22
1594.589437,3.12e-24
1594.590408,3.461e-23
1594.599441,3.39e-23
1594.600571,1.2749999999999998e-22
1594.603199,4.164e-24
1594.604115,5.9739999999999996e-24
1594.609561,6.853999999999999e-23
1594.614657,3.04e-24
1594.617398,1.2390000000000002e-25
1594.619155,1.3150000000000001e-21
1594.619688,5.945000000000001e-25
1594.620947,6.420999999999999e-23
1594.624831,1.632e-21
1594.625943,7.417e-23
1594.625944,2.5050000000000003e-25
1594.626632,5.226e-23
1594.627605,9.871e-25
1594.632648,2.292e-24
1594.632756,1.314e-23
1594.633519,2.669e-21
1594.634996,2.903e-21
1594.635104,4.023e-25
1594.63528,8.421000000000001e-20
1594.635487,1.811e-21
1594.636467,8.78e-20
1594.637063,3.729e-24
1594.63781,1.665e-25
1594.639958,3.644e-24
1594.640818,9.673e-24
1594.642491,4.937e-23
1594.643741,4.675e-24
1594.646291,1.2600000000000002e-21
1594.6483,3.78e-26
1594.649771,7.465e-23
1594.649833,9.989e-25
1594.650069,2.223e-24
1594.652787,6.716e-23
1594.658132,9.235e-23
1594.660418,3.934e-25
1594.660683,3.4570000000000003e-26
1594.66165,3.523e-23
1594.661951,8.549999999999999e-23
1594.664821,9.434e-24
1594.669499,3.409e-23
1594.673101,7.081e-23
1594.678472,2.616e-25
1594.68942,2.149e-24
1594.690414,9.143e-24
1594.691209,1.532e-26
1594.703554,1.503e-26
1594.711402,8.702e-22
1594.712835,1.506e-21
1594.725026,1.393e-24
1594.729044,8.176999999999999e-23
1594.731163,1.143e-23
1594.736127,1.656e-26
1594.741332,1.557e-24
1594.741506,1.4400000000000001e-21
1594.744145,1.001e-21
1594.747312,5.378e-24
1594.753393,1.324e-20
1594.758213,2.158e-24
1594.760816,7.346e-25
1594.761418,2.465e-24
1594.766716,2.228e-25
1594.768265,4.495e-23
1594.76833,9.309e-26
1594.771173,9.219e-24
1594.77209,1.767e-25
1594.779094,2.643e-20
1594.77934,1.44e-20
1594.785664,4.53e-26
1594.789325,2.82e-20
1594.792149,2.221e-25
1594.795017,5.158e-24
1594.797833,4.6920000000000005e-25
1594.798078,4.782e-25
1594.801929,1.722e-21
1594.80279,2.1680000000000003e-25
1594.803721,9.614e-26
1594.804277,1.001e-25
1594.80464,4.265e-23
1594.804655,2.884e-24
1594.809365,2.8649999999999998e-24
1594.810712,3.126e-23
1594.81243,2.764e-24
1594.813331,4.111e-23
1594.813945,4.175e-23
1594.817383,2.919e-23
1594.821521,3.973e-23
1594.823388,5.242e-25
1594.826004,4.156e-26
1594.827344,1.834e-25
1594.830384,1.737e-24
1594.83231,1.643e-21
1594.84138,2.193e-24
1594.842364,3.085e-24
1594.844776,1.612e-26
1594.847482,3.033e-24
1594.856502,2.115e-23
1594.86061,1.701e-24
1594.862446,4.4869999999999996e-24
1594.863563,4.54e-24
1594.865966,1.7060000000000002e-26
1594.866571,4.433e-24
1594.870089,5.6710000000000005e-25
1594.870414,6.022e-25
1594.872229,5.906e-25
1594.873773,1.016e-25
1594.87804,2.03e-23
1594.878956,5.519e-25
1594.884903,4.464e-26
1594.886425,1.967e-21
1594.886578,4.354e-24
1594.891373,4.263e-25
1594.899374,9.072e-25
1594.903796,4.182e-25
1594.90664,3.517e-25
1594.906682,6.407e-26
1594.909586,3.4650000000000003e-25
1594.911198,3.243e-25
1594.916495,2.291e-23
1594.917178,5.438000000000001e-26
1594.918368,6.272e-26
1594.918722,1.872e-21
1594.919739,2.041e-25
1594.933314,4.444e-23
1594.939313,1.791e-23
1594.941302,1.289e-25
1594.941642,8.285e-23
1594.945631,1.476e-24
1594.946502,2.227e-21
1594.947758,7.717999999999999e-23
1594.947775,1.044e-25
1594.948741,7.428e-25
1594.951152,2.443e-21
1594.95538,5.499e-25
1594.959747,4.782e-23
1594.961374,5.839e-24
1594.964045,5.687e-25
1594.96517,1.169e-23
1594.966304,2.2440000000000002e-21
1594.96651,9.223e-24
1594.96749,5.846e-24
1594.968301,4.617e-23
1594.970203,1.439e-24
1594.972107,3.645e-24
1594.972307,7.265000000000001e-25
1594.974806,3.5119999999999996e-24
1594.980145,1.979e-24
1594.984526,1.914e-24
1594.986372,1.655e-22
1594.986552,4.999e-26
1594.988121,2.591e-23
1594.991384,1.312e-25
1594.994796,1.5239999999999998e-22
1594.994867,2.231e-23
1594.995049,9.938e-24
1595.000769,2.129e-21
1595.004183,1.2299999999999998e-23
1595.007075,1.116e-23
1595.007372,5.65e-24
1595.01382,5.322e-23
1595.014049,5.236e-23
1595.016768,3.3899999999999996e-24
1595.018236,1.021e-23
1595.023638,5.123e-23
1595.027067,6.938000000000001e-20
1595.029021,1.634e-23
1595.029175,7.263000000000002e-20
1595.035628,1.12e-24
1595.03642,2.808e-21
1595.038291,3.053e-21
1595.039517,3.4450000000000003e-25
1595.041544,2.558e-21
1595.042772,6.542000000000001e-26
1595.051471,7.237000000000001e-25
1595.051536,5.592e-25
1595.057782,1.812e-22
1595.06009,1.655e-22
1595.06137,4.235e-23
1595.061952,7.448e-23
1595.064077,1.052e-23
1595.067139,8.673e-24
1595.074953,3.544e-25
1595.078485,2.419e-21
1595.078703,1.115e-24
1595.082029,6.766e-25
1595.083114,5.508e-24
1595.08487,1.082e-24
1595.086017,2.25e-24
1595.086267,5.375e-24
1595.086704,2.211e-23
1595.086898,1.016e-23
1595.088869,3.4540000000000003e-25
1595.090522,1.48e-24
1595.097292,4.421e-23
1595.100898,5.549e-23
1595.105371,4.6779999999999996e-24
1595.10675,3.664e-25
1595.108375,2.034e-25
1595.109842,5.348999999999999e-23
1595.11181,2.133e-23
1595.112112,2.915e-21
1595.112588,6.583000000000001e-25
1595.113996,5.874e-23
1595.121563,4.236e-23
1595.125327,3.972e-24
1595.12906,1.069e-24
1595.130586,3.905e-24
1595.134184,5.633000000000001e-25
1595.142384,6.017e-26
1595.147716,2.195e-24
1595.14916,1.173e-24
1595.150198,1.903e-22
1595.151915,2.747e-21
1595.151971,1.737e-22
1595.154968,1.844e-21
1595.162364,7.888000000000001e-26
1595.166419,4.8840000000000006e-26
1595.168935,7.553000000000001e-25
1595.169125,1.34e-26
1595.169897,1.383e-24
1595.17683,2.618e-24
1595.177275,9.353e-24
1595.177966,3.322e-21
1595.180246,3.306e-24
1595.183735,3.189e-24
1595.189133,7.892e-23
1595.203901,7.866e-23
1595.209141,2.708e-26
1595.209752,8.042000000000001e-20
1595.211845,8.401e-20
1595.217554,1.017e-25
1595.218638,6.405e-23
1595.221124,3.119e-21
1595.225356,1.291e-25
1595.22561,2.452e-23
1595.227361,6.293e-24
1595.228523,6.264e-23
1595.230709,8.918e-20
1595.233397,9.3e-20
1595.234096,2.044e-24
1595.234982,1.08e-22
1595.236207,3.299e-24
1595.236278,3.424e-24
1595.236785,6.42e-23
1595.239044,3.790000000000001e-21
1595.24466,4.98e-26
1595.244875,4.6870000000000005e-25
1595.246147,6.180999999999999e-23
1595.247263,1.573e-26
1595.247916,4.617e-25
1595.250686,2.473e-23
1595.253008,1.029e-23
1595.253495,1.017e-22
1595.255843,8.693e-24
1595.262291,2.148e-21
1595.263455,2.7899999999999998e-24
1595.272735,3.4590000000000003e-25
1595.275858,9.54e-26
1595.277967,3.491e-25
1595.278057,1.274e-26
1595.278448,1.6450000000000002e-25
1595.284281,1.515e-24
1595.286204,3.541e-21
1595.287622,2.719e-24
1595.289983,1.251e-26
1595.292982,1.335e-25
1595.293562,7.252000000000001e-26
1595.29367,1.62e-26
1595.295256,4.33e-21
1595.296021,7.563000000000001e-25
1595.296182,7.414e-25
1595.298574,6.659e-24
1595.301857,6.4939999999999996e-24
1595.302551,3.416e-25
1595.302561,1.709e-24
1595.302947,5.601000000000001e-25
1595.30467,4.1280000000000006e-26
1595.307561,9.777e-24
1595.308532,1.302e-25
1595.310984,1.674e-24
1595.312471,4.127e-20
1595.314368,4.646e-24
1595.318256,4.366e-20
1595.324741,8.437e-24
1595.336429,2.382e-23
1595.341126,1.162e-22
1595.341848,4.916e-23
1595.342174,1.718e-24
1595.344323,2.69e-23
1595.346463,4.962e-21
1595.34675,1.549e-25
1595.347296,4.025e-21
1595.348223,1.411e-22
1595.35156,8.655e-24
1595.354124,7.122999999999999e-23
1595.361643,1.3159999999999998e-22
1595.366212,2.094e-24
1595.366428,6.898e-23
1595.367407,7.411e-23
1595.371572,8.607e-24
1595.373285,5.187e-23
1595.375886,8.396e-24
1595.376802,6.486999999999999e-23
1595.377221,7.122999999999999e-23
1595.38314,1.158e-25
1595.386873,7.373e-23
1595.387878,4.914e-23
1595.390138,5.679e-20
1595.392439,5.708e-21
1595.393241,5.973e-20
1595.40058,4.021e-24
1595.40321,2.026e-24
1595.403225,5.097e-24
1595.404629,4.582e-21
1595.408629,5.009e-24
1595.408692,6.995e-23
1595.409219,1.934e-25
1595.409548,9.454e-25
1595.411307,9.264e-25
1595.414299,1.4599999999999999e-24
1595.417163,4.146e-24
1595.418411,7.807e-23
1595.41944,1.889e-25
1595.422008,1.406e-23
1595.428606,7.630999999999999e-23
1595.434085,2.112e-24
1595.44016,8.752e-26
1595.458609,5.229e-21
1595.459646,2.614e-24
1595.463815,6.898e-23
1595.465328,3.639e-24
1595.468745,3.1210000000000003e-25
1595.475369,3.635e-25
1595.483157,5.242e-24
1595.484071,1.411e-25
1595.486045,1.475e-23
1595.488719,1.08e-25
1595.489267,7.509999999999999e-23
1595.492766,8.532999999999999e-23
1595.499486,3.207e-25
1595.503068,8.188999999999999e-23
1595.50375,5.033e-25
1595.504834,5.2629999999999996e-24
1595.505424,5.452e-26
1595.507703,8.022e-24
1595.508014,6.934e-23
1595.508777,1.239e-23
1595.511138,7.819999999999999e-24
1595.512222,4.901e-25
1595.514751,1.484e-21
1595.51669,5.339e-26
1595.51827,1.1189999999999998e-22
1595.519285,1.357e-23
1595.527352,5.036e-24
1595.528514,1.668e-21
1595.533843,2.52e-25
1595.534889,3.037e-23
1595.541287,2.85e-23
1595.542224,3.237e-25
1595.543357,5.157e-24
1595.545286,4.094e-24
1595.546852,1.899e-22
1595.548513,2.017e-25
1595.551388,1.7469999999999998e-22
1595.557761,1.4040000000000002e-26
1595.565039,2.612e-24
1595.565322,6.29e-25
1595.568417,3.976e-24
1595.570479,8.936e-24
1595.57266,3.427e-24
1595.574097,2.019e-23
1595.577726,6.222e-25
1595.578487,1.7270000000000002e-25
1595.580285,5.98e-25
1595.582264,1.058e-25
1595.583391,6.951999999999999e-22
1595.594377,1.941e-23
1595.598621,1.654e-26
1595.605058,9.981e-26
1595.605928,8.944000000000001e-26
1595.607814,1.313e-24
1595.609839,8.3e-25
1595.612859,9.804e-23
1595.61337,9.483e-23
1595.614345,6.447e-25
1595.615169,3.9340000000000005e-26
1595.615364,3.376e-23
1595.623691,9.391e-23
1595.62389,9.264e-23
1595.627803,1.126e-25
1595.6299,8.216999999999999e-22
1595.631541,1.28e-24
1595.633676,8.991000000000001e-25
1595.634572,1.449e-24
1595.637038,6.3090000000000005e-25
1595.644914,2.356e-24
1595.652201,8.182000000000001e-25
1595.653452,1.039e-23
1595.65548,1.191e-20
1595.656296,2.293e-25
1595.658661,1.8e-25
1595.660332,1.487e-24
1595.666185,2.125e-25
1595.672555,1.054e-25
1595.672715,1.808e-24
1595.674475,8.39e-23
1595.676061,6.5139999999999996e-24
1595.676484,1.751e-24
1595.680478,7.852e-23
1595.681616,6.3999999999999995e-24
1595.682047,1.055e-23
1595.688487,1.3080000000000002e-20
1595.696134,3.233e-24
1595.700162,2.58e-20
1595.711449,2.3190000000000003e-25
1595.712245,9.632e-24
1595.712647,2.766e-20
1595.712663,9.331e-23
1595.714689,8.687e-23
1595.715666,4.884e-23
1595.715826,9.382e-24
1595.719975,1.282e-25
1595.724303,1.004e-24
1595.727686,1.124e-22
1595.728877,1.954e-24
1595.730161,9.748e-25
1595.730692,2.395e-24
1595.733842,1.7060000000000002e-26
1595.734572,2.075e-23
1595.739096,1.075e-22
1595.744576,6.736e-25
1595.744917,4.45e-25
1595.74692,2.631e-25
1595.7481,4.867e-25
1595.748576,1.903e-24
1595.752612,2.63e-24
1595.753061,2.541e-24
1595.755156,6.603000000000001e-25
1595.759362,9.771e-23
1595.761282,9.094e-23
1595.763696,9.811e-24
1595.772585,9.421e-25
1595.775377,1.7089999999999998e-22
1595.778001,6.154e-25
1595.780149,1.178e-24
1595.780674,1.154e-24
1595.782252,2.413e-25
1595.782508,1.5829999999999998e-22
1595.783428,8.838e-25
1595.785405,9.485e-24
1595.787835,2.075e-23
1595.794867,9.538e-25
1595.797478,2.178e-23
1595.801082,4.762e-23
1595.803518,1.148e-22
1595.806496,1.137e-23
1595.807027,5.9920000000000005e-25
1595.808023,1.905e-23
1595.811563,2.004e-23
1595.814378,1.121e-22
1595.815451,4.249e-23
1595.815564,2.5770000000000002e-21
1595.815907,1.5119999999999998e-23
1595.818783,2.824e-21
1595.820381,3.2830000000000003e-25
1595.825577,1.597e-23
1595.828265,4.006e-24
1595.829219,4.661e-23
1595.831275,1.2299999999999998e-23
1595.833971,2.091e-21
1595.837244,1.287e-22
1595.838147,4.078e-23
1595.839389,2.316e-21
1595.843571,2.003e-23
1595.844129,2.044e-24
1595.849289,1.2269999999999998e-22
1595.85341,1.556e-25
1595.859661,1.055e-26
1595.866569,1.81e-25
1595.868822,1.294e-25
1595.870062,2.122e-23
1595.871185,1.036e-26
1595.886182,4.13e-25
1595.886921,4.059e-23
1595.891441,1.138e-23
1595.892699,1.449e-26
1595.893772,3.298e-23
1595.903157,1.995e-24
1595.905392,8.228000000000001e-25
1595.90857,8.101e-25
1595.91085,1.153e-23
1595.914596,1.122e-23
1595.915731,3.015e-25
1595.922629,1.4619999999999999e-24
1595.924153,4.975000000000001e-25
1595.924385,1.431e-24
1595.927161,1.3399999999999999e-25
1595.932627,2.481e-24
1595.939631,2.951e-25
1595.941532,1.47e-22
1595.943157,1.7e-23
1595.943825,5.251e-25
1595.943842,8.295e-24
1595.943848,8.125e-24
1595.943939,2.227e-24
1595.947258,1.294e-24
1595.949553,8.147e-24
1595.954275,1.399e-22
1595.955812,2.4199999999999998e-24
1595.95602,3.228e-23
1595.960094,8.827000000000001e-26
1595.962582,4.968e-24
1595.981212,4.667e-24
1595.982711,1.895e-25
1595.982923,1.081e-22
1595.985201,7.228000000000001e-20
1595.987501,7.583e-20
1595.988858,1.384e-22
1595.992311,4.499e-23
1595.992667,6.756e-25
1595.998638,1.263e-25
1595.999799,1.0209999999999998e-22
1596.000075,1.351e-22
1596.000294,1.246e-25
1596.002359,9.612e-24
1596.004982,2.453e-26
1596.006304,1.038e-23
1596.008498,8.201e-24
1596.012402,2.454e-23
1596.017418,2.79e-25
1596.018859,4.935e-24
1596.020693,1.677e-25
1596.024426,8.537999999999999e-23
1596.030514,1.638e-25
1596.03185,8.82e-25
1596.03217,1.61e-26
1596.033043,7.896e-24
1596.038435,3.072e-25
1596.039883,9.096e-26
1596.040545,1.677e-22
1596.054064,1.592e-22
1596.055876,9.878e-24
1596.0562,7.665999999999999e-24
1596.058859,5.491000000000001e-26
1596.060062,3.232e-24
1596.060213,1.172e-24
1596.061927,6.612e-23
1596.064664,1.154e-25
1596.073475,1.094e-26
1596.073608,7.966e-24
1596.076134,1.5929999999999999e-24
1596.076999,1.656e-26
1596.077264,2.227e-24
1596.077323,1.959e-24
1596.085615,8.418e-20
1596.087037,8.811e-20
1596.088581,8.939e-23
1596.091753,2.367e-23
1596.098701,4.6170000000000005e-26
1596.100591,6.164e-24
1596.104555,1.375e-23
1596.106133,1.4339999999999998e-22
1596.108046,2.315e-25
1596.108465,1.337e-23
1596.109565,4.5230000000000006e-26
1596.112198,1.898e-24
1596.114591,5.106e-23
1596.116439,6.881e-23
1596.118225,1.343e-22
1596.118349,7.223e-23
1596.121509,2.577e-24
1596.124604,8.962999999999999e-23
1596.125996,6.494e-23
1596.1281,4.851e-23
1596.13114,4.4909999999999996e-24
1596.131666,4.445e-25
1596.131702,4.6899999999999996e-24
1596.134278,1.912e-22
1596.136993,2.431e-24
1596.138295,6.885e-23
1596.139341,5.601000000000001e-26
1596.139565,1.118e-23
1596.139767,4.332000000000001e-25
1596.139861,2.351e-24
1596.148664,1.809e-22
1596.149161,2.517e-24
1596.150613,1.411e-22
1596.151439,2.722e-24
1596.155541,1.326e-24
1596.159329,9.525e-23
1596.16289,8.909e-23
1596.166936,6.474e-25
1596.169393,1.6639999999999998e-22
1596.171009,9.174000000000001e-20
1596.172761,7.174999999999999e-23
1596.174045,9.585e-20
1596.176132,1.155e-25
1596.180984,1.6229999999999997e-22
1596.185898,2.036e-25
1596.192229,1.168e-25
1596.194466,6.9460000000000005e-25
1596.19527,6.195e-25
1596.204607,1.475e-23
1596.206572,1.052e-23
1596.212445,1.033e-23
1596.213697,5.067e-24
1596.222724,2.178e-22
1596.222931,3.716e-24
1596.227726,1.084e-24
1596.229256,4.08e-24
1596.229306,1.015e-25
1596.229622,2.839e-25
1596.231006,1.067e-24
1596.238086,2.054e-22
1596.243384,4.148e-20
1596.244307,7.642e-24
1596.245145,3.612e-24
1596.249051,1.808e-24
1596.249907,1.769e-24
1596.250104,4.4050000000000006e-20
1596.251067,1.4060000000000002e-25
1596.253934,2.931e-23
1596.254808,4.875e-24
1596.260148,2.762e-23
1596.264645,1.219e-26
1596.264853,1.161e-24
1596.26734,3.1269999999999998e-24
1596.270273,3.02e-24
1596.273736,6.954e-23
1596.275525,5.569e-25
1596.281902,1.316e-23
1596.286383,1.915e-23
1596.287795,1.133e-24
1596.292567,1.634e-23
1596.296657,1.588e-23
1596.297394,5.451e-25
1596.302014,5.365e-23
1596.305547,1.843e-23
1596.305875,2.48e-22
1596.307287,1.644e-24
1596.30753,1.358e-22
1596.311159,1.202e-25
1596.311189,1.5939999999999999e-24
1596.322346,2.33e-22
1596.332367,1.218e-24
1596.333953,5.822e-20
1596.336259,2.301e-25
1596.337466,6.14e-20
1596.339044,3.454e-26
1596.345124,1.994e-22
1596.347689,3.495e-25
1596.356246,2.388e-23
1596.35711,1.943e-22
1596.36665,8.99e-25
1596.370097,1.98e-23
1596.370769,1.71e-25
1596.371958,2.269e-25
1596.372169,8.739e-25
1596.372428,1.686e-25
1596.383719,2.825e-22
1596.383957,2.513e-23
1596.384192,1.272e-25
1596.396505,9.448e-24
1596.398341,1.3100000000000003e-21
1596.401461,2.643e-22
1596.403082,1.028e-25
1596.410749,2.227e-24
1596.412404,1.797e-23
1596.412549,2.178e-24
1596.416302,3.268e-25
1596.416679,1.497e-21
1596.422831,1.909e-23
1596.431077,8.438e-26
1596.43265,2.1780000000000003e-25
1596.438237,4.702e-24
1596.441392,8.566e-23
1596.443312,4.932e-22
1596.443666,7.785e-24
1596.451671,1.595e-25
1596.453871,7.870999999999999e-23
1596.455986,2.4160000000000002e-21
1596.456238,3.221e-22
1596.457459,2.405e-23
1596.457816,2.6720000000000002e-21
1596.458062,9.095e-24
1596.459886,1.636e-26
1596.462561,4.325000000000001e-25
1596.464256,1.3299999999999998e-23
1596.466403,8.415e-23
1596.467749,1.276e-23
1596.468154,1.084e-25
1596.469241,5.566e-25
1596.470296,1.305e-23
1596.471461,7.908e-23
1596.473664,2.813e-24
1596.475458,2.999e-22
1596.475486,1.936e-23
1596.477181,2.72e-24
1596.478761,8.803e-24
1596.47877,1.168e-24
1596.47976,1.88e-23
1596.483609,1.935e-23
1596.486349,7.509e-24
1596.490523,4.622e-24
1596.491591,4.293e-25
1596.492364,5.2100000000000006e-23
1596.496854,5.423e-25
1596.498649,2.4199999999999998e-24
1596.506086,1.871e-23
1596.51239,1.7469999999999998e-22
1596.513728,6.073e-22
1596.516054,2.38e-22
1596.519261,1.6269999999999998e-22
1596.522574,2.312e-23
1596.522682,1.048e-24
1596.523409,3.679e-22
1596.528106,4.056e-23
1596.528456,2.318e-22
1596.530352,2.555e-24
1596.531639,1.026e-24
1596.531924,2.267e-25
1596.533087,4.8199999999999996e-24
1596.533679,1.59e-25
1596.544371,3.406e-22
1596.54486,1.422e-24
1596.548239,1.3999999999999999e-24
1596.548382,2.591e-25
1596.549401,3.898e-23
1596.550988,1.028e-20
1596.554386,2.122e-26
1596.561139,1.16e-23
1596.567469,4.725e-24
1596.571637,2.537e-25
1596.572111,2.9640000000000003e-25
1596.573195,9.837e-23
1596.574629,5.382e-25
1596.575436,5.832e-25
1596.580212,9.36e-20
1596.58136,9.797e-20
1596.584282,2.135e-23
1596.5852,4.213e-22
1596.592101,1.211e-23
1596.593702,1.142e-20
1596.593947,2.797e-24
1596.594112,4.98e-23
1596.594408,2.925e-24
1596.59695,2.196e-24
1596.5993,1.845e-24
1596.600943,1.69e-26
1596.601702,1.256e-24
1596.604043,6.570999999999999e-23
1596.605242,3.044e-25
1596.608249,3.875e-22
1596.611335,1.546e-26
1596.615616,5.581e-25
1596.615783,2.481e-20
1596.618206,1.607e-25
1596.618478,1.94e-22
1596.618882,2.598e-24
1596.619218,2.143e-24
1596.620263,1.796e-22
1596.621934,2.969e-23
1596.623409,2.078e-23
1596.626563,1.446e-25
1596.627371,1.485e-24
1596.631149,2.6750000000000003e-20
1596.633164,1.0790000000000002e-25
1596.636004,1.414e-25
1596.641562,4.844e-22
1596.644078,2.368e-24
1596.652859,2.287e-23
1596.655855,1.803e-24
1596.657183,1.845e-23
1596.657332,2.219e-23
1596.665032,2.742e-23
1596.667171,4.42e-22
1596.677507,2.051e-23
1596.677713,1.986e-25
1596.678266,2.034e-22
1596.680159,1.883e-22
1596.682185,2.833e-22
1596.684396,6.741e-25
1596.686501,3.892e-26
1596.68787,1.458e-23
1596.692421,5.601e-22
1596.695027,2.756e-22
1596.696325,7.789e-26
1596.69698,3.815e-26
1596.700715,5.814e-25
1596.701543,2.7329999999999998e-24
1596.702706,2.6719999999999998e-24
1596.709255,7.164e-24
1596.716899,1.675e-23
1596.721256,5.062e-22
1596.723112,1.643e-23
1596.725273,1.073e-22
1596.728365,2.305e-25
1596.730133,2.272e-25
1596.731329,6.961e-24
1596.732847,1.928e-21
1596.73305,2.37e-23
1596.737174,2.55e-26
1596.737655,6.528999999999999e-22
1596.739713,2.367e-26
1596.739751,2.161e-21
1596.740757,1.017e-22
1596.740819,6.463e-25
1596.744091,1.399e-23
1596.744861,2.0000000000000002e-23
1596.753999,3.907e-25
1596.75402,1.035e-23
1596.755389,2.39e-25
1596.757396,7.679e-24
1596.761259,2.949e-23
1596.761746,3.81e-25
1596.763075,6.209999999999999e-23
1596.769627,2.409e-23
1596.770721,5.830999999999999e-22
1596.7751,7.033e-24
1596.777053,7.693999999999999e-22
1596.783408,1.822e-24
1596.785972,1.187e-26
1596.792513,8.502e-25
1596.79316,2.207e-26
1596.796584,2.726e-25
1596.799356,9.871e-24
1596.799779,5.049e-25
1596.799845,1.314e-23
1596.801404,1.106e-24
1596.810194,9.211e-22
1596.81504,1.347e-23
1596.815204,1.352e-25
1596.815984,6.766999999999999e-22
1596.816192,1.6280000000000002e-26
1596.816229,2.4780000000000003e-25
1596.816357,1.767e-24
1596.816956,1.021e-25
1596.819075,7.465e-24
1596.825021,2.693e-23
1596.829701,2.61e-23
1596.829812,2.546e-21
1596.830968,5.378e-25
1596.831598,2.815e-21
1596.836297,2.7919999999999998e-24
1596.843396,2.325e-23
1596.84352,3.36e-22
1596.844215,7.023e-23
1596.84683,1.221e-25
1596.850625,4.989e-23
1596.856699,1.86e-24
1596.856826,3.267e-22
1596.857192,1.443e-22
1596.858041,7.93e-22
1596.859576,1.6720000000000002e-26
1596.860179,1.83e-24
1596.862729,6.709e-23
1596.863198,4.752e-23
1596.863281,6.81e-23
1596.865876,1.43e-24
1596.868208,1.3569999999999998e-22
1596.872103,6.446999999999999e-23
1596.874816,3.342e-24
1596.876701,3.266e-24
1596.881847,2.632e-25
1596.895245,1.4659999999999999e-24
1596.895378,3.354e-24
1596.896529,6.41e-24
1596.899846,1.081e-24
1596.900677,2.8260000000000005e-26
1596.906289,1.367e-23
1596.907067,8.899e-25
1596.909439,2.699e-25
1596.915009,3.0650000000000005e-26
1596.916737,1.022e-24
1596.916744,3.263e-24
1596.922317,3.3150000000000003e-25
1596.92937,9.013e-25
1596.932273,4.787e-25
1596.933597,7.478e-20
1596.936053,7.864e-20
1596.938946,9.984e-25
1596.938956,4.861e-24
1596.945603,4.309e-24
1596.949157,3.089e-25
1596.950008,6.136e-26
1596.952218,5.886e-24
1596.952507,1.02e-23
1596.953363,4.6880000000000005e-25
1596.954646,1.6239999999999998e-23
1596.955513,1.603e-22
1596.9592,4.565e-25
1596.964506,2.101e-23
1596.965504,1.055e-26
1596.967813,2.81e-23
1596.970898,2.06e-23
1596.97391,2.658e-23
1596.977337,4.683e-24
1596.977816,9.761e-23
1596.977841,1.269e-25
1596.980782,1.523e-23
1596.98124,1.999e-25
1596.989044,7.116999999999999e-23
1596.991723,3.161e-23
1596.993021,1.69e-25
1596.993361,1.804e-23
1596.996624,3.061e-23
1596.998344,1.486e-24
1597.000058,3.972e-22
1597.001022,8.014e-25
1597.001554,1.442e-24
1597.006276,7.796e-25
1597.007566,1.387e-24
1597.0084,7.419e-23
1597.011615,1.738e-23
1597.013858,3.859e-22
1597.017113,9.372e-26
1597.026521,1.131e-24
1597.030418,3.373e-24
1597.032835,6.262e-26
1597.038037,1.5959999999999999e-24
1597.039444,3.9749999999999996e-24
1597.040571,1.2009999999999999e-24
1597.045293,1.995e-22
1597.048239,8.043e-26
1597.049522,1.857e-22
1597.050205,1.373e-23
1597.053065,5.686e-25
1597.056059,3.376e-26
1597.056641,3.024e-26
1597.059261,1.555e-24
1597.063449,1.231e-24
1597.070609,4.883e-25
1597.076413,3.847e-25
1597.078404,9.696e-26
1597.082381,6.902999999999999e-23
1597.08767,3.6850000000000005e-26
1597.08822,3.096e-25
1597.089809,9.417e-25
1597.09001,3.051e-25
1597.095959,1.544e-22
1597.097379,1.044e-22
1597.117316,1.797e-24
1597.120136,3.411e-23
1597.120905,8.797e-20
1597.12091,1.0339999999999998e-22
1597.12308,9.228000000000001e-20
1597.125167,2.135e-24
1597.125201,2.205e-24
1597.134338,9.884e-20
1597.136643,4.073e-24
1597.13689,1.035e-19
1597.137731,2.655e-23
1597.138096,3.977e-24
1597.140958,1.224e-25
1597.147169,8.383e-24
1597.151803,4.681999999999999e-22
1597.153143,3.699e-23
1597.155751,5.0070000000000005e-25
1597.158278,3.578e-23
1597.163332,2.422e-24
1597.166126,4.544e-22
1597.166667,2.109e-25
1597.166914,2.382e-24
1597.166949,8.122e-24
1597.166995,1.4050000000000002e-25
1597.169148,4.128e-20
1597.174025,1.794e-23
1597.175323,8.379999999999999e-23
1597.175902,2.216e-25
1597.177046,4.401e-20
1597.180348,3.25e-23
1597.180555,7.904e-23
1597.182057,4.882e-25
1597.195363,1.7359999999999998e-23
1597.197903,4.79e-25
1597.198551,2.1710000000000003e-25
1597.20123,1.054e-25
1597.205696,4.037e-26
1597.20708,2.626e-23
1597.21366,2.574e-23
1597.222382,2.696e-23
1597.226816,1.2420000000000002e-25
1597.231469,2.35e-24
1597.232012,1.604e-24
1597.235261,3.846e-23
1597.235895,1.215e-25
1597.239568,1.569e-24
1597.241871,9.429e-23
1597.243344,1.802e-25
1597.243708,8.858e-23
1597.245181,7.852e-26
1597.255303,3.702e-23
1597.255362,4.433e-26
1597.256418,1.933e-24
1597.259189,9.878e-23
1597.260981,5.241e-25
1597.261243,9.277e-23
1597.263671,5.432999999999999e-23
1597.264057,1.109e-25
1597.265907,3.064e-25
1597.267863,5.746e-23
1597.268811,3.267e-26
1597.272492,5.922e-20
1597.275009,1.1100000000000001e-21
1597.276506,6.265000000000001e-20
1597.277826,1.8879999999999998e-24
1597.278922,3.2030000000000003e-26
1597.28048,2.607e-22
1597.283645,3.805e-25
1597.285866,1.875e-25
1597.292915,1.5929999999999998e-23
1597.295888,2.215e-25
1597.296119,3.766e-24
1597.29831,3.854e-25
1597.298755,5.500999999999999e-22
1597.300454,1.298e-21
1597.302496,1.7679999999999998e-22
1597.303198,1.565e-24
1597.303894,2.505e-23
1597.30619,3.499e-25
1597.308212,1.6539999999999998e-22
1597.309149,4.316e-23
1597.313517,5.963000000000001e-25
1597.313635,5.333999999999999e-22
1597.314534,4.17e-23
1597.315567,4.945e-24
1597.317575,4.826e-24
1597.319901,1.602e-26
1597.320846,3.671e-24
1597.324885,1.63e-26
1597.334756,2.47e-24
1597.336203,2.628e-25
1597.349642,4.833e-26
1597.351533,1.657e-24
1597.353616,3.101e-24
1597.355645,5.201e-23
1597.356778,2.326e-23
1597.363504,1.423e-25
1597.370528,3.418e-25
1597.377942,3.335e-25
1597.380176,6.466e-24
1597.389052,9.753e-23
1597.395524,2.1810000000000003e-25
1597.396391,8.918e-23
1597.398071,3.528e-25
1597.398878,8.058999999999999e-23
1597.399173,3.448e-22
1597.401244,6.286e-24
1597.403041,7.371e-25
1597.405789,1.619e-24
1597.41452,2.75e-24
1597.417987,5.335000000000001e-26
1597.418774,1.677e-24
1597.421946,1.637e-24
1597.423125,7.425e-25
1597.426161,6.861e-26
1597.43615,4.142e-25
1597.43804,4.081e-25
1597.438967,8.309e-21
1597.439257,2.0199999999999998e-24
1597.440915,6.443e-22
1597.441965,1.958e-24
1597.444627,3.27e-23
1597.451401,3.205e-23
1597.456389,6.240999999999999e-22
1597.459831,5.023e-23
1597.462105,1.056e-22
1597.464701,3.142e-24
1597.465483,4.846e-23
1597.466274,1.547e-25
1597.46731,1.6570000000000002e-26
1597.468389,3.09e-24
1597.476391,1.004e-22
1597.476843,3.377e-23
1597.484473,1.684e-24
1597.487787,5.797000000000001e-26
1597.489517,4.103e-24
1597.493015,2.005e-23
1597.493724,1.2710000000000002e-26
1597.495521,9.37e-21
1597.496214,1.022e-23
1597.5017,3.269e-25
1597.502549,7.141e-24
1597.503537,1.393e-23
1597.505957,2.797e-24
1597.507621,3.924e-25
1597.51386,2.828e-24
1597.515669,1.634e-24
1597.522413,2.3400000000000003e-23
1597.525232,1.279e-25
1597.525811,2.3440000000000003e-20
1597.526579,9.25e-25
1597.527285,2.967e-23
1597.533248,2.628e-24
1597.534282,7.627e-23
1597.536408,2.544e-24
1597.537909,9.768e-24
1597.538946,1.622e-23
1597.542434,4.156e-25
1597.544921,2.545e-20
1597.550123,2.415e-25
1597.553546,5.983e-24
1597.55528,5.835e-24
1597.556493,1.915e-23
1597.556504,8.106e-25
1597.557762,4.383e-24
1597.56042,9.537e-24
1597.561109,6.948e-24
1597.562614,3.012e-24
1597.563451,8.957000000000001e-25
1597.564482,6.779999999999999e-23
1597.575672,6.427000000000001e-26
1597.577448,1.5119999999999998e-23
1597.577852,2.258e-21
1597.578284,7.524999999999999e-22
1597.581298,4.84e-23
1597.581611,2.527e-21
1597.581747,6.489999999999999e-23
1597.582232,1.526e-25
1597.583197,2.9319999999999998e-24
1597.584583,4.095e-25
1597.584976,8.751e-25
1597.588422,4.299e-24
1597.591269,2.262e-23
1597.593055,4.62e-23
1597.594394,7.280999999999999e-22
1597.598548,1.6280000000000002e-26
1597.602024,6.688e-23
1597.604412,1.439e-22
1597.604936,4.012e-25
1597.605122,5.828e-23
1597.610267,6.35e-23
1597.611059,5.616e-23
1597.611458,1.338e-24
1597.613295,1.737e-21
1597.614483,1.358e-22
1597.61494,1.2999999999999998e-24
1597.616966,1.1369999999999998e-22
1597.619101,1.868e-23
1597.620127,6.966e-26
1597.622023,1.978e-21
1597.623702,1.153e-24
1597.633174,7.109e-25
1597.637859,2.002e-23
1597.638112,6.92e-25
1597.638642,9.501e-23
1597.640587,1.671e-26
1597.64204,8.956e-23
1597.649189,5.354e-24
1597.652608,9.181e-25
1597.652613,1.328e-25
1597.658952,4.63e-24
1597.663233,4.06e-25
1597.670741,1.6029999999999998e-23
1597.671162,1.587e-25
1597.676492,2.676e-23
1597.67715,4.057e-23
1597.682523,2.54e-23
1597.684126,3.974e-23
1597.69294,1.523e-23
1597.693545,7.544000000000001e-26
1597.694903,4.466e-24
1597.695027,1.69e-23
1597.699727,3.811e-25
1597.703763,4.452e-26
1597.710861,8.764e-22
1597.712235,1.631e-23
1597.713434,7.675000000000001e-26
1597.714287,1.441e-24
1597.726098,4.526e-26
1597.727653,8.47e-22
1597.728394,7.752000000000001e-26
1597.733596,7.213e-24
1597.73576,7.03e-24
1597.741431,2.3449999999999998e-24
1597.741433,1.258e-25
1597.744988,2.2719999999999998e-24
1597.745064,6.745e-23
1597.746569,8.391000000000001e-26
1597.750701,1.552e-23
1597.751307,6.491e-23
1597.756196,1.744e-22
1597.757786,4.106e-24
1597.758759,1.281e-25
1597.760863,4.061e-24
1597.76466,3.992e-24
1597.76805,2.639e-26
1597.773274,1.186e-25
1597.776315,1.206e-25
1597.776638,2.586e-26
1597.784136,5.52e-25
1597.786062,5.437e-25
1597.798083,1.803e-24
1597.798275,1.886e-25
1597.80026,2.6220000000000004e-26
1597.80302,6.966e-23
1597.813476,1.412e-23
1597.814216,1.029e-23
1597.820353,1.849e-25
1597.820891,5.037e-25
1597.821444,1.061e-25
1597.830178,1.039e-25
1597.83101,7.684e-24
1597.83753,4.48e-25
1597.838647,1.0180000000000001e-21
1597.839899,6.816000000000001e-26
1597.842226,2.064e-25
1597.845618,2.7290000000000004e-26
1597.847697,3.839e-24
1597.849231,1.09e-22
1597.84995,7.452e-24
1597.852328,6.489e-24
1597.853546,9.889e-24
1597.855377,2.677e-26
1597.856173,9.824e-22
1597.85708,2.103e-25
1597.859081,1.653e-23
1597.862625,4.37e-25
1597.867065,1.014e-25
1597.873905,5.606000000000001e-25
1597.874793,2.263e-24
1597.876244,9.363e-26
1597.878603,2.417e-24
1597.879377,1.602e-23
1597.879622,7.786999999999999e-23
1597.880179,7.682000000000001e-20
1597.882887,8.1e-20
1597.882984,1.681e-22
1597.885033,2.363e-24
1597.886196,7.482e-23
1597.889149,5.0090000000000005e-25
1597.889611,6.761999999999999e-23
1597.897475,9.319e-25
1597.902413,5.006e-23
1597.904655,5.016e-23
1597.911027,1.694e-24
1597.911841,4.911e-23
1597.911933,7.945999999999999e-23
1597.913688,2.65e-26
1597.923151,2.328e-24
1597.924532,4.679e-23
1597.925183,6.957000000000001e-26
1597.925491,2.37e-24
1597.925667,2.447e-24
1597.929538,1.1149999999999998e-22
1597.931628,1.655e-24
1597.932807,9.145e-24
1597.93692,3.625e-23
1597.944053,2.849e-24
1597.951603,8.666e-24
1597.953614,8.441e-24
1597.95431,8.291e-23
1597.955833,3.494e-23
1597.96164,1.179e-21
1597.963576,1.2440000000000002e-25
1597.972422,8.269e-23
1597.974774,6.242000000000001e-25
1597.976697,7.824e-23
1597.978129,4.149e-25
1597.97996,1.136e-21
1597.98151,2.9760000000000003e-25
1597.98152,1.228e-25
1597.98414,4.573e-23
1597.988602,2.905e-25
1597.990225,3.332e-25
1597.993112,4.004e-23
1597.994878,1.072e-25
1598.002519,3.354e-25
1598.002767,3.397e-25
1598.005419,3.604e-24
1598.005894,9.096e-20
1598.007524,9.565e-20
1598.008814,8.968e-23
1598.010552,4.09e-25
1598.013493,1.1739999999999998e-22
1598.014799,1.7749999999999997e-22
1598.014873,1.177e-22
1598.015745,8.601999999999999e-23
1598.016149,2.5359999999999998e-24
1598.018934,7.791e-25
1598.019249,1.133e-25
1598.020267,1.046e-25
1598.020641,1.6679999999999998e-22
1598.022916,3.415e-23
1598.023602,5.076e-23
1598.029775,5.564e-23
1598.031798,8.328e-25
1598.033348,1.698e-26
1598.045785,5.804e-24
1598.048922,1.114e-25
1598.048999,4.219e-23
1598.049322,7.228e-26
1598.051785,5.228e-24
1598.054092,8.437e-25
1598.055541,1.127e-25
1598.055621,1.002e-19
1598.055694,5.139e-24
1598.058338,4.584e-24
1598.058622,1.051e-19
1598.059179,3.452e-23
1598.065916,5.647e-24
1598.078882,2.658e-23
1598.07984,1.362e-21
1598.089711,4.062e-20
1598.089845,1.495e-25
1598.096408,3.439e-23
1598.098796,2.792e-25
1598.099018,1.311e-21
1598.099102,4.352e-20
1598.100828,1.479e-24
1598.101191,2.4930000000000003e-25
1598.102117,5.87e-24
1598.102529,1.257e-25
1598.113536,5.335e-23
1598.11888,9.454e-24
1598.122118,7.328e-25
1598.124139,7.217000000000001e-25
1598.124927,2.479e-23
1598.124998,7.728e-25
1598.125526,2e-24
1598.127144,6.177999999999999e-23
1598.129373,1.037e-23
1598.131727,1.01e-23
1598.132242,4.698e-23
1598.132275,2.555e-25
1598.132622,1.031e-22
1598.134549,6.046e-23
1598.135871,7.583e-24
1598.139941,9.867e-23
1598.140869,2.427e-23
1598.142023,2.1710000000000003e-25
1598.143153,8.808999999999999e-22
1598.149707,6.027000000000001e-26
1598.152941,1.447e-24
1598.155567,1.995e-22
1598.155683,4.331000000000001e-25
1598.157008,1.866e-22
1598.157494,1.374e-25
1598.158449,9.9e-24
1598.163436,1.763e-23
1598.168328,1.31e-23
1598.176265,4.355e-26
1598.178635,1.553e-26
1598.179384,5.295000000000001e-25
1598.179958,2.092e-22
1598.180478,1.065e-21
1598.18052,1.547e-24
1598.18083,1.3240000000000002e-25
1598.181999,1.957e-22
1598.183863,2.833e-24
1598.186659,9.263e-23
1598.189808,5.403e-25
1598.191917,1.827e-25
1598.193243,1.57e-21
1598.193358,1.032e-22
1598.196698,1.3430000000000002e-26
1598.204982,7.808e-25
1598.205785,5.974e-20
1598.206329,4.511e-25
1598.206606,9.829e-23
1598.210113,1.503e-24
1598.210416,6.341e-20
1598.212679,6.714e-26
1598.213357,1.508e-21
1598.224629,2.691e-24
1598.225867,7.633e-25
1598.227935,9.047e-25
1598.23126,1.264e-24
1598.232447,3.487e-25
1598.232925,1.0000000000000001e-23
1598.234528,2.135e-24
1598.243182,5.938e-23
1598.243969,6.597e-24
1598.244486,2.621e-24
1598.248576,2.057e-25
1598.251052,1.1819999999999998e-22
1598.252101,3.418e-25
1598.254562,1.233e-24
1598.255986,4.589e-23
1598.256247,6.276000000000001e-25
1598.257173,2.0480000000000002e-21
1598.257424,3.739e-23
1598.258793,1.129e-22
1598.259755,2.325e-21
1598.260962,6.114e-25
1598.261066,2.154e-25
1598.264593,8.498e-25
1598.270327,1.599e-25
1598.270803,2.253e-23
1598.271463,9.579e-24
1598.271695,9.561e-25
1598.274686,1.626e-25
1598.27505,1.724e-23
1598.276769,6.937000000000001e-26
1598.279157,6.501e-23
1598.281022,3.927e-23
1598.285435,2.216e-25
1598.287599,2.244e-25
1598.289497,3.034e-25
1598.291044,1.67e-25
1598.295318,6.234e-23
1598.295334,2.136e-25
1598.297425,2.938e-24
1598.299679,6.423e-24
1598.301848,1.805e-21
1598.303702,1.198e-24
1598.304043,8.78e-23
1598.304515,1.374e-25
1598.306384,1.164e-24
1598.30675,4.664e-23
1598.317607,5.963e-21
1598.31779,4.461e-23
1598.320458,3.497e-23
1598.322983,1.731e-21
1598.327894,3.198e-25
1598.330274,2.096e-23
1598.33029,1.238e-23
1598.332423,1.109e-22
1598.332583,1.204e-23
1598.332986,1.6080000000000003e-26
1598.33527,9.218e-24
1598.335303,2.18e-23
1598.335913,1.009e-22
1598.337505,6.706999999999999e-24
1598.33838,1.204e-23
1598.339205,6.521e-23
1598.34153,6.589999999999999e-24
1598.342852,1.053e-24
1598.343693,1.4239999999999998e-22
1598.344622,7.583e-23
1598.346881,6.206999999999999e-23
1598.352256,7.417e-23
1598.353006,1.3489999999999998e-22
1598.356461,5.423e-24
1598.364092,1.3529999999999998e-22
1598.371024,9.881e-25
1598.372296,1.29e-22
1598.373697,4.38e-24
1598.376715,2.775e-25
1598.378238,5.277e-24
1598.379928,2.533e-23
1598.380754,1.6110000000000002e-26
1598.385032,8.557e-24
1598.38576,1.7359999999999998e-23
1598.3858,7.579e-24
1598.385934,2.411e-23
1598.391377,1.574e-23
1598.391938,2.9889999999999998e-24
1598.394882,6.866e-21
1598.403486,8.283e-25
1598.40565,2.071e-21
1598.407472,4.23e-24
1598.407777,1.521e-23
1598.410318,9.684e-25
1598.410433,9.029e-26
1598.411995,8.458e-25
1598.415021,1.182e-24
1598.415484,1.598e-25
1598.416908,2.27e-26
1598.418837,8.84e-26
1598.419943,1.596e-23
1598.42,2.036e-25
1598.420679,1.192e-24
1598.421564,1.6520000000000003e-26
1598.426328,2.227e-26
1598.427906,1.983e-21
1598.429195,2.081e-22
1598.430021,2.1650000000000003e-20
1598.430313,9.915e-25
1598.432286,1.824e-23
1598.434343,1.774e-23
1598.434806,7.445e-24
1598.437022,1.5670000000000002e-25
1598.448443,1.22e-24
1598.4541,2.37e-20
1598.45855,9.691e-25
1598.459056,3.4550000000000003e-25
1598.46062,9.541e-25
1598.468462,3.59e-24
1598.471741,1.5459999999999998e-22
1598.47335,2.295e-26
1598.473788,3.5039999999999996e-24
1598.47705,1.7559999999999998e-24
1598.47752,1.81e-24
1598.480453,1.47e-22
1598.492628,1.732e-23
1598.496511,1.52e-21
1598.500369,7.372e-25
1598.500481,1.2939999999999998e-22
1598.503263,1.472e-23
1598.504643,2.372e-21
1598.505149,1.014e-19
1598.505837,1.431e-23
1598.506273,1.067e-19
1598.508313,1.766e-21
1598.509578,7.005e-24
1598.514495,1.5639999999999998e-23
1598.514578,3.987e-25
1598.518371,1.227e-23
1598.519726,2.022e-22
1598.523783,1.9e-22
1598.527748,6.8e-24
1598.528137,2.266e-21
1598.532107,2.157e-25
1598.534356,4.34e-25
1598.535327,2.194e-25
1598.538548,3.892e-25
1598.538774,1.5149999999999998e-23
1598.544471,2.4910000000000003e-25
1598.551516,3.804e-25
1598.552917,1.84e-22
1598.555156,1.4619999999999999e-24
1598.557093,9.273e-23
1598.558115,1.47e-23
1598.56077,1.477e-24
1598.564965,9.066e-23
1598.567709,3.89e-24
1598.571581,1.4339999999999998e-23
1598.57399,1.7639999999999997e-22
1598.578254,2.664e-23
1598.578876,3.9589999999999996e-24
1598.580611,1.444e-24
1598.583266,1.673e-22
1598.586605,2.579e-25
1598.591785,1.783e-23
1598.592189,1.822e-23
1598.593396,2.519e-25
1598.59882,2.712e-21
1598.602279,5.513e-25
1598.603692,2.168e-21
1598.6054,2.4600000000000003e-21
1598.606179,3.885e-24
1598.606656,4.562e-25
1598.614719,6.74e-23
1598.618003,8.57e-24
1598.622148,8.419e-24
1598.623689,2.585e-21
1598.626791,1.994e-22
1598.633082,3.395e-23
1598.650976,3.277e-23
1598.652142,1.092e-25
1598.653854,8.116e-23
1598.653987,3.678e-24
1598.656296,1.275e-24
1598.658544,7.702e-23
1598.662407,7.125e-25
1598.663095,1.304e-24
1598.664595,3.059e-25
1598.66821,1.7759999999999998e-22
1598.670834,2.011e-22
1598.680738,1.902e-22
1598.688171,3.097e-21
1598.688386,2.569e-24
1598.689198,1.745e-23
1598.691782,1.695e-23
1598.692313,1.807e-24
1598.695312,6.547999999999999e-23
1598.702771,1.309e-23
1598.706061,5.183e-24
1598.709784,6.3240000000000005e-25
1598.71312,6.932000000000001e-25
1598.714578,2.944e-21
1598.715929,1.646e-24
1598.716187,4.3799999999999995e-25
1598.718035,9.201e-23
1598.718503,1.598e-24
1598.722175,4.969e-23
1598.725317,5.046e-24
1598.728512,7.523000000000001e-26
1598.731522,4.206e-23
1598.733821,3.1280000000000003e-25
1598.7339,9.681e-23
1598.736103,9.156e-23
1598.736487,1.7480000000000002e-26
1598.747925,9.231e-23
1598.749649,8.731e-23
1598.751882,1.398e-25
1598.756523,1.183e-24
1598.762265,2.291e-22
1598.764561,1.13e-22
1598.764597,1.457e-25
1598.767074,6.13e-25
1598.769816,9.751e-25
1598.770374,2.164e-24
1598.770903,7.527e-24
1598.772682,1.1039999999999998e-22
1598.772683,3.532e-21
1598.772875,2.16e-22
1598.773744,2.099e-24
1598.78054,3.774e-25
1598.786382,1.277e-24
1598.788542,1.257e-24
1598.788863,1.605e-24
1598.790005,1.086e-25
1598.790809,5.614e-23
1598.798101,2.9720000000000003e-25
1598.800825,3.349e-21
1598.801371,1.549e-25
1598.803223,4.6699999999999993e-23
1598.805113,4.746e-24
1598.809408,1.5309999999999999e-24
1598.80944,2.224e-24
1598.810117,1.7649999999999998e-22
1598.814791,1.6649999999999998e-22
1598.816021,3.1799999999999998e-24
1598.816375,7.683e-26
1598.818702,7.832000000000001e-20
1598.821667,8.284000000000001e-20
1598.82574,4.069e-23
1598.826748,2.235e-24
1598.835496,1.108e-25
1598.841316,6.774e-25
1598.844345,6.594e-26
1598.846104,2.812e-24
1598.847188,1.314e-24
1598.847758,2.773e-23
1598.848272,2.61e-22
1598.848683,1.14e-25
1598.851087,1.361e-25
1598.85234,4.026e-21
1598.855544,2.062e-23
1598.85837,2.0000000000000002e-23
1598.859686,2.45e-22
1598.8616,6.6250000000000005e-25
1598.867048,5.281e-26
1598.867583,5.391e-23
1598.871552,1.413e-24
1598.873849,1.27e-22
1598.875856,2.955e-25
1598.878482,5.513e-25
1598.881412,2.392e-24
1598.882454,3.805e-21
1598.882891,5.374e-25
1598.888371,2.597e-23
1598.892489,1.068e-24
1598.892516,4.6810000000000005e-25
1598.893306,1.091e-23
1598.893403,2.365e-26
1598.89462,1.4010000000000002e-26
1598.894847,2.898e-25
1598.895599,1.039e-24
1598.897297,1.285e-24
1598.897574,1.071e-23
1598.898587,8.621999999999999e-23
1598.899675,1.374e-24
1598.900596,2.332e-24
1598.900885,9.213e-23
1598.91906,2.512e-25
1598.919155,1.001e-22
1598.927118,4.587e-21
1598.928846,2.973e-22
1598.92985,4.668e-24
1598.931493,9.556e-23
1598.931709,1.934e-24
1598.936973,1.979e-24
1598.941198,2.779e-22
1598.945835,2.463e-24
1598.958763,2.767e-24
1598.9595,4.319e-21
1598.964187,9.709e-24
1598.967028,1.3719999999999998e-22
1598.96804,1.0209999999999998e-22
1598.971523,1.411e-25
1598.973709,2.076e-25
1598.97541,1.34e-22
1598.981663,6.0549999999999996e-24
1598.982668,1.879e-26
1598.983461,1.917e-24
1598.985456,2.881e-25
1598.987068,1.86e-24
1598.987456,1.37e-22
1598.988242,6.193e-23
1598.988965,2.122e-26
1598.989767,2.931e-25
1598.991762,1.845e-26
1598.993773,7.646000000000001e-26
1598.996986,5.228e-21
1598.998755,6.207e-22
1598.999962,9.316e-24
1599.000784,5.841e-25
1599.001861,7.489e-26
1599.003421,5.949e-23
1599.003971,3.391e-22
1599.004999,3.947e-20
1599.006649,5.253e-24
1599.011174,5.12e-24
1599.011766,9.372e-20
1599.01408,9.882e-20
1599.014826,2.15e-23
1599.016305,4.251e-20
1599.016377,3.1049999999999995e-22
1599.018168,1.35e-22
1599.020058,1.068e-19
1599.022473,1.124e-19
1599.026791,4.464e-23
1599.027512,1.348e-25
1599.028005,2.429e-23
1599.030897,2.354e-23
1599.03201,4.903e-21
1599.03476,5.8999999999999995e-24
1599.035361,1.091e-25
1599.03605,1.488e-26
1599.037197,4.278e-23
1599.037517,1.887e-25
1599.043251,1.076e-25
1599.04854,1.3220000000000002e-25
1599.048925,2.62e-24
1599.050252,1.083e-24
1599.057811,6.82e-25
1599.058324,7.911999999999999e-22
1599.061901,5.963e-21
1599.06427,5.899e-25
1599.065622,2.6650000000000005e-26
1599.066318,6.316e-23
1599.069937,2.843e-26
1599.071272,9.697e-23
1599.071506,1.35e-23
1599.073073,4.904e-24
1599.073578,6.024999999999999e-23
1599.07363,3.873e-22
1599.075441,2.083e-23
1599.078084,2.382e-23
1599.07859,4.401e-23
1599.08062,1.399e-22
1599.082405,1.457e-23
1599.083202,4.116e-24
1599.084098,2.274e-23
1599.08812,3.582e-22
1599.088726,3.427e-24
1599.089214,1.328e-22
1599.09224,1.911e-25
1599.09594,9.199e-23
1599.098061,1.41e-23
1599.099234,8.725999999999999e-23
1599.100049,5.566e-21
1599.105679,7.339e-25
1599.107455,1.292e-23
1599.109752,1.443e-23
1599.110586,3.964e-23
1599.111505,1.675e-24
1599.113725,1.649e-24
1599.115016,3.98e-24
1599.121798,6.813e-21
1599.133779,5.97e-20
1599.13424,1.233e-25
1599.137798,4.436e-22
1599.139175,6.363000000000001e-20
1599.143268,2.534e-26
1599.144182,2.3290000000000003e-25
1599.147398,7.726e-25
1599.153766,4.076e-22
1599.161078,1.5790000000000002e-26
1599.163403,1.384e-23
1599.163714,6.325e-21
1599.164499,1.6609999999999998e-22
1599.167469,2.135e-23
1599.1678,1.358e-23
1599.169656,7.829e-25
1599.172604,1.989e-26
1599.173153,1.621e-22
1599.176584,7.806e-21
1599.179062,3.1149999999999998e-24
1599.180295,2.614e-25
1599.182864,6.352e-24
1599.18301,3.204e-21
1599.184223,1.176e-24
1599.18612,2.446e-25
1599.186213,2.224e-25
1599.186419,2.852e-23
1599.186894,3.53e-25
1599.189533,2.761e-23
1599.190488,2.026e-23
1599.192707,2.1730000000000003e-25
1599.196442,5.101999999999999e-22
1599.19802,1.544e-26
1599.200326,6.172e-24
1599.200732,1.6180000000000002e-26
1599.205642,1.281e-24
1599.207637,9.296e-25
1599.209815,3.4480000000000003e-25
1599.213102,1.3819999999999998e-23
1599.214176,4.649e-22
1599.21709,4.251e-24
1599.223157,7.2e-21
1599.223626,6.446000000000001e-26
1599.223867,2.888e-24
1599.224768,1.253e-24
1599.226107,8.978e-21
1599.227885,2.958e-24
1599.228785,1.9469999999999998e-24
1599.228903,2.008e-24
1599.228991,1.807e-23
1599.231562,1.341e-23
1599.232685,3.419e-26
1599.23392,5.676e-23
1599.234341,2.855e-22
1599.249515,5.9e-22
1599.259203,3.847e-25
1599.26176,6.379e-25
1599.262703,3.915e-25
1599.269433,5.324999999999999e-22
1599.270116,1.0390000000000002e-20
1599.271642,1.259e-22
1599.27227,1.561e-23
1599.272876,1.139e-22
1599.276835,3.17e-24
1599.278633,8.217e-21
1599.291598,2.577e-25
1599.293585,3.805e-21
1599.295842,9.694e-25
1599.296943,6.877e-22
1599.298942,3.0270000000000004e-26
1599.306013,7.698e-24
1599.307228,1.188e-24
1599.310963,1.6299999999999997e-23
1599.318906,1.8280000000000002e-21
1599.319656,6.133e-22
1599.321752,9.468e-25
1599.323748,3.162e-23
1599.323839,2.116e-21
1599.324433,1.441e-23
1599.324933,7.476e-24
1599.32806,1.941e-20
1599.329533,2.078e-23
1599.330618,9.412e-21
1599.338604,8.104999999999999e-22
1599.340716,3.055e-23
1599.343943,5.677e-25
1599.344411,5.281e-24
1599.345861,1.897e-22
1599.346464,3.338e-23
1599.348363,1.7849999999999998e-23
1599.349689,3.228e-23
1599.351566,2.572e-24
1599.356976,2.002e-22
1599.358899,2.148e-20
1599.360979,4.605e-24
1599.365064,7.118999999999999e-22
1599.365294,1.5929999999999998e-23
1599.365917,1.953e-22
1599.367038,1.275e-21
1599.374279,9.703e-22
1599.375379,3.665e-24
1599.379414,4.486e-24
1599.383628,1.524e-21
1599.397211,4.112e-26
1599.403512,1.188e-21
1599.405226,1.535e-24
1599.405606,2.736e-22
1599.405654,6.309e-24
1599.40611,8.350999999999999e-22
1599.424159,6.454e-23
1599.428313,1.7489999999999998e-23
1599.429041,2.19e-24
1599.431351,2.155e-24
1599.432842,1.716e-23
1599.434346,1.7810000000000003e-26
1599.443978,3.62e-26
1599.443991,9.926999999999998e-22
1599.450694,4.756e-26
1599.451355,1.833e-22
1599.458282,3.5e-24
1599.45988,7.892e-23
1599.462338,5.308000000000001e-25
1599.463544,7.509e-23
1599.471391,6.572e-24
1599.472438,5.848e-25
1599.483827,2.108e-23
1599.48628,4.876e-25
1599.488626,2.613e-25
1599.489827,1.383e-25
1599.49015,4.821e-25
1599.492158,5.722e-25
1599.493495,1.744e-22
1599.494375,4.7030000000000005e-25
1599.496039,3.896e-23
1599.498182,7.576e-24
1599.49862,1.651e-22
1599.499382,6.275e-23
1599.499479,3.763e-23
1599.500432,2.769e-24
1599.502067,7.373e-24
1599.502701,2.008e-24
1599.505596,7.361e-25
1599.514804,2.4930000000000003e-25
1599.51695,1.168e-25
1599.517413,4.9090000000000006e-26
1599.522833,1.2709999999999998e-22
1599.526762,3.825e-25
1599.527266,4.249e-24
1599.530126,4.358e-24
1599.532952,2.115e-24
1599.533165,2.445e-25
1599.535046,7.253000000000001e-25
1599.536531,2.075e-25
1599.54288,1.549e-26
1599.544463,2.406e-22
1599.546872,5.593e-23
1599.551509,2.063e-24
1599.55154,4.951e-26
1599.55166,1.5210000000000002e-26
1599.553705,2.346e-22
1599.557569,1.283e-24
1599.559497,1.001e-25
1599.562347,9.746e-26
1599.571451,6.446000000000001e-26
1599.578264,4.613e-26
1599.578752,1.092e-25
1599.579235,6.316000000000001e-26
1599.584339,1.249e-24
1599.587509,4.3340000000000005e-26
1599.58751,1.4450000000000002e-26
1599.589108,9.466e-25
1599.59061,1.16e-24
1599.591283,9.214e-25
1599.596452,3.553e-24
1599.598923,8.197e-24
1599.60016,5.26e-23
1599.601178,2.661e-24
1599.602175,1.733e-25
1599.606819,1.433e-25
1599.610671,2.853e-23
1599.615866,8.251000000000001e-26
1599.617636,5.377999999999999e-23
1599.618156,4.657e-23
1599.620719,3.488e-24
1599.623504,1.775e-25
1599.628634,2.044e-25
1599.630925,5.97e-26
1599.63434,1.131e-25
1599.635473,1.145e-25
1599.638842,1.135e-24
1599.639219,2.095e-25
1599.639349,9.645e-23
1599.641183,6.026e-25
1599.642556,6.295000000000001e-25
1599.644388,4.534e-23
1599.646878,2.682e-23
1599.647979,4.374e-23
1599.650885,9.226e-23
1599.654618,2.082e-22
1599.654885,1.11e-25
1599.656834,1.962e-22
1599.657814,2.098e-25
1599.668299,5.444e-25
1599.668775,1.983e-22
1599.669981,1.869e-22
1599.670313,1.192e-22
1599.671593,3.365e-25
1599.674746,5.087e-25
1599.679197,5.18e-25
1599.685149,3.506e-25
1599.68566,1.465e-25
1599.687922,5.634e-23
1599.688031,2.201e-23
1599.688504,9.499e-25
1599.690019,9.355e-24
1599.691745,5.862999999999999e-23
1599.692698,2.159e-23
1599.693452,4.884e-23
1599.702926,3.58e-24
1599.704857,5.965e-26
1599.706043,5.64e-23
1599.70644,8.43e-26
1599.706601,1.22e-23
1599.713387,1.513e-24
1599.715637,5.524e-24
1599.722571,5.198e-26
1599.723362,8.989999999999999e-24
1599.726963,2.882e-22
1599.728169,1.024e-23
1599.728878,2.249e-25
1599.736521,2.8079999999999995e-22
1599.739666,7.616e-25
1599.741692,4.247e-23
1599.743045,2.852e-24
1599.743444,1.0929999999999998e-22
1599.745425,2.805e-24
1599.747676,1.816e-25
1599.751525,4.077e-23
1599.752584,1.142e-23
1599.754002,7.923000000000001e-20
1599.754508,2.037e-23
1599.755316,1.259e-25
1599.756751,7.79e-25
1599.757325,8.408e-20
1599.764091,2.943e-24
1599.766328,5.386e-24
1599.768106,1.342e-23
1599.769819,1.663e-25
1599.770911,2.227e-23
1599.776961,2.131e-23
1599.779821,1.909e-25
1599.782117,7.369e-25
1599.783078,1.3e-23
1599.784505,5.262e-23
1599.786033,1.867e-25
1599.787473,3.844e-24
1599.788316,5.0700000000000006e-23
1599.792867,1.952e-25
1599.794312,6.076e-23
1599.801108,5.809e-23
1599.807789,1.3639999999999998e-22
1599.807833,1.415e-24
1599.808692,1.456e-24
1599.811486,4.889e-24
1599.811637,1.975e-23
1599.815335,1.4459999999999998e-22
1599.815837,1.298e-22
1599.817514,3.72e-24
1599.827263,3.2389999999999995e-22
1599.835298,1.04e-22
1599.836821,6.161e-24
1599.838695,6.327e-24
1599.845637,1.107e-24
1599.84895,1.833e-25
1599.849861,1.015e-22
1599.85025,7.197e-26
1599.850859,5.7299999999999996e-24
1599.854324,6.244e-26
1599.854476,3.11e-25
1599.860668,1.283e-23
1599.861833,3.1209999999999998e-24
1599.864088,1.083e-24
1599.865058,6.563e-23
1599.865868,1.719e-26
1599.866762,6.003e-23
1599.867668,5.572e-24
1599.868182,5.195e-23
1599.869903,4.805e-23
1599.8701,1.271e-24
1599.875041,1.665e-23
1599.876417,3.039e-25
1599.878622,5.772e-25
1599.882058,1.253e-23
1599.885245,1.536e-22
1599.892096,1.4080000000000003e-26
1599.896592,4.369e-23
1599.899705,1.217e-23
1599.902869,9.56e-20
1599.904478,3.44e-22
1599.904779,1.011e-19
1599.914369,3.349e-22
1599.914912,3.779e-20
1599.91599,1.5309999999999998e-22
1599.920251,1.067e-19
1599.921634,6.09e-23
1599.92189,6.404e-23
1599.923231,1.125e-19
1599.925634,5.859e-23
1599.927436,1.753e-25
1599.928709,4.097e-20
1599.932766,6.753e-24
1599.938023,4.564999999999999e-22
1599.942361,1.531e-26
1599.942571,2.761e-23
1599.945031,2.206e-23
1599.946534,1.58e-25
1599.94738,2.707e-23
1599.947448,1.077e-23
1599.950844,1.047e-23
1599.954084,6.719e-25
1599.958037,6.844e-25
1599.966787,1.314e-24
1599.969239,1.278e-24
1599.969983,1.987e-22
1599.97395,1.879e-22
1599.97754,9.691e-25
1599.978882,7.519000000000001e-26
1599.979605,1.748e-24
1599.980967,1.5670000000000002e-26
1599.983147,1.698e-24
1599.985713,2.006e-25
1599.992409,1.977e-25
1599.992944,8.695000000000001e-26
1599.995994,1.37e-24
1599.998514,1.608e-23
1600.003754,2.136e-23
1600.003905,9.914e-25
1600.005764,2.551e-24
1600.006782,2.291e-25
1600.008018,2.9620000000000003e-25
1600.008914,2.928e-23
1600.01051,4.07e-24
1600.024116,1.544e-23
1600.025038,2.832e-23
1600.028176,3.9669999999999996e-24
1600.033392,3.4759999999999995e-22
1600.036491,1.571e-21
1600.040903,1.865e-21
1600.050185,3.7e-24
1600.051883,7.031e-23
1600.052658,3.6379999999999996e-24
1600.056121,6.754e-23
1600.056465,5.908e-20
1600.05943,3.277e-24
1600.062471,1.464e-26
1600.062822,6.325e-20
1600.06404,2.439e-23
1600.069043,1.842e-23
1600.07015,1.773e-25
1600.07198,1.4339999999999998e-23
1600.077011,4.093e-22
1600.077619,9.278e-24
1600.087254,3.981e-22
1600.097533,1.2710000000000002e-26
1600.098332,5.0250000000000005e-25
1600.099017,9.077e-26
1600.102791,4.195e-25
1600.106011,1.248e-26
1600.106713,4.094e-25
1600.109943,7.645999999999999e-23
1600.11424,7.291e-23
1600.115575,1.857e-25
1600.117523,4.919e-25
1600.126545,1.7960000000000003e-26
1600.129122,1.053e-25
1600.133187,1.98e-25
1600.13516,1.92e-22
1600.143454,5.410000000000001e-26
1600.144642,2.013e-23
1600.146727,2.706e-24
1600.147917,8.807e-24
1600.148947,9.057e-24
1600.149284,2.093e-25
1600.149309,1.078e-23
1600.150199,8.361000000000001e-25
1600.150947,5.302000000000001e-26
1600.152979,8.145e-25
1600.153213,1.397e-25
1600.159114,2.86e-25
1600.160669,3.336e-24
1600.165534,1.044e-23
1600.167043,2.054e-25
1600.178097,8.098999999999999e-23
1600.17919,3.591e-25
1600.179236,1.861e-24
1600.180804,3.435e-24
1600.182186,4.142e-25
1600.182564,7.766e-23
1600.183121,9.226e-23
1600.184013,3.333e-22
1600.185485,8.774e-23
1600.186256,1.488e-23
1600.191932,3.45e-23
1600.196889,3.382e-23
1600.197208,1.8169999999999998e-24
1600.199687,1.537e-24
1600.203351,1.494e-24
1600.206943,1.428e-22
1600.207872,1.283e-22
1600.211024,4.047e-26
1600.212638,1.099e-25
1600.214327,1.761e-23
1600.218086,1.128e-25
1600.219293,7.201000000000001e-25
1600.219328,1.6690000000000002e-20
1600.223031,1.205e-23
1600.23057,8.782e-23
1600.231345,6.122999999999999e-23
1600.232208,1.856e-22
1600.232235,8.353e-23
1600.233296,1.002e-21
1600.236903,1.08e-25
1600.236959,1.4549999999999998e-23
1600.238572,1.16e-24
1600.244564,4.854e-22
1600.246879,1.6759999999999998e-23
1600.248296,7.039e-25
1600.250115,4.308e-23
1600.250182,2.616e-26
1600.254386,7.11e-25
1600.25518,4.718e-22
1600.25865,1.249e-21
1600.259662,1.872e-20
1600.260557,3.308e-24
1600.261644,1.277e-25
1600.264091,1.129e-24
1600.267301,1.446e-25
1600.268733,1.183e-23
1600.269248,1.18e-23
1600.274957,1.473e-26
1600.27658,7.206000000000001e-25
1600.283364,8.548000000000001e-26
1600.283411,4.018e-26
1600.292289,2.312e-25
1600.298035,5.51e-23
1600.298212,9.307e-23
1600.298645,1.7089999999999998e-22
1600.299493,4.565e-25
1600.300174,6.259999999999999e-23
1600.301735,5.958e-23
1600.302499,1.621e-22
1600.302947,8.907999999999999e-23
1600.303332,2.505e-23
1600.304549,1.756e-23
1600.305216,2.191e-24
1600.305896,3.565e-25
1600.3067,5.524e-23
1600.315315,2.476e-25
1600.31903,1.5609999999999998e-22
1600.321136,1.336e-25
1600.331094,1.019e-24
1600.336184,8.785e-25
1600.338499,3.355e-25
1600.341044,8.953000000000001e-25
1600.344771,4.914e-25
1600.349337,2.591e-23
1600.353217,4.782e-24
1600.354172,9.232e-23
1600.355786,4.7e-24
1600.357682,1.684e-21
1600.358332,1.511e-23
1600.359322,1.995e-21
1600.361376,1.466e-23
1600.363582,5.305e-23
1600.364992,8.847999999999999e-23
1600.367721,2.9e-23
1600.368029,1.631e-25
1600.371146,1.095e-25
1600.374007,1.595e-25
1600.377561,9.979e-25
1600.381069,2.523e-23
1600.388521,1.554e-25
1600.38966,5.517e-23
1600.400293,2.736e-23
1600.401592,5.775e-23
1600.403165,5.315e-23
1600.40408,8.321000000000001e-25
1600.407141,5.736999999999999e-22
1600.407712,1.6909999999999998e-22
1600.409604,5.37e-26
1600.409945,1.07e-19
1600.410436,8.949e-24
1600.411067,1.131e-19
1600.413695,1.0669999999999998e-22
1600.416232,5.179999999999999e-23
1600.41815,5.571999999999999e-22
1600.418705,1.019e-22
1600.423417,1.631e-25
1600.426102,1.146e-25
1600.436123,4.296e-23
1600.441233,4.209e-23
1600.441624,8.612e-24
1600.442873,1.467e-22
1600.445894,5.01e-24
1600.447074,4.44e-25
1600.448471,1.229e-23
1600.450755,3.991e-23
1600.454559,9.000999999999999e-23
1600.456437,1.241e-23
1600.456743,1.279e-23
1600.458369,2.069e-23
1600.460407,3.861e-23
1600.462798,1.191e-23
1600.464477,1.985e-23
1600.48075,9.51e-25
1600.481138,3.066e-23
1600.485079,4.955000000000001e-25
1600.486513,3.568e-24
1600.489865,1.915e-23
1600.492962,3.09e-25
1600.494363,4.887e-24
1600.498561,9.31e-25
1600.500395,2.462e-25
1600.501403,1.463e-25
1600.501949,8.991e-26
1600.503121,6.217e-25
1600.503764,1.568e-24
1600.503824,1.613e-24
1600.509277,5.81e-23
1600.511264,1.896e-25
1600.513153,1.143e-22
1600.513553,5.142e-24
1600.514943,3.457e-24
1600.515022,4.383e-25
1600.515781,5.565e-23
1600.517323,2.726e-25
1600.520095,2.002e-25
1600.52351,1.222e-22
1600.52883,1.1639999999999998e-22
1600.529759,5.004e-24
1600.52989,2.007e-25
1600.531095,8.672e-23
1600.534324,8.266999999999999e-23
1600.534934,1.321e-22
1600.538347,2.6650000000000003e-25
1600.5424,1.26e-22
1600.542775,2.284e-26
1600.54385,1.859e-23
1600.545638,1.13e-23
1600.553186,1.48e-26
1600.559451,5.478e-25
1600.562531,1.099e-23
1600.564742,6.76e-22
1600.57617,6.558999999999999e-22
1600.580411,3.428e-24
1600.582582,5.525e-25
1600.595377,9.19e-26
1600.595683,1.09e-22
1600.600923,1.811e-25
1600.610518,3.169e-24
1600.610585,2.47e-25
1600.61545,1.146e-24
1600.62014,1.169e-24
1600.628365,1.396e-22
1600.628923,2.3240000000000003e-25
1600.632028,3.112e-24
1600.634019,1.3269999999999998e-22
1600.634576,1.863e-23
1600.646606,1.0380000000000002e-26
1600.649896,6.157e-24
1600.651045,2.508e-24
1600.652528,6.05e-24
1600.654628,3.58e-24
1600.654792,1.02e-26
1600.655476,5.142e-23
1600.666177,3.85e-25
1600.671571,3.491e-24
1600.67329,3.625e-24
1600.675107,8.358e-23
1600.675146,5.328999999999999e-23
1600.678213,4.713e-23
1600.680416,5.219e-23
1600.682363,7.946000000000001e-20
1600.686096,8.465e-20
1600.687487,1.478e-24
1600.688579,2.696e-23
1600.688801,3.594e-23
1600.69507,3.068e-25
1600.695673,2.362e-23
1600.702905,3.634e-25
1600.703929,2.611e-23
1600.706683,3.549e-25
1600.709769,4.5190000000000005e-26
1600.712346,6.872e-25
1600.716982,4.4310000000000005e-26
1600.71737,7.942e-22
1600.718985,4.297e-25
1600.719431,1.2e-24
1600.721122,1.4720000000000002e-26
1600.725805,3.3300000000000003e-26
1600.72777,1.593e-22
1600.729242,7.696999999999999e-22
1600.733801,1.511e-22
1600.734215,2.093e-23
1600.73703,2.026e-23
1600.737675,4.208e-25
1600.740309,4.325000000000001e-25
1600.742288,2.862e-25
1600.742513,2.5180000000000003e-26
1600.746708,1.315e-26
1600.750633,1.645e-22
1600.754905,1.592e-25
1600.758446,1.782e-23
1600.758724,1.5060000000000002e-26
1600.758763,1.727e-23
1600.762638,2.083e-26
1600.77011,1.514e-23
1600.772827,1.394e-25
1600.773177,3.841e-25
1600.779285,1.749e-25
1600.784898,2.628e-24
1600.794961,3.434e-26
1600.796473,1.717e-25
1600.803775,1.1e-22
1600.806212,1.568e-24
1600.813216,1.793e-26
1600.814189,1.413e-23
1600.819303,3.554e-20
1600.820252,1.63e-24
1600.822023,1.816e-22
1600.826977,3.961e-22
1600.828491,1.7169999999999998e-22
1600.834704,8.955000000000001e-25
1600.835015,4.79e-25
1600.836281,8.547e-25
1600.836397,3.883e-20
1600.837678,1.5919999999999999e-24
1600.838624,2.105e-23
1600.844825,4.854e-25
1600.846804,4.261e-25
1600.850986,3.551e-25
1600.854891,7.335e-25
1600.85657,7.15e-25
1600.859317,1.7869999999999998e-22
1600.865025,9.301e-22
1600.875291,7.422e-25
1600.877372,9.005e-22
1600.879945,3.629e-25
1600.882242,9.7e-20
1600.88366,1.442e-25
1600.884787,1.029e-19
1600.885605,3.576e-25
1600.887811,1.125e-19
1600.890092,1.189e-19
1600.891844,1.488e-23
1600.895801,1.7529999999999997e-22
1600.901229,1.357e-25
1600.905579,1.438e-23
1600.906175,1.847e-23
1600.909009,6.586e-23
1600.909629,4.405e-23
1600.909664,6.199e-25
1600.911088,2.069e-22
1600.914444,6.446999999999999e-23
1600.914558,1.042e-24
1600.917889,1.949e-22
1600.919435,1.388e-25
1600.92081,1.284e-24
1600.92091,1.914e-22
1600.926403,1.37e-26
1600.928843,7.333999999999999e-23
1600.932011,7.009e-23
1600.938524,3.419e-24
1600.938919,1.015e-24
1600.942069,7.897e-24
1600.944789,7.758e-24
1600.948201,1.2649999999999999e-24
1600.948327,1.666e-22
1600.950085,1.388e-25
1600.950105,2.026e-25
1600.952935,1.585e-22
1600.954288,1.063e-24
1600.955444,4.501e-25
1600.955822,1.358e-25
1600.957071,1.4860000000000003e-26
1600.961007,3.802e-22
1600.966949,1.478e-24
1600.967387,8.02e-25
1600.972618,1.509e-24
1600.973787,5.782e-20
1600.981366,6.222e-20
1600.982551,3.4890000000000006e-26
1600.983973,3.204e-24
1600.989617,5.178e-25
1600.994762,2.357e-22
1600.998322,7.477e-26
1600.99902,1.506e-23
1600.999538,5.951000000000001e-25
1601.002127,2.211e-22
1601.00771,1.086e-21
1601.010609,1.852e-22
1601.013227,2.8060000000000003e-25
1601.017492,1.054e-24
1601.020564,1.05e-21
1601.022086,5.064e-25
1601.024271,5.851e-25
1601.029334,1.913e-23
1601.036275,5.758999999999999e-23
1601.037682,1.297e-21
1601.038398,5.9790000000000005e-25
1601.041426,2.232e-26
1601.042832,1.419e-23
1601.043452,3.482e-24
1601.044353,5.374e-23
1601.045787,1.597e-21
1601.050911,2.452e-23
1601.051771,2.371e-23
1601.0558,5.174e-25
1601.059347,1.411e-24
1601.060126,1.349e-23
1601.060774,3.11e-24
1601.061256,3.023e-26
1601.063321,8.782e-23
1601.065068,3.05e-23
1601.065526,1.338e-25
1601.066249,1.323e-24
1601.066303,2.678e-26
1601.068639,8.905e-25
1601.073176,2.685e-22
1601.073504,8.431e-23
1601.077995,2.862e-23
1601.080689,2.764e-23
1601.081132,2.508e-22
1601.081995,5.161e-23
1601.085068,6.96e-22
1601.089876,1.026e-23
1601.092028,1.933e-24
1601.092381,3.652e-26
1601.094781,4.979e-23
1601.095856,1.843e-25
1601.101632,2.011e-22
1601.102294,5.608e-23
1601.102733,1.345e-20
1601.10405,1.907e-22
1601.105333,5.181e-23
1601.107489,1.319e-23
1601.107847,1.7979999999999998e-22
1601.11098,8.134e-25
1601.113443,8.725e-25
1601.114205,2.728e-24
1601.114375,1.397e-25
1601.116527,1.118e-24
1601.117643,6.174e-24
1601.117726,1.149e-24
1601.118977,2.916e-23
1601.123493,1.119e-23
1601.12384,3.999e-24
1601.125363,8.495e-24
1601.128179,7.966e-25
1601.128542,9.327e-22
1601.129033,2.943e-25
1601.136581,2.72e-25
1601.137493,1.085e-23
1601.137714,8.110999999999999e-23
1601.138591,1.618e-22
1601.140399,1.912e-23
1601.141705,1.443e-22
1601.143321,7.936e-23
1601.145426,1.264e-21
1601.146333,3.0609999999999995e-22
1601.146586,1.837e-23
1601.148507,2.7599999999999995e-23
1601.152064,6.753e-25
1601.154259,1.088e-25
1601.154719,8.193999999999999e-24
1601.15496,2.846e-22
1601.155397,3.775e-23
1601.156333,1.6460000000000002e-25
1601.156981,1.535e-20
1601.157791,1.913e-22
1601.158823,1.222e-21
1601.158832,1.815e-22
1601.159816,7.385e-25
1601.162537,1.384e-24
1601.163151,2.606e-25
1601.164308,3.635e-23
1601.166164,1.346e-24
1601.170936,4.591e-24
1601.172028,1.648e-24
1601.172437,4.517e-24
1601.175433,2.378e-25
1601.180326,3.292e-24
1601.180824,4.8010000000000006e-26
1601.182154,1.8e-25
1601.182562,6.217e-23
1601.183921,1.686e-25
1601.186149,4.781e-25
1601.186582,4.471e-24
1601.191621,1.03e-24
1601.193941,1.003e-24
1601.195083,5.636e-23
1601.195595,2.3260000000000003e-25
1601.203836,1.014e-23
1601.207285,3.193e-24
1601.207422,1.138e-25
1601.214026,1.6939999999999998e-22
1601.214189,3.497e-22
1601.218845,4.409e-24
1601.220028,9.87e-24
1601.220533,1.284e-25
1601.220912,1.789e-23
1601.223596,3.2319999999999995e-22
1601.228247,1.009e-23
1601.228703,5.521e-23
1601.231065,9.91e-24
1601.234597,1.2710000000000002e-26
1601.234802,5.296999999999999e-23
1601.24079,1.899e-24
1601.241168,6.297e-26
1601.24174,2.288e-23
1601.244644,8.627e-25
1601.246679,1.94e-24
1601.24948,1.2709999999999998e-22
1601.253981,2.612e-22
1601.256554,1.2149999999999998e-22
1601.27038,3.7580000000000005e-26
1601.270887,2.163e-23
1601.271459,4.112e-26
1601.271462,2.055e-24
1601.272047,1.737e-23
1601.273751,1.6529999999999998e-22
1601.276747,4.005e-22
1601.277322,3.687e-26
1601.277364,1.1749999999999998e-22
1601.278171,1.468e-21
1601.283529,3.03e-23
1601.287071,3.676e-22
1601.287457,2.448e-24
1601.290216,4.015e-25
1601.292153,1.416e-21
1601.293299,3.133e-24
1601.303265,6.772999999999999e-23
1601.306333,3.1330000000000003e-25
1601.30673,9.8e-25
1601.306818,6.059999999999999e-23
1601.30956,3.057e-24
1601.309799,3.061e-25
1601.315793,3.1970000000000005e-26
1601.315929,9.156e-25
1601.322664,1.788e-25
1601.331464,3.333e-23
1601.332806,3.215e-23
1601.333906,1.109e-24
1601.333977,4.606e-22
1601.334378,3.658e-25
1601.345404,4.193e-22
1601.348476,4.394e-26
1601.350824,5.9770000000000005e-25
1601.35213,1.122e-22
1601.352598,3.584e-25
1601.353196,6.494e-25
1601.361266,9.953e-23
1601.362737,2.469e-23
1601.364358,2.567e-24
1601.367054,9.734e-23
1601.369299,3.2760000000000004e-26
1601.373665,3.842e-26
1601.375307,6.582000000000001e-25
1601.377376,2.393e-23
1601.384402,6.42e-25
1601.385859,5.326e-22
1601.386772,9.732e-26
1601.386885,6.262000000000001e-25
1601.388576,2.035e-23
1601.390062,1.209e-24
1601.391672,2.9810000000000003e-25
1601.39211,3.869e-23
1601.39379,1.177e-24
1601.394649,3.9059999999999996e-24
1601.394783,3.727e-23
1601.395893,1.897e-22
1601.398638,4.801999999999999e-22
1601.398964,1.663e-25
1601.399824,1.804e-22
1601.404801,1.455e-25
1601.405948,1.7e-21
1601.413228,5.317000000000001e-26
1601.414873,2.5379999999999998e-24
1601.420293,1.442e-24
1601.420561,1.638e-21
1601.420775,2.872e-25
1601.421444,1.429e-25
1601.431133,1.385e-25
1601.432347,6.209e-22
1601.435087,5.414e-23
1601.440034,2.297e-25
1601.44187,1.533e-22
1601.442224,2.492e-23
1601.446834,5.53e-22
1601.450485,3.216e-24
1601.453673,7.161e-23
1601.454795,4.996e-23
1601.455096,6.402e-23
1601.455988,1.42e-24
1601.467967,1.134e-24
1601.4689,4.212e-25
1601.472901,1.388e-24
1601.47338,7.318e-22
1601.48206,2.494e-22
1601.483082,4.121e-24
1601.483209,9.953e-26
1601.490102,6.417e-22
1601.493753,1.7720000000000002e-26
1601.502561,1.4e-26
1601.502721,1.627e-24
1601.504471,1.899e-24
1601.508845,8.759e-22
1601.509649,1.285e-23
1601.51032,1.4729999999999998e-23
1601.51256,1.261e-23
1601.520199,2.874e-25
1601.52687,1.175e-25
1601.528655,7.528e-22
1601.528756,1.964e-21
1601.529561,4.042e-24
1601.532333,1.151e-25
1601.53322,1.462e-25
1601.535299,2.877e-26
1601.538529,1.072e-21
1601.538924,7.699e-25
1601.539271,1.432e-26
1601.539391,1.431e-25
1601.539931,2.028e-23
1601.540757,1.4830000000000002e-25
1601.543448,7.021999999999999e-23
1601.54405,1.889e-21
1601.547455,6.723e-23
1601.551043,1.3819999999999998e-23
1601.551415,1.955e-23
1601.556047,2.0860000000000003e-26
1601.561957,1.358e-21
1601.562918,2.407e-24
1601.562968,8.958999999999999e-22
1601.564086,7.869000000000001e-25
1601.570012,2.463e-24
1601.575252,1.433e-25
1601.575335,4.6060000000000006e-26
1601.579671,1.217e-22
1601.585525,9.315e-25
1601.585645,1.19e-22
1601.587354,2.5399999999999998e-24
1601.594472,1.086e-21
1601.595372,1.655e-22
1601.595616,3.604e-25
1601.597867,4.48e-23
1601.59965,4.309e-23
1601.599805,1.211e-26
1601.601245,5.101e-24
1601.606558,7.897000000000001e-20
1601.606568,8.568e-23
1601.608812,9.082e-25
1601.609102,8.185999999999999e-23
1601.610833,8.449000000000001e-20
1601.614829,1.766e-24
1601.615514,4.325e-22
1601.616037,1.404e-24
1601.621104,2.8099999999999998e-24
1601.622182,6.418e-26
1601.62775,1.468e-24
1601.631465,3.52e-25
1601.633216,1.483e-26
1601.640105,2.761e-24
1601.646592,2.263e-21
1601.652703,5.552e-26
1601.662628,2.174e-21
1601.665111,6.47e-24
1601.670291,3.464e-24
1601.671774,2.051e-23
1601.675729,3.0220000000000004e-26
1601.678579,5.173e-23
1601.681321,4.968e-23
1601.682467,1.869e-22
1601.689533,8.138e-23
1601.691176,7.775999999999999e-23
1601.703184,1.883e-22
1601.707197,7.785000000000001e-26
1601.707669,6.523e-26
1601.708217,1.014e-22
1601.711154,9.102e-23
1601.717944,3.2690000000000003e-20
1601.720629,8.258999999999999e-24
1601.722486,6.462e-25
1601.727261,6.364e-25
1601.735715,1.993e-22
1601.735939,4.156e-22
1601.736279,6.924000000000001e-25
1601.738005,1.157e-25
1601.739497,3.606e-20
1601.740563,1.827e-23
1601.749755,1.272e-24
1601.749781,1.238e-24
1601.752932,6.785e-25
1601.755341,4.827e-24
1601.759457,2.602e-21
1601.76026,1.738e-24
1601.764837,1.104e-19
1601.76509,8.864999999999999e-23
1601.766521,1.157e-22
1601.766764,1.787e-25
1601.767125,1.063e-23
1601.767227,8.303e-23
1601.767819,1.172e-19
1601.768374,1.6089999999999998e-22
1601.768737,4.801e-23
1601.771547,1.5339999999999998e-22
1601.776301,2.495e-21
1601.77653,9.744e-20
1601.77683,7.983999999999999e-23
1601.778832,1.038e-19
1601.779401,6.682e-23
1601.780883,4.636e-23
1601.784884,2.976e-24
1601.785304,1.6289999999999998e-23
1601.785866,5.194e-23
1601.786433,1.823e-22
1601.787065,1.135e-24
1601.788317,1.599e-23
1601.789897,1.264e-26
1601.791596,9.93e-22
1601.792931,1.4829999999999998e-22
1601.793162,1.014e-23
1601.796321,1.987e-22
1601.799102,1.448e-22
1601.802028,1.297e-21
1601.803242,7.742e-25
1601.803729,1.381e-23
1601.806478,9.851e-24
1601.81634,3.538e-24
1601.81696,1.756e-23
1601.818077,6.691000000000001e-26
1601.821137,4.619e-23
1601.822997,4.079e-24
1601.823244,1.691e-23
1601.825276,3.112e-26
1601.825833,3.033e-24
1601.828802,2.063e-25
1601.829299,1.816e-23
1601.831957,3.054e-26
1601.833656,3.108e-24
1601.833773,1.703e-25
1601.835136,8.024e-24
1601.838123,3.9749999999999996e-24
1601.838941,5.374e-23
1601.839003,3.791e-23
1601.840588,3.305e-23
1601.842294,2.426e-23
1601.842817,5.014e-23
1601.845839,6.893999999999999e-24
1601.846475,7.589000000000001e-25
1601.848156,2.02e-25
1601.848286,5.96e-23
1601.850488,5.712999999999999e-23
1601.85346,1.17e-25
1601.854086,3.528e-23
1601.85513,7.269999999999999e-23
1601.856645,9.056e-24
1601.858907,2.909e-24
1601.860327,6.578e-23
1601.862585,3.402e-23
1601.86262,7.744e-24
1601.863584,3.431e-25
1601.86449,2.905e-23
1601.867347,2.986e-21
1601.868911,3.02e-24
1601.872185,8.819e-24
1601.880697,9.44e-26
1601.885077,2.857e-21
1601.885698,5.587000000000001e-20
1601.890007,1.988e-22
1601.89144,2.757e-23
1601.894523,2.9319999999999998e-24
1601.894697,2.689e-25
1601.894852,6.049e-20
1601.895266,4.05e-24
1601.89806,2.629e-25
1601.900778,2.151e-24
1601.900987,5.236e-23
1601.904874,8.106e-26
1601.906032,3.52e-22
1601.910134,1.087e-26
1601.91505,2.374e-24
1601.925206,3.603e-24
1601.926493,2.728e-24
1601.930825,5.215e-23
1601.931629,2.597e-25
1601.932474,1.215e-23
1601.936732,5.012e-23
1601.939038,6.85e-23
1601.939759,3.956e-24
1601.941937,6.553999999999999e-23
1601.942111,2.663e-24
1601.942339,1.125e-25
1601.943987,7.973e-23
1601.944376,1.0820000000000002e-25
1601.944498,3.099e-25
1601.944948,4.27e-26
1601.947178,7.632e-23
1601.947624,1.009e-23
1601.947658,1.659e-23
1601.947678,1.89e-23
1601.962271,3.037e-25
1601.967522,1.2149999999999998e-22
1601.970258,3.419e-21
1601.974093,1.1639999999999998e-22
1601.976081,9.622e-21
1601.976101,1.15e-25
1601.976755,1.189e-23
1601.978379,6.586e-23
1601.982539,1.877e-22
1601.988907,6.021999999999999e-23
1601.988965,3.264e-21
1601.990101,1.853e-23
1601.995969,1.13e-25
1601.996198,1.613e-23
1602.001029,5.506e-22
1602.001052,1.8000000000000001e-22
1602.007426,1.7579999999999998e-22
1602.013165,4.546e-25
1602.025824,1.205e-25
1602.027178,2.428e-25
1602.028719,1.358e-25
1602.031385,2.249e-23
1602.032156,2.304e-26
1602.036213,1.19e-22
1602.036602,2.438e-24
1602.037758,2.6619999999999998e-24
1602.041946,1.184e-25
1602.042342,9.838e-26
1602.045369,2.182e-23
1602.048237,2.011e-25
1602.051936,1.1270000000000002e-20
1602.056005,2.058e-23
1602.059118,2.019e-23
1602.063317,4.791e-22
1602.065545,2.6650000000000003e-25
1602.066963,1.833e-22
1602.068186,3.909e-21
1602.071772,2.705e-25
1602.072164,1.492e-23
1602.075503,1.6159999999999998e-22
1602.081242,7.856999999999999e-23
1602.0813,2.283e-22
1602.08259,2.7970000000000003e-25
1602.083863,7.502e-23
1602.086102,4.1e-23
1602.086429,1.232e-24
1602.087975,3.723e-21
1602.091374,1.1070000000000001e-21
1602.092956,1.435e-21
1602.097295,9.905e-26
1602.099347,4.22e-26
1602.100524,2.731e-23
1602.101373,5.577e-25
1602.102523,9.703e-26
1602.102563,5.443e-25
1602.102862,1.2039999999999999e-24
1602.103543,2.3740000000000003e-26
1602.104426,1.139e-22
1602.108402,1.591e-25
1602.110018,2.624e-23
1602.111195,3.0070000000000004e-26
1602.11805,3.756e-24
1602.122764,1.4030000000000002e-25
1602.127508,3.858e-24
1602.128045,9.998e-26
1602.131231,1.201e-25
1602.133849,1.4030000000000002e-25
1602.137184,2.179e-23
1602.139612,6.994e-25
1602.153029,2.971e-23
1602.153798,1.038e-25
1602.155444,1.013e-25
1602.161124,4.462e-21
1602.168437,1.7350000000000003e-26
1602.168833,1.06e-25
1602.1714,3.297e-24
1602.174785,8.994e-23
1602.176359,6.654e-26
1602.17793,8.569e-23
1602.178774,2.785e-23
1602.180242,1.042e-25
1602.18166,1.033e-24
1602.18212,4.240000000000001e-21
1602.184526,2.595e-23
1602.187226,5.636000000000001e-25
1602.187829,1.515e-25
1602.200058,1.7459999999999998e-23
1602.204036,2.178e-22
1602.207036,4.369e-24
1602.209107,3.421e-23
1602.20946,5.623e-23
1602.210625,2.125e-22
1602.215738,2.122e-22
1602.221484,1.72e-25
1602.226769,5.219e-23
1602.236006,7.974e-25
1602.241174,6.886000000000001e-25
1602.242986,1.6549999999999998e-23
1602.244808,1.422e-23
1602.24668,1.471e-25
1602.246799,2.05e-23
1602.249063,5.089e-21
1602.251473,8.284e-25
1602.252742,1.928e-24
1602.253644,2.172e-24
1602.254659,4.5700000000000015e-22
1602.25969,4.399e-25
1602.270161,1.3190000000000002e-25
1602.270327,1.046e-25
1602.270796,4.49e-25
1602.271415,4.8210000000000004e-21
1602.272998,1.824e-25
1602.273757,8.082e-25
1602.275554,1.583e-25
1602.280123,1.3230000000000002e-26
1602.282537,1.34e-23
1602.291391,4.598e-24
1602.294452,1.094e-19
1602.294816,2.2e-22
1602.295571,1.028e-22
1602.295604,1.165e-19
1602.298634,9.769e-23
1602.301939,4.087e-24
1602.303655,1.464e-26
1602.315438,1.824e-24
1602.31595,1.3520000000000002e-26
1602.321129,2.591e-23
1602.323526,1.07e-24
1602.32435,2.541e-23
1602.325199,1.5590000000000002e-25
1602.326889,1.043e-24
1602.33199,5.8e-21
1602.33242,1.813e-25
1602.33358,9.996e-26
1602.341786,1.053e-25
1602.347525,2.115e-25
1602.35588,5.477e-21
1602.356712,5.868e-25
1602.362956,2.6070000000000004e-26
1602.363974,4.607e-24
1602.369943,1.071e-25
1602.372812,5.751e-25
1602.374435,2.565e-26
1602.374851,4.744e-24
1602.37912,1.5489999999999998e-22
1602.379243,6.648e-23
1602.380864,2.5180000000000003e-26
1602.381998,6.377e-23
1602.383345,1.48e-22
1602.386825,1.173e-22
1602.387002,1.5590000000000002e-25
1602.388973,1.28e-25
1602.390266,7.917000000000001e-25
1602.39031,1.1119999999999998e-22
1602.39238,7.72e-25
1602.396434,2.0760000000000003e-26
1602.39929,4.580999999999999e-22
1602.401888,2.626e-22
1602.402075,8.66e-25
1602.403569,8.885e-25
1602.408702,2.561e-22
1602.40989,6.608e-21
1602.410915,5.674000000000001e-26
1602.421702,1.959e-24
1602.429662,5.073e-24
1602.429773,2.248e-25
1602.435539,6.217e-21
1602.444202,5.888e-25
1602.444714,2.616e-25
1602.4499,4.441e-23
1602.450701,1.218e-25
1602.451279,1.098e-26
1602.45747,9.145e-24
1602.461436,4.294e-23
1602.465325,7.804e-23
1602.466208,5.968000000000001e-25
1602.466294,2.173e-26
1602.469725,3.606e-24
1602.470288,8.888e-24
1602.47441,7.515e-23
1602.47743,1.782e-25
1602.482034,1.831e-22
1602.48274,7.530000000000001e-21
1602.484366,3.5159999999999996e-24
1602.487973,1.6029999999999998e-23
1602.48935,2.296e-25
1602.490376,1.337e-22
1602.492384,2.246e-25
1602.493933,1.2639999999999998e-22
1602.494372,1.5459999999999998e-23
1602.496022,1.745e-25
1602.503016,1.979e-23
1602.504058,8.046e-24
1602.508375,4.407e-22
1602.508664,2.81e-25
1602.510427,7.056e-21
1602.513311,1.599e-24
1602.517434,1.132e-24
1602.518988,7.84e-24
1602.52046,1.891e-22
1602.521465,1.114e-24
1602.522606,4.979e-23
1602.523104,1.803e-22
1602.524506,7.768e-20
1602.529446,8.354000000000001e-20
1602.533859,2.289e-24
1602.5349,6.698e-25
1602.539372,7.527e-24
1602.546105,1.327e-25
1602.547938,3.279e-23
1602.549326,2.613e-25
1602.55051,8.589e-21
1602.55227,2.756e-24
1602.554169,2.364e-24
1602.554537,3.253e-25
1602.554563,9.334e-25
1602.554917,6.308e-24
1602.556061,3.166e-23
1602.558359,9.099e-25
1602.559581,1.7749999999999997e-22
1602.5601,2.099e-25
1602.565303,7.273e-24
1602.566678,2.562e-25
1602.569179,2.309e-24
1602.572335,1.786e-23
1602.575908,1.5239999999999998e-22
1602.575979,4.812e-23
1602.576643,2.678e-24
1602.576646,6.568000000000001e-25
1602.579845,1.4349999999999998e-22
1602.580589,8.009e-21
1602.581007,3.637e-23
1602.581184,3.25e-23
1602.583504,2.754e-24
1602.58388,6.246e-26
1602.584513,3.186e-23
1602.585915,4.3820000000000006e-26
1602.588788,3.481e-23
1602.590296,3.542e-25
1602.594612,3.155e-22
1602.594914,4.837e-25
1602.597131,4.723e-25
1602.601661,3.075e-22
1602.604295,2.869e-23
1602.608461,4.781e-25
1602.609063,2.124e-22
1602.610464,2.92e-20
1602.613155,9.813e-21
1602.613531,4.854e-25
1602.614381,3.611e-24
1602.614787,1.303e-24
1602.62027,1.503e-22
1602.622266,1.7949999999999998e-22
1602.623194,1.7119999999999997e-22
1602.624009,5.525e-24
1602.628245,2.478e-24
1602.629033,2.729e-23
1602.630091,2.008e-25
1602.631506,1.529e-25
1602.637174,5.7099999999999996e-24
1602.637351,8.577000000000001e-26
1602.638223,3.259e-20
1602.63933,4.977e-23
1602.64248,4.898e-23
1602.644956,2.435e-24
1602.646093,9.1e-21
1602.647088,4.072e-25
1602.647766,9.825e-26
1602.648011,4.714e-23
1602.650039,2.332e-24
1602.653048,1.1490000000000002e-26
1602.654902,2.708e-24
1602.657087,3.529e-24
1602.657971,9.765e-26
1602.659674,4.513e-25
1602.662634,8.311000000000001e-26
1602.664985,1.7349999999999998e-22
1602.665965,2.133e-22
1602.667619,8.145000000000001e-26
1602.668723,1.155e-22
1602.669124,1.6279999999999998e-22
1602.67011,1.529e-23
1602.670612,1.124e-20
1602.675026,1.1079999999999998e-22
1602.678133,7.859e-24
1602.684398,1.329e-25
1602.686796,1.297e-25
1602.692867,3.629e-24
1602.694518,2.038e-23
1602.697749,4.853e-23
1602.702277,3.779e-26
1602.702444,2.286e-25
1602.707038,1.036e-20
1602.707894,1.979e-23
1602.708793,5.891000000000001e-26
1602.711563,1.063e-24
1602.712842,2.321e-22
1602.712973,1.327e-25
1602.716278,1.488e-23
1602.720856,1.063e-25
1602.722783,1.293e-20
1602.724682,1.736e-24
1602.726705,5.82e-25
1602.7271,1.01e-25
1602.727372,6.641999999999999e-22
1602.727545,1.04e-24
1602.732219,9.717e-20
1602.735145,1.039e-19
1602.737466,1.149e-19
1602.739615,1.224e-19
1602.741519,6.882999999999999e-23
1602.742573,1.977e-22
1602.743813,5.137e-25
1602.744443,1.135e-22
1602.745571,1.67e-25
1602.747106,1.846e-22
1602.747673,2.02e-22
1602.749512,9.685e-22
1602.750988,6.339999999999999e-23
1602.754036,2.2700000000000003e-22
1602.763587,1.182e-20
1602.769506,1.4960000000000002e-20
1602.770777,1.11e-25
1602.776541,7.256000000000001e-26
1602.78221,3.778e-22
1602.784439,7.617e-25
1602.787273,1.371e-25
1602.788323,6.835e-23
1602.789506,3.68e-22
1602.789802,1.19e-22
1602.792105,5.319e-20
1602.792979,1.053e-25
1602.793053,5.153e-23
1602.797288,1.766e-22
1602.799849,9.818e-24
1602.801221,1.6869999999999998e-22
1602.803205,1.087e-23
1602.803326,5.801e-20
1602.805947,3.696e-24
1602.806877,1.916e-25
1602.810501,1.7440000000000002e-20
1602.816023,1.354e-20
1602.818902,2.254e-22
1602.823768,2.094e-22
1602.827771,4.253e-25
1602.829199,1.376e-22
1602.830005,6.539e-25
1602.834251,5.1540000000000004e-21
1602.835777,4.06e-23
1602.836306,1.683e-26
1602.836826,1.015e-24
1602.839221,3.979e-23
1602.844634,1.065e-23
1602.846418,6.532e-24
1602.847453,1.77e-25
1602.852419,1.1409999999999998e-22
1602.861848,6.777e-24
1602.864697,6.585999999999999e-22
1602.864905,1.559e-20
1602.879845,2.809e-22
1602.880495,2.294e-23
1602.880707,1.381e-24
1602.886679,1.414e-25
1602.887116,3.05e-25
1602.887181,2.575e-22
1602.892515,2.378e-22
1602.895384,7.613e-23
1602.896895,2.479e-23
1602.89787,6.952e-23
1602.912397,7.329e-25
1602.915965,8.413000000000001e-25
1602.91696,1.932e-24
1602.91785,2.105e-26
1602.920745,1.2299999999999998e-23
1602.922453,2.67e-23
1602.924036,2.067e-26
1602.933746,7.155e-25
1602.940211,2.096e-25
1602.943619,2.797e-24
1602.944351,1.209e-23
1602.946712,6.274e-21
1602.947662,3.873e-23
1602.951767,2.9489999999999995e-22
1602.953484,1.707e-25
1602.954222,6.295e-23
1602.957594,2.705e-22
1602.958012,6.049e-23
1602.959478,4.239e-24
1602.961446,6.838e-24
1602.964199,1.124e-25
1602.964686,4.509e-22
1602.966044,9.832e-25
1602.966188,9.581e-25
1602.967392,1.431e-26
1602.968182,1.37e-25
1602.970021,3.591e-23
1602.972229,4.949e-25
1602.972243,4.387999999999999e-22
1602.97363,1.3639999999999998e-23
1602.97679,2.397e-25
1602.977729,5.770999999999999e-23
1602.987685,6.479000000000001e-26
1602.98781,4.853e-25
1602.988969,4.797e-23
1602.99094,2.618e-22
1602.992551,2.075e-22
1602.993116,5.383999999999999e-23
1602.995256,1.096e-24
1602.99532,4.572e-23
1602.996604,9.362e-26
1603.004075,7.769e-23
1603.006783,7.449999999999999e-23
1603.008672,1.29e-23
1603.00994,3.391e-22
1603.010897,1.8000000000000001e-22
1603.013538,5.235e-25
1603.016113,8.023999999999999e-23
1603.016393,3.085e-22
1603.017226,4.8039999999999996e-24
1603.017562,7.323e-23
1603.028754,6.283999999999999e-22
1603.034851,3.185e-25
1603.035531,1.029e-24
1603.0417,1.547e-23
1603.04428,2.2420000000000003e-26
1603.063058,1.236e-26
1603.063302,3.922e-22
1603.06572,1.953e-25
1603.068694,1.912e-25
1603.070492,3.533e-22
1603.071238,7.515e-24
1603.072535,1.449e-24
1603.085229,5.055e-23
1603.08879,4.951e-23
1603.089702,7.834e-24
1603.097817,5.045e-24
1603.098132,1.262e-26
1603.107626,5.9810000000000005e-25
1603.108815,4.921e-26
1603.110915,4.572e-22
1603.111108,3.172e-24
1603.116407,8.201999999999999e-24
1603.11904,4.067e-22
1603.121314,1.532e-25
1603.124518,7.359e-23
1603.125297,3.094e-24
1603.125457,4.085e-23
1603.125933,2.008e-24
1603.126169,7.058e-23
1603.128772,7.978e-24
1603.130053,2.626e-25
1603.131773,6.107e-25
1603.136445,3.954e-23
1603.139186,1.501e-25
1603.141219,2.994e-25
1603.142044,5.363999999999999e-22
1603.143937,2.196e-24
1603.145626,1.9509999999999998e-24
1603.146069,7.113e-24
1603.148847,2.194e-25
1603.149875,5.215999999999999e-22
1603.152616,1.117e-25
1603.153238,5.389e-22
1603.153399,1.456e-23
1603.157794,8.439e-25
1603.15838,7.292999999999999e-23
1603.159931,1.406e-23
1603.160427,6.935e-24
1603.161849,8.572e-25
1603.1623,9.307e-26
1603.16256,4.719e-22
1603.163868,1.952e-23
1603.1658,2.152e-25
1603.166986,7.032e-23
1603.176293,2.039e-24
1603.17851,4.741999999999999e-22
1603.189974,6.450999999999999e-22
1603.190729,1.992e-24
1603.19648,1.136e-25
1603.200912,5.534e-22
1603.202258,1.506e-25
1603.216835,2.683e-24
1603.219469,1.4759999999999998e-22
1603.221141,7.898e-22
1603.221338,6.943e-26
1603.221863,1.371e-25
1603.222054,1.413e-22
1603.226109,6.806000000000001e-26
1603.226861,2.1459999999999998e-24
1603.230399,2.501e-24
1603.23439,6.585999999999999e-22
1603.235855,3.031e-23
1603.238237,7.018e-24
1603.23884,4.819e-25
1603.243646,2.929e-23
1603.246504,9.999e-22
1603.253629,2.432e-24
1603.25436,8.157000000000001e-26
1603.254595,4.736e-23
1603.25517,2.221e-24
1603.255596,1.144e-25
1603.256272,1.282e-25
1603.256805,1.853e-24
1603.257499,1.7619999999999998e-22
1603.26275,6.788e-24
1603.263421,7.996999999999999e-22
1603.263612,5.765e-25
1603.264642,8.499e-24
1603.265609,1.3360000000000001e-21
1603.268535,1.952e-24
1603.271951,1.92e-24
1603.278009,4.565999999999999e-22
1603.28615,8.904e-24
1603.286336,3.788e-24
1603.288805,2.472e-23
1603.289697,9.943e-22
1603.296636,1.914e-23
1603.300131,3.734e-25
1603.303947,5.6550000000000005e-25
1603.304771,4.582e-23
1603.314285,6.36e-22
1603.315128,3.2840000000000003e-25
1603.322407,6.179e-22
1603.323909,9.762e-26
1603.328854,4.161e-25
1603.329299,6.27e-23
1603.329556,4.065e-25
1603.329781,3.203e-24
1603.32997,1.71e-22
1603.330859,4.575e-23
1603.331374,9.135e-25
1603.331975,6.278999999999999e-23
1603.332234,1.892e-23
1603.332983,6.139e-23
1603.334504,7.161e-23
1603.336286,4.409e-23
1603.33718,5.952e-23
1603.337678,6.878e-23
1603.338419,2.81e-23
1603.339756,1.822e-23
1603.345247,1.427e-25
1603.346932,8.939e-25
1603.352128,1.837e-23
1603.355415,7.75e-26
1603.356087,1.3210000000000002e-25
1603.35632,5.52e-24
1603.360764,8.566e-26
1603.361241,2.68e-23
1603.363442,1.576e-26
1603.364942,1.7849999999999998e-23
1603.367216,7.91e-26
1603.370817,3.132e-24
1603.371998,1.104e-24
1603.378555,1.091e-22
1603.379828,2.539e-24
1603.380341,1.636e-24
1603.384393,1.048e-22
1603.387179,7.98e-23
1603.388273,1.401e-23
1603.391637,7.341e-23
1603.401588,1.7279999999999998e-23
1603.403468,2.635e-25
1603.408835,2.8750000000000005e-26
1603.41866,3.141e-23
1603.429439,8.363e-24
1603.432264,1.3639999999999998e-23
1603.43602,2.2400000000000002e-22
1603.436838,1.622e-26
1603.437424,4.577e-23
1603.437668,7.557e-20
1603.438185,3.725e-24
1603.441494,3.24e-25
1603.443478,2.753e-22
1603.443481,8.174000000000001e-20
1603.448737,2.51e-24
1603.44951,3.3030000000000003e-25
1603.452964,9.353e-24
1603.453066,3.3280000000000006e-26
1603.45349,4.652000000000001e-25
1603.455491,1.72e-26
1603.455783,3.666e-24
1603.459142,1.2489999999999998e-22
1603.46144,1.6890000000000002e-26
1603.468541,1.086e-24
1603.478008,9.847e-24
1603.481413,7.515999999999999e-22
1603.485804,2.9939999999999995e-22
1603.489842,7.296999999999999e-22
1603.492519,4.465e-23
1603.494503,7.45e-25
1603.495472,4.099e-25
1603.496213,2.502e-20
1603.496497,7.516000000000001e-25
1603.497878,1.6160000000000002e-26
1603.500115,2.025e-25
1603.508958,2.126e-22
1603.509388,1.049e-25
1603.510079,1.214e-22
1603.511181,1.3249999999999998e-23
1603.515975,1.026e-26
1603.526698,1.569e-25
1603.527721,5.303000000000001e-25
1603.532021,2.414e-22
1603.532928,2.836e-20
1603.534753,7.107e-23
1603.538204,1.177e-22
1603.542778,6.587e-23
1603.549607,5.375e-25
1603.549649,5.868999999999999e-22
1603.556514,3.995e-23
1603.557316,1.5999999999999998e-25
1603.557916,1.094e-25
1603.55799,2.922e-23
1603.562813,5.9720000000000005e-25
1603.564338,5.833e-25
1603.566293,2.58e-22
1603.568096,3.688e-24
1603.568184,7.748e-23
1603.568294,6.452e-25
1603.571994,7.583e-23
1603.58283,4.155e-25
1603.588769,6.3030000000000005e-25
1603.589301,1.108e-19
1603.592325,1.185e-19
1603.595991,1.13e-22
1603.596818,2.521e-22
1603.597255,2.863e-23
1603.597918,4.076e-25
1603.601255,5.789e-25
1603.601682,1.509e-25
1603.61303,2.188e-23
1603.615671,1.014e-23
1603.617357,8.176999999999999e-23
1603.618567,2.379e-23
1603.621701,7.699e-23
1603.621874,2.001e-24
1603.623035,7.206999999999999e-23
1603.624932,1.3840000000000002e-26
1603.625256,5.107e-23
1603.62691,9.589e-20
1603.629791,1.031e-19
1603.631398,3.931e-25
1603.631981,2.172e-24
1603.634324,2.023e-25
1603.634943,2.5060000000000003e-25
1603.635189,3.072e-25
1603.637376,2.227e-25
1603.64343,8.855e-22
1603.644111,1.073e-23
1603.644257,4.663e-23
1603.646596,2.136e-24
1603.651219,1.032e-26
1603.652103,1.653e-25
1603.652184,8.588e-22
1603.654721,1.618e-25
1603.65493,2.575e-22
1603.65589,2.719e-23
1603.659106,1.256e-25
1603.659283,8.040999999999999e-22
1603.663404,6.58e-25
1603.664989,2.521e-25
1603.665146,6.743e-25
1603.670768,3.242e-22
1603.671123,5.108e-25
1603.672224,9.674e-24
1603.685697,3.757e-24
1603.692879,4.976e-20
1603.693184,7.076e-25
1603.69684,1.299e-23
1603.697052,6.906000000000001e-25
1603.6983,3.4520000000000003e-26
1603.701935,2.276e-23
1603.704251,2.357e-24
1603.706872,5.475e-20
1603.706969,5.063e-23
1603.709704,1.4659999999999999e-24
1603.710801,5.0890000000000006e-26
1603.710813,2.368e-23
1603.710859,3.034e-23
1603.711005,9.477e-24
1603.712873,1.49e-24
1603.714448,2.3420000000000003e-26
1603.717605,3.167e-23
1603.717663,3.454e-26
1603.719744,1.923e-26
1603.726892,2.361e-26
1603.729458,1.233e-23
1603.733576,1.688e-23
1603.740551,1.232e-25
1603.741325,5.862e-23
1603.743042,1.833e-25
1603.743376,7.2e-25
1603.744821,1.751e-23
1603.745309,2.097e-24
1603.747133,2.776e-24
1603.748776,8.951999999999999e-23
1603.752928,4.001e-23
1603.753633,5.1380000000000006e-26
1603.755115,5.493e-23
1603.757078,7.582e-26
1603.757783,4.192e-23
1603.759616,1.7990000000000002e-25
1603.76045,1.31e-25
1603.760901,2.71e-24
1603.764824,3.032e-22
1603.766983,3.432e-23
1603.769962,7.319e-24
1603.77042,1.078e-23
1603.77521,5.774e-26
1603.777642,1.284e-25
1603.778426,4.008e-25
1603.779748,5.662000000000001e-26
1603.781571,3.577e-25
1603.78191,7.124e-24
1603.782668,6.257e-24
1603.783546,3.497e-25
1603.785683,1.4049999999999998e-22
1603.789621,1.348e-22
1603.792819,1.75e-24
1603.795438,3.738e-23
1603.79649,6.105e-24
1603.799274,1.189e-25
1603.800339,1.04e-21
1603.80046,4.2560000000000005e-26
1603.80174,9.541e-23
1603.802079,8.858999999999999e-23
1603.80232,7.678e-22
1603.802392,1.144e-23
1603.804329,4.43e-22
1603.805684,9.334e-23
1603.805865,7.973e-22
1603.80592,3.622e-23
1603.80671,1.71e-24
1603.808322,4.005e-25
1603.809439,1.008e-21
1603.81087,5.886e-23
1603.812835,1.236e-23
1603.813127,1.314e-23
1603.813275,5.663999999999999e-23
1603.814671,7.744e-26
1603.819812,1.271e-23
1603.820595,5.227e-23
1603.823793,5.503e-23
1603.825701,5.203e-24
1603.826669,1.279e-23
1603.827555,2.416e-25
1603.829717,1.146e-25
1603.830712,4.805e-25
1603.839599,1.1490000000000002e-26
1603.842124,6.356e-25
1603.845401,6.777e-23
1603.851965,2.108e-24
1603.852031,1.0629999999999998e-22
1603.853576,6.543e-23
1603.855798,9.925e-23
1603.861857,6.665000000000001e-26
1603.872547,9.924e-25
1603.873883,1.173e-26
1603.876548,6.553e-26
1603.877312,6.318e-23
1603.879799,8.949e-25
1603.880275,3.587e-25
1603.893126,1.19e-25
1603.893494,6.218e-25
1603.902818,5.453e-24
1603.903297,2.257e-24
1603.905632,1.137e-23
1603.906411,6.778e-23
1603.908169,7.177e-23
1603.910671,1.7349999999999998e-22
1603.912593,1.235e-25
1603.91356,1.6609999999999998e-22
1603.916047,2.348e-22
1603.919245,2.786e-23
1603.921455,1.769e-25
1603.92287,6.184e-25
1603.92547,2.197e-24
1603.92672,2.696e-23
1603.931725,6.505e-24
1603.934042,2.18e-24
1603.940857,1.21e-23
1603.94585,7.81e-25
1603.946178,8.93e-24
1603.950343,1.982e-22
1603.952141,1.218e-21
1603.953318,4.818999999999999e-22
1603.954942,6.2989999999999996e-24
1603.955284,1.61e-25
1603.961008,7.647e-25
1603.961609,1.179e-21
1603.962798,9.223e-24
1603.979177,3.3129999999999996e-24
1603.981548,1.88e-25
1603.981851,4.472e-23
1603.982092,3.2569999999999998e-24
1603.987361,1.3990000000000002e-26
1603.989374,4.938e-25
1603.989484,1.2999999999999998e-24
1603.993082,1.3740000000000002e-26
1603.998118,1.002e-25
1604.003233,8.746999999999999e-23
1604.003741,9.33e-23
1604.004212,1.647e-23
1604.007276,4.056e-25
1604.008523,7.9e-25
1604.01046,1.112e-24
1604.010478,1.273e-25
1604.016501,1.6029999999999998e-23
1604.025426,2.8030000000000003e-25
1604.028367,4.846e-25
1604.029154,4.331e-23
1604.029608,1.681e-22
1604.030089,5.971099999999999e-23
1604.033199,1.186e-23
1604.033633,1.184e-25
1604.034169,1.1449999999999998e-22
1604.035754,4.248e-23
1604.038061,9.768e-25
1604.040809,4.1e-23
1604.041464,2.826e-24
1604.042353,1.3859999999999998e-22
1604.044618,4.646e-22
1604.045832,1.2800000000000001e-22
1604.051673,7.440000000000001e-26
1604.06182,1.6429999999999998e-22
1604.062676,1.573e-22
1604.065444,1.024e-22
1604.066057,3.184e-26
1604.066881,2.732e-23
1604.06692,9.687e-25
1604.071121,9.86e-23
1604.071596,1.265e-23
1604.072087,1.535e-25
1604.072788,3.088e-25
1604.080034,7.518e-23
1604.080908,6.039e-25
1604.080934,2.764e-24
1604.08803,2.611e-23
1604.097533,1.6319999999999998e-22
1604.098838,1.4220000000000001e-21
1604.10215,1.276e-23
1604.103806,1.213e-22
1604.104399,1.127e-22
1604.1087,1.375e-21
1604.135282,1.382e-24
1604.135417,4.612e-25
1604.139291,6.366e-24
1604.14018,1.213e-25
1604.144135,1.243e-23
1604.145446,7.296e-25
1604.146708,1.235e-23
1604.151638,1.539e-26
1604.152049,7.46e-25
1604.152343,7.279e-25
1604.158513,1.083e-19
1604.158861,6.562e-24
1604.159355,1.795e-23
1604.159747,1.163e-19
1604.159972,5.364e-25
1604.161754,2.859e-22
1604.16378,1.501e-24
1604.170374,9.806e-25
1604.17379,2.334e-24
1604.174009,1.604e-22
1604.177972,1.5389999999999998e-22
1604.185538,6.894e-23
1604.185942,4.015e-25
1604.187994,1.319e-23
1604.188509,3.4730000000000003e-25
1604.191688,1.485e-24
1604.191881,2.999e-24
1604.193993,1.827e-22
1604.194348,9.911e-23
1604.197498,1.662e-22
1604.197526,2.9190000000000005e-26
1604.200372,2.31e-22
1604.200833,6.099e-25
1604.201237,6.151e-23
1604.202265,1.589e-22
1604.203127,3.408e-25
1604.20387,1.4569999999999998e-22
1604.216181,1.393e-25
1604.218787,1.365e-25
1604.219162,5.6520000000000005e-25
1604.222709,1.002e-25
1604.228389,1.656e-23
1604.230156,1.354e-25
1604.231828,1.612e-24
1604.233201,4.18e-23
1604.23625,1.012e-24
1604.238816,5.524e-25
1604.240329,2.318e-24
1604.240432,1.655e-21
1604.244852,1.456e-24
1604.246045,1.083e-24
1604.246162,7.996e-25
1604.247671,1.023e-25
1604.24961,1.785e-25
1604.250715,1.598e-21
1604.253145,1.4309999999999998e-22
1604.253958,1.282e-23
1604.254178,1.718e-24
1604.254233,3.802e-22
1604.257369,1.399e-22
1604.260696,2.506e-24
1604.261595,1.393e-26
1604.263097,2.548e-24
1604.266081,2.198e-22
1604.274716,1.326e-26
1604.275465,1.988e-23
1604.27735,7.265e-23
1604.277884,1.02e-25
1604.281471,1.153e-22
1604.284726,2.677e-23
1604.284915,6.769e-23
1604.285241,4.081e-23
1604.29372,2.114e-22
1604.293886,2.178e-24
1604.296344,1.903e-22
1604.298011,1.37e-23
1604.304689,3.45e-24
1604.31185,2.465e-22
1604.313599,1.137e-23
1604.31535,2.321e-24
1604.315769,2.191e-22
1604.319705,1.901e-23
1604.321017,5.904e-24
1604.322087,4.78e-26
1604.324825,1.063e-25
1604.326428,4.69e-26
1604.327739,1.216e-24
1604.331896,1.525e-25
1604.335055,1.1079999999999998e-22
1604.338041,1.995e-24
1604.342089,2.294e-24
1604.342112,5.518e-23
1604.344945,7.258e-20
1604.345739,5.316999999999999e-23
1604.34811,1.497e-25
1604.351275,1.333e-23
1604.351438,2.435e-23
1604.351888,7.905000000000001e-20
1604.353814,1.496e-24
1604.367045,2.137e-24
1604.373531,2.906e-22
1604.373736,3.4919999999999995e-22
1604.373959,2.0090000000000003e-20
1604.375611,6.885e-23
1604.375759,2.324e-22
1604.376924,1.922e-21
1604.377357,2.542e-22
1604.37779,2.419e-24
1604.378491,6.624e-23
1604.382767,2.132e-24
1604.384748,2.742e-23
1604.387659,1.853e-21
1604.389328,1.644e-26
1604.391161,2.363e-24
1604.394837,1.116e-25
1604.396933,4.475e-24
1604.397892,1.425e-23
1604.399963,3.479e-22
1604.403709,1.494e-24
1604.404889,2.98e-22
1604.411385,1.094e-25
1604.413849,5.477e-24
1604.414489,1.229e-23
1604.414537,1.572e-24
1604.417086,1.4609999999999999e-24
1604.418123,6.499e-24
1604.419568,4.606e-24
1604.424075,1.114e-25
1604.424248,2.3270000000000003e-20
1604.425119,3.6e-25
1604.427167,5.347e-24
1604.429684,6.331e-24
1604.431875,1.699e-24
1604.437806,4.26e-22
1604.440444,1.994e-24
1604.442011,3.712e-24
1604.443437,3.545e-22
1604.443631,1.3849999999999998e-23
1604.444908,1.1699999999999998e-23
1604.447796,9.191e-22
1604.450624,2.746e-22
1604.454115,1.172e-25
1604.45486,3.593e-22
1604.456067,3.511e-24
1604.457002,3.143e-24
1604.459773,2.351e-25
1604.459792,3.402e-23
1604.461372,5.393999999999999e-22
1604.464224,8.144e-23
1604.464829,5.422e-26
1604.466046,7.541999999999999e-23
1604.467122,1.179e-23
1604.468587,4.303e-22
1604.469507,5.587e-25
1604.469808,3.3e-23
1604.470633,1.4620000000000002e-26
1604.470981,1.744e-22
1604.471772,5.792e-25
1604.47376,2.6619999999999998e-24
1604.47398,1.143e-23
1604.475355,1.703e-22
1604.479082,5.332000000000001e-26
1604.480688,1.507e-24
1604.481184,3.469e-24
1604.483187,7.205999999999999e-22
1604.487112,3.67e-26
1604.491359,2.071e-24
1604.492726,1.482e-23
1604.492804,5.364999999999999e-22
1604.497423,1.058e-21
1604.498299,5.897999999999999e-23
1604.500162,4.86e-24
1604.501624,5.653e-26
1604.505363,1.101e-25
1604.508315,2.225e-21
1604.510117,5.764e-26
1604.510781,5.549e-23
1604.51286,6.832999999999999e-22
1604.513411,1.133e-26
1604.518566,2.517e-26
1604.518908,1.113e-26
1604.519537,2.1430000000000002e-21
1604.523371,1.671e-24
1604.527696,6.263e-23
1604.528848,1.444e-23
1604.53521,6.501999999999999e-23
1604.535462,6.053999999999999e-23
1604.535993,3.371e-22
1604.536894,6.255999999999999e-23
1604.537583,3.047e-25
1604.537798,2.98e-25
1604.539435,8.557e-24
1604.543401,6.145e-24
1604.54785,3.012e-22
1604.548946,1.207e-25
1604.553469,8.575999999999999e-23
1604.554966,7.937999999999999e-23
1604.554975,6.6470000000000005e-25
1604.559701,6.088e-24
1604.560226,7.973e-24
1604.561547,9.373000000000001e-20
1604.564478,3.781e-24
1604.565111,1.013e-19
1604.565855,2.275e-25
1604.56882,1.136e-19
1604.569755,6.511e-25
1604.569987,2.087e-22
1604.570267,2.382e-25
1604.570845,1.22e-19
1604.570961,2.026e-24
1604.574177,8.786e-22
1604.574179,3.322e-24
1604.575755,8.386e-24
1604.575889,2.451e-25
1604.580307,1.544e-23
1604.587592,2.628e-26
1604.587806,4.552e-20
1604.592154,1.973e-24
1604.593281,2.941e-22
1604.596268,5.632999999999999e-22
1604.596301,2.548e-23
1604.603505,2.468e-23
1604.604029,4.744e-25
1604.605615,5.064e-20
1604.610039,1.506e-23
1604.616359,1.418e-23
1604.617684,9.354e-25
1604.619852,5.9939999999999996e-24
1604.620365,5.286e-24
1604.625734,1.054e-26
1604.625778,4.809e-25
1604.628311,9.739e-23
1604.629302,1.867e-24
1604.631744,5.559e-24
1604.632355,1.894e-24
1604.634605,2.57e-21
1604.634931,3.476e-24
1604.639511,4.3680000000000005e-25
1604.64082,8.372e-23
1604.641863,5.811e-24
1604.64357,5.2299999999999995e-24
1604.645047,1.863e-24
1604.646354,2.471e-21
1604.65076,1.47e-23
1604.651447,1.416e-24
1604.651933,1.322e-22
1604.652387,5.534e-24
1604.653999,1.27e-22
1604.654906,5.437e-24
1604.657715,1.042e-25
1604.659393,1.075e-26
1604.66256,1.431e-23
1604.663828,1.61e-23
1604.668126,4.155e-24
1604.683551,2.117e-22
1604.685909,1.574e-23
1604.686785,4.546e-25
1604.688081,2.066e-22
1604.691265,2.785e-23
1604.695516,9.365e-25
1604.70255,6.29e-23
1604.704387,4.194e-23
1604.705625,5.815e-24
1604.70572,6.059e-23
1604.709254,3.925e-23
1604.709605,4.326000000000001e-25
1604.70975,4.416e-25
1604.710092,4.638000000000001e-25
1604.712184,4.209e-25
1604.71299,1.065e-26
1604.71429,3.793e-23
1604.722848,3.103e-24
1604.723824,4.823e-22
1604.739989,2.34e-24
1604.741984,1.683e-23
1604.748595,3.1879999999999998e-24
1604.749095,4.066e-23
1604.749428,2.48e-24
1604.749897,4.132e-25
1604.755392,5.213e-24
1604.755795,2.961e-21
1604.757047,6.452000000000001e-26
1604.758385,1.646e-23
1604.768114,2.843e-21
1604.768221,9.565e-23
1604.773438,9.219e-23
1604.773675,2.313e-24
1604.77984,7.757e-24
1604.787425,2.427e-24
1604.788164,1.095e-26
1604.78926,2.889e-25
1604.789695,2.637e-23
1604.794872,1.168e-25
1604.797084,1.144e-25
1604.798378,1.589e-22
1604.798465,1.449e-26
1604.800792,7.689999999999999e-24
1604.803429,2.836e-25
1604.805941,5.268e-25
1604.807632,4.216e-24
1604.808037,4.654999999999999e-22
1604.809367,4.29e-24
1604.809369,2.525e-23
1604.809882,5.146e-25
1604.811742,1.156e-23
1604.815935,5.613e-23
1604.816754,1.761e-23
1604.819013,5.347e-22
1604.819044,1.022e-25
1604.826715,1.724e-23
1604.831556,2.485e-24
1604.83572,6.565e-24
1604.838434,2.655e-22
1604.851872,1.127e-23
1604.862212,1.5449999999999997e-22
1604.864471,3.94e-26
1604.864995,4.927e-25
1604.868588,3.867e-26
1604.871883,3.404e-21
1604.883878,4.818e-25
1604.884824,3.262e-21
1604.887388,1.844e-23
1604.890897,2.561e-22
1604.892083,1.806e-23
1604.89559,2.498e-22
1604.896255,8.384999999999999e-23
1604.897737,2.13e-22
1604.899456,4.905e-25
1604.900258,7.806e-23
1604.901323,5.0190000000000005e-25
1604.908792,8.307e-24
1604.913375,1.246e-25
1604.913915,2.864e-24
1604.915389,1.263e-25
1604.917611,1.256e-26
1604.919644,2.045e-25
1604.922148,1.891e-24
1604.926023,2.934e-24
1604.927119,3.242e-22
1604.931262,1.24e-25
1604.935837,2.548e-26
1604.938344,1.188e-25
1604.944246,2.597e-25
1604.946,2.541e-25
1604.953408,1.5119999999999998e-22
1604.954071,1.892e-23
1604.955105,1.932e-23
1604.959165,2.349e-22
1604.960202,1.121e-23
1604.962997,1.2079999999999998e-22
1604.96539,2.139e-24
1604.974214,1.058e-23
1604.978628,1.249e-25
1604.97876,1.115e-23
1604.982868,3.906e-21
1604.984342,1.691e-23
1604.986613,8.197000000000001e-25
1604.990383,4.3489999999999996e-24
1604.99649,3.735e-21
1605.003064,2.097e-24
1605.004284,1.236e-25
1605.004997,1.142e-25
1605.008906,1.2699999999999999e-24
1605.013402,1.983e-23
1605.016063,2.049e-24
1605.018823,2.239e-22
1605.019493,2.026e-23
1605.019645,1.1189999999999998e-22
1605.020581,1.881e-24
1605.021793,1.243e-24
1605.023712,1.278e-25
1605.026638,3.793e-23
1605.029666,2.134e-24
1605.031487,1.3559999999999998e-23
1605.039601,4.772e-24
1605.0406,1.887e-22
1605.041121,2.4880000000000003e-25
1605.046222,1.583e-25
1605.050149,3.549e-24
1605.052444,4.661e-24
1605.052587,4.451e-23
1605.052808,1.574e-23
1605.053104,1.4e-26
1605.055657,4.681e-22
1605.060882,5.743e-24
1605.063267,4.3910000000000007e-26
1605.065836,1e-25
1605.06954,1.077e-22
1605.069862,2.076e-23
1605.069951,1.547e-24
1605.071394,7.349e-23
1605.072082,5.598e-24
1605.075859,3.705e-23
1605.077101,4.3190000000000005e-26
1605.077724,6.879e-23
1605.079123,2.463e-23
1605.07997,1.755e-23
1605.0813,2.123e-23
1605.088748,4.472e-21
1605.089171,4.361e-23
1605.090496,1.419e-25
1605.091291,1.224e-25
1605.092994,3.087e-22
1605.094867,1.904e-23
1605.096162,3.644e-24
1605.096776,1.862e-26
1605.097858,3.01e-22
1605.103119,4.267e-21
1605.105843,1.6949999999999998e-22
1605.108933,2.739e-23
1605.109497,1.2009999999999998e-22
1605.111553,1.042e-25
1605.115219,1.052e-23
1605.115355,1.115e-25
1605.118574,3.081e-23
1605.118827,2.297e-23
1605.119733,2.121e-24
1605.122275,1.021e-23
1605.123478,1.964e-23
1605.12389,2.171e-23
1605.126628,1.156e-23
1605.128157,2.991e-23
1605.131868,1.277e-22
1605.138836,1.5769999999999998e-23
1605.140323,2.224e-23
1605.146941,3.048e-23
1605.148057,8.1e-23
1605.148527,2.176e-24
1605.152554,4.319e-22
1605.153697,1.644e-22
1605.154915,1.574e-23
1605.155044,1.103e-23
1605.158735,5.631000000000001e-25
1605.160548,2.969e-22
1605.162785,4.117e-23
1605.164207,5.689e-23
1605.167209,3.1540000000000004e-26
1605.167816,1.2449999999999998e-22
1605.168253,1.924e-22
1605.169045,1.266e-25
1605.169649,1.885e-23
1605.171536,1.198e-22
1605.173157,5.518e-25
1605.175389,2.268e-23
1605.182528,4.401e-24
1605.185443,1.251e-24
1605.185855,1.575e-25
1605.186071,1.132e-25
1605.186828,8.976e-26
1605.189521,5.112e-21
1605.192118,4.83e-24
1605.196714,1.436e-25
1605.197021,2.328e-23
1605.202633,4.24e-22
1605.203587,5.757e-23
1605.204719,4.867e-21
1605.208594,1.147e-25
1605.209754,3.272e-25
1605.210992,5.571e-23
1605.223358,5.096e-23
1605.224625,2.365e-23
1605.225467,4.917e-23
1605.230704,1.007e-21
1605.232604,3.868e-22
1605.233387,1.81e-24
1605.233933,2.457e-23
1605.241049,1.4330000000000003e-20
1605.246993,6.868000000000001e-20
1605.25131,2.434e-23
1605.25146,5.883e-23
1605.253667,1.764e-24
1605.255454,7.543e-20
1605.262801,5.553e-23
1605.262967,9.793e-26
1605.269099,5.354999999999999e-22
1605.269288,2.318e-23
1605.271567,2.462e-23
1605.27197,1.555e-22
1605.273562,2.149e-22
1605.275119,1.4929999999999997e-22
1605.276231,2.248e-23
1605.282147,1.218e-25
1605.285181,5.836e-21
1605.289868,3.709e-22
1605.290113,1.949e-26
1605.290843,9.101e-24
1605.291767,1.305e-23
1605.293058,8.937e-24
1605.29491,3.613e-22
1605.301299,5.541e-21
1605.302329,5.487e-24
1605.30311,1.272e-23
1605.303479,2.541e-23
1605.303642,3.641e-22
1605.307154,5.556e-25
1605.307628,5.427e-25
1605.311231,5.463e-24
1605.313405,1.712e-20
1605.314425,2.544e-24
1605.314595,3.6989999999999996e-24
1605.316374,2.556e-23
1605.317481,6.418e-24
1605.321837,1.224e-25
1605.323497,5.33e-24
1605.333916,2.174e-23
1605.338271,3.814e-22
1605.338711,1.437e-25
1605.34023,2.033e-24
1605.343591,9.637e-22
1605.346307,9.759e-26
1605.347644,2.179e-23
1605.347721,6.984e-24
1605.348561,9.565e-26
1605.348881,7.111e-24
1605.350475,1.464e-25
1605.35351,2.648e-23
1605.359047,2.647e-23
1605.361022,1.499e-22
1605.364888,2.03e-22
1605.365283,4.481e-26
1605.365927,3.1269999999999995e-22
1605.375723,6.655e-21
1605.377027,3.347e-22
1605.382982,1.802e-25
1605.385075,2.393e-25
1605.388064,1.982e-25
1605.392873,6.3e-21
1605.393549,1.072e-19
1605.396678,1.158e-19
1605.398816,2.35e-25
1605.399399,3.233e-26
1605.399682,2.733e-23
1605.39993,1.426e-25
1605.400961,2.5e-24
1605.401589,2.753e-23
1605.403334,3.1740000000000003e-26
1605.404747,7.525e-24
1605.405724,1.034e-21
1605.408429,9.228e-24
1605.408645,3.605e-23
1605.410793,8.843e-23
1605.41329,3.488e-23
1605.422211,3.907e-23
1605.432038,3.57e-25
1605.432318,5.572e-26
1605.434974,3.907e-26
1605.435684,1.329e-25
1605.43588,1.327e-25
1605.436006,1.353e-26
1605.436321,5.865e-24
1605.436475,6.793e-24
1605.43829,2.813e-23
1605.438773,7.379e-24
1605.439539,8.884999999999999e-23
1605.440551,3.937e-25
1605.442314,3.765e-24
1605.444698,8.575e-23
1605.447735,2.856e-23
1605.453671,2.166e-24
1605.454049,9.052e-20
1605.457851,9.85e-20
1605.461139,7.584e-21
1605.461636,1.215e-25
1605.464564,3.791e-23
1605.468529,3.506e-25
1605.474926,2.885e-23
1605.476038,1.4679999999999998e-22
1605.476523,4.045e-20
1605.476855,1.4100000000000001e-22
1605.479364,1.104e-25
1605.479453,7.156e-21
1605.481506,4.44e-22
1605.486736,4.323e-22
1605.488768,1.1630000000000002e-25
1605.490107,4.765e-22
1605.490279,2.121e-24
1605.490549,9.997e-26
1605.492073,2.954e-23
1605.49257,3.347e-22
1605.497731,1.788e-24
1605.499761,4.5630000000000007e-20
1605.505791,4.274e-25
1605.50639,8.709e-25
1605.506744,1.568e-24
1605.506871,2.528e-23
1605.507202,6.1239999999999996e-24
1605.509052,1.022e-25
1605.509601,2.947e-23
1605.51705,1.041e-23
1605.523947,4.181e-25
1605.524395,3.884e-24
1605.525237,2.425e-23
1605.52591,1.425e-22
1605.526025,9.933e-23
1605.527568,2.93e-23
1605.529923,1.37e-22
1605.534292,1.2009999999999998e-22
1605.534642,3.046e-23
1605.539083,2.947e-23
1605.541416,8.64e-21
1605.542343,2.997e-23
1605.54343,2.484e-24
1605.551211,1.179e-26
1605.553574,2.379e-24
1605.55546,1.015e-23
1605.557206,1.013e-23
1605.55852,8.463e-24
1605.561059,8.122e-21
1605.563798,2.257e-25
1605.563825,1.491e-22
1605.568139,4.604e-22
1605.571019,9.946e-24
1605.573153,3.035e-23
1605.575532,3.13e-23
1605.576876,4.5e-25
1605.577422,4.385e-25
1605.585261,2.4880000000000003e-25
1605.588024,1.025e-25
1605.588107,4.029e-26
1605.589262,1.43e-24
1605.589509,9.81e-22
1605.592442,1.7699999999999998e-24
1605.593212,4.105e-26
1605.596874,1.713e-25
1605.602033,3.057e-23
1605.608374,1.0749999999999999e-24
1605.614794,3.205e-23
1605.616541,9.845e-21
1605.62073,1.041e-25
1605.620765,1.4639999999999999e-24
1605.620799,1.052e-24
1605.622942,1.81e-24
1605.623956,1.45e-22
1605.627525,1.652e-25
1605.628971,3.062e-23
1605.629101,1.683e-25
1605.629413,1.643e-24
1605.630862,2.631e-24
1605.635593,1.7699999999999998e-24
1605.637713,9.217e-21
1605.640336,1.616e-24
1605.6525,3.269e-23
1605.653943,3.048e-23
1605.657165,3.5400000000000003e-26
1605.659919,4.137e-24
1605.667924,5.299e-22
1605.668154,2.2150000000000003e-26
1605.670596,3.483e-26
1605.672314,4.044e-24
1605.673351,5.155e-22
1605.673364,4.218e-25
1605.676909,3.014e-23
1605.677688,1.057e-23
1605.686492,1.123e-20
1605.6868,4.433e-24
1605.688708,3.32e-23
1605.694964,4.275e-25
1605.696232,1.582e-25
1605.697811,2.958e-23
1605.698224,5.05e-24
1605.701313,3.3209999999999995e-22
1605.706968,4.732e-23
1605.709088,4.925e-24
1605.709449,1.046e-20
1605.710468,4.572e-23
1605.710858,1.07e-25
1605.711014,1.189e-26
1605.712499,2.358e-22
1605.716566,2.878e-23
1605.721286,5.971e-23
1605.723485,3.355e-23
1605.724331,5.759999999999999e-23
1605.727461,2.144e-25
1605.727734,2.191e-25
1605.731748,8.101e-24
1605.732183,3.881e-23
1605.733057,2.773e-23
1605.739137,2.8220000000000003e-25
1605.741766,3.915e-23
1605.74712,2.642e-23
1605.750173,2.107e-24
1605.75124,1.283e-20
1605.752756,1.077e-22
1605.754515,1.9549999999999998e-24
1605.755636,1.222e-23
1605.756896,3.374e-23
1605.757114,4.748e-25
1605.757391,9.331e-24
1605.758526,2.483e-23
1605.7599,5.963000000000001e-25
1605.761173,2.995e-22
1605.76467,9.064e-24
1605.765594,7.134e-23
1605.766944,2.294e-23
1605.767029,2.252e-22
1605.767114,7.582e-26
1605.76789,1.54e-23
1605.771198,4.655000000000001e-25
1605.771701,2.776e-23
1605.771734,1.394e-25
1605.771886,2.075e-23
1605.772604,1.824e-23
1605.77269,1.7e-25
1605.776312,1.1890000000000002e-20
1605.777477,3.1170000000000004e-25
1605.777777,8.197999999999999e-23
1605.780881,2.697e-23
1605.783471,9.134e-25
1605.789015,3.373e-23
1605.790096,7.376999999999999e-23
1605.791052,7.742000000000001e-26
1605.791833,1.302e-25
1605.794382,1.3249999999999998e-23
1605.796375,6.934e-23
1605.79939,1.038e-22
1605.801637,2.465e-23
1605.807157,1.582e-23
1605.810741,1.47e-20
1605.816619,1.959e-24
1605.817709,3.421e-23
1605.81992,3.351e-23
1605.82455,9.622e-26
1605.827983,3.1510000000000003e-25
1605.828279,1.849e-23
1605.828386,2.712e-23
1605.833305,1.079e-23
1605.835905,2.01e-25
1605.838367,1.3530000000000002e-20
1605.842814,2.702e-26
1605.849116,6.302999999999999e-22
1605.849297,5.412999999999999e-22
1605.8497,3.307e-23
1605.854751,6.126999999999999e-22
1605.85971,2.161e-22
1605.859888,1.033e-23
1605.864322,3.343e-23
1605.864932,1.69e-20
1605.868728,1.001e-25
1605.874872,1.484e-23
1605.87524,5.264e-23
1605.87696,2.896e-22
1605.877085,1.7799999999999998e-23
1605.878461,3.237e-23
1605.878512,1.139e-23
1605.879174,1.16e-23
1605.882288,5.099e-23
1605.890573,1.609e-24
1605.892866,3.852e-25
1605.894059,1.521e-25
1605.895718,1.543e-20
1605.896343,1.457e-24
1605.896883,3.767e-25
1605.896889,1.474e-23
1605.898881,1.446e-23
1605.906208,1.336e-25
1605.906327,3.141e-23
1605.908985,3.524e-25
1605.909105,1.666e-23
1605.910001,1.569e-24
1605.913712,1.955e-20
1605.917958,8.104000000000001e-26
1605.919768,7.947e-26
1605.921275,5.617999999999999e-23
1605.923014,5.42e-23
1605.927224,1.153e-23
1605.929564,2.3790000000000003e-26
1605.930136,5.018e-22
1605.930281,2.6410000000000004e-26
1605.933455,3.017e-23
1605.933995,2.594e-26
1605.934408,5.053e-23
1605.9354,2.098e-23
1605.937567,1.852e-25
1605.938137,1.124e-23
1605.94208,2.036e-23
1605.942262,5.112e-23
1605.948535,1.7680000000000003e-20
1605.956913,2.279e-20
1605.960042,2.862e-23
1605.96473,3.898e-25
1605.975949,1.973e-25
1605.976677,3.947e-24
1605.979824,5.0069999999999996e-24
1605.985944,2.955e-25
1605.986353,2.675e-23
1605.989281,1.938e-25
1605.994224,2.687e-20
1605.997005,5.819999999999999e-23
1605.99713,2.0370000000000003e-20
1605.999832,4.863e-24
1606.001964,1.029e-19
1606.003368,1.119e-19
1606.00431,4.075e-22
1606.007409,5.512e-23
1606.008323,1.07e-21
1606.008406,1.824e-25
1606.00855,3.73e-22
1606.009598,8.372e-23
1606.010967,7.832e-23
1606.012745,2.452e-23
1606.013652,8.670000000000001e-26
1606.01579,3.6989999999999996e-24
1606.016224,5.844999999999999e-22
1606.022505,2.105e-23
1606.025091,7.471999999999999e-22
1606.030946,7.257999999999999e-22
1606.039735,2.191e-23
1606.042159,2.363e-20
1606.048039,5.408e-23
1606.051216,5.223e-23
1606.064781,1.686e-24
1606.065132,8.817e-23
1606.065595,1.157e-22
1606.065648,1.248e-26
1606.065867,3.297e-23
1606.0667,8.246e-23
1606.067194,1.1149999999999998e-22
1606.067274,3.848e-22
1606.068094,1.887e-23
1606.070579,3.192e-23
1606.073316,4.393e-25
1606.074247,7.834e-26
1606.079379,5.351e-23
1606.080869,2.377e-25
1606.082896,1.851e-25
1606.083463,2.302e-25
1606.083543,2.8170000000000003e-25
1606.084442,1.813e-25
1606.090662,7.644000000000001e-21
1606.091143,4.297e-25
1606.091432,1.901e-25
1606.095306,5.975e-23
1606.097832,3.636e-24
1606.099052,1.5329999999999998e-23
1606.109223,3.588e-25
1606.109394,2.483e-26
1606.110076,1.026e-21
1606.111311,3.669e-25
1606.114677,6.742e-24
1606.118556,5.289e-22
1606.131525,4.805e-26
1606.132148,9.505e-25
1606.134737,1.117e-23
1606.135329,3.617e-23
1606.135428,2.672e-23
1606.136729,8.205e-23
1606.141403,7.928999999999999e-23
1606.141545,3.69e-25
1606.142618,6.492999999999999e-23
1606.143221,6.385e-20
1606.147051,4.867e-25
1606.148933,3.014e-25
1606.149023,6.585e-23
1606.15375,7.084000000000001e-20
1606.154189,1.8819999999999998e-24
1606.155992,1.663e-24
1606.159015,3.611e-25
1606.164873,9.688e-25
1606.172808,1.937e-24
1606.175536,3.513e-23
1606.17689,1.092e-26
1606.179256,6.191e-24
1606.184254,2.9610000000000003e-25
1606.18501,2.185e-25
1606.185826,3.648e-24
1606.189485,1.843e-24
1606.195848,8.83e-22
1606.201935,8.568999999999999e-22
1606.20204,9.048e-25
1606.203026,9.605e-21
1606.206463,1.424e-21
1606.214022,8.858e-25
1606.218072,9.318e-24
1606.218415,2.408e-23
1606.224481,1.001e-23
1606.232108,5.472e-25
1606.234339,3.523e-25
1606.235611,2.313e-23
1606.237413,1.554e-24
1606.238043,6.1159999999999996e-24
1606.246515,2.8420000000000003e-26
1606.249001,3.412e-23
1606.249734,1.521e-24
1606.252228,4.653999999999999e-22
1606.254882,9.096e-24
1606.259558,2.7970000000000005e-26
1606.268069,6.581e-24
1606.274788,3.57e-24
1606.278006,3.568e-22
1606.27989,3.383e-25
1606.286758,3.491e-24
1606.299951,6.456e-24
1606.302504,3.4480000000000003e-25
1606.306105,6.3759999999999996e-24
1606.306575,8.012e-25
1606.310893,2.774e-25
1606.319224,3.697e-24
1606.324466,6.066e-25
1606.324826,4.501e-22
1606.325957,1.388e-22
1606.330141,4.419e-24
1606.333859,4.483e-22
1606.336109,2.241e-22
1606.340689,4.313e-24
1606.344837,2.611e-24
1606.347464,8.245e-23
1606.350097,3.986e-25
1606.35259,8.379e-23
1606.35836,3.449e-20
1606.361392,1.04e-21
1606.362045,1.352e-21
1606.363166,1.006e-26
1606.363861,3.909e-25
1606.3641,3.927e-22
1606.364767,4.384e-23
1606.367725,1.0090000000000001e-21
1606.370002,8.632000000000001e-20
1606.374687,9.468e-20
1606.378574,1.662e-23
1606.381279,1.005e-25
1606.38161,1.08e-19
1606.382231,8.499e-23
1606.382722,1.351e-22
1606.383518,1.175e-19
1606.385328,6.809e-25
1606.385937,7.982e-23
1606.386706,3.923e-24
1606.38967,3.9640000000000005e-20
1606.39339,8.225e-24
1606.397874,1.829e-23
1606.39813,1.864e-23
1606.400926,8.000000000000001e-24
1606.412276,1.593e-25
1606.414301,3.834e-22
1606.417481,2.542e-25
1606.419268,2.488e-23
1606.421564,4.44e-24
1606.424912,6.417999999999999e-23
1606.428072,2.419e-23
1606.428449,2.758e-24
1606.430616,1.604e-23
1606.430792,4.063e-25
1606.431475,3.973e-25
1606.453116,2.148e-26
1606.456347,6.712e-26
1606.456665,2.11e-26
1606.45826,6.584e-26
1606.460446,2.341e-22
1606.465543,6.547999999999999e-23
1606.467119,4.107e-23
1606.472566,2.35e-23
1606.474398,2.305e-23
1606.474418,2.278e-25
1606.479407,1.513e-25
1606.480825,1.028e-22
1606.483894,1.6289999999999998e-23
1606.484902,5.665e-23
1606.486706,4.502e-23
1606.495742,1.5979999999999998e-23
1606.49631,1.214e-25
1606.497009,7.55e-25
1606.510581,2.241e-22
1606.511362,2.3080000000000003e-26
1606.518968,2.443e-23
1606.521724,1.222e-21
1606.524558,9.928e-23
1606.525311,1.079e-22
1606.528318,1.183e-21
1606.528865,1.042e-22
1606.532943,8.468e-25
1606.533288,5.2099999999999996e-24
1606.533645,6.016999999999999e-22
1606.534575,1.002e-23
1606.539922,4.788e-23
1606.541182,1.783e-24
1606.542512,1.422e-24
1606.543018,2.664e-23
1606.543409,3.25e-25
1606.546662,4.642e-23
1606.549529,6.702e-26
1606.554555,1.037e-22
1606.557125,1.014e-23
1606.558618,1.056e-22
1606.55947,9.616e-24
1606.561144,1.388e-24
1606.561875,1.619e-25
1606.567635,9.893e-24
1606.568159,1.516e-25
1606.57127,1.236e-25
1606.574089,4.37e-22
1606.574815,1.591e-25
1606.588782,7.335e-23
1606.593865,6.919e-23
1606.598093,1.89e-23
1606.601196,1.793e-24
1606.60423,1.363e-22
1606.604546,1.835e-23
1606.606386,3.066e-23
1606.607647,1.313e-22
1606.610819,2.8070000000000004e-26
1606.612457,2.8570000000000003e-26
1606.612594,7.353999999999999e-23
1606.613342,9.391e-26
1606.616194,4.317e-23
1606.617579,5.032e-24
1606.618055,4.176e-23
1606.62249,1.166e-25
1606.623208,1.417e-24
1606.623461,1.586e-24
1606.624223,1.145e-25
1606.627814,1.47e-23
1606.632499,1.3949999999999999e-24
1606.632838,3.28e-25
1606.635646,2.196e-25
1606.636002,2.833e-24
1606.636004,6.014e-22
1606.648312,5.278999999999999e-22
1606.648553,2.278e-22
1606.650578,2.998e-23
1606.651784,4.54e-24
1606.652602,2.9680000000000003e-25
1606.656461,9.768e-26
1606.659624,9.226e-26
1606.664714,9.386e-25
1606.669001,1.349e-25
1606.670855,4.412e-24
1606.674912,1.053e-24
1606.676848,1.43e-21
1606.683719,1.384e-21
1606.683832,1.141e-26
1606.68653,3.359e-22
1606.689528,1.692e-25
1606.693254,2.203e-22
1606.694656,1.3899999999999998e-23
1606.704924,5.599e-22
1606.706162,1.875e-25
1606.711364,1.559e-24
1606.712257,1.352e-24
1606.715868,1.473e-24
1606.725214,2.9350000000000003e-26
1606.725855,3.633e-22
1606.735934,3.727e-25
1606.740104,5.715e-23
1606.748093,4.421e-25
1606.74823,6.233e-25
1606.749642,5.426e-23
1606.752751,9.545e-23
1606.754196,2.6530000000000003e-25
1606.757374,3.777e-25
1606.757656,1.2929999999999998e-22
1606.757658,7.641000000000001e-26
1606.7602,2.931e-26
1606.760774,1.318e-22
1606.761281,2.997e-23
1606.764031,3.765e-25
1606.764541,1.4289999999999998e-23
1606.765566,2.905e-23
1606.770185,4.219e-22
1606.772253,3.17e-25
1606.780874,1.112e-21
1606.78112,2.209e-23
1606.787685,1.385e-25
1606.789075,3.104e-25
1606.789697,4.1240000000000005e-26
1606.78987,7.582000000000001e-25
1606.790877,7.541999999999999e-23
1606.791026,1.002e-26
1606.793984,3.0570000000000003e-26
1606.795601,7.295e-23
1606.801438,7.426e-25
1606.811192,1.311e-24
1606.814317,5.685e-23
1606.8202,7.199e-22
1606.820312,1.3819999999999998e-23
1606.826565,3.994e-22
1606.826763,1.6700000000000004e-21
1606.827624,1.165e-24
1606.831307,2.271e-26
1606.833932,1.614e-21
1606.838059,4.022e-24
1606.843747,3.328e-23
1606.843978,2.236e-26
1606.84646,1.329e-24
1606.848704,1.789e-22
1606.850979,1.627e-24
1606.852857,1.2379999999999998e-22
1606.856938,1.194e-22
1606.858471,1.301e-24
1606.862866,2.533e-25
1606.864469,1.2819999999999998e-22
1606.865279,1.236e-22
1606.865641,7.094e-24
1606.873299,1.067e-21
1606.875836,3.426e-25
1606.879721,8.726000000000001e-26
1606.879998,5.677999999999999e-22
1606.880261,1.959e-25
1606.88199,3.234e-23
1606.882405,1.756e-25
1606.884207,3.067e-24
1606.885033,1.5939999999999999e-24
1606.895775,3e-24
1606.897066,2.4890000000000003e-25
1606.898613,1.515e-25
1606.899371,1.546e-25
1606.901249,6.557999999999999e-22
1606.903832,2.951e-23
1606.903975,2.893e-23
1606.913443,1.2229999999999998e-22
1606.914807,8.3e-24
1606.919289,2.254e-25
1606.920944,7.69e-26
1606.924334,2.279e-23
1606.928281,3.053e-26
1606.928499,3.188e-23
1606.932217,1.303e-25
1606.933193,6.833e-24
1606.937668,3.331e-25
1606.940473,2.193e-23
1606.941733,1.643e-24
1606.947976,8.83e-26
1606.948294,4.769e-25
1606.950123,8.106e-24
1606.950327,3.638e-25
1606.951127,3.267e-25
1606.951694,3.45e-23
1606.954012,2.768e-25
1606.956011,3.413e-22
1606.956615,3.849e-24
1606.958106,2.709e-25
1606.960438,1.6009999999999998e-22
1606.96276,1.6349999999999998e-22
1606.966868,3.758e-24
1606.971474,1.944e-21
1606.972485,1.74e-26
1606.975813,1.71e-26
1606.978122,1.178e-23
1606.978962,1.876e-21
1606.979581,5.260999999999999e-22
1606.984712,4.3660000000000005e-25
1606.985783,1.446e-24
1606.991896,1.811e-24
1606.996588,7.215e-24
1606.999859,1.743e-21
1607.010231,4.500000000000001e-22
1607.013196,9.317e-24
1607.019602,3.692e-23
1607.021291,3.1310000000000003e-25
1607.021343,3.617e-23
1607.021681,5.523000000000001e-26
1607.02309,5.420000000000001e-26
1607.023202,7.205e-24
1607.03103,7.015999999999999e-24
1607.033752,5.805e-20
1607.037981,1.141e-23
1607.038756,6.309e-24
1607.041354,5.0700000000000006e-23
1607.04455,4.903e-23
1607.047205,6.523e-20
1607.04864,3.974e-23
1607.052037,3.848e-23
1607.055676,3.558e-24
1607.059317,5.458000000000001e-26
1607.061136,2.219e-23
1607.066314,1.843e-24
1607.069589,2.159e-23
1607.077279,9.028e-24
1607.078018,4.356999999999999e-22
1607.084777,1.284e-22
1607.091775,2.0130000000000003e-26
1607.093026,1.104e-25
1607.097109,7.309999999999999e-25
1607.099278,3.957e-25
1607.099632,3.993e-22
1607.104197,6.5669999999999996e-24
1607.109264,1.488e-22
1607.11098,2.2560000000000002e-21
1607.118819,2.175e-21
1607.129313,5.724e-24
1607.132531,1.279e-23
1607.134138,1.656e-21
1607.13847,1.2500000000000001e-22
1607.139244,1.793e-24
1607.142845,1.3230000000000002e-25
1607.143497,2.718e-24
1607.155411,1.301e-25
1607.158884,1.969e-22
1607.159186,5.618e-24
1607.160486,2.013e-22
1607.16804,4.373999999999999e-22
1607.173721,1.49e-24
1607.176139,1.965e-26
1607.177455,9.929e-20
1607.18081,1.088e-19
1607.181459,8.876e-24
1607.185245,2.464e-24
1607.187928,4.08e-22
1607.189201,1.251e-24
1607.191588,8.662e-24
1607.195402,3.797e-24
1607.19569,5.0130000000000005e-25
1607.197635,1.295e-25
1607.198978,1.27e-25
1607.201095,4.332e-23
1607.203059,2.302e-22
1607.203869,9.752e-23
1607.207086,1.222e-24
1607.207516,4.205e-23
1607.223553,2.8649999999999998e-24
1607.229264,3.777e-24
1607.230486,9.249e-24
1607.231129,2.4e-23
1607.231966,2.7570000000000004e-20
1607.237383,1.337e-25
1607.245005,9.425e-23
1607.245283,2.612e-21
1607.249392,2.207e-22
1607.252804,2.596e-23
1607.253021,1.693e-23
1607.253348,2.513e-21
1607.253823,8.892999999999999e-24
1607.257919,8.105000000000002e-20
1607.258487,1.4599999999999999e-24
1607.259288,1.646e-23
1607.263316,8.976000000000001e-20
1607.2694,1.085e-25
1607.276002,3.252e-20
1607.279683,7.249999999999999e-23
1607.282362,4.752e-23
1607.284174,4.596e-23
1607.285044,6.859999999999999e-23
1607.288066,2.222e-24
1607.291758,2.577e-25
1607.292628,1.028e-26
1607.293962,2.632e-25
1607.298113,3.083e-24
1607.303778,1.387e-25
1607.310554,4.391e-22
1607.313056,4.525e-25
1607.318343,4.094e-24
1607.323396,5.632000000000001e-26
1607.325197,1.624e-24
1607.330039,2.579e-23
1607.336553,3.982e-24
1607.340093,2.528e-23
1607.34649,5.747000000000001e-26
1607.352325,8.271e-22
1607.355273,7.119e-24
1607.355321,2.408e-22
1607.356305,2.464e-22
1607.359914,8.933e-26
1607.370898,4.554e-23
1607.371772,6.3240000000000005e-25
1607.374089,4.408e-23
1607.374384,3.0170000000000002e-21
1607.382436,2.051e-24
1607.382939,2.899e-21
1607.382941,6.196e-25
1607.38319,1.638e-24
1607.392639,2.732e-23
1607.394783,4.601e-23
1607.395259,4.505e-23
1607.39791,2.711e-25
1607.400536,2.713e-23
1607.401245,1.23e-25
1607.401504,9.284e-26
1607.404896,3.85e-24
1607.404979,2.632e-23
1607.405037,5.75e-25
1607.409321,7.826e-22
1607.411536,1.807e-26
1607.414119,2.6560000000000003e-25
1607.416283,6.494999999999999e-22
1607.423848,1.78e-26
1607.432317,2.754e-24
1607.434579,2.673e-23
1607.435367,7.335e-22
1607.436573,4.031e-25
1607.446257,1.358e-23
1607.450072,1.131e-24
1607.460087,9.908e-23
1607.461267,9.572e-23
1607.46179,1.107e-24
1607.463099,2.486e-23
1607.463748,7.835000000000001e-26
1607.471174,5.825000000000001e-26
1607.473928,5.571e-23
1607.476053,6.073e-22
1607.482775,5.302999999999999e-23
1607.483067,1.403e-26
1607.484307,6.891e-23
1607.484522,3.536e-26
1607.486246,1.3790000000000002e-26
1607.486928,4.083e-25
1607.488154,2.622e-24
1607.488496,6.673e-23
1607.489217,5.461e-26
1607.489865,2.665e-23
1607.495183,6.707e-26
1607.498283,3.476e-21
1607.498322,1.099e-25
1607.499057,6.617999999999999e-22
1607.49934,2.566e-24
1607.505473,4.814e-24
1607.50727,3.335e-21
1607.512129,1.292e-23
1607.514915,2.37e-25
1607.518668,1.241e-24
1607.519812,2.77e-25
1607.521456,5.441e-26
1607.522475,2.918e-25
1607.523392,2.856e-25
1607.525347,5.166e-25
1607.528256,3.027e-24
1607.53037,4.305e-22
1607.53126,8.318e-23
1607.5323,7.843e-23
1607.532984,2.719e-25
1607.532989,1.416e-25
1607.539485,5.712e-23
1607.541185,5.591e-23
1607.544038,1.3989999999999999e-24
1607.544865,1.387e-25
1607.546579,4.535e-26
1607.54723,2.929e-22
1607.547465,3.044e-23
1607.547644,3e-22
1607.548158,4.4510000000000005e-26
1607.548515,1.1340000000000001e-21
1607.550516,8.769999999999999e-23
1607.55218,8.266999999999999e-23
1607.572078,3.414e-24
1607.573835,2.118e-25
1607.576912,1.372e-24
1607.577641,3.336e-24
1607.580918,1.477e-25
1607.581292,4.087e-22
1607.583903,2.961e-23
1607.587616,3.259e-24
1607.588858,3.5060000000000003e-26
1607.590499,1.272e-25
1607.596553,1.5650000000000002e-25
1607.599693,6.034e-24
1607.606237,6.538e-25
1607.606957,2.082e-25
1607.607252,7.355e-24
1607.613792,1.217e-24
1607.616266,8.338999999999999e-22
1607.616979,3.995e-21
1607.618245,3.707e-22
1607.621575,1.198e-24
1607.624069,1.137e-21
1607.624628,2.144e-23
1607.626432,3.827e-21
1607.633024,1.09e-21
1607.640139,2.053e-23
1607.641171,7.187e-24
1607.646438,6.2699999999999995e-24
1607.654606,6.114e-24
1607.659835,2.3380000000000003e-25
1607.668162,1.425e-25
1607.668245,2.416e-23
1607.682675,7.646e-22
1607.68302,1.394e-25
1607.683513,3.947e-24
1607.6841,1.387e-25
1607.68737,7.588e-24
1607.69747,1.969e-23
1607.698368,1.745e-25
1607.701234,9.895e-23
1607.705592,1.918e-23
1607.70744,4.234e-24
1607.715828,1.3979999999999999e-24
1607.718852,1.076e-25
1607.726876,9.691e-23
1607.728517,4.691e-23
1607.729562,5.845e-25
1607.730473,4.5830000000000004e-21
1607.731062,1.058e-25
1607.735946,3.634e-22
1607.736037,3.5439999999999995e-22
1607.740432,4.3810000000000004e-21
1607.746619,3.6450000000000006e-26
1607.76415,4.310999999999999e-22
1607.768277,9.586e-24
1607.775924,9.661999999999998e-22
1607.786734,1.998e-21
1607.788963,1.983e-25
1607.791922,3.274e-25
1607.797604,1.365e-24
1607.799397,1.671e-24
1607.800222,7.729999999999999e-24
1607.801755,2.767e-25
1607.801902,6.894999999999999e-22
1607.804657,7.414e-25
1607.809991,7.548e-24
1607.813193,3.318e-25
1607.816018,9.241e-22
1607.824607,9.318e-20
1607.826352,1.031e-19
1607.82765,4.178e-22
1607.830635,1.096e-24
1607.833084,1.6670000000000002e-26
1607.835352,4.921999999999999e-22
1607.835902,6.442e-24
1607.838515,5.2549999999999996e-24
1607.838764,5.248e-21
1607.840249,1.072e-21
1607.840286,1.179e-22
1607.84213,1.218e-23
1607.844958,8.347e-23
1607.847818,1.07e-24
1607.848462,7.895e-23
1607.849276,5.005e-21
1607.853074,7.056e-24
1607.85445,3.9e-23
1607.857961,9.16e-23
1607.860607,3.789e-23
1607.861388,8.858999999999999e-23
1607.862907,1.761e-25
1607.869644,7.066e-23
1607.870417,6.913e-23
1607.876322,7.360999999999999e-22
1607.878777,6.6240000000000005e-25
1607.881381,1.24e-25
1607.887222,4.9430000000000006e-26
1607.88755,5.971e-22
1607.890789,2.466e-25
1607.891165,1.1489999999999998e-22
1607.898855,6.696e-24
1607.9044,1.901e-21
1607.905575,1.5099999999999998e-23
1607.907502,1.169e-22
1607.908573,1.557e-23
1607.911188,1.129e-22
1607.911626,1.469e-23
1607.912779,2.512e-25
1607.918068,5.126e-20
1607.919632,4.382e-22
1607.920195,4.27e-22
1607.9211,8.484e-24
1607.9219,9.184e-23
1607.924109,3.429e-24
1607.931142,6.592000000000001e-25
1607.935806,5.856000000000001e-20
1607.938081,2.337e-23
1607.940362,2.805e-24
1607.940377,2.244e-22
1607.941848,5.999e-21
1607.942989,8.173e-24
1607.947719,5.25e-25
1607.952972,5.707e-21
1607.957639,2.512e-23
1607.958518,5.145e-25
1607.9607,8.886e-23
1607.965432,6.531e-24
1607.967152,2.008e-23
1607.968679,6.885e-26
1607.976921,2.5040000000000003e-25
1607.979503,3.673e-24
1607.983359,1.583e-25
1607.983391,2.155e-22
1607.986615,1.605e-25
1607.987192,1.432e-26
1607.988391,4.953e-24
1607.988733,3.581e-23
1607.98945,1.954e-25
1607.99039,3.471e-23
1607.990916,1.126e-26
1607.99289,1.138e-21
1607.993621,1.914e-25
1607.99387,1.107e-26
1607.994375,7.967999999999999e-22
1607.996026,8.34e-25
1607.996915,3.576e-24
1607.998161,5.691e-23
1607.999159,1.41e-26
1608.000477,3.252e-22
1608.00211,1.285e-23
1608.016378,4.862e-24
1608.017115,2.951e-24
1608.017274,2.617e-23
1608.018512,2.307e-25
1608.033456,8.708e-23
1608.034139,2.261e-25
1608.035162,8.516e-23
1608.038818,2.22e-25
1608.039725,6.847000000000001e-21
1608.048233,9.578e-25
1608.051176,1.051e-25
1608.051526,6.498e-21
1608.052415,1.072e-25
1608.056384,3.542e-24
1608.058156,3.455e-23
1608.059674,9.383e-25
1608.0658,1.984e-22
1608.068247,4.873e-26
1608.070362,1.939e-23
1608.070496,3.533e-24
1608.07448,3.4e-25
1608.085004,3.032e-22
1608.086637,2.231e-24
1608.087272,7.098e-23
1608.088347,8.132e-24
1608.088738,4.635e-23
1608.091377,6.735999999999999e-23
1608.093801,2.44e-23
1608.094187,1.958e-20
1608.096512,2.294e-25
1608.096703,4.677e-22
1608.097459,2.185e-24
1608.097762,2.37e-23
1608.099552,5.26e-22
1608.100215,1.299e-22
1608.100546,5.121e-22
1608.100664,2.063e-23
1608.101896,4.017e-23
1608.102779,3.521e-26
1608.106386,3.697e-26
1608.106623,1.476e-24
1608.107388,3.63e-26
1608.10754,6.345999999999999e-23
1608.109407,2.252e-25
1608.110357,3.933e-23
1608.112433,8.921e-23
1608.119304,6.269e-23
1608.123657,6.076e-23
1608.123747,3.015e-26
1608.125771,7.373e-25
1608.126496,2.923e-22
1608.132388,7.808e-21
1608.13702,2.792e-25
1608.144947,7.387e-21
1608.151485,8.7e-26
1608.154734,1.053e-22
1608.157165,7.474000000000001e-20
1608.158897,1.018e-22
1608.160105,2.402e-20
1608.161279,3.1540000000000003e-25
1608.161305,5.183e-22
1608.161582,1.019e-21
1608.162656,1.494e-24
1608.163975,8.377000000000001e-20
1608.175523,9.797e-20
1608.176438,2.421e-23
1608.177325,1.083e-19
1608.183851,9.344e-25
1608.190449,6.865999999999999e-22
1608.192187,9.039e-26
1608.193196,2.878e-24
1608.195567,2.573e-25
1608.20291,2.814e-24
1608.207432,5.393e-23
1608.207451,1.015e-23
1608.209807,2.79e-25
1608.215582,5.146e-23
1608.216276,2.37e-23
1608.218625,5.066999999999999e-22
1608.219834,8.897e-21
1608.225534,9.13e-22
1608.226398,5.862e-26
1608.22663,1.096e-22
1608.227463,1.059e-22
1608.228814,5.704000000000001e-26
1608.230638,1.071e-21
1608.233244,8.389e-21
1608.233362,1.198e-24
1608.243005,6.444e-22
1608.244494,6.475e-26
1608.246484,2.768e-23
1608.246572,2.623e-25
1608.249654,1.311e-24
1608.255428,2.304e-26
1608.256477,8.575999999999999e-24
1608.26257,1.248e-23
1608.263111,5.42e-24
1608.265113,1.175e-24
1608.268431,2.108e-25
1608.27167,5.291e-24
1608.274758,6.288999999999999e-22
1608.276161,6.117e-22
1608.281259,2.695e-23
1608.281836,1.763e-25
1608.284966,4.339e-22
1608.288898,8.899000000000001e-26
1608.289925,8.718000000000001e-26
1608.290026,8.728000000000001e-26
1608.292149,9.236e-22
1608.295404,6.483e-24
1608.301759,8.575000000000001e-26
1608.302054,1.013e-20
1608.31136,1.1400000000000001e-21
1608.31392,1.734e-25
1608.31635,1.128e-24
1608.316431,9.521e-21
1608.31701,8.21e-25
1608.319303,2.005e-23
1608.322974,1.27e-23
1608.324002,2.333e-26
1608.327319,1.069e-22
1608.327418,1.194e-23
1608.328012,6.338e-24
1608.328039,1.739e-23
1608.328363,1.045e-22
1608.328574,1.276e-24
1608.331299,4.129e-22
1608.333668,1.935e-23
1608.335852,1.695e-23
1608.336192,4.219e-23
1608.339515,4.088e-23
1608.341113,3.962e-25
1608.365392,1.039e-24
1608.366995,3.27e-23
1608.370286,3.172e-23
1608.376334,3.498e-25
1608.379038,1.155e-20
1608.389075,1.097e-21
1608.394524,1.08e-20
1608.405319,9.287e-22
1608.413398,6.7e-24
1608.415665,4.09e-26
1608.419413,1.414e-25
1608.420215,2.297e-26
1608.422826,6.547e-24
1608.435205,1.596e-23
1608.435449,2.089e-21
1608.445727,7.488999999999999e-22
1608.446184,1.817e-25
1608.447515,7.277e-22
1608.448465,1.854e-25
1608.450772,1.317e-20
1608.458506,2.752e-24
1608.46112,8.566999999999999e-22
1608.466808,9.546e-25
1608.467545,1.226e-20
1608.480893,2.326e-26
1608.483211,2.728e-26
1608.48333,9.33e-25
1608.487291,1.41e-26
1608.488883,3.632e-23
1608.502091,9.069e-25
1608.502547,1.3079999999999998e-22
1608.504299,1.2779999999999998e-22
1608.50536,3.494e-23
1608.511222,3.396e-23
1608.514011,4.096e-22
1608.515338,3.7759999999999996e-24
1608.516268,1.311e-21
1608.516908,4.965000000000001e-25
1608.517237,1.505e-20
1608.517595,4.338000000000001e-25
1608.52374,2.208e-23
1608.528032,4.252e-25
1608.532424,1.019e-21
1608.535523,1.393e-20
1608.537834,4.3770000000000005e-25
1608.542898,1.15e-24
1608.543488,3.2230000000000003e-26
1608.544505,2.013e-23
1608.545748,2.7630000000000004e-26
1608.547661,1.454e-25
1608.549145,1.34e-23
1608.555044,1.304e-23
1608.558268,1.129e-26
1608.563018,3.908e-22
1608.564292,4.2450000000000006e-26
1608.56761,2.195e-21
1608.567899,4.218e-26
1608.569903,1.113e-26
1608.573669,3.973e-22
1608.576024,2.431e-25
1608.578404,1.7240000000000002e-20
1608.581832,2.058e-25
1608.583,2.016e-25
1608.592483,1.076e-22
1608.596658,1.5289999999999999e-24
1608.598502,1.5850000000000003e-20
1608.601223,1.039e-24
1608.602399,3.789e-26
1608.606474,7.735e-24
1608.60761,1.023e-24
1608.607953,3.2650000000000005e-26
1608.610304,1.968e-21
1608.611904,8.884e-22
1608.614063,8.623999999999999e-22
1608.617315,3.009e-26
1608.618102,3.936e-23
1608.618563,2.955e-26
1608.620007,3.815e-23
1608.62701,7.466e-24
1608.63283,6.517e-24
1608.634055,1.955e-25
1608.634233,1.9820000000000003e-20
1608.634927,8.592e-23
1608.635262,3.279e-24
1608.639856,2.257e-23
1608.640529,1.257e-21
1608.640773,1.05e-22
1608.64093,8.076e-25
1608.649129,1.916e-25
1608.651333,2.553e-23
1608.651931,3.194e-24
1608.652108,7.915000000000001e-25
1608.652184,5.969000000000001e-25
1608.656545,1.808e-20
1608.657546,2.412e-23
1608.658926,4.4310000000000005e-26
1608.659497,1.593e-25
1608.66099,1.636e-25
1608.667752,1.891e-25
1608.668889,3.839e-26
1608.671068,3.76e-23
1608.671612,8.323e-23
1608.671992,2.092e-21
1608.67243,2.169e-22
1608.67428,3.646e-23
1608.678727,1.041e-21
1608.679621,1.8899999999999998e-24
1608.680385,1.857e-25
1608.683307,9.964e-25
1608.684662,2.293e-20
1608.688133,6.21e-25
1608.690097,1.852e-24
1608.691581,6.631e-24
1608.693476,6.763999999999999e-24
1608.694542,5.468e-25
1608.709755,2.0710000000000003e-20
1608.712524,2.086e-22
1608.713083,2.188e-23
1608.713901,5.156e-26
1608.714651,1.263e-24
1608.717302,2.126e-23
1608.727527,4.49e-26
1608.729588,2.673e-20
1608.734056,2.87e-24
1608.744852,3.1e-26
1608.745986,6.92e-23
1608.74955,1.5069999999999998e-23
1608.750664,6.584e-23
1608.756289,3.258e-23
1608.758307,2.386e-20
1608.766718,5.968e-26
1608.766911,1.595e-22
1608.768207,1.5569999999999998e-22
1608.768839,3.1510000000000004e-20
1608.77354,1.05e-21
1608.775643,1.229e-24
1608.776058,1.0180000000000001e-21
1608.783354,1.594e-23
1608.784724,5.226000000000001e-26
1608.788051,2.34e-26
1608.791085,3.263e-24
1608.795635,4.3440000000000005e-20
1608.802075,3.773e-20
1608.802541,2.769e-20
1608.80328,2.472e-24
1608.80566,6.16e-23
1608.807707,3.013e-24
1608.811207,5.669e-23
1608.812736,6.024999999999999e-23
1608.812747,2.417e-24
1608.81495,5.5e-23
1608.816353,2.57e-26
1608.817881,6.872000000000001e-26
1608.819997,5.0750000000000006e-20
1608.834854,8.305e-23
1608.834994,1.268e-25
1608.835657,8.041e-23
1608.839869,6.049000000000001e-26
1608.841489,2.859e-25
1608.843232,3.2460000000000005e-20
1608.845223,4.263e-24
1608.84612,6.82e-25
1608.848014,4.28e-26
1608.848998,1.202e-23
1608.850741,1.45e-22
1608.851814,1.193e-24
1608.855056,7.752e-25
1608.855974,7.031e-26
1608.856841,2.6560000000000004e-26
1608.858925,1.086e-24
1608.860161,4.186e-23
1608.862583,2.897e-25
1608.867039,7.870000000000001e-26
1608.867495,6.916e-26
1608.870765,3.264e-24
1608.871432,4.187e-24
1608.872604,4.651e-24
1608.874574,1.414e-22
1608.881626,4.547e-24
1608.882067,1.379e-24
1608.882853,8.172000000000001e-26
1608.885135,1.341e-24
1608.893484,6.966e-26
1608.895289,4.107e-26
1608.91449,8.964e-26
1608.917697,4.188e-26
1608.918946,1.02e-24
1608.921998,8.484000000000001e-26
1608.92908,5.188e-23
1608.930318,1.237e-21
1608.933186,1.198e-21
1608.93579,1.038e-20
1608.936715,4.96e-23
1608.939254,1.361e-24
1608.939632,5.812999999999999e-22
1608.940805,2.503e-23
1608.940839,8.703e-20
1608.944667,9.74e-20
1608.944875,3.355e-24
1608.945225,7.979000000000001e-26
1608.947605,1.937e-22
1608.949438,1.89e-22
1608.949627,1.001e-24
1608.951446,5.1040000000000006e-26
1608.953121,1.529e-23
1608.95775,2.133e-23
1608.958708,7.133999999999999e-22
1608.960041,1.015e-25
1608.96064,1.491e-23
1608.963234,1.182e-21
1608.964023,5.423999999999999e-23
1608.967473,3.381e-26
1608.97404,2.439e-23
1608.97926,5.685e-24
1608.986866,1.461e-25
1608.992666,8.496e-25
1608.995405,9.09e-26
1608.995625,2.089e-23
1608.999278,1.356e-25
1609.003525,1.329e-25
1609.003864,1.144e-25
1609.005452,6.718999999999999e-22
1609.006348,5.366999999999999e-22
1609.008353,1.865e-23
1609.009084,8.468999999999999e-23
1609.010635,5.561e-24
1609.010867,8.032999999999999e-23
1609.014575,1.069e-21
1609.015012,1.866e-25
1609.017385,9.663e-25
1609.017949,1.437e-25
1609.019557,1.114e-25
1609.020051,1.093e-25
1609.020986,5.781e-24
1609.021329,3.3050000000000004e-26
1609.021925,1.8009999999999998e-23
1609.023013,1.62e-25
1609.028927,8.019e-23
1609.029719,7.607999999999999e-23
1609.030092,5.651e-24
1609.030397,1.176e-24
1609.031472,3.4410000000000005e-26
1609.033375,1.097e-25
1609.034042,4.325999999999999e-22
1609.038198,6.738e-20
1609.042758,1.3180000000000001e-21
1609.043832,1.146e-25
1609.043843,1.03e-25
1609.044097,1.494e-24
1609.045124,1.362e-20
1609.045857,1.281e-25
1609.046714,7.667e-20
1609.069366,7.092e-23
1609.069495,1.13e-21
1609.076473,4.126e-22
1609.07657,1.653e-25
1609.076613,1.14e-23
1609.082359,1.4520000000000001e-21
1609.085573,1.405e-21
1609.086117,1.426e-25
1609.088463,1.157e-21
1609.090303,3.4370000000000004e-26
1609.090728,1.16e-25
1609.091488,3.498e-25
1609.097715,8.278e-25
1609.105926,1.017e-24
1609.111411,5.87e-22
1609.113614,8.094e-25
1609.124592,1.578e-25
1609.132523,1.1880000000000002e-26
1609.133094,9.219e-24
1609.133975,1.057e-24
1609.135974,1.299e-25
1609.140385,1.096e-23
1609.141322,1.089e-21
1609.147224,3.114e-23
1609.15286,3.03e-23
1609.161333,1.736e-25
1609.165557,7.613e-23
1609.168883,7.378e-23
1609.172431,2.43e-26
1609.173021,2.388e-26
1609.175266,1.2029999999999999e-24
1609.178346,9.363e-23
1609.1797,1.447e-25
1609.182016,9.825e-23
1609.1849,7.16e-26
1609.185962,9.51e-23
1609.18661,7.298e-26
1609.187691,2.345e-22
1609.187871,1.0060000000000001e-21
1609.189227,2.286e-22
1609.191742,1.183e-23
1609.196315,1.898e-25
1609.196671,1.264e-24
1609.19744,1.152e-23
1609.197574,1.171e-25
1609.199732,3.5980000000000004e-26
1609.201613,1.609e-24
1609.221877,1.602e-25
1609.228147,6.779e-25
1609.229484,1.699e-21
1609.22956,2.062e-25
1609.233042,1.6420000000000001e-21
1609.233515,1.552e-25
1609.235667,9.331e-22
1609.237405,2.881e-21
1609.238486,2.831e-24
1609.239075,6.6460000000000005e-25
1609.240719,4.67e-26
1609.2421,1.664e-24
1609.244535,1.6480000000000002e-25
1609.245897,1.525e-25
1609.249201,5.087e-26
1609.256428,1.015e-23
1609.257481,1.658e-24
1609.257935,2.878e-24
1609.259082,1.617e-25
1609.259832,3.8600000000000003e-22
1609.261051,2.224e-25
1609.262583,1.762e-25
1609.266263,9.121e-25
1609.267127,1.5939999999999999e-24
1609.270065,1.315e-24
1609.277274,1.562e-24
1609.284286,7.971e-23
1609.285614,2.912e-24
1609.286681,7.011e-24
1609.28765,7.581e-23
1609.290791,2.384e-25
1609.291339,4.7389999999999996e-24
1609.292626,1.429e-25
1609.29353,1.152e-24
1609.294202,1.247e-22
1609.301588,2.839e-24
1609.301823,1.927e-25
1609.305947,6.778e-24
1609.306503,9.625e-25
1609.3088,4.823e-24
1609.316028,3.748e-22
1609.31876,2.536e-25
1609.328552,1.496e-24
1609.335231,3.549e-24
1609.33637,2.164e-23
1609.337315,9.754e-25
1609.339656,2.093e-25
1609.340224,2.911e-23
1609.341363,9.758e-23
1609.341719,2.826e-23
1609.342834,2.341e-21
1609.342953,7.988e-23
1609.344344,2.125e-25
1609.344941,2.678e-25
1609.352379,2.301e-23
1609.353997,1.719e-24
1609.357827,5.999000000000001e-26
1609.358267,1.041e-25
1609.358652,1.348e-24
1609.358691,5.888000000000001e-26
1609.358868,1.942e-23
1609.367051,1.116e-24
1609.369304,2.8060000000000003e-25
1609.369318,2.828e-22
1609.371265,2.756e-22
1609.371745,1.981e-21
1609.375648,1.912e-21
1609.376107,2.259e-25
1609.377719,7.745e-23
1609.381219,4.843e-26
1609.382042,6.707e-26
1609.382316,1.4790000000000002e-25
1609.383225,2.717e-21
1609.384655,1.388e-24
1609.387265,9.524e-23
1609.391809,2.915e-25
1609.39568,7.802e-24
1609.399239,2.08e-22
1609.400801,1.635e-24
1609.405158,5.285000000000001e-25
1609.406344,1.948e-23
1609.407863,2.113e-24
1609.410008,1.895e-23
1609.410821,7.948e-24
1609.411229,2.421e-25
1609.412399,3.003e-25
1609.413323,4.003e-22
1609.414365,2.99e-23
1609.41706,5.645e-26
1609.417096,2.067e-24
1609.417805,5.352e-25
1609.422095,1.671e-22
1609.424641,5.106e-23
1609.425037,6.534e-24
1609.426204,1.471e-25
1609.428264,5.554000000000001e-26
1609.428676,4.958e-23
1609.431,3.063e-25
1609.431445,8.78e-23
1609.434367,2.177e-26
1609.435246,5.477e-25
1609.435699,8.506999999999999e-23
1609.436251,1.222e-25
1609.436377,2.235e-21
1609.436746,2.004e-22
1609.441914,1.621e-21
1609.445061,2.576e-25
1609.447321,9.3e-23
1609.44751,3.092e-25
1609.447967,3.025e-25
1609.451339,1.326e-21
1609.451563,3.844e-22
1609.453215,9.087e-23
1609.454141,1.548e-21
1609.459728,4.191e-25
1609.461793,3.086e-25
1609.46559,1.681e-25
1609.467581,5.561e-25
1609.473659,3.04e-25
1609.474974,3.96e-24
1609.477328,1.858e-24
1609.477659,2.72e-25
1609.481287,1.319e-21
1609.481727,2.06e-25
1609.482845,2.949e-25
1609.483461,6.769e-24
1609.484533,3.877e-24
1609.488974,2.81e-25
1609.48954,2.371e-25
1609.49149,2.619e-25
1609.492531,1.999e-26
1609.499712,1.165e-23
1609.501774,1.824e-24
1609.50904,2.304e-21
1609.509078,2.849e-25
1609.511545,4.1820000000000006e-26
1609.513294,2.221e-21
1609.515725,1.426e-24
1609.516234,6.1079999999999996e-24
1609.523725,1.76e-25
1609.526153,2.034e-24
1609.52639,2.913e-24
1609.534392,3.4619999999999995e-22
1609.53698,1.226e-23
1609.539383,2.96e-25
1609.544773,1.793e-25
1609.546015,1.264e-23
1609.558905,1.288e-23
1609.562003,9.173e-23
1609.562886,8.881e-23
1609.567101,6.68e-23
1609.568648,3.047e-25
1609.5704,6.37e-23
1609.570903,2.219e-22
1609.571693,1.258e-25
1609.572343,1.337e-23
1609.574012,1.283e-25
1609.574923,1.308e-25
1609.579587,1.305e-23
1609.582595,4.75e-26
1609.585564,8.83e-25
1609.58908,3.399e-22
1609.590652,8.697e-25
1609.59085,3.3100000000000003e-22
1609.596962,3.106e-25
1609.597155,3.0539999999999998e-24
1609.600788,8.653e-25
1609.605006,1.861e-25
1609.606276,3.443e-23
1609.608649,1.426e-25
1609.609679,3.342e-23
1609.610068,1.398e-25
1609.621533,2.307e-24
1609.622966,4.964e-24
1609.624432,3.13e-25
1609.626168,7.9e-20
1609.627913,1.444e-25
1609.628631,8.969000000000001e-20
1609.629456,1.759e-21
1609.630424,2.252e-23
1609.630446,8.493e-25
1609.630947,1.433e-21
1609.631031,3.067e-25
1609.631766,4.855e-24
1609.636411,8.213000000000001e-26
1609.637351,1.125e-25
1609.637801,3.258e-23
1609.638933,2.919e-25
1609.639657,1.103e-25
1609.641386,2.6720000000000002e-21
1609.642593,6.647999999999999e-22
1609.644591,1.919e-24
1609.645998,2.572e-21
1609.646014,2.5299999999999998e-24
1609.651188,3.112e-25
1609.653597,4.958e-23
1609.656549,3.063e-24
1609.658816,4.961e-24
1609.660637,4.749e-23
1609.660878,1.217e-24
1609.66197,2.638e-23
1609.66223,2.195e-23
1609.664993,3.451e-20
1609.665063,2.563e-23
1609.666342,3.113e-25
1609.668448,1.497e-24
1609.668911,1.961e-26
1609.669827,1.927e-26
1609.670448,4.4260000000000006e-26
1609.673385,2.719e-24
1609.677393,3.04e-25
1609.679792,7.965e-26
1609.680177,1.094e-23
1609.688924,1.205e-25
1609.689028,4.855e-24
1609.691786,1.725e-23
1609.694945,1.497e-25
1609.699728,3.6499999999999996e-24
1609.700357,4.1640000000000005e-20
1609.703245,2.862e-25
1609.704637,1.6679999999999998e-23
1609.713122,1.239e-24
1609.718232,8.267e-26
1609.719039,1.185e-25
1609.721198,7.308999999999999e-22
1609.723351,7.143e-25
1609.724253,3.586e-24
1609.730081,5.689e-25
1609.736493,2.014e-23
1609.736542,1.869e-23
1609.738661,6.989e-25
1609.747293,2.055e-23
1609.751126,1.6420000000000002e-25
1609.754882,1.6460000000000002e-25
1609.755424,2.855e-25
1609.757757,2.7900000000000003e-22
1609.758184,1.32e-21
1609.760322,3.15e-24
1609.761231,2.864e-24
1609.763176,6.906e-22
1609.768237,4.072e-22
1609.768726,3.0900000000000007e-21
1609.770328,3.963e-22
1609.772578,1.831e-23
1609.773706,2.9690000000000002e-21
1609.77765,4.272e-22
1609.782543,2.527e-25
1609.782758,2.004e-24
1609.787438,2.34e-25
1609.788159,2.762e-23
1609.793515,2.689e-23
1609.793784,1.268e-25
1609.800667,1.204e-21
1609.804043,1.081e-24
1609.805928,1.246e-25
1609.80987,5.6640000000000005e-25
1609.811496,2.184e-25
1609.816483,1.557e-24
1609.816725,4.082e-22
1609.818503,3.149e-24
1609.820561,5.555e-25
1609.821234,4.76e-26
1609.822982,1.109e-21
1609.823679,1.039e-23
1609.829256,1.013e-23
1609.843683,1.78e-25
1609.847473,1.5320000000000001e-21
1609.849102,1.338e-24
1609.849946,1.384e-25
1609.858934,1.312e-24
1609.863991,1.358e-25
1609.868974,3.927e-24
1609.874984,1.044e-24
1609.875665,1.673e-25
1609.880889,4.862e-26
1609.881582,1.297e-25
1609.88326,1.363e-21
1609.884778,2.4830000000000003e-25
1609.8879,9.113e-25
1609.888605,1.035e-23
1609.889663,1.07e-21
1609.889877,2.089e-22
1609.891059,3.564e-21
1609.895664,1.69e-25
1609.896418,3.556e-24
1609.896422,3.419e-21
1609.905688,2.516e-25
1609.911011,2.032e-22
1609.916083,2.074e-24
1609.916201,1.007e-25
1609.920124,6.129e-22
1609.922002,5.896e-20
1609.928115,3.196e-23
1609.930085,7.143000000000001e-26
1609.93013,3.103e-23
1609.930554,2.574e-24
1609.933405,6.846e-20
1609.934304,1.715e-25
1609.939138,7.013999999999999e-22
1609.945878,2.51e-24
1609.948503,3.043e-23
1609.950205,8.346000000000001e-20
1609.950231,2.055e-25
1609.951289,1.0000000000000001e-23
1609.951739,2.956e-23
1609.951911,9.469e-20
1609.956184,3.3440000000000004e-26
1609.960172,1.605e-24
1609.961067,3.159e-23
1609.96179,6.316e-24
1609.964236,1.067e-21
1609.969969,3.226e-23
1609.970618,4.860999999999999e-22
1609.971876,4.906e-24
1609.972625,4.726999999999999e-22
1609.972707,1.027e-25
1609.97316,4.512e-26
1609.979856,6.1159999999999996e-24
1609.983641,9.245e-26
1609.984058,4.4410000000000005e-26
1609.987964,9.069e-26
1609.990191,9.335e-24
1609.993012,2.935e-25
1610.001628,3.612e-22
1610.003319,1.73e-23
1610.004982,9.788e-22
1610.006502,1.142e-25
1610.006951,1.797e-24
1610.007349,1.6839999999999998e-23
1610.008351,4.102e-21
1610.009681,6.867999999999999e-22
1610.014116,3.928e-21
1610.015955,1.7599999999999998e-24
1610.027158,4.4179999999999996e-24
1610.027713,2.059e-23
1610.027789,7.555e-26
1610.029253,7.415000000000001e-26
1610.031559,3.533e-21
1610.032559,1.3829999999999998e-22
1610.037465,1.35e-22
1610.042238,2.18e-23
1610.044743,2.128e-24
1610.045984,7.382e-23
1610.053671,2.539e-25
1610.05469,3.51e-22
1610.061678,1.589e-23
1610.064089,5.231e-26
1610.068903,6.145e-24
1610.06923,3.343e-24
1610.078997,7.164e-23
1610.079434,3.278e-24
1610.08692,8.797e-23
1610.099346,1.639e-24
1610.106924,1.849e-25
1610.111073,2.436e-23
1610.112643,2.441e-21
1610.1177,4.57e-23
1610.120327,4.365e-26
1610.120596,4.71e-21
1610.120818,1.981e-22
1610.121022,4.442e-23
1610.121188,2.57e-25
1610.1217,1.909e-21
1610.126784,4.501e-21
1610.127339,1.844e-26
1610.130354,1.615e-21
1610.130613,8.589999999999999e-23
1610.144475,3.289e-24
1610.144796,5.782999999999999e-22
1610.147062,5.62e-22
1610.153493,5.493e-24
1610.155938,3.3380000000000002e-21
1610.15602,1.911e-22
1610.159922,7.721e-24
1610.164119,1.254e-24
1610.164485,1.43e-25
1610.164639,3.327e-25
1610.168635,2.164e-24
1610.17067,3.681e-25
1610.176015,4.777e-25
1610.185535,1.696e-23
1610.18616,1.164e-23
1610.188771,1.607e-23
1610.188855,6.432e-23
1610.189164,6.819e-23
1610.189635,6.615e-23
1610.190237,2.378e-25
1610.193008,6.147e-23
1610.193139,1.137e-23
1610.1969,5.34e-26
1610.197192,2.334e-21
1610.19972,2.3330000000000003e-25
1610.204107,3.106e-26
1610.209112,5.081e-24
1610.213658,4.878e-23
1610.218334,6.508e-24
1610.219342,4.243e-24
1610.220189,1.5690000000000003e-26
1610.220356,1.5430000000000002e-26
1610.220862,4.985e-23
1610.227772,5.397e-21
1610.22785,4.152e-24
1610.234222,1.657e-24
1610.234411,5.146e-21
1610.244763,9.743e-24
1610.265181,1.805e-21
1610.274723,6.719e-24
1610.275504,6.839e-24
1610.277461,1.4810000000000002e-25
1610.278882,7.302e-25
1610.285734,1.571e-21
1610.287858,2.179e-24
1610.299331,4.7910000000000007e-26
1610.301494,4.88e-26
1610.303816,1.475e-25
1610.304851,3.207e-25
1610.306694,1.015e-24
1610.307561,7.17e-25
1610.314844,2.933e-24
1610.31534,2.014e-23
1610.317717,2.145e-21
1610.319639,8.938e-24
1610.323228,1.236e-23
1610.327697,5.081e-26
1610.329526,5.562e-24
1610.329869,6.175e-21
1610.331952,6.858e-22
1610.334068,4.307e-24
1610.334206,6.658999999999999e-22
1610.336993,5.873e-21
1610.343709,6.135e-25
1610.345816,1.965e-23
1610.348543,1.032e-25
1610.358462,6.005e-25
1610.360325,9.373e-24
1610.360458,1.014e-25
1610.361307,4.621e-25
1610.362433,4.71e-23
1610.36318,4.217e-24
1610.36473,1.658e-24
1610.369092,4.52e-23
1610.369589,1.586e-23
1610.375121,9.783e-25
1610.381775,1.535e-23
1610.382868,3.0699999999999998e-24
1610.38351,3.823e-26
1610.386083,4.711e-25
1610.388006,9.891e-26
1610.392042,7.376e-26
1610.39328,8.53e-24
1610.395065,1.578e-23
1610.396549,4.622e-25
1610.402356,2.171e-24
1610.407359,3.9630000000000005e-26
1610.407824,3.892e-26
1610.417185,9.734e-26
1610.41831,2.438e-23
1610.423474,2.375e-23
1610.425592,1.118e-24
1610.426872,7.053e-21
1610.428162,8.095e-23
1610.428852,7.649000000000001e-26
1610.432349,7.85e-23
1610.433314,1.104e-24
1610.434521,6.691e-21
1610.435122,1.096e-24
1610.440379,7.963e-23
1610.442299,7.590999999999999e-23
1610.447899,6.202e-23
1610.450284,1.156e-25
1610.451134,6.021e-23
1610.45658,9.09e-24
1610.457533,1.035e-21
1610.459961,2.03e-23
1610.460116,2.405e-25
1610.461962,8.867e-24
1610.463851,1.135e-25
1610.468177,2.739e-24
1610.468716,3.998e-25
1610.478015,7.396999999999999e-22
1610.483705,1.127e-24
1610.48687,2.5810000000000003e-26
1610.48688,2.9430000000000005e-26
1610.488224,1.446e-25
1610.488293,7.413e-23
1610.491014,1.641e-24
1610.493998,7.584999999999999e-23
1610.499324,8.107e-22
1610.499361,9.842e-24
1610.501543,3.721e-26
1610.501807,7.863999999999999e-22
1610.502282,7.523e-23
1610.502883,7.173e-23
1610.50694,1.067e-23
1610.508704,2.9980000000000004e-26
1610.512177,2.14e-24
1610.512782,1.6289999999999998e-23
1610.515828,4.181e-22
1610.516023,7.009e-22
1610.517511,2.637e-23
1610.518771,8.048000000000001e-21
1610.520436,2.833e-24
1610.522545,2.435e-20
1610.524267,3.591e-26
1610.52596,2.005e-21
1610.526995,7.611e-21
1610.532415,5.916000000000001e-25
1610.534871,3.5350000000000003e-26
1610.546926,1.435e-21
1610.547091,1.597e-23
1610.551834,3.109e-24
1610.551991,4.003e-22
1610.554362,1.0790000000000002e-25
1610.566657,2.027e-22
1610.566877,7.467e-25
1610.567188,3.468e-23
1610.568784,5.163e-22
1610.570077,2.263e-24
1610.570755,1.975e-22
1610.570758,7.356e-25
1610.571869,1.077e-21
1610.574752,3.0559999999999998e-24
1610.578318,3.092e-20
1610.582903,1.319e-21
1610.584791,2.2089999999999998e-24
1610.588254,2.6760000000000003e-26
1610.589412,7.606000000000001e-26
1610.590741,2.177e-24
1610.592697,7.462e-26
1610.600506,1.522e-24
1610.602856,9.711e-26
1610.604551,9.527e-26
1610.605552,9.176e-21
1610.608282,4.628e-23
1610.60933,1.491e-24
1610.613067,1.606e-24
1610.614411,8.648e-21
1610.61663,1.3379999999999998e-23
1610.617285,2.087e-24
1610.626202,8.274e-25
1610.629552,2.984e-22
1610.631897,5.656e-24
1610.631994,5.244e-22
1610.634016,1.04e-21
1610.638433,4.975000000000001e-25
1610.639819,6.292e-23
1610.645703,1.717e-21
1610.648822,5.485e-24
1610.65551,2.795e-24
1610.65948,1.882e-22
1610.660414,8.76e-23
1610.662687,8.111e-25
1610.66647,2.746e-24
1610.66695,5.015e-22
1610.667534,8.551e-26
1610.668023,1.258e-22
1610.669849,2.319e-23
1610.669856,8.715000000000001e-26
1610.671224,2.255e-23
1610.672742,6.362e-25
1610.672844,9.553e-22
1610.674782,1.546e-21
1610.675329,9.257e-22
1610.682921,7.176e-23
1610.683363,7.051000000000001e-20
1610.687204,1.046e-20
1610.687271,6.965e-23
1610.688261,8.158e-20
1610.691437,2.914e-24
1610.692551,7.988e-22
1610.696772,9.819e-21
1610.698215,9.356e-24
1610.69905,1.5249999999999998e-23
1610.700066,7.418e-23
1610.701773,1.2550000000000002e-26
1610.702351,1.234e-26
1610.702436,1.4859999999999998e-23
1610.703334,7.086e-23
1610.706689,4.077e-23
1610.70974,6.816e-25
1610.710449,3.965e-23
1610.713714,1.946e-23
1610.717691,2.009e-24
1610.721415,1.551e-26
1610.722537,1.685e-23
1610.726888,2.053e-23
1610.730993,1.552e-24
1610.734616,1.1130000000000001e-21
1610.735123,1.928e-25
1610.739408,3.356e-22
1610.744019,6.781e-23
1610.744293,1.891e-25
1610.759779,9.076e-24
1610.763714,1.192e-20
1610.769075,3.029e-26
1610.771435,1.042e-21
1610.774083,1.1150000000000002e-20
1610.775426,6.586e-23
1610.779235,1.11e-22
1610.783629,1.136e-22
1610.789619,3.263e-22
1610.793348,4.948e-20
1610.793877,6.186e-25
1610.793981,1.009e-23
1610.800714,9.855e-24
1610.802661,9.547e-25
1610.808704,2.415e-25
1610.809211,5.908e-20
1610.810087,3.61e-24
1610.811208,6.411000000000001e-26
1610.813363,1.91e-24
1610.818316,3.534e-24
1610.818849,4.0600000000000004e-21
1610.821175,2.967e-22
1610.824898,2.132e-23
1610.829146,7.884e-23
1610.831187,9.114e-24
1610.832134,1.1220000000000001e-21
1610.834824,1.086e-21
1610.835066,1.36e-20
1610.837178,1.874e-22
1610.83956,2.88e-22
1610.84441,6.813e-22
1610.844823,1.48e-24
1610.846351,1.2650000000000002e-20
1610.852031,1.508e-25
1610.85214,2.756e-23
1610.855491,2.679e-23
1610.863946,1.601e-25
1610.866874,6.573000000000001e-26
1610.868607,9.179e-25
1610.870039,7.521e-23
1610.870313,1.809e-22
1610.870789,7.703e-23
1610.870999,7.295999999999999e-23
1610.87196,6.176e-26
1610.87308,8.698000000000001e-25
1610.877204,2.499e-21
1610.885828,5.76e-26
1610.893503,3.4420000000000004e-26
1610.899919,1.304e-25
1610.900934,8.106e-22
1610.901242,1.5550000000000002e-20
1610.904282,1.791e-24
1610.913591,1.438e-20
1610.921915,2.144e-25
1610.924015,2.713e-23
1610.926804,3.843e-21
1610.927117,4.246e-25
1610.931512,6.299e-26
1610.934205,2.084e-23
1610.935602,1.127e-24
1610.936218,2.031e-23
1610.942634,2.1720000000000003e-25
1610.942882,6.198000000000001e-26
1610.944059,3.016e-24
1610.947277,6.084000000000001e-26
1610.950673,7.683e-25
1610.953226,6.133e-25
1610.954183,2.394e-21
1610.954646,1.391e-24
1610.956771,3.901e-25
1610.958785,5.245e-25
1610.962221,1.781e-20
1610.967023,3.829e-25
1610.973009,5.136e-25
1610.975825,1.636e-20
1610.980966,6.024e-25
1610.990398,1.655e-24
1610.993028,1.314e-21
1610.995549,1.792e-23
1610.995804,1.271e-21
1610.99636,1.4809999999999998e-23
1610.99651,9.298e-25
1611.005011,3.721e-24
1611.005142,6.362e-24
1611.005752,9.123e-25
1611.008983,5.0350000000000007e-26
1611.010901,4.9440000000000005e-26
1611.012274,5.936000000000001e-26
1611.017974,2.05e-20
1611.020285,3.475e-23
1611.024783,1.7489999999999998e-23
1611.028379,6.125999999999999e-23
1611.030987,5.865999999999999e-23
1611.033082,3.645e-24
1611.033089,1.8680000000000003e-20
1611.034961,1.419e-25
1611.038159,1.086e-24
1611.041778,1.451e-23
1611.046092,1.702e-25
1611.049645,2.141e-23
1611.053349,1.406e-23
1611.05445,2.9269999999999995e-22
1611.054535,2.087e-23
1611.057904,2.849e-22
1611.059482,6.611e-24
1611.059483,1.68e-24
1611.060519,1.289e-24
1611.063357,2.033e-21
1611.064373,2.088e-23
1611.066262,1.182e-25
1611.068457,2.371e-20
1611.070375,2.845e-26
1611.071662,1.504e-24
1611.076536,7.913e-24
1611.078752,4.447e-23
1611.079831,1.799e-21
1611.080695,2.8020000000000004e-26
1611.081079,1.636e-22
1611.081829,7.722999999999999e-24
1611.082249,2.164e-21
1611.08411,8.084000000000001e-26
1611.084338,1.677e-22
1611.084871,4.274e-23
1611.085438,2.14e-20
1611.086996,1.913e-23
1611.087509,1.876e-21
1611.09072,3.2910000000000003e-26
1611.096745,9.537e-25
1611.102705,2.933e-24
1611.112381,7.957e-26
1611.11361,2.7650000000000003e-20
1611.114228,4.489e-23
1611.132153,3.94e-21
1611.132969,2.4650000000000003e-20
1611.133055,5.03e-24
1611.143354,1.534e-21
1611.146315,1.482e-21
1611.147993,1.343e-24
1611.153331,3.26e-20
1611.162529,1.174e-24
1611.168182,3.065e-24
1611.175857,2.862e-20
1611.180528,1.464e-25
1611.183199,1.235e-25
1611.187444,3.903e-20
1611.188542,1.283e-24
1611.192924,1.352e-24
1611.197159,1.258e-24
1611.19729,1.231e-25
1611.19772,7.22e-26
1611.202731,1.002e-24
1611.203167,2.417e-23
1611.204177,1.981e-24
1611.20643,2.351e-23
1611.206551,5.855e-23
1611.207821,6.804e-24
1611.212015,2.544e-23
1611.214154,2.474e-23
1611.214462,3.3570000000000005e-20
1611.215195,1.265e-25
1611.215576,4.781e-20
1611.218316,1.934e-24
1611.219294,1.177e-24
1611.229228,7.405999999999999e-22
1611.232209,2.312e-24
1611.234027,7.488000000000001e-26
1611.241287,1.183e-24
1611.243009,2.301e-21
1611.244088,2.2759999999999998e-24
1611.244526,1.991e-21
1611.248601,4.058e-22
1611.249703,3.9920000000000005e-20
1611.251287,1.026e-24
1611.251871,7.113e-24
1611.25315,2.466e-24
1611.254512,2.213e-23
1611.260757,1.051e-24
1611.263885,7.036e-22
1611.27104,1.342e-23
1611.273573,1.555e-25
1611.274912,1.308e-23
1611.282217,3.893e-22
1611.282479,1.526e-25
1611.28543,1.0089999999999999e-24
1611.286434,1.412e-23
1611.291107,8.997000000000001e-25
1611.292411,1.7860000000000002e-21
1611.295492,1.723e-21
1611.296577,3.682e-21
1611.297091,5.034e-24
1611.298227,7.723999999999999e-23
1611.308521,8.805e-24
1611.312922,4.889e-24
1611.316192,1.036e-21
1611.31912,1.3849999999999998e-23
1611.329752,1.528e-21
1611.346225,8.439e-25
1611.346616,1.679e-24
1611.3546,8.632000000000001e-25
1611.355304,9.225e-25
1611.355616,1.275e-20
1611.36078,1.413e-21
1611.374319,1.002e-21
1611.377304,1.468e-24
1611.377782,1.334e-25
1611.382661,2.578e-24
1611.388424,8.841000000000001e-26
1611.388828,2.376e-22
1611.390648,1.032e-22
1611.391112,2.44e-22
1611.393791,3.1490000000000004e-26
1611.394578,1.826e-23
1611.39521,3.0579999999999998e-24
1611.396385,3.205e-26
1611.396517,8.702e-24
1611.401445,6.87e-25
1611.401476,2.635e-24
1611.403009,8.504e-24
1611.403173,2.994e-24
1611.404068,3.613e-23
1611.406083,6.062e-20
1611.406566,1.92e-23
1611.406988,3.516e-23
1611.410273,7.195e-20
1611.410794,3.613e-26
1611.417795,1.3060000000000002e-26
1611.422843,2.592e-24
1611.430631,7.178e-25
1611.431474,9.401e-22
1611.433161,2.074e-21
1611.436429,1.998e-21
1611.437059,6.194e-23
1611.437755,1.875e-21
1611.445786,2.509e-26
1611.446141,2.5520000000000003e-26
1611.446278,7.926e-25
1611.450774,5.418e-25
1611.45749,1.781e-20
1611.462054,1.704e-21
1611.46699,6.021e-23
1611.473178,3.097e-22
1611.480314,3.752e-26
1611.485872,1.4000000000000002e-22
1611.492285,2.0849999999999998e-24
1611.49378,4.115e-25
1611.496246,2.6670000000000003e-25
1611.499144,1.145e-21
1611.500286,4.168e-22
1611.503245,4.05e-22
1611.505936,8.409e-24
1611.507285,1.854e-25
1611.509991,1.8209999999999998e-24
1611.517446,5.054e-26
1611.520787,3.014e-22
1611.521163,4.9620000000000006e-26
1611.522148,5.486e-23
1611.522332,5.331e-23
1611.529856,2.9860000000000003e-25
1611.531941,1.076e-21
1611.531967,3.158e-25
1611.533807,6.6499999999999995e-25
1611.538647,2.2250000000000003e-26
1611.545232,6.284000000000001e-25
1611.547986,6.192e-25
1611.548326,1.7609999999999998e-22
1611.55813,2.047e-25
1611.561942,7.699999999999998e-25
1611.563746,2.653e-24
1611.564719,6.497000000000001e-26
1611.566397,8.187e-24
1611.566646,6.379000000000001e-26
1611.568033,7.026e-23
1611.568573,4.463e-25
1611.570879,2.402e-21
1611.570909,7.557000000000001e-25
1611.574301,2.3100000000000006e-21
1611.577297,1.301e-25
1611.579599,1.7019999999999998e-22
1611.582293,4.3720000000000005e-25
1611.5871,1.929e-22
1611.599856,4.474e-21
1611.607768,6.868e-23
1611.608124,5.832e-23
1611.611477,2.245e-26
1611.611863,5.594e-23
1611.615561,1.38e-25
1611.618042,5.431e-25
1611.621523,2.211e-26
1611.623816,5.127e-25
1611.635188,2.588e-24
1611.635448,2.261e-24
1611.636637,2.521e-21
1611.638371,3.6020000000000004e-25
1611.646458,6.539999999999999e-23
1611.648838,4.154e-22
1611.650652,5.038e-25
1611.650853,6.353e-23
1611.658487,8.686e-24
1611.660641,3.889e-20
1611.664587,4.025e-22
1611.667795,1.872e-23
1611.671048,1.587e-23
1611.671356,3.759e-25
1611.671642,3.1999999999999998e-24
1611.672524,1.826e-23
1611.675054,2.3430000000000003e-25
1611.684641,4.842e-20
1611.690874,2.107e-25
1611.694869,4.244e-21
1611.69724,9.975e-22
1611.697943,3.4019999999999995e-22
1611.698722,3.135e-24
1611.699119,1.55e-23
1611.699164,4.303e-25
1611.699392,3.4989999999999995e-22
1611.699536,1.0079999999999999e-24
1611.699636,2.693e-22
1611.700078,6.855e-24
1611.701657,2.774e-21
1611.70356,2.405e-21
1611.703964,1.758e-23
1611.704813,4.954e-23
1611.705161,3.082e-25
1611.705178,6.694e-24
1611.705267,6.484e-20
1611.705279,2.664e-21
1611.705976,6.247e-26
1611.706461,1.467e-25
1611.706889,7.681e-20
1611.707169,2.418e-21
1611.707927,4.817e-23
1611.708324,1.32e-23
1611.709658,2.122e-21
1611.719322,1.281e-23
1611.726167,2.6990000000000005e-26
1611.733004,5.711e-26
1611.734761,2.741e-24
1611.735294,5.817e-26
1611.736452,1.311e-24
1611.739807,6.832e-22
1611.741239,2.222e-23
1611.748428,1.821e-26
1611.756467,2.8099999999999998e-24
1611.771009,1.077e-24
1611.771458,6.497999999999999e-22
1611.771488,3.213e-24
1611.773906,8.498e-25
1611.773928,4.175e-23
1611.774813,9.811e-25
1611.777234,6.577000000000001e-26
1611.777394,3.2920000000000003e-25
1611.779437,1.056e-24
1611.779771,4.019e-23
1611.792157,2.8210000000000005e-26
1611.793311,6.621e-22
1611.79511,6.2379999999999996e-24
1611.796811,9.677e-22
1611.799644,1.8899999999999998e-24
1611.804623,6.475e-26
1611.805388,1.248e-25
1611.808349,1.298e-23
1611.812598,1.865e-24
1611.813979,1.225e-25
1611.826429,6.434000000000001e-26
1611.828359,3.196e-21
1611.832169,3.0640000000000002e-21
1611.832848,1.725e-24
1611.833123,3.765e-22
1611.834933,8.137e-25
1611.844045,7.301999999999999e-23
1611.846119,6.989999999999999e-23
1611.846444,1.685e-24
1611.84764,6.459e-24
1611.853011,2.417e-25
1611.865819,2.231e-21
1611.870958,3.497e-24
1611.878385,2.027e-25
1611.879266,2.001e-21
1611.880382,4.072e-26
1611.884511,4.0010000000000006e-26
1611.885539,2.91e-24
1611.885916,6.573000000000001e-26
1611.886704,3.739e-26
1611.904024,1.393e-25
1611.904061,3.991e-24
1611.908012,5.854999999999999e-22
1611.908703,4.152e-25
1611.909427,5.741e-23
1611.90992,2.887e-25
1611.91061,5.678999999999999e-22
1611.913691,5.59e-23
1611.920473,6.81e-26
1611.926372,1.69e-25
1611.9279,4.527e-24
1611.929874,8.249e-26
1611.935925,1.103e-25
1611.936472,5.4390000000000004e-21
1611.948566,3.036e-24
1611.948915,3.674e-21
1611.949292,3.813e-26
1611.950982,6.879999999999999e-23
1611.951435,6.587e-23
1611.952949,3.516e-21
1611.953014,1.842e-25
1611.957505,4.452e-24
1611.960027,2.036e-23
1611.962837,3.297e-26
1611.965042,3.24e-26
1611.965227,3.192e-23
1611.968251,9.103e-25
1611.968747,3.109e-23
1611.972045,1.171e-23
1611.972279,4.33e-24
1611.973538,1.866e-25
1611.974676,2.578e-24
1611.974883,7.343999999999999e-22
1611.975167,1.142e-23
1611.975991,3.91e-22
1611.976764,1.812e-23
1611.978056,1.764e-23
1611.980325,4.36e-24
1611.982016,8.488e-26
1611.982384,2.526e-24
1611.984719,1.09e-26
1611.992864,7.469999999999999e-24
1611.99795,1.112e-25
1611.999134,7.304e-24
1612.001486,2.166e-26
1612.001663,3.3030000000000003e-25
1612.004367,4.803999999999999e-22
1612.005104,4.948999999999999e-22
1612.006681,6.994e-22
1612.00736,3.756e-22
1612.007746,4.975e-22
1612.007808,2.298e-25
1612.008776,7.188e-25
1612.014963,9.34e-25
1612.021389,1.389e-25
1612.030003,2.2149999999999998e-24
1612.030906,4.963e-24
1612.053171,4.804e-26
1612.055977,9.883e-22
1612.056372,1.44e-25
1612.057465,1.218e-23
1612.064803,4.2140000000000004e-21
1612.069064,4.025e-21
1612.069977,1.704e-23
1612.071182,5.09e-21
1612.074341,2.164e-23
1612.076721,2.104e-23
1612.080867,1.786e-23
1612.081511,2.64e-25
1612.083479,5.4499999999999996e-24
1612.088622,1.195e-23
1612.092159,6.738e-23
1612.095362,6.460999999999999e-23
1612.102606,2.072e-26
1612.106846,1.601e-21
1612.109171,7.858e-24
1612.110517,9.568e-22
1612.11309,1.501e-25
1612.12175,6.348e-25
1612.123764,2.109e-26
1612.125103,5.626e-23
1612.130473,6.231e-25
1612.134004,1.489e-21
1612.147568,1.763e-26
1612.150161,6.044999999999999e-23
1612.151228,5.874e-23
1612.153541,6.1809999999999996e-24
1612.153671,5.472999999999999e-23
1612.157349,1.737e-26
1612.162405,5.1329999999999996e-24
1612.173066,3.78e-25
1612.173833,1.5769999999999998e-23
1612.174984,4.826e-21
1612.176664,2.463e-26
1612.179505,4.599e-21
1612.180201,1.5590000000000002e-25
1612.181047,6.834e-24
1612.183612,1.579e-23
1612.186308,3.705e-25
1612.19029,1.88e-25
1612.19202,6.3190000000000005e-25
1612.202941,2.84e-22
1612.209753,5.351e-24
1612.224112,2.0060000000000002e-21
1612.243119,2.305e-24
1612.244857,1.838e-21
1612.248166,2.766e-22
1612.24861,2.222e-24
1612.249696,8.05e-25
1612.254268,1.644e-22
1612.257912,1.163e-21
1612.268441,2.187e-24
1612.27101,7.714e-24
1612.272452,8.606e-24
1612.277462,4.47e-25
1612.280176,5.516e-21
1612.280984,8.117999999999999e-22
1612.283339,7.857999999999999e-22
1612.283854,1.5909999999999998e-22
1612.284973,5.244e-21
1612.286861,6.433e-25
1612.28741,1.097e-21
1612.290012,1.628e-23
1612.290647,4.267e-25
1612.294464,1.589e-23
1612.295111,2.477e-26
1612.302583,3.575e-25
1612.30357,6.226e-23
1612.304539,6.690999999999999e-22
1612.304667,6.906e-22
1612.306623,5.142e-25
1612.307619,5.912e-24
1612.308242,7.693e-25
1612.311053,7.525e-24
1612.312661,5.777e-24
1612.316613,4.194e-25
1612.330521,9.974e-26
1612.333954,2.738e-24
1612.338854,9.787e-26
1612.341526,6.09e-23
1612.341832,1.3979999999999998e-23
1612.347937,8.999999999999998e-25
1612.355217,1.522e-24
1612.356185,8.825e-25
1612.357893,1.089e-23
1612.360093,2.684e-24
1612.361904,1.184e-25
1612.362307,2.494e-26
1612.368811,1.366e-23
1612.369259,1.195e-23
1612.369482,1.506e-24
1612.369951,5.451e-25
1612.370382,7.351e-24
1612.374956,4.786e-21
1612.378086,5.738999999999999e-22
1612.379724,1.16e-23
1612.379892,6.297e-21
1612.384102,9.653e-24
1612.384999,5.97e-21
1612.391031,2.51e-21
1612.391385,5.546999999999999e-22
1612.39952,3.627e-25
1612.404051,5.002e-20
1612.408933,3.3160000000000003e-25
1612.411879,6.16e-20
1612.421609,3.3010000000000003e-26
1612.425573,3.243e-26
1612.428918,1.172e-21
1612.435037,1.883e-23
1612.435519,2.374e-24
1612.437011,1.387e-23
1612.438329,1.835e-23
1612.456011,2.412e-21
1612.456083,1.495e-24
1612.456257,8.986e-25
1612.459538,4.550000000000001e-21
1612.467373,2.033e-26
1612.467377,5.326e-26
1612.469166,1.4619999999999999e-24
1612.469415,1.987e-23
1612.470366,2.0690000000000003e-26
1612.471067,5.483e-23
1612.471713,1.935e-23
1612.473066,5.269e-23
1612.473835,8.136999999999999e-24
1612.474453,7.181000000000001e-21
1612.4799,6.787e-21
1612.483081,3.897e-23
1612.487887,2.41e-26
1612.488383,3.757e-23
1612.492438,1.212e-23
1612.493908,5.246e-26
1612.494771,4.272e-26
1612.496859,4.1960000000000006e-26
1612.506465,1.5350000000000002e-26
1612.509452,1.5570000000000002e-26
1612.509746,1.779e-23
1612.514147,2.7060000000000003e-20
1612.516036,1.021e-23
1612.517201,2.472e-24
1612.519775,9.966e-24
1612.520699,5.262e-25
1612.5224,5.187e-25
1612.524559,6.681000000000001e-26
1612.532728,4.28e-25
1612.541148,5.868e-24
1612.548504,2.163e-24
1612.554826,3.614e-20
1612.555967,2.12e-24
1612.557535,2.433e-24
1612.563649,8.183e-21
1612.569478,7.707e-21
1612.575757,6.052e-24
1612.57577,2.304e-23
1612.584116,6.3839999999999996e-24
1612.587637,5.532e-25
1612.590165,6.245e-24
1612.59498,9.513999999999998e-22
1612.595378,9.198e-22
1612.59646,1.5279999999999998e-23
1612.599778,1.139e-23
1612.602721,7.965e-25
1612.612714,6.894000000000001e-25
1612.613262,3.912e-24
1612.618979,1.688e-21
1612.622075,1.112e-21
1612.624293,1.074e-21
1612.626444,6.256e-24
1612.627003,3.811e-24
1612.633654,9.931e-25
1612.634806,3.018e-23
1612.635531,2.157e-25
1612.639534,6.875e-26
1612.645197,2.119e-25
1612.647609,9.322e-21
1612.648325,2.402e-21
1612.650524,9.574e-26
1612.653867,8.747e-21
1612.657552,3.772e-21
1612.659871,2.177e-21
1612.66906,2.869e-24
1612.670599,2.801e-23
1612.671528,3.456e-23
1612.673124,2.73e-23
1612.676086,5.21e-25
1612.67864,1.3790000000000002e-26
1612.684526,5.117e-25
1612.686395,4.008e-23
1612.68747,1.54e-23
1612.688167,1.359e-26
1612.696115,1.936e-23
1612.696909,1.157e-21
1612.698009,3.74e-22
1612.699233,2.601e-21
1612.702764,2.328e-21
1612.704622,6.494000000000001e-26
1612.71481,4.061e-24
1612.715015,7.218999999999999e-22
1612.721402,7.646e-25
1612.724775,7.465999999999999e-22
1612.726248,1.062e-20
1612.727386,3.598e-22
1612.729823,2.99e-24
1612.729958,5.416e-23
1612.730389,8.277e-25
1612.732595,6.681e-21
1612.732995,9.923e-21
1612.735032,2.117e-24
1612.73582,8.867999999999999e-22
1612.738901,6.731000000000001e-26
1612.740325,1.579e-23
1612.744348,6.89e-22
1612.750265,1.6499999999999998e-23
1612.764154,8.378999999999999e-22
1612.76465,7.48e-23
1612.764941,1.546e-24
1612.767437,3.747e-26
1612.769662,3.814e-26
1612.771633,1.353e-25
1612.772258,3.187e-25
1612.775248,8.514e-25
1612.777284,4.025e-22
1612.777395,7.294e-25
1612.780127,2.6420000000000003e-26
1612.784374,2.596e-26
1612.785044,3.1240000000000003e-25
1612.789258,1.062e-22
1612.791245,9.357e-22
1612.79173,2.469e-23
1612.799208,1.983e-24
1612.79961,1.212e-20
1612.799659,2.422e-22
1612.801923,1.5649999999999998e-22
1612.806918,1.126e-20
1612.808147,5.082e-23
1612.813375,2.045e-23
1612.825839,1.045e-23
1612.828135,3.347e-24
1612.832779,4.212e-23
1612.832839,4.327e-23
1612.832987,2.745e-21
1612.834549,2.454e-21
1612.835453,4.947e-23
1612.837509,5.184e-23
1612.842038,5.044e-23
1612.842567,9.066999999999998e-22
1612.845929,6.267e-21
1612.84776,1.615e-23
1612.848731,7.921000000000001e-26
1612.850729,1.5720000000000002e-26
1612.855555,1.026e-23
1612.856279,3.487e-21
1612.856681,7.769e-26
1612.860268,8.532e-25
1612.86766,1.384e-20
1612.873409,1.295e-21
1612.874267,1.249e-21
1612.87562,1.279e-20
1612.878322,1.6540000000000001e-21
1612.883473,3.172e-23
1612.887408,1.23e-24
1612.889831,2.123e-26
1612.89225,2.087e-26
1612.895794,1.41e-23
1612.899702,1.206e-24
1612.900115,1.3769999999999998e-23
1612.901801,7.001e-24
1612.902384,1.546e-21
1612.915473,1.197e-24
1612.918005,1.061e-24
1612.919255,7.486e-25
1612.922238,5.074e-24
1612.923582,1.948e-26
1612.92474,4.272e-25
1612.92708,4.961e-24
1612.927333,7.343e-25
1612.9287,2.588e-22
1612.930403,1.5860000000000002e-20
1612.931386,1.4e-25
1612.93371,1.504e-21
1612.935884,1.4490000000000001e-21
1612.936247,3.881e-23
1612.939056,3.78e-23
1612.939132,1.4550000000000002e-20
1612.947095,5.535e-25
1612.951588,1.5299999999999999e-24
1612.953716,3.534e-25
1612.955005,1.526e-22
1612.95646,2.2350000000000003e-26
1612.971721,4.112e-23
1612.971731,2.522e-22
1612.977225,6.463e-26
1612.978174,1.573e-25
1612.978843,3.4750000000000003e-25
1612.983056,1.478e-22
1612.984155,1.256e-26
1612.987818,1.824e-20
1612.991944,2.331e-24
1612.997469,1.66e-20
1612.998499,1.594e-25
1613.003617,5.166e-23
1613.004543,2.112e-21
1613.007023,4.972e-23
1613.007897,1.225e-23
1613.009569,8.311000000000001e-25
1613.010985,1.1700000000000001e-21
1613.014978,7.827e-22
1613.017185,2.286e-24
1613.022018,2.278e-26
1613.022569,1.949e-21
1613.024535,1.076e-23
1613.026052,7.543e-22
1613.031461,5.6e-25
1613.033848,1.197e-23
1613.034427,1.046e-23
1613.035746,5.487999999999999e-23
1613.037727,1.1070000000000001e-21
1613.039886,2.11e-20
1613.050669,1.901e-20
1613.056885,5.388e-23
1613.072038,5.369999999999999e-23
1613.073875,1.29e-24
1613.078799,3.717e-25
1613.086474,1.262e-24
1613.086573,2.459e-20
1613.093251,1.864e-24
1613.098783,2.19e-20
1613.101673,2.0199999999999998e-24
1613.103088,1.012e-25
1613.105988,7.735000000000001e-26
1613.109626,4.524e-23
1613.111466,1.836e-24
1613.114169,4.404e-23
1613.114581,6.695e-24
1613.116645,1.807e-24
1613.118181,1.315e-24
1613.123872,1.772e-24
1613.127829,2.899e-20
1613.137749,1.742e-21
1613.139022,1.676e-21
1613.139578,7.151999999999999e-23
1613.140016,2.914e-25
1613.140449,2.472e-21
1613.141902,2.5410000000000003e-20
1613.144401,5.007e-21
1613.154538,4.2950000000000005e-26
1613.158591,1.896e-24
1613.16217,3.8330000000000005e-20
1613.163563,3.471e-20
1613.164284,3.582e-23
1613.167817,1.012e-25
1613.168617,3.493e-23
1613.168902,5.43e-24
1613.171977,5.004e-20
1613.172821,6.5589999999999996e-24
1613.17475,5.314e-24
1613.177968,2.051e-26
1613.180196,2.981e-20
1613.180231,4.23e-26
1613.181147,3.835e-24
1613.183963,1.755e-25
1613.186908,7.288e-25
1613.193451,1.7240000000000002e-25
1613.193605,4.25e-20
1613.195217,1.635e-24
1613.200017,2.453e-23
1613.200607,2.379e-21
1613.20077,3.973e-25
1613.203329,2.392e-23
1613.205923,1.459e-21
1613.206035,7.981e-25
1613.207993,1.53e-26
1613.214043,3.548e-20
1613.217004,1.045e-25
1613.217581,5.382e-20
1613.217893,2.013e-21
1613.219863,6.541999999999999e-23
1613.220109,1.933e-21
1613.220419,4.77e-21
1613.220637,9.64e-23
1613.222104,6.284e-23
1613.224725,4.258e-25
1613.225431,8.827e-24
1613.228299,8.619e-24
1613.231715,3.989e-24
1613.23292,4.183e-25
1613.240276,6.941000000000001e-25
1613.242785,2.358e-24
1613.244524,4.3010000000000006e-20
1613.260133,1.388e-23
1613.261378,1.354e-23
1613.262746,2.792e-21
1613.264546,3.415e-24
1613.26765,2.526e-21
1613.271814,1.321e-23
1613.273417,1.669e-23
1613.277269,3.332e-24
1613.278535,7.525e-24
1613.283635,1.584e-23
1613.291876,2.2149999999999998e-24
1613.301297,1.324e-22
1613.306128,2.085e-26
1613.306867,2.082e-24
1613.339835,1.3750000000000002e-20
1613.341599,7.053000000000001e-26
1613.359086,8.284e-26
1613.359436,2.028e-24
1613.359864,6.257e-26
1613.362632,5.789e-26
1613.36288,5.832e-24
1613.366144,2.674e-25
1613.367465,6.132000000000001e-26
1613.374657,6.144e-23
1613.374997,5.902e-23
1613.378495,2.623e-25
1613.383433,1.858e-22
1613.386192,2.32e-21
1613.387852,2.224e-21
1613.394073,2.7590000000000003e-26
1613.394991,5.993e-26
1613.396157,2.712e-26
1613.401773,4.765e-23
1613.402814,1.005e-23
1613.402975,4.637e-23
1613.404646,6.06e-24
1613.40502,1.4549999999999998e-23
1613.40711,1.204e-23
1613.41186,1.195e-23
1613.411942,6.023e-24
1613.414058,1.517e-23
1613.414608,2.9259999999999998e-24
1613.414667,3.553e-22
1613.427044,2.13e-20
1613.428981,9.359e-25
1613.431507,1.74e-26
1613.435223,1.579e-21
1613.440292,4.263e-20
1613.441843,5.527e-20
1613.442264,3.423e-22
1613.445106,2.544e-21
1613.445753,2.808e-24
1613.445815,2.526e-24
1613.446555,9.327e-25
1613.44965,7.038e-22
1613.451552,7.251000000000001e-26
1613.454866,2.326e-21
1613.460438,5.981999999999999e-23
1613.463598,5.755e-23
1613.470071,2.673e-22
1613.475743,6.922e-21
1613.476254,2.668e-21
1613.476837,6.731999999999999e-22
1613.478592,2.5530000000000002e-21
1613.485015,6.199e-25
1613.486189,4.566e-23
1613.487735,7.54e-25
1613.49293,6.082e-25
1613.493352,4.386e-25
1613.494065,4.324000000000001e-25
1613.494334,3.632e-24
1613.504298,2.923e-24
1613.509031,3.645e-24
1613.509498,1.215e-23
1613.512323,4.448e-23
1613.513531,1.187e-23
1613.516824,4.336e-24
1613.518948,1.29e-26
1613.521591,7.694e-21
1613.521643,4.241e-24
1613.522011,8.793e-22
1613.530695,7.773e-25
1613.561136,1.769e-24
1613.56159,1.26e-25
1613.564011,1.274e-24
1613.566223,1.055e-21
1613.566249,4.05e-23
1613.566475,3.948e-22
1613.57043,8.529e-22
1613.575323,1.013e-21
1613.577535,8.645e-25
1613.582397,3.146e-24
1613.591521,8.926e-24
1613.613019,2.914e-25
1613.617283,3.062e-21
1613.617663,1.292e-21
1613.61888,7.238e-21
1613.619312,1.151e-21
1613.619322,2.923e-21
1613.619875,8.764e-24
1613.621319,3.514e-24
1613.628058,6.401e-21
1613.637335,2.866e-25
1613.637742,1.299e-25
1613.64232,2.514e-24
1613.6441,1.441e-23
1613.644271,1.689e-21
1613.644327,1.078e-21
1613.644384,9.884e-26
1613.645606,1.976e-24
1613.647421,1.405e-23
1613.648775,7.893e-24
1613.650453,2.345e-22
1613.650537,1.4079999999999998e-22
1613.650656,6.9580000000000005e-25
1613.650658,1.983e-23
1613.654207,4.539e-24
1613.665802,1.585e-21
1613.669238,1.068e-23
1613.669988,1.939e-24
1613.670863,3.933e-24
1613.674208,9.646e-24
1613.677187,1.365e-22
1613.679133,1.503e-24
1613.682874,5.93e-22
1613.683448,9.373e-24
1613.686132,1.475e-24
1613.686219,1.108e-24
1613.687551,6.232e-24
1613.691461,2.287e-22
1613.694219,1.045e-23
1613.696062,4.825e-25
1613.698357,1.084e-24
1613.699937,1.522e-23
1613.701258,6.619000000000001e-25
1613.702403,1.484e-23
1613.710087,3.507e-21
1613.712626,3.341e-21
1613.726789,1.421e-25
1613.732019,1.114e-25
1613.736106,1.397e-25
1613.738093,7.628e-24
1613.741716,7.453e-24
1613.748877,4.598e-24
1613.75185,5.672e-24
1613.754325,4.242e-26
1613.75452,4.502e-24
1613.758411,1.165e-21
1613.764549,4.811e-23
1613.767926,3.4640000000000003e-25
1613.770197,2.416e-26
1613.772324,2.4570000000000003e-26
1613.775883,3.404e-25
1613.779748,2.194e-21
1613.782818,1.105e-21
1613.785656,4.927e-24
1613.795626,2.0360000000000002e-21
1613.799283,4.71e-23
1613.805618,1.347e-25
1613.829875,4.009e-21
1613.832307,3.8100000000000004e-21
1613.838714,3.4470000000000003e-26
1613.843126,8.486e-22
1613.85584,4.683e-23
1613.863444,4.898e-26
1613.863591,3.396e-26
1613.864741,2.552e-25
1613.866512,3.34e-23
1613.870313,4.7870000000000006e-26
1613.871034,6.201e-24
1613.871301,3.228e-23
1613.876526,7.1e-24
1613.884941,2.41e-21
1613.889661,1.349e-25
1613.894957,4.796e-23
1613.896412,4.622e-23
1613.896443,3.852e-26
1613.908368,5.145e-21
1613.911542,2.961e-24
1613.91509,5.935e-24
1613.917567,2.131e-23
1613.919703,2.079e-23
1613.920394,4.577e-21
1613.923217,4.338e-21
1613.923246,2.892e-24
1613.935675,1.553e-24
1613.940874,2.323e-21
1613.945064,7.114e-25
1613.949085,7.064e-25
1613.951839,1.534e-24
1613.954718,2.234e-25
1613.958144,1.73e-24
1613.9646,7.119e-25
1613.966652,2.192e-25
1613.966692,3.9970000000000005e-26
1613.967942,7.837e-24
1613.972207,5.83e-24
1613.972576,8.928e-24
1613.977243,4.911e-21
1613.982882,2.221e-26
1613.997487,1.337e-25
1614.001957,4.034e-23
1614.006396,3.929e-23
1614.01761,1.355e-25
1614.018695,3.9330000000000006e-26
1614.02309,5.22e-21
1614.025952,4.932e-21
1614.036461,3.318e-25
1614.038974,1.405e-21
1614.040518,1.966e-24
1614.044824,1.338e-24
1614.045118,5.11e-25
1614.046368,1.3450000000000001e-21
1614.046592,9.969e-24
1614.052879,5.0160000000000005e-25
1614.059194,1.973e-24
1614.061691,7.142e-26
1614.064833,1.331e-23
1614.073109,1.3849999999999998e-23
1614.073579,6.888e-24
1614.0811,1.127e-23
1614.094179,1.4180000000000002e-26
1614.096619,2.566e-20
1614.102464,1.042e-23
1614.106397,1.019e-23
1614.107925,5.949e-21
1614.109485,6.662e-25
1614.111129,5.602e-21
1614.117413,3.734e-20
1614.119959,3.263e-23
1614.120219,3.348e-23
1614.123067,3.687e-24
1614.125971,3.353e-22
1614.127673,3.608e-24
1614.127997,1.277e-23
1614.136482,5.573e-24
1614.139392,1.096e-26
1614.143493,2.974e-23
1614.144319,2.91e-23
1614.151969,3.235e-22
1614.156993,1.973e-21
1614.157106,7.357000000000001e-26
1614.157183,6.332e-25
1614.159224,4.081e-23
1614.172462,1.43e-23
1614.175047,8.849e-24
1614.177929,1.786e-24
1614.178804,6.810999999999999e-22
1614.183827,5.749e-24
1614.184266,3.979e-23
1614.196268,6.778e-21
1614.197314,1.6499999999999998e-23
1614.199631,6.357e-21
1614.199687,5.810000000000001e-26
1614.20411,6.525999999999999e-22
1614.210124,2.659e-21
1614.218944,2.449e-21
1614.225187,2.7329999999999998e-24
1614.232021,6.02e-26
1614.235899,1.245e-24
1614.241148,6.882000000000001e-25
1614.242676,1.221e-24
1614.247579,1.142e-23
1614.248285,8.206999999999999e-22
1614.261372,2.836e-24
1614.262437,7.556000000000001e-26
1614.263997,1.146e-25
1614.26437,2.155e-23
1614.26647,1.719e-26
1614.266863,3.241e-24
1614.267902,1.827e-23
1614.268554,2.392e-25
1614.273149,1.127e-25
1614.273222,7.724e-21
1614.276931,7.213e-21
1614.28171,2.842e-24
1614.282162,7.112e-25
1614.283124,9.558e-21
1614.28503,3.493e-23
1614.28588,1.169e-23
1614.289715,3.405e-23
1614.292084,2.353e-25
1614.293107,9.466e-25
1614.293179,2.924e-21
1614.294074,7.966999999999999e-22
1614.294936,1.667e-24
1614.295813,2.67e-21
1614.304099,8.503e-21
1614.304808,9.267e-25
1614.305329,2.8050000000000003e-25
1614.313058,2.758e-25
1614.315069,2.944e-24
1614.316081,1.574e-24
1614.318193,8.599999999999999e-24
1614.318496,1.636e-24
1614.321995,3.876e-24
1614.3223,2.853e-23
1614.325849,9.268e-24
1614.327456,3.796e-24
1614.327899,8.352e-24
1614.340865,1.291e-22
1614.348927,8.811e-21
1614.349913,9.071e-24
1614.352839,2.352e-23
1614.35291,8.185e-21
1614.354477,7.583e-24
1614.355296,2.596e-21
1614.358758,3.788e-26
1614.364465,3.672e-26
1614.366228,1.254e-22
1614.368198,2.112e-22
1614.375043,3.839e-23
1614.375155,4.476e-23
1614.377827,1.025e-25
1614.37829,4.319e-23
1614.381541,7.448e-24
1614.388953,8.02e-21
1614.389609,1.066e-26
1614.389748,1.499e-21
1614.394931,6.075e-24
1614.398811,3.0760000000000002e-21
1614.400437,2.807e-21
1614.404774,1.706e-21
1614.405287,8.862e-21
1614.40627,4.271e-24
1614.407335,2.061e-22
1614.410807,1.849e-23
1614.411452,1.389e-21
1614.413937,1.806e-23
1614.416653,1.007e-20
1614.416995,1.221e-23
1614.419504,5.272e-23
1614.421036,9.297e-21
1614.424164,1.607e-21
1614.435437,4.253e-23
1614.437467,3.057e-23
1614.439093,4.188e-25
1614.440598,2.0849999999999998e-24
1614.440603,1.855e-21
1614.441685,5.264e-25
1614.445589,1.194e-23
1614.446566,1.768e-21
1614.446571,3.0579999999999998e-24
1614.449858,1.264e-23
1614.45178,9.614e-22
1614.456606,7.428e-23
1614.459295,6.527e-24
1614.461894,6.382e-24
1614.463055,3.588e-25
1614.463269,3.638e-25
1614.463454,5.29e-25
1614.465308,1.042e-25
1614.465974,5.542e-24
1614.469969,1.436e-23
1614.474364,1.879e-23
1614.480722,1.153e-20
1614.484479,1.0819999999999998e-22
1614.485516,1.0580000000000002e-20
1614.489967,4.196e-23
1614.493138,4.711999999999999e-22
1614.500223,1.1500000000000002e-21
1614.502059,1.647e-22
1614.502289,1.233e-25
1614.506508,2.665e-22
1614.513975,1.182e-25
1614.515389,4.0199999999999993e-23
1614.519159,1.044e-23
1614.519905,2.755e-26
1614.52039,1.019e-23
1614.522631,1.094e-21
1614.523238,4.11e-23
1614.530799,3.069e-23
1614.535481,2.969e-23
1614.537974,1.858e-25
1614.538437,1.3270000000000002e-20
1614.543759,1.207e-20
1614.543983,2.7150000000000003e-26
1614.548872,2.252e-21
1614.549511,1.824e-25
1614.554513,2.548e-24
1614.560875,1.226e-25
1614.563036,2.1e-21
1614.565187,2.493e-24
1614.567775,5.731e-23
1614.569872,6.37e-25
1614.570188,5.522e-23
1614.583225,2.227e-25
1614.591195,5.36e-23
1614.59139,1.5340000000000002e-20
1614.597329,1.3820000000000002e-20
1614.599652,4.194e-25
1614.604337,9.226e-24
1614.606588,9.016e-24
1614.607264,4.118e-25
1614.614457,6.053e-25
1614.624202,6.172e-21
1614.624269,3.685e-23
1614.624543,2.329e-21
1614.625635,3.591e-23
1614.638656,1.7890000000000002e-20
1614.645376,1.591e-20
1614.655949,1.037e-25
1614.656679,3.959e-25
1614.657446,1.213e-26
1614.662692,7.269e-23
1614.666979,5.21e-21
1614.676747,2.247e-21
1614.679118,1.28e-25
1614.680694,2.1090000000000003e-20
1614.685584,6.232e-25
1614.68841,1.8470000000000003e-20
1614.70404,3.122e-24
1614.708401,8.892e-24
1614.70866,3.057e-24
1614.712025,8.697999999999999e-24
1614.714356,1.068e-25
1614.714546,5.228e-24
1614.717221,2.525e-20
1614.718702,1.213e-23
1614.726231,1.259e-23
1614.726275,2.1650000000000003e-20
1614.729819,4.982e-21
1614.732113,1.007e-22
1614.740665,1.53e-26
1614.74827,3.092e-20
1614.75841,6.134e-26
1614.75923,2.577e-20
1614.760936,1.572e-25
1614.770605,5.148e-24
1614.772074,3.288e-24
1614.772904,5.362e-23
1614.773163,5.167e-23
1614.773644,3.9150000000000006e-20
1614.778476,2.429e-21
1614.779789,1.232e-24
1614.782703,7.105e-23
1614.783285,2.303e-21
1614.7876,3.1290000000000005e-20
1614.789486,1.276e-24
1614.789687,4.817e-24
1614.792991,5.231e-20
1614.79356,1.0069999999999999e-24
1614.799372,3.0640000000000002e-21
1614.799552,1.43e-22
1614.799949,6.435e-26
1614.803621,2.819e-21
1614.804788,5.197e-23
1614.807924,5.013e-23
1614.811522,5.623e-21
1614.812295,1.444e-24
1614.812666,3.891e-20
1614.815908,1.014e-23
1614.819489,1.748e-24
1614.820027,5.043e-26
1614.827249,3.629e-23
1614.830349,1.082e-23
1614.831923,3.145e-22
1614.833699,1.057e-23
1614.837363,2.262e-25
1614.842223,2.785e-26
1614.843233,2.563e-26
1614.844866,2.224e-25
1614.851271,3.5399999999999995e-23
1614.856479,3.0379999999999995e-22
1614.859736,6.2539999999999996e-24
1614.861266,1.163e-20
1614.867044,2.097e-22
1614.890712,3.252e-24
1614.894533,8.053e-25
1614.895979,3.187e-24
1614.902491,6.542999999999999e-22
1614.903223,1.144e-23
1614.905817,7.887000000000001e-25
1614.905884,1.117e-23
1614.919731,2.26e-20
1614.920316,1.955e-25
1614.921468,5.297e-24
1614.923868,3.807e-25
1614.926135,6.281e-22
1614.936971,5.595e-24
1614.936988,3.197e-22
1614.939929,1.3999999999999999e-24
1614.94051,5.471e-24
1614.943084,1.923e-25
1614.945933,4.749e-26
1614.947826,3.841e-25
1614.956592,7.631e-24
1614.962699,1.374e-24
1614.963202,4.897e-26
1614.963567,4.443e-26
1614.965495,7.429999999999999e-24
1614.967368,5.46e-24
1614.970074,7.607999999999999e-22
1614.971088,7.588e-26
1614.973095,7.834e-24
1614.977726,8.004e-24
1614.979206,4.868e-26
1614.987092,2.748e-21
1614.988412,6.2970000000000005e-25
1614.995037,2.64e-24
1614.996168,5.048e-26
1614.997545,4.527e-26
1615.00092,7.836e-24
1615.004114,2.745e-21
1615.01041,4.86e-26
1615.011035,1.131e-25
1615.01165,2.544e-21
1615.01347,7.391999999999999e-22
1615.014362,5.106e-22
1615.02035,4.018e-26
1615.025985,1.1779999999999998e-22
1615.027207,6.088e-25
1615.027383,6.521e-25
1615.030952,1.145e-25
1615.032716,2.885e-24
1615.043537,5.038e-26
1615.046188,5.28e-24
1615.04674,1.975e-21
1615.048887,1.492e-24
1615.049526,2.742e-24
1615.050165,1.1449999999999998e-22
1615.055368,4.0650000000000005e-26
1615.055739,1.116e-23
1615.056155,7.736e-24
1615.059747,3.1650000000000002e-21
1615.063677,2.98e-21
1615.064272,1.3959999999999999e-24
1615.065155,1.802e-21
1615.068491,5.788e-25
1615.07215,7.786e-26
1615.077236,7.729999999999999e-24
1615.080525,9.125e-21
1615.081933,1.891e-22
1615.081971,1.175e-20
1615.082056,4.63e-26
1615.087031,1.855e-23
1615.109465,8.544e-22
1615.11467,6.411e-24
1615.115898,4.828e-26
1615.115905,1.538e-25
1615.119333,1.847e-22
1615.119663,3.5200000000000004e-26
1615.124861,9.937e-25
1615.12706,1.51e-25
1615.129131,8.756e-22
1615.138224,9.108e-22
1615.140441,3.081e-23
1615.140466,1.544e-24
1615.140514,6.2989999999999996e-24
1615.141415,1.169e-21
1615.142494,6.652e-25
1615.143073,2.995e-23
1615.145222,1.5899999999999998e-23
1615.146969,1.5539999999999998e-23
1615.14841,1.2200000000000001e-21
1615.148472,3.427e-25
1615.14893,6.397e-25
1615.149359,1.04e-24
1615.152677,3.412e-21
1615.15484,1.7060000000000002e-20
1615.155492,8.63e-21
1615.155943,3.366e-25
1615.156005,3.5280000000000006e-26
1615.156021,6.480999999999999e-22
1615.156334,3.071e-20
1615.159669,1.708e-21
1615.167448,6.721999999999999e-22
1615.172313,4.218e-26
1615.174539,4.247e-25
1615.176339,3.619e-25
1615.177428,1.614e-21
1615.183098,1.094e-20
1615.185683,1.5440000000000001e-21
1615.187853,1.629e-24
1615.188649,2.409e-24
1615.190818,1.617e-21
1615.19375,2.175e-24
1615.198111,2.192e-26
1615.203363,2.132e-24
1615.207532,4.428e-26
1615.211986,3.64e-23
1615.219415,4.11e-25
1615.221407,2.16e-26
1615.228908,4.735e-22
1615.229656,2.803e-23
1615.233779,2.714e-23
1615.236447,1.127e-21
1615.236847,1.15e-26
1615.238625,4.924e-24
1615.239714,8.374000000000001e-26
1615.242885,4.900000000000002e-22
1615.243881,3.568e-23
1615.250361,1.397e-21
1615.250515,2.569e-24
1615.252378,2.696e-25
1615.254603,2.019e-21
1615.257126,1.074e-21
1615.258113,2.1250000000000002e-21
1615.262201,3.788e-24
1615.263671,1.125e-25
1615.263931,2.9930000000000004e-26
1615.269358,8.721e-24
1615.275228,3.659e-26
1615.285039,4.224e-23
1615.286268,1.753e-23
1615.288023,7.553e-24
1615.291175,4.117e-21
1615.291221,2.274e-23
1615.291578,7.392e-24
1615.294496,3.844e-21
1615.294587,1.37e-26
1615.295565,1.936e-25
1615.299665,4.104e-23
1615.300629,3.965e-23
1615.30186,2.9580000000000005e-26
1615.302583,2.631e-24
1615.306968,2.577e-24
1615.310256,2.153e-23
1615.312627,3.868e-26
1615.313314,2.287e-21
1615.316313,1.275e-23
1615.323527,2.199e-23
1615.326057,2.1430000000000002e-21
1615.329913,4.1049999999999996e-24
1615.332337,8.422e-25
1615.340927,2.621e-21
1615.342477,2.629e-25
1615.343034,2.775e-21
1615.353654,1.144e-25
1615.354023,3.414e-22
1615.354048,6.0389999999999996e-24
1615.359281,2.2320000000000002e-21
1615.363455,1.816e-25
1615.3652,1.154e-25
1615.367987,1.097e-23
1615.370737,1.786e-25
1615.370742,3.525e-22
1615.374909,1.137e-23
1615.382288,1.695e-25
1615.382845,2.479e-23
1615.383264,2.54e-23
1615.384906,3.001e-26
1615.399937,2.075e-24
1615.401901,1.505e-26
1615.408173,2.156e-21
1615.40861,2.704e-25
1615.409457,6.542000000000001e-26
1615.415676,5.479e-25
1615.41706,1.017e-26
1615.418808,6.703e-24
1615.420326,5.209e-21
1615.420816,8.747e-26
1615.4255,3.201e-26
1615.429442,2.9630000000000003e-25
1615.43053,3.004e-25
1615.434974,2.648e-23
1615.436905,3.667e-26
1615.437699,3.3850000000000002e-21
1615.438598,3.611e-21
1615.439782,2.584e-23
1615.446491,1.13e-20
1615.447239,1.5019999999999998e-23
1615.449299,5.25e-26
1615.452031,2.717e-24
1615.454613,2.478e-26
1615.456654,2.1499999999999998e-24
1615.457132,2.663e-24
1615.457489,9.836e-24
1615.478006,4.990000000000001e-21
1615.478973,5.372e-21
1615.481958,4.959e-21
1615.490258,3.21e-23
1615.490316,5.774e-25
1615.49049,6.819e-25
1615.494487,2.383e-26
1615.495653,2.306e-26
1615.501376,6.681e-25
1615.510253,1.131e-23
1615.510258,4.592e-24
1615.513324,3.133e-23
1615.513692,2.188e-23
1615.523508,1.673e-25
1615.528095,5.497e-25
1615.532525,2.931e-22
1615.536826,2.427e-22
1615.538272,4.7e-21
1615.538422,4.364e-21
1615.540783,2.4860000000000003e-26
1615.551954,1.201e-25
1615.555773,2.835e-22
1615.556431,2.502e-22
1615.565208,4.532e-24
1615.566442,1.6549999999999998e-23
1615.568303,1.59e-25
1615.569697,9.826e-26
1615.569749,1.05e-25
1615.573041,1.541e-24
1615.580579,1.17e-24
1615.581333,9.606e-23
1615.584396,2.756e-23
1615.584766,1.031e-20
1615.58746,1.225e-25
1615.589265,6.737e-24
1615.59001,2.664e-21
1615.59033,1.5650000000000002e-25
1615.591216,1.545e-23
1615.597329,1.3689999999999998e-23
1615.597591,2.009e-23
1615.597727,6.565e-24
1615.6003,1.3379999999999998e-23
1615.602061,1.6380000000000002e-26
1615.60259,1.149e-24
1615.603972,2.249e-23
1615.604082,9.395e-24
1615.60417,1.054e-24
1615.605179,2.376e-21
1615.60683,9.175e-24
1615.620719,6.243999999999999e-22
1615.624332,1.056e-24
1615.624861,6.877999999999999e-24
1615.628694,7.084e-21
1615.631634,6.440000000000001e-21
1615.636111,6.157e-21
1615.637205,5.644e-21
1615.637616,5.638e-24
1615.642182,1.011e-25
1615.642885,6.002999999999999e-22
1615.64723,6.738e-24
1615.651377,3.75e-21
1615.653609,1.79e-26
1615.663802,1.169e-24
1615.665936,9.905e-25
1615.672822,8.145999999999999e-23
1615.673569,4.74e-24
1615.674219,3.856e-23
1615.675726,2.92e-23
1615.675932,3.984e-23
1615.675957,4.638e-24
1615.68368,5.584e-23
1615.686781,4.991e-24
1615.687383,7.009e-22
1615.691718,2.788e-25
1615.692336,2.01e-26
1615.698987,1.051e-26
1615.699052,2.739e-25
1615.699296,1.245e-25
1615.705894,1.069e-22
1615.706946,1.618e-25
1615.712293,5.371e-26
1615.722558,3.796e-23
1615.724559,6.908e-24
1615.725468,3.671e-23
1615.726853,8.197e-21
1615.728593,6.815e-22
1615.728868,7.376e-21
1615.728981,1.039e-22
1615.73087,5.778e-25
1615.731056,5.14e-24
1615.732079,1.038e-21
1615.732764,8.4e-23
1615.735956,1.7430000000000002e-26
1615.744601,1.336e-22
1615.74514,9.558e-21
1615.745611,6.708000000000001e-26
1615.748378,8.495e-21
1615.749035,2.806e-21
1615.753109,7.7e-24
1615.753234,1.196e-25
1615.754356,7.526e-24
1615.75617,2.614e-21
1615.756961,4.423e-22
1615.759811,1.17e-26
1615.762121,2.294e-22
1615.766993,1.057e-25
1615.767699,5.9960000000000005e-25
1615.770808,2.5399999999999998e-24
1615.779089,6.778e-24
1615.781503,5.541e-23
1615.78186,1.7019999999999998e-22
1615.781931,6.628e-24
1615.783541,7.743e-26
1615.791653,1.685e-22
1615.7921,2.562e-24
1615.804427,1.751e-22
1615.805895,1.235e-24
1615.805977,1.1270000000000002e-20
1615.80904,9.857e-21
1615.809837,7.941e-23
1615.817049,2.796e-23
1615.818606,2.728e-23
1615.823488,2.635e-24
1615.827437,1.6459999999999998e-22
1615.827969,1.84e-25
1615.829628,1.842e-24
1615.83228,1.35e-20
1615.836323,1.156e-20
1615.838135,1.808e-24
1615.851134,9.578e-21
1615.860308,9.012e-24
1615.864026,3.128e-21
1615.86613,2.896e-21
1615.869147,2.208e-24
1615.869707,1.653e-20
1615.872003,6.882000000000001e-25
1615.872066,5.3929999999999996e-24
1615.873494,1.357e-20
1615.873589,2.163e-24
1615.874291,1.3750000000000002e-20
1615.87604,2.549e-23
1615.878406,5.687e-25
1615.880206,2.471e-23
1615.88065,7.939000000000001e-26
1615.882253,1.177e-22
1615.884295,1.452e-25
1615.887089,6.388e-24
1615.887894,4.916e-23
1615.890306,6.2539999999999996e-24
1615.890479,4.748e-23
1615.891411,1.429e-25
1615.893131,2.093e-20
1615.896751,5.301e-24
1615.899044,1.6690000000000002e-20
1615.907927,3.114e-25
1615.909285,1.694e-21
1615.913098,9.891e-25
1615.914841,2.7970000000000005e-20
1615.918078,9.082e-21
1615.91998,1.2099999999999999e-24
1615.922698,2.081e-20
1615.923466,2.744e-23
1615.924002,1.829e-22
1615.925521,1.606e-21
1615.929204,4.107e-20
1615.930592,3.142e-23
1615.939899,3.287e-21
1615.94161,3.042e-21
1615.941683,2.6510000000000003e-20
1615.952489,5.44e-25
1615.955984,1.312e-25
1615.9592,1.267e-20
1615.961191,3.081e-23
1615.961665,9.392e-24
1615.967102,1.095e-21
1615.978073,1.6500000000000002e-26
1615.981877,3.015e-22
1615.986273,1.046e-21
1615.986619,5.191e-25
1615.993784,7.986e-24
1615.997163,7.806e-24
1616.001371,1.366e-25
1616.001843,1.678e-25
1616.003917,4.369e-24
1616.00953,2.259e-24
1616.010173,3.622e-23
1616.010885,9.88e-24
1616.011092,1.778e-26
1616.014446,2.2149999999999998e-24
1616.017179,1.023e-23
1616.019361,3.7630000000000004e-21
1616.031375,3.232e-21
1616.035215,5.393999999999999e-22
1616.040562,5.279e-23
1616.071161,2.301e-21
1616.072032,4.157e-25
1616.078971,8.445999999999999e-24
1616.080969,5.748e-25
1616.081838,8.256e-24
1616.082745,2.164e-21
1616.087674,1.6159999999999998e-23
1616.089175,2.122e-21
1616.091476,5.634000000000001e-25
1616.092675,1.176e-22
1616.10546,1.071e-21
1616.112177,3.3e-23
1616.112478,4.029e-24
1616.115928,3.943e-24
1616.118114,1.2079999999999998e-22
1616.118841,4.06e-23
1616.125111,4.421e-23
1616.128237,4.274e-23
1616.134411,4.477e-26
1616.135109,2.052e-21
1616.13948,4.801e-25
1616.145298,4.58e-23
1616.145502,4.424e-23
1616.148246,2.826e-23
1616.148444,1.226e-25
1616.168473,5.15e-21
1616.170413,2.7599999999999995e-23
1616.199994,9.379e-21
1616.212512,1.288e-25
1616.216377,5.92e-24
1616.216883,9.732e-25
1616.21951,2.246e-21
1616.2217,4.942e-21
1616.224455,5.773e-24
1616.225764,4.302e-25
1616.226383,1.065e-25
1616.227777,2.717e-22
1616.229183,2.258e-25
1616.233818,1.268e-25
1616.236391,2.219e-25
1616.238163,9.562e-25
1616.241052,1.247e-25
1616.246613,1.232e-25
1616.249834,2.63e-22
1616.253562,2.311e-23
1616.255573,4.346e-26
1616.255772,1.04e-25
1616.257269,1.559e-20
1616.26449,1.449e-25
1616.267251,5.883e-24
1616.268779,2.158e-23
1616.276613,1.253e-25
1616.283597,4.493e-26
1616.288833,5.765e-24
1616.305825,4.006e-24
1616.309764,1.142e-22
1616.31337,3.2190000000000002e-21
1616.317223,2.997e-21
1616.320081,1.352e-24
1616.333493,5.918999999999999e-22
1616.334631,5.839e-21
1616.336701,7.874e-24
1616.34371,4.664e-21
1616.344955,1.225e-26
1616.353762,1.165e-23
1616.354337,5.699e-22
1616.355118,1.14e-23
1616.359763,3.961e-24
1616.365329,1.429e-20
1616.368577,1.6339999999999997e-22
1616.373503,8.374e-21
1616.38059,9.647e-23
1616.393306,2.435e-25
1616.395218,2.468e-25
1616.398988,1.156e-25
1616.400215,6.417e-22
1616.402663,9.386e-23
1616.405853,5.598000000000001e-25
1616.405894,1.137e-25
1616.407704,5.052e-24
1616.411684,5.498e-25
1616.424202,1.11e-25
1616.42462,5.04e-25
1616.426999,1.157e-25
1616.439421,6.244999999999999e-22
1616.439659,8.806e-25
1616.451897,1.368e-25
1616.452775,5.374e-24
1616.455063,4.825e-25
1616.455954,5.265e-24
1616.456309,8.699e-25
1616.460812,1.844e-24
1616.462628,1.544e-24
1616.464991,1.807e-24
1616.465135,5.315000000000001e-25
1616.469956,1.519e-24
1616.470681,4.683e-24
1616.471797,8.012999999999999e-23
1616.475201,7.414999999999999e-22
1616.476208,5.278e-26
1616.476499,1.631e-23
1616.480209,4.025e-26
1616.481571,1.626e-23
1616.497353,1.492e-22
1616.499318,8.202999999999999e-23
1616.499662,5.523e-25
1616.503591,1.4039999999999998e-22
1616.512216,9.123e-25
1616.513683,4.819e-24
1616.515011,4.851e-21
1616.517386,1.192e-25
1616.521271,6.125e-24
1616.53163,1.459e-22
1616.532875,2.422e-24
1616.535576,1.147e-20
1616.537432,8.402999999999999e-23
1616.541099,1.089e-24
1616.542563,7.42e-21
1616.543464,2.839e-21
1616.545239,2.27e-24
1616.549514,2.657e-21
1616.551067,4.179e-26
1616.557762,2.446e-26
1616.558886,1.87e-24
1616.559484,1.971e-23
1616.562965,1.491e-25
1616.563653,1.835e-24
1616.564416,1.926e-23
1616.572425,2.303e-23
1616.575988,2.235e-23
1616.583663,2.511e-24
1616.592954,1.145e-25
1616.593196,1.502e-24
1616.59447,7.822000000000001e-26
1616.602937,9.328e-22
1616.612886,2.001e-25
1616.616108,9.878e-21
1616.620441,1.848e-23
1616.620977,1.892e-23
1616.626628,4.515e-24
1616.633969,2.6680000000000003e-25
1616.640837,2.067e-20
1616.64394,8.291e-21
1616.645772,2.699e-23
1616.649686,8.837e-24
1616.650214,4.439e-24
1616.652807,1.554e-24
1616.653509,1.667e-21
1616.655501,9.135e-24
1616.658393,1.5030000000000002e-20
1616.665966,4.823e-25
1616.668455,1.584e-21
1616.675147,2.647e-23
1616.67611,4.729e-25
1616.676429,9.39e-21
1616.684631,3.437e-23
1616.685152,3.328e-23
1616.687904,8.014000000000001e-26
1616.688842,2.5000000000000002e-22
1616.692201,1.057e-21
1616.699136,2.093e-25
1616.702129,1.449e-25
1616.710047,1.011e-21
1616.728422,5.785e-21
1616.732368,1.4090000000000003e-20
1616.732594,7.831e-21
1616.736432,6.863e-24
1616.739763,6.711e-24
1616.757205,3.808e-23
1616.759308,9.943e-24
1616.761079,1.821e-25
1616.76214,9.728e-24
1616.764555,3.871e-24
1616.76813,1.79e-25
1616.769766,3.4770000000000004e-21
1616.772175,3.48e-22
1616.791531,9.456e-25
1616.801207,2.475e-23
1616.813789,3.804e-26
1616.814241,2.003e-21
1616.822529,2.418e-23
1616.825158,2.295e-21
1616.835735,2.166e-21
1616.83771,5.177e-24
1616.845436,5.051e-24
1616.848835,8.06e-25
1616.852941,1.038e-25
1616.857095,4.194e-25
1616.857516,1.939e-21
1616.868268,3.379e-24
1616.869409,7.921e-25
1616.869667,6.065e-23
1616.870424,3.3089999999999996e-24
1616.873544,1.022e-25
1616.879561,1.4759999999999998e-23
1616.886706,3.831e-21
1616.88801,5.855000000000001e-26
1616.88838,1.884e-23
1616.895058,4.628e-21
1616.897232,1.944e-22
1616.904888,5.008e-24
1616.907118,1.611e-25
1616.90862,9.16e-26
1616.911469,5.042e-21
1616.912097,8.907999999999999e-23
1616.915325,9.015e-26
1616.917678,2.503e-22
1616.92076,5.382e-23
1616.923808,4.429e-25
1616.92572,4.91e-24
1616.929975,4.889e-24
1616.932575,4.509e-23
1616.933033,4.784e-24
1616.934041,4.534e-25
1616.935713,3.927e-25
1616.938645,2.426e-22
1616.939381,3.822e-23
1616.960817,4.846e-21
1616.96132,5.576e-24
1616.96261,5.456e-24
1616.970927,5.288e-26
1616.979532,2.083e-23
1616.981309,2.034e-23
1616.987957,3.634e-23
1617.006695,2.021e-25
1617.012018,1.533e-24
1617.016301,1.504e-24
1617.019282,3.527e-25
1617.02737,1.71e-20
1617.032146,1.327e-25
1617.040815,5.576999999999999e-22
1617.045645,3.153e-23
1617.046016,4.503e-24
1617.048367,3.056e-23
1617.048821,4.413e-24
1617.050066,8.659999999999999e-23
1617.059233,1.919e-20
1617.060471,5.376e-22
1617.060807,1.181e-24
1617.071197,8.433e-23
1617.085717,9.669e-26
1617.093276,1.281e-24
1617.09361,6.923e-26
1617.096445,3.488e-24
1617.099337,1.263e-24
1617.104491,3.1580000000000005e-26
1617.105232,1.541e-24
1617.10857,5.84e-22
1617.109819,1.513e-24
1617.112171,2.276e-23
1617.113543,2.537e-25
1617.11646,2.7490000000000002e-21
1617.127512,1.35e-25
1617.128596,3.157e-21
1617.132886,3.4e-23
1617.134413,5.788e-24
1617.137818,5.663e-24
1617.145933,5.688e-22
1617.146972,1.7680000000000003e-20
1617.14927,1.532e-20
1617.14929,3.456e-24
1617.149608,4.6310000000000005e-26
1617.170393,4.502e-24
1617.178187,4.7970000000000005e-26
1617.180512,4.13e-23
1617.183262,3.997e-23
1617.193207,4.901e-25
1617.198895,2.074e-23
1617.199027,1.3149999999999998e-22
1617.20262,2.014e-23
1617.225267,5.099999999999998e-25
1617.226059,4.3529999999999996e-24
1617.226903,6.1239999999999996e-24
1617.23046,5.5799999999999996e-24
1617.231895,1.2859999999999998e-22
1617.235919,7.362000000000001e-26
1617.245471,4.028e-25
1617.249412,5.396e-24
1617.255267,3.951e-25
1617.264329,2.849e-24
1617.265087,2.849e-21
1617.267492,4.476e-24
1617.267745,2.791e-24
1617.270009,9.575e-25
1617.270273,7.231000000000001e-25
1617.271097,2.6780000000000002e-21
1617.281431,7.876e-24
1617.285347,7.132e-25
1617.286713,8.13e-24
1617.287113,1.462e-25
1617.292216,2.006e-24
1617.294064,1.438e-25
1617.295959,1.011e-25
1617.305646,2.304e-24
1617.30931,1.499e-25
1617.338846,1.622e-23
1617.341867,1.703e-23
1617.354559,2.277e-25
1617.354728,1.992e-25
1617.354818,2.386e-24
1617.356889,6.803e-25
1617.35742,2.019e-25
1617.35751,2.307e-23
1617.361951,1.495e-25
1617.366063,1.32e-20
1617.373737,2.395e-26
1617.375575,1.004e-20
1617.378322,3.762e-24
1617.381837,4.12e-25
1617.382181,2.615e-25
1617.382875,8.227e-23
1617.385728,2.263e-23
1617.388563,1.562e-22
1617.391734,2.045e-25
1617.392309,1.629e-21
1617.396483,1.247e-25
1617.400863,3.7e-24
1617.403856,7.827e-26
1617.40614,1.551e-21
1617.409261,5.699e-25
1617.410946,6.991e-24
1617.411594,3.215e-21
1617.411757,1.013e-21
1617.411808,7.228e-26
1617.413361,3.008e-21
1617.417378,2.059e-21
1617.418325,7.116000000000001e-26
1617.421323,3.685e-23
1617.422413,1.055e-23
1617.42445,3.57e-23
1617.428123,1.5899999999999998e-23
1617.42843,9.712e-22
1617.430348,9.565e-21
1617.433158,2.298e-21
1617.437096,1.618e-20
1617.437599,1.542e-25
1617.440162,3.565e-23
1617.449135,2.157e-23
1617.453525,4.505e-24
1617.455677,3.3790000000000002e-21
1617.456332,3.656e-25
1617.457493,3.1600000000000006e-21
1617.46092,4.398e-24
1617.462242,3.593e-25
1617.469658,2.109e-23
1617.47643,6.6440000000000005e-25
1617.479643,3.639e-23
1617.479985,5.703e-25
1617.480592,1.38e-25
1617.481222,7.283999999999999e-24
1617.487471,3.2210000000000005e-26
1617.489586,8.33e-26
1617.491384,3.829e-23
1617.491561,3.707e-23
1617.493867,8.014000000000001e-26
1617.496322,6.532e-25
1617.50189,1.522e-20
1617.509502,8.205000000000001e-26
1617.515342,1.786e-25
1617.517179,3.425e-24
1617.522776,1.144e-20
1617.52535,1.445e-25
1617.534489,1.877e-21
1617.537767,4.243e-24
1617.54331,8.384e-24
1617.544276,8.206e-24
1617.557881,4.161e-24
1617.568605,3.651e-25
1617.571584,2.271e-21
1617.575364,1.819e-21
1617.581339,2.1500000000000007e-21
1617.588472,5.037e-23
1617.594653,4.276e-25
1617.59716,3.752e-24
1617.597771,1.2689999999999999e-24
1617.599954,3.678e-24
1617.601093,1.213e-23
1617.601775,1.245e-24
1617.602225,2.294e-22
1617.603069,1.188e-23
1617.622192,2.225e-22
1617.642425,1.2649999999999999e-24
1617.646878,1.242e-24
1617.649349,4.893e-21
1617.658572,1.441e-23
1617.662682,1.3379999999999998e-23
1617.663628,1.409e-23
1617.663992,7.064e-25
1617.666324,3.707e-26
1617.687255,1.7270000000000002e-20
1617.689418,8.634e-21
1617.692162,3.83e-26
1617.695292,4.709e-21
1617.714319,7.734e-23
1617.722398,1.05e-24
1617.727059,1.038e-24
1617.734572,7.535999999999999e-23
1617.736981,2.795e-25
1617.742688,5.222e-22
1617.748435,3.546e-23
1617.752215,5.889999999999999e-23
1617.761269,5.040999999999999e-22
1617.78728,3.987e-22
1617.789216,1.578e-21
1617.795382,1.027e-24
1617.795802,8.375e-24
1617.801986,5.525e-24
1617.804615,3.262e-21
1617.807599,1.169e-25
1617.808217,3.0640000000000002e-21
1617.808572,1.729e-21
1617.810784,2.687e-22
1617.812448,5.285e-22
1617.814433,1.149e-25
1617.81948,3.35e-25
1617.828942,3.2870000000000003e-25
1617.831804,1.352e-23
1617.832419,1.383e-23
1617.834334,6.134e-24
1617.836978,1.0749999999999999e-24
1617.842693,2.355e-20
1617.847164,4.926e-24
1617.848109,5.15e-22
1617.850685,4.821e-24
1617.853739,2.219e-20
1617.86595,3.626e-25
1617.886262,3.511e-25
1617.888406,3.013e-24
1617.895068,1.855e-23
1617.896463,7.095e-24
1617.896668,1.153e-22
1617.898116,1.803e-23
1617.899172,6.948e-24
1617.89934,1.111e-24
1617.909837,6.968e-24
1617.910133,4.521e-25
1617.910211,5.667000000000001e-26
1617.914749,7.184e-24
1617.914775,1.425e-25
1617.916567,5.592e-26
1617.926004,3.992e-24
1617.926987,2.0540000000000003e-20
1617.928217,1.128e-22
1617.934868,2.126e-20
1617.939509,4.708e-25
1617.940293,2.99e-24
1617.943051,8.625000000000001e-26
1617.958039,3.898e-25
1617.973036,2.935e-25
1617.978651,2.886e-25
1617.992723,8.394e-25
1618.010357,4.035e-24
1618.013043,1.449e-25
1618.014922,8.73e-25
1618.029762,2.328e-23
1618.033237,1.769e-24
1618.043158,2.365e-24
1618.045136,2.319e-24
1618.048549,4.784e-24
1618.049138,2.819e-23
1618.049261,2.735e-23
1618.050688,4.147e-24
1618.056618,3.463e-24
1618.058677,2.171e-24
1618.059802,3.393e-24
1618.063485,3.9019999999999996e-24
1618.063593,2.833e-21
1618.065792,1.962e-23
1618.068568,2.6720000000000002e-21
1618.069782,1.936e-25
1618.07057,3.812e-24
1618.071569,2.38e-23
1618.081881,8.842e-25
1618.084955,1.069e-25
1618.092024,1.871e-23
1618.092914,1.925e-23
1618.09749,5.903e-25
1618.099665,5.453e-25
1618.106061,2.246e-24
1618.109145,1.7160000000000003e-20
1618.111187,1.523e-23
1618.111383,5.821e-25
1618.111792,1.83e-23
1618.113207,1.4889999999999998e-23
1618.118896,5.362e-25
1618.122447,6.656000000000001e-26
1618.125776,9.643e-22
1618.125796,1.579e-21
1618.127113,3.12e-24
1618.129623,1.0080000000000002e-20
1618.132525,1.046e-24
1618.136659,1.027e-24
1618.138285,4.2450000000000006e-26
1618.138651,1.508e-21
1618.141403,9.263e-22
1618.141691,6.558e-26
1618.143205,3.965e-24
1618.144561,3.883e-24
1618.148659,3.069e-24
1618.155491,2.717e-26
1618.160858,1.616e-25
1618.165883,3.578e-24
1618.167348,9.041e-26
1618.177716,1.033e-24
1618.179691,9.621e-21
1618.181991,1.015e-24
1618.185309,3.511e-24
1618.185741,3.1149999999999998e-24
1618.188121,3.055e-24
1618.196308,2.219e-21
1618.196852,4.785e-25
1618.197063,2.3890000000000003e-20
1618.202367,4.021e-25
1618.209881,1.704e-20
1618.211704,7.761e-26
1618.213042,7.819999999999999e-23
1618.231672,1.2230000000000001e-21
1618.234239,8.705e-22
1618.234912,4.762e-24
1618.24465,1.4170000000000002e-20
1618.248705,1.573e-22
1618.249925,1.748e-21
1618.251322,3.1229999999999998e-24
1618.252244,4.122e-24
1618.254563,1.323e-21
1618.255675,4.0359999999999996e-24
1618.256683,2.1960000000000003e-20
1618.266599,3.026e-24
1618.267321,1.608e-20
1618.274078,3.168e-25
1618.281414,2.0900000000000002e-22
1618.288624,1.696e-21
1618.298515,7.941000000000001e-26
1618.300052,2.0890000000000003e-20
1618.300459,2.03e-22
1618.313794,1.622e-25
1618.31549,2.229e-21
1618.317225,1.6440000000000002e-25
1618.324488,2.117e-21
1618.325237,1.31e-20
1618.344243,2.567e-23
1618.346793,4.3609999999999996e-24
1618.3468,2.492e-23
1618.349996,4.269e-24
1618.350674,8.49e-25
1618.353795,8.413000000000001e-25
1618.362658,3.12e-25
1618.373342,6.872e-23
1618.380303,3.031e-25
1618.382141,4.708e-21
1618.387982,2.773e-25
1618.392416,1.979e-24
1618.392774,6.700999999999999e-23
1618.395737,1.941e-24
1618.397124,2.722e-25
1618.401789,4.443e-26
1618.405846,1.233e-23
1618.407945,4.376e-26
1618.40995,1.205e-23
1618.417002,2.0470000000000003e-20
1618.417429,6.423999999999999e-23
1618.425074,4.538e-21
1618.437623,1.205e-23
1618.439109,4.860999999999999e-22
1618.446087,3.401e-23
1618.448986,3.298e-23
1618.456715,4.697999999999999e-22
1618.483654,2.347e-25
1618.489078,2.308e-25
1618.499202,1.654e-23
1618.502539,1.609e-23
1618.511846,4.755e-22
1618.52395,8.896e-25
1618.524546,1.543e-20
1618.530204,6.147e-24
1618.534654,6.331e-24
1618.538008,4.978000000000001e-25
1618.545932,4.636999999999999e-22
1618.547281,3.255e-23
1618.559857,4.317e-26
1618.570939,7.433e-23
1618.59027,1.005e-22
1618.600749,4.154e-26
1618.618804,4.172e-25
1618.62058,9.841e-23
1618.627439,4.303e-26
1618.641542,2.4650000000000003e-20
1618.645283,4.346000000000001e-25
1618.649138,2.9e-20
1618.667995,3.365e-24
1618.673493,2.6029999999999998e-24
1618.674782,3.288e-24
1618.674802,3.523e-24
1618.687219,2.863e-22
1618.688464,5.041999999999999e-22
1618.688571,1.4989999999999998e-23
1618.693358,3.011e-23
1618.696495,2.922e-23
1618.700309,8.676e-24
1618.702498,8.405000000000001e-25
1618.703085,8.496e-24
1618.704004,2.293e-20
1618.706655,8.257e-25
1618.70933,7.337e-25
1618.713576,8.58e-25
1618.713891,5.922e-24
1618.714466,5.802e-24
1618.717364,8.422e-25
1618.718534,4.455e-25
1618.721815,2.569e-24
1618.722194,2.6370000000000003e-20
1618.724203,2.521e-24
1618.724298,2.587e-24
1618.729867,1.615e-23
1618.732255,1.035e-23
1618.733466,1.532e-23
1618.737124,4.382e-25
1618.737436,1.013e-23
1618.744339,9.52e-22
1618.744703,2.849e-24
1618.748919,1.5799999999999998e-23
1618.750137,4.204e-24
1618.75152,5.295e-26
1618.753631,3.702e-24
1618.753733,5.563e-26
1618.758203,2.8e-21
1618.759442,2.726e-26
1618.76134,1.289e-24
1618.763422,2.649e-21
1618.767589,9.137e-26
1618.768268,1.556e-24
1618.770107,5.218e-26
1618.77037,1.857e-24
1618.770601,1.66e-23
1618.770734,1.02e-21
1618.779709,1.6390000000000002e-25
1618.789228,3.004e-24
1618.792413,3.802e-24
1618.79633,1.518e-25
1618.796685,1.6299999999999997e-23
1618.798185,7.54e-26
1618.798844,5.503e-25
1618.807995,2.948e-24
1618.810684,3.137e-23
1618.810858,3.043e-23
1618.817875,2.284e-26
1618.823865,1.313e-24
1618.829426,2.044e-24
1618.834267,9.124999999999998e-22
1618.848957,8.778999999999999e-22
1618.853842,1.521e-21
1618.855781,2.65e-25
1618.865837,1.4550000000000001e-21
1618.871092,2.581e-25
1618.872965,2.575e-24
1618.875375,2.113e-24
1618.87832,1.0010000000000002e-20
1618.890922,5.674000000000001e-26
1618.893564,2.5339999999999998e-24
1618.897656,1.544e-25
1618.92147,4.795e-25
1618.924353,9.57e-21
1618.934353,4.728e-25
1618.935651,3.194e-21
1618.936463,3.474e-24
1618.937194,3.012e-21
1618.937766,5.428e-24
1618.940067,3.403e-24
1618.943596,3.069e-20
1618.945597,3.36e-21
1618.94754,3.167e-21
1618.950974,2.285e-25
1618.955241,1.895e-22
1618.959807,2.244e-25
1618.960554,1.618e-21
1618.973434,1.841e-22
1618.973573,2.74e-25
1618.975141,5.66e-24
1618.976932,1.764e-20
1618.979535,6.748e-25
1618.980907,6.71e-25
1618.989195,1.867e-25
1618.994364,1.837e-25
1618.997272,1.571e-21
1619.006648,2.667e-24
1619.007379,1.72e-25
1619.008512,4.972e-24
1619.011108,4.8729999999999996e-24
1619.015389,3.2820000000000004e-20
1619.016058,9.71e-24
1619.016717,9.92e-24
1619.017978,7.629000000000001e-26
1619.022945,5.684e-25
1619.024285,2.5860000000000003e-20
1619.027129,6.076e-23
1619.028369,1.6690000000000002e-20
1619.030472,7.295e-23
1619.030582,3.108e-25
1619.038522,7.929000000000001e-26
1619.045791,5.928e-23
1619.048878,3.127e-26
1619.050203,2.173e-21
1619.058602,2.069e-21
1619.072485,3.228e-26
1619.074095,1.371e-25
1619.090132,2.904e-20
1619.090649,1.511e-22
1619.101792,7.8e-26
1619.107005,1.813e-21
1619.109863,4.496e-21
1619.116976,9.433e-22
1619.119243,1.444e-25
1619.126576,7.605e-25
1619.130079,4.499e-22
1619.146794,4.354e-22
1619.148364,5.38e-24
1619.150118,4.339e-21
1619.150757,3.731e-20
1619.15254,5.5349999999999996e-24
1619.158878,2.411e-24
1619.162156,2.363e-24
1619.163927,4.135e-26
1619.174366,2.6580000000000003e-20
1619.191527,7.851000000000001e-25
1619.197794,1.465e-23
1619.198083,1.627e-24
1619.19983,1.5949999999999999e-24
1619.200357,1.426e-23
1619.204848,1.079e-23
1619.206761,4.254999999999999e-22
1619.211552,1.094e-23
1619.213837,1.071e-23
1619.226873,6.807e-25
1619.230516,7.013e-25
1619.230851,6.688e-25
1619.234097,4.3140000000000005e-26
1619.234522,6.886000000000001e-25
1619.239386,4.152e-22
1619.24419,7.956e-23
1619.246631,7.674e-25
1619.248701,1.941e-25
1619.253147,3.5910000000000005e-20
1619.266543,2.887e-24
1619.270592,1.315e-25
1619.272966,3.203e-21
1619.27305,2.823e-24
1619.274726,1.332e-25
1619.276403,3.0300000000000007e-21
1619.279824,8.722e-23
1619.298244,2.769e-24
1619.299688,2.714e-24
1619.307595,2.852e-20
1619.308821,4.774e-24
1619.308886,2.075e-24
1619.30897,8.542e-23
1619.31252,3.833e-25
1619.324441,1.765e-24
1619.326674,7.405999999999999e-22
1619.333033,3.623e-25
1619.335892,3.989e-25
1619.336869,2.963e-23
1619.347291,2.884e-24
1619.348551,4.3850000000000005e-20
1619.349963,3.069e-20
1619.350745,2.827e-24
1619.351,3.565e-25
1619.35362,2.192e-21
1619.356545,7.874999999999999e-22
1619.358778,1.143e-24
1619.360473,2.208e-25
1619.362658,1.387e-23
1619.372167,6.136e-25
1619.373886,2.156e-25
1619.376805,4.194e-26
1619.381029,1.358e-23
1619.388619,9.123e-23
1619.392108,2.202e-23
1619.392339,2.266e-23
1619.394747,4.1340000000000005e-26
1619.407798,2.51e-24
1619.414549,3.24e-25
1619.414952,9.524e-24
1619.417008,3.095e-24
1619.419894,6.394e-25
1619.423088,2.6620000000000003e-20
1619.42593,2.464e-24
1619.438503,3.051e-24
1619.441917,2.9889999999999998e-24
1619.44442,7.781e-26
1619.445983,8.768e-24
1619.448208,3.3580000000000004e-20
1619.45093,8.583999999999999e-24
1619.462272,2.226e-24
1619.463098,9.727e-24
1619.471923,1.3979999999999998e-23
1619.477258,2.487e-20
1619.484403,1.382e-25
1619.48769,1.48e-25
1619.49277,1.457e-25
1619.496366,3.933e-25
1619.497022,1.373e-23
1619.497567,1.365e-24
1619.499686,1.325e-24
1619.508064,3.076e-20
1619.508445,1.875e-25
1619.512183,2.216e-24
1619.516982,1.841e-25
1619.537229,8.583e-22
1619.540082,2.792e-22
1619.540369,3.394e-24
1619.551075,8.269e-22
1619.55442,5.044e-22
1619.555696,3.721e-24
1619.564818,2.741e-21
1619.568968,2.601e-21
1619.571774,1.903e-24
1619.576647,1.4550000000000001e-21
1619.578226,3.483e-24
1619.587876,1.395e-21
1619.609117,5.256e-25
1619.609679,5.265e-25
1619.615845,2.115e-24
1619.616002,1.965e-24
1619.618182,2.049e-23
1619.62059,1.992e-23
1619.621711,9.836e-21
1619.623701,1.7089999999999998e-22
1619.63554,2.082e-24
1619.636521,7.317e-25
1619.641103,1.662e-22
1619.644749,1.822e-24
1619.650853,6.44e-26
1619.664252,9.426e-21
1619.666379,1.488e-21
1619.66714,2.362e-25
1619.675675,5.345e-23
1619.676807,1.604e-25
1619.68523,2.746e-23
1619.688253,2.668e-23
1619.693614,5.218e-23
1619.701286,1.4460000000000001e-21
1619.702922,1.864e-24
1619.738378,1.8e-20
1619.738939,5.488e-25
1619.74222,3.877e-25
1619.742816,5.394e-25
1619.745562,2.347e-24
1619.754195,3.824e-25
1619.757068,4.699e-24
1619.760836,4.83e-24
1619.765133,4.197e-20
1619.773321,6.092e-24
1619.776411,5.969e-24
1619.776778,1.294e-23
1619.77977,1.26e-23
1619.780561,7.306e-24
1619.781361,1.632e-25
1619.784463,2.104e-21
1619.784835,1.708e-20
1619.785866,7.157e-24
1619.792261,2.007e-21
1619.808208,5.699e-25
1619.81181,5.598000000000001e-25
1619.815593,4.142e-22
1619.820512,3.613e-20
1619.822692,7.435000000000001e-26
1619.824732,4.041e-20
1619.827689,1.724e-24
1619.831494,4.011e-22
1619.832529,4.2620000000000004e-21
1619.836897,6.720999999999999e-23
1619.844322,7.83e-25
1619.849493,1.81e-25
1619.855519,1.796e-25
1619.858092,1.823e-25
1619.859743,2.466e-24
1619.865398,4.108e-24
1619.865585,4.0279999999999996e-24
1619.865978,2.413e-24
1619.869869,1.784e-25
1619.870382,1.406e-21
1619.870388,4.118e-21
1619.882324,3.617e-20
1619.895249,5.06e-20
1619.897189,3.787e-22
1619.903693,7.598e-26
1619.909683,6.798e-26
1619.909962,3.932e-20
1619.918296,1.4159999999999998e-22
1619.928455,3.698e-22
1619.941165,2.413e-23
1619.943159,2.933e-25
1619.944319,2.346e-23
1619.953336,8.778000000000001e-26
1619.960519,2.887e-25
1619.963529,6.593000000000001e-25
1619.964732,9.619e-24
1619.965322,7.529999999999999e-23
1619.966711,1.11e-25
1619.970611,8.592999999999998e-22
1619.97329,1.12e-24
1619.977957,5.740999999999999e-22
1619.990391,1.186e-23
1619.993371,7.378e-23
1619.995477,3.504e-25
1619.998301,3.307e-26
1620.004447,2.4079999999999998e-24
1620.00809,2.361e-24
1620.008113,1.162e-23
1620.011276,6.069e-22
1620.015575,3.642e-25
1620.015609,3.26e-26
1620.015943,7.199000000000001e-25
1620.021586,2.088e-24
1620.031832,3.755e-26
1620.039107,2.05e-24
1620.05654,3.89e-26
1620.060281,1.274e-25
1620.06039,1.531e-25
1620.068641,1.504e-25
1620.068838,9.616e-23
1620.078197,4.8810000000000006e-20
1620.095178,3.423e-24
1620.09766,3.357e-24
1620.102698,2.519e-23
1620.102895,2.448e-23
1620.112694,4.036e-20
1620.115482,6.602000000000001e-26
1620.117917,2.68e-23
1620.124482,5.555e-25
1620.133298,1.435e-25
1620.152806,2.708e-24
1620.169742,1.172e-23
1620.171876,3.264e-26
1620.1724,6.847e-24
1620.17307,6.989e-24
1620.18392,1.1610000000000002e-25
1620.193904,1.152e-23
1620.198661,2.8130000000000003e-20
1620.205148,1.094e-22
1620.206701,5.969e-24
1620.209808,1.477e-25
1620.220948,1.194e-24
1620.225213,1.061e-25
1620.226979,3.2569999999999998e-24
1620.228264,2.6720000000000002e-21
1620.230017,1.075e-25
1620.232904,2.542e-21
1620.234671,8.024999999999999e-22
1620.236668,1.649e-24
1620.240027,1.617e-24
1620.240698,3.739e-20
1620.240741,4.022e-25
1620.24119,1.908e-24
1620.243509,4.011e-25
1620.246286,2.639e-20
1620.247753,7.741999999999999e-22
1620.252591,4.406e-25
1620.256284,4.331000000000001e-25
1620.258126,6.093e-24
1620.268718,3.073e-24
1620.280262,7.72e-24
1620.282829,7.563e-24
1620.286789,1.533e-22
1620.290025,1.902e-24
1620.29097,3.4470000000000004e-20
1620.293948,1.384e-21
1620.295135,1.877e-25
1620.303455,1.492e-22
1620.304495,1.329e-21
1620.305009,3.152e-24
1620.305858,4.618e-25
1620.309745,4.538e-25
1620.318972,4.679e-23
1620.332567,1.098e-24
1620.336229,4.57e-23
1620.341893,1.774e-24
1620.35482,2.029e-25
1620.355718,1.73e-24
1620.359831,9.584e-21
1620.365201,4.07e-24
1620.366537,1.4840000000000002e-25
1620.3674,1.3600000000000001e-21
1620.368781,4.18e-24
1620.37455,1.703e-24
1620.37607,2.619e-22
1620.377006,1.454e-25
1620.384865,1.831e-24
1620.399283,4.707e-22
1620.399324,9.2e-21
1620.39935,2.606e-26
1620.400645,1.323e-21
1620.403235,4.5430000000000006e-26
1620.403388,2.366e-26
1620.409163,3.244e-21
1620.410491,1.407e-24
1620.41125,3.077e-21
1620.411951,1.382e-24
1620.420661,2.687e-26
1620.423042,1.945e-24
1620.425982,1.899e-24
1620.427533,1.862e-24
1620.435928,3.079e-21
1620.437322,2.921e-21
1620.440625,4.202e-24
1620.442944,4.388e-24
1620.446834,2.097e-24
1620.452815,2.053e-24
1620.456753,5.319000000000001e-25
1620.4629,6.127e-24
1620.468165,6.004e-24
1620.468301,9.178e-26
1620.471449,9.295e-25
1620.472851,2.059e-24
1620.473071,9.036e-26
1620.480803,1.134e-23
1620.4829,1.106e-23
1620.494306,1.814e-20
1620.495649,3.791e-22
1620.500691,5.352000000000001e-26
1620.501995,2.097e-24
1620.505584,2.057e-24
1620.507014,2.0240000000000002e-21
1620.5108,3.676e-22
1620.514372,1.9350000000000002e-21
1620.524114,5.486e-25
1620.536575,1.725e-20
1620.536985,4.4850000000000005e-26
1620.548908,2.365e-25
1620.55015,4.013e-21
1620.556203,1.681e-25
1620.559709,3.12e-25
1620.565677,2.3280000000000003e-25
1620.570852,3.078e-25
1620.577268,8.984e-25
1620.577917,5.1650000000000005e-20
1620.579384,8.893e-25
1620.583126,3.353e-22
1620.585854,3.881e-21
1620.6068,1.245e-25
1620.613058,1.009e-23
1620.613124,3.2759999999999995e-22
1620.614775,1.224e-25
1620.616007,2.5970000000000005e-26
1620.61905,4.526e-20
1620.625782,7.188e-26
1620.626697,4.6880000000000006e-20
1620.630162,9.89e-24
1620.630586,1.728e-24
1620.632691,2.56e-26
1620.633542,6.137e-23
1620.638066,1.264e-24
1620.646757,6.468e-23
1620.647517,1.698e-24
1620.659683,3.165e-25
1620.659917,2.462e-24
1620.66351,9.511e-25
1620.66417,1.711e-25
1620.672929,4.237e-20
1620.67377,6.341e-23
1620.674734,5.641000000000001e-25
1620.676468,3.2820000000000004e-25
1620.687666,1.886e-25
1620.69024,7.223000000000001e-25
1620.697257,4.425e-22
1620.704135,7.341e-26
1620.71276,1.738e-23
1620.713302,1.786e-23
1620.71404,2.528e-24
1620.717576,8.533e-24
1620.718276,3.0580000000000002e-21
1620.721608,2.909e-21
1620.72277,1.281e-25
1620.733989,4.655999999999999e-22
1620.734107,1.306e-22
1620.741006,4.608e-25
1620.751569,3.522e-25
1620.75518,3.4630000000000003e-25
1620.760109,3.701e-24
1620.762912,3.4270000000000004e-26
1620.769508,1.359e-25
1620.7808,5.583e-26
1620.781098,5.674000000000001e-26
1620.79242,1.153e-21
1620.803519,5.0679999999999996e-24
1620.805096,7.544e-22
1620.808949,4.968e-24
1620.817811,6.256e-20
1620.819687,4.202e-24
1620.822931,4.121e-24
1620.823133,4.812e-25
1620.826365,5.1160000000000006e-20
1620.828111,9.218e-24
1620.85162,3.931e-26
1620.864041,9.777e-24
1620.864556,1.2e-25
1620.867305,1.604e-23
1620.869564,1.562e-23
1620.87388,1.176e-25
1620.876016,3.005e-25
1620.881144,2.9820000000000003e-25
1620.881761,3.72e-25
1620.882351,2.36e-24
1620.885169,3.656e-25
1620.887312,9.61e-24
1620.890979,2.41e-23
1620.891432,1.139e-22
1620.892442,2.856e-25
1620.892775,6.008000000000001e-20
1620.89869,2.176e-23
1620.901802,2.117e-23
1620.916228,1.133e-24
1620.917267,5.1160000000000006e-20
1620.917661,1.114e-24
1620.926586,7.460999999999999e-22
1620.938805,1.042e-24
1620.938974,7.206999999999999e-22
1620.944498,6.8435825e-23
1620.949271,7.056000000000001e-26
1620.957015,4.076e-23
1620.959849,1.877e-25
1620.960478,1.332e-22
1620.961891,3.521e-24
1620.965101,3.613e-24
1620.968445,2.9230000000000004e-20
1620.973628,3.983e-23
1620.987673,6.777000000000001e-20
1620.98908,5.522e-20
1620.9957,1.255e-21
1620.997381,2.746e-24
1620.997574,2.799e-24
1621.006115,1.308e-21
1621.010793,2.7510000000000003e-20
1621.016044,1.258e-21
1621.020434,1.287e-22
1621.027067,4.05e-20
1621.027411,1.616e-24
1621.028722,1.775e-24
1621.031427,9.927e-24
1621.034109,9.681e-24
1621.034452,1.738e-24
1621.03665,1.738e-25
1621.043194,2.876e-24
1621.047345,2.579e-21
1621.050829,2.459e-21
1621.05119,1.641e-24
1621.054849,1.6099999999999997e-24
1621.060637,2.788e-24
1621.061119,3.691e-24
1621.063615,1.236e-21
1621.070113,3.754e-20
1621.071405,1.632e-24
1621.075424,1.612e-24
1621.09255,1.408e-24
1621.092707,9.262e-21
1621.095331,1.203e-21
1621.096195,2.858e-24
1621.110559,1.387e-24
1621.112685,1.683e-24
1621.115793,3.765e-24
1621.12828,8.046e-25
1621.129519,8.905e-21
1621.147672,1.008e-25
1621.150275,1.898e-25
1621.156212,2.315e-24
1621.158543,2.2719999999999998e-24
1621.164712,1.898e-23
1621.166466,1.868e-25
1621.167887,1.848e-23
1621.170242,3.452e-22
1621.184702,3.35e-22
1621.198921,2.409e-22
1621.202,1.804e-24
1621.225886,4.096e-25
1621.229367,4.278e-22
1621.229921,2.03e-26
1621.230652,8.549e-24
1621.23221,1.934e-21
1621.234793,1.425e-24
1621.239063,1.852e-21
1621.24478,1.808e-20
1621.245991,2.002e-26
1621.247165,8.380999999999999e-24
1621.251154,1.3999999999999999e-24
1621.254753,2.8020000000000003e-25
1621.258169,2.757e-25
1621.262731,3.753e-21
1621.264566,2.953e-22
1621.283486,1.7240000000000002e-20
1621.289927,1.108e-24
1621.293361,1.088e-24
1621.293379,2.887e-22
1621.296487,3.634e-21
1621.300097,4.74e-24
1621.300745,4.835e-24
1621.303895,1.1389999999999999e-24
1621.311273,2.8270000000000003e-25
1621.317084,5.352e-24
1621.319938,5.247e-24
1621.324119,5.529e-23
1621.347195,4.3040000000000006e-26
1621.350154,5.423e-23
1621.35836,2.9890000000000003e-25
1621.362178,2.938e-25
1621.366911,1.983e-23
1621.367157,1.93e-23
1621.373897,2.5e-25
1621.380323,4.809e-25
1621.383543,6.003000000000001e-20
1621.384266,2.466e-25
1621.415717,5.3370000000000006e-20
1621.421302,5.564e-23
1621.422089,5.2350000000000005e-20
1621.427288,6.894000000000001e-26
1621.428443,3.552e-26
1621.43451,1.746e-25
1621.437327,3.428e-26
1621.440399,4.7040000000000006e-26
1621.446123,7.286e-25
1621.447509,7.156e-25
1621.459855,3.551e-26
1621.460333,4.773e-20
1621.463411,4.124e-24
1621.463627,7.535999999999999e-24
1621.469085,1.341e-24
1621.472579,1.316e-24
1621.474051,4.7099999999999995e-25
1621.483163,1.167e-24
1621.483388,3.386e-22
1621.494959,9.419e-22
1621.497381,9.176e-25
1621.49833,9.021e-25
1621.503145,7.038000000000001e-26
1621.504146,7.369000000000001e-20
1621.511998,6.234000000000001e-20
1621.515904,4.154e-25
1621.516141,2.434e-24
1621.518642,2.1760000000000003e-25
1621.522254,1.949e-25
1621.523493,3.549e-22
1621.52601,1.279e-24
1621.526379,2.147e-25
1621.527686,1.255e-24
1621.532829,2.98e-25
1621.537065,1.192e-24
1621.539721,1.192e-22
1621.546095,1.778e-25
1621.554805,8.118e-24
1621.560299,3.018e-24
1621.563399,3.095e-24
1621.577226,7.982e-24
1621.589794,3.533e-23
1621.596823,1.2149999999999998e-22
1621.604302,1.496e-24
1621.605774,2.048e-24
1621.605798,3.455e-23
1621.609799,1.4649999999999999e-24
1621.611461,5.19e-25
1621.612161,1.184e-22
1621.612988,6.897999999999999e-22
1621.619137,9.885e-24
1621.624742,6.67e-22
1621.631638,6.582999999999999e-22
1621.63463,5.863e-25
1621.650725,9.066e-25
1621.653128,4.5870000000000006e-26
1621.65649,2.157e-23
1621.675122,2.483e-21
1621.679325,2.373e-21
1621.68003,2.505e-24
1621.704851,7.007e-20
1621.712011,1.325e-22
1621.712658,1.4830000000000002e-25
1621.712659,1.2290000000000001e-21
1621.713399,2.139e-26
1621.714652,5.573e-25
1621.722035,1.183e-21
1621.723361,6.097e-20
1621.732339,2.204e-26
1621.732563,2.994e-20
1621.740188,2.221e-25
1621.743544,2.185e-25
1621.744277,8.617e-24
1621.745923,8.409e-24
1621.747258,1.516e-25
1621.755023,1.118e-21
1621.762884,1.493e-25
1621.770428,2.492e-24
1621.770582,2.828e-20
1621.785327,1.088e-21
1621.799268,1.375e-24
1621.799702,3.173e-24
1621.801169,3.455e-24
1621.80436,2.554e-24
1621.806722,3.389e-24
1621.807598,4.2950000000000005e-20
1621.820355,8.883e-21
1621.821765,3.677e-25
1621.826307,1.141e-24
1621.834201,1.169e-24
1621.834397,1.489e-22
1621.839099,2.849e-24
1621.839367,3.1269999999999995e-22
1621.842812,1.509e-24
1621.843167,7.207e-24
1621.843528,1.124e-24
1621.845029,4.001e-20
1621.845949,3.0500000000000004e-21
1621.846198,1.373e-24
1621.848197,2.907e-21
1621.850009,1.149e-24
1621.850207,3.271e-24
1621.853188,3.037e-22
1621.854793,8.552e-21
1621.857145,2.5790000000000003e-26
1621.859113,7.068e-24
1621.88302,1.555e-24
1621.884223,3.3859999999999996e-24
1621.89134,3.789e-25
1621.912129,2.888e-21
1621.913426,2.754e-21
1621.916097,1.576e-24
1621.91931,3.234e-24
1621.934243,2.386e-25
1621.9375,2.346e-25
1621.941503,2.588e-22
1621.941972,1.837e-21
1621.948508,1.763e-21
1621.95254,2.557e-25
1621.969206,2.531e-22
1621.970276,3.488e-21
1621.975065,2.252e-24
1621.980001,2.8950000000000004e-26
1621.983241,4.346e-24
1621.989674,7.283e-25
1621.989846,1.7850000000000003e-20
1621.990489,7.165e-25
1621.997399,4.704e-23
1622.002265,3.381e-21
1622.010237,1.345e-23
1622.010903,2.191e-22
1622.011048,1.3799999999999998e-23
1622.015567,4.4310000000000005e-26
1622.022507,4.615e-23
1622.023965,7.067e-24
1622.025489,1.705e-20
1622.032925,2.296e-24
1622.037488,2.067e-26
1622.043464,3.7670000000000006e-26
1622.048056,3.845e-22
1622.076749,1.099e-24
1622.080363,4.083e-25
1622.080405,1.079e-24
1622.087372,1.692e-23
1622.090518,1.648e-23
1622.091479,1.232e-23
1622.093562,1.202e-23
1622.094296,3.949e-26
1622.109431,1.839e-24
1622.109991,1.873e-24
1622.134048,1.354e-24
1622.140406,2.845e-21
1622.143673,2.718e-21
1622.144549,2.587e-24
1622.147304,2.65e-24
1622.16692,1.533e-25
1622.174146,3.622e-26
1622.174885,1.254e-24
1622.177221,1.504e-25
1622.180148,1.229e-24
1622.182841,6.727e-20
1622.184738,1.994e-25
1622.188122,2.851e-24
1622.189631,3.321e-26
1622.191474,1.539e-24
1622.193481,1.511e-24
1622.194213,1.904e-25
1622.194384,1.967e-25
1622.200843,5.016e-23
1622.202812,3.575e-25
1622.20309,6.629e-24
1622.208952,6.051e-20
1622.211349,5.691e-20
1622.217305,3.049e-23
1622.227099,6.562000000000001e-26
1622.232731,2.983e-23
1622.233236,1.752e-25
1622.236385,1.7240000000000002e-25
1622.242017,6.709e-24
1622.243722,5.2270000000000006e-20
1622.243756,1.073e-22
1622.258492,1.0469999999999998e-22
1622.262945,7.474e-24
1622.263629,6.598e-24
1622.265348,7.298e-24
1622.288544,3.962e-24
1622.293858,6.342999999999999e-22
1622.300596,6.695e-26
1622.30206,1.387e-24
1622.305031,6.14e-22
1622.311723,1.797e-25
1622.318609,7.322e-25
1622.321935,3.6459999999999996e-24
1622.322115,7.192000000000001e-25
1622.323189,1.7699999999999998e-24
1622.323199,3.092e-25
1622.325067,3.5769999999999996e-24
1622.334868,2.569e-22
1622.336272,1.081e-22
1622.339853,1.206e-25
1622.353529,1.999e-25
1622.354926,1.188e-25
1622.357356,7.865000000000001e-25
1622.36398,1.465e-23
1622.367181,1.428e-23
1622.378296,2.684e-22
1622.38287,1.261e-25
1622.387962,1.901e-25
1622.389724,1.52e-24
1622.389965,1.939e-25
1622.391672,1.87e-25
1622.398473,3.224e-24
1622.413256,1.119e-25
1622.414235,1.148e-21
1622.414795,1.921e-23
1622.423102,1.1070000000000001e-21
1622.427148,1.831e-25
1622.428804,9.549e-25
1622.440324,2.807e-24
1622.441621,1.005e-21
1622.442943,5.743e-22
1622.443271,8.047e-22
1622.444077,9.39e-25
1622.444735,2.758e-24
1622.450596,6.048e-24
1622.459696,8.353000000000001e-20
1622.463049,1.197e-25
1622.464472,7.239e-20
1622.465998,5.934e-24
1622.470617,9.791e-22
1622.491102,3.03e-20
1622.495855,8.912e-25
1622.499366,8.75e-25
1622.503019,2.818e-22
1622.504403,7.89e-20
1622.511252,2.365e-21
1622.51131,2.205e-24
1622.514182,2.264e-21
1622.516246,2.739e-22
1622.519219,6.98e-20
1622.525514,2.87e-20
1622.526281,3.5620000000000006e-26
1622.528534,9.85e-25
1622.5306,1.518e-22
1622.538149,4.748e-25
1622.539362,4.667000000000001e-25
1622.54279,8.457e-21
1622.544796,9.408e-25
1622.548064,9.235e-25
1622.556706,1.37e-24
1622.556957,9.199e-25
1622.560355,2.146e-25
1622.56805,2.206e-25
1622.568845,5.862e-25
1622.569241,5.767e-25
1622.571146,2.24e-24
1622.573425,9.064e-25
1622.575113,8.154e-21
1622.582474,4.479e-20
1622.583824,1.152e-24
1622.595212,1.411e-24
1622.597962,8.465e-25
1622.599779,8.314e-25
1622.602803,1.532e-23
1622.60312,1.493e-23
1622.604095,8.866000000000001e-20
1622.60456,2.293e-24
1622.605513,7.672e-20
1622.613932,2.256e-22
1622.615162,8.525e-22
1622.615434,4.1910000000000006e-20
1622.630017,1.152e-24
1622.63633,1.374e-24
1622.639024,3.3020000000000003e-25
1622.640593,2.207e-22
1622.646962,1.697e-22
1622.65305,1.718e-25
1622.658862,1.734e-21
1622.664949,1.667e-21
1622.665234,3.799e-25
1622.666587,3.983e-23
1622.672787,3.222e-21
1622.690818,3.909e-23
1622.703165,3.126e-21
1622.70458,1.376e-25
1622.707691,1.355e-25
1622.729537,1.7470000000000003e-20
1622.733621,2.195e-24
1622.73634,2.247e-24
1622.738891,1.047e-24
1622.74251,3.3040000000000005e-26
1622.743939,1.027e-24
1622.762522,1.6720000000000002e-20
1622.773552,2.315e-24
1622.774912,3.4530000000000003e-25
1622.779227,2.273e-24
1622.808266,3.152e-26
1622.813473,1.98e-22
1622.826471,1.04e-25
1622.828259,3.264e-26
1622.831604,1.898e-24
1622.835184,1.864e-24
1622.839538,2.618e-23
1622.853628,7.968e-25
1622.854415,2.562e-23
1622.857144,3.437e-22
1622.883913,3.067e-25
1622.885292,9.438e-23
1622.899461,9.21e-23
1622.925661,5.5189999999999996e-24
1622.928057,9.553e-26
1622.932815,3.835e-25
1622.936135,5.808e-24
1622.942587,9.412e-26
1622.944993,1.356e-24
1622.946499,5.429e-24
1622.962046,1.57e-24
1622.965786,1.504e-25
1622.968858,1.48e-25
1622.969221,5.800999999999999e-22
1622.970483,3.774e-25
1622.972673,4.501e-23
1622.976077,7.343000000000001e-20
1622.979859,5.620999999999999e-22
1622.98635,1.722e-26
1622.988365,6.424e-24
1622.989568,6.276e-24
1622.992184,1.583e-25
1622.994738,6.061000000000001e-20
1622.997867,6.67e-20
1622.998187,1.348e-25
1623.001152,1.5620000000000002e-25
1623.002846,1.7720000000000002e-26
1623.005954,1.382e-24
1623.018597,7.765e-25
1623.022647,5.602e-20
1623.025306,6.199e-26
1623.026895,2.429e-26
1623.033349,7.638e-25
1623.03469,1.524e-24
1623.047309,1.069e-25
1623.051601,4.56e-25
1623.051626,4.49e-25
1623.052932,5.053e-24
1623.055109,3.896e-24
1623.057929,6.802e-25
1623.05892,2.9240000000000004e-26
1623.067811,4.959e-24
1623.076466,1.387e-25
1623.0812,7.239000000000001e-25
1623.084842,7.11e-25
1623.089975,9.282e-20
1623.091182,6.794999999999999e-22
1623.095472,8.189e-20
1623.096571,6.323000000000001e-26
1623.098619,2.251e-21
1623.102486,2.159e-21
1623.10254,4.031e-24
1623.109291,1.91e-24
1623.10999,1.066e-21
1623.118399,1.029e-21
1623.12008,1.607e-24
1623.123403,8.981999999999999e-22
1623.124573,9.746e-23
1623.151186,8.76e-22
1623.158497,1.822e-25
1623.161193,2.526e-22
1623.163854,1.869e-25
1623.166172,1.704e-23
1623.173867,2.457e-22
1623.181704,2.036e-25
1623.187832,1.833e-25
1623.187916,1.076e-25
1623.190801,1.06e-25
1623.201132,1.2099999999999999e-24
1623.201956,1.004e-24
1623.202041,1.231e-24
1623.202206,9.876e-25
1623.215405,2.511e-25
1623.235825,2.037e-25
1623.244121,3.0330000000000004e-20
1623.249873,1.931e-22
1623.252447,1.291e-23
1623.255383,5.032e-22
1623.255528,1.259e-23
1623.255636,2.796e-21
1623.257745,1.976e-24
1623.258058,2.677e-21
1623.260019,7.997e-21
1623.262602,2.629e-24
1623.27549,2.8810000000000004e-20
1623.281845,1.957e-22
1623.283557,1.021e-23
1623.284466,7.385e-25
1623.284596,1.046e-23
1623.286983,2.587e-25
1623.289426,2.022e-24
1623.290447,7.720000000000001e-21
1623.290616,9.293e-24
1623.292434,9.073e-24
1623.294903,2.441e-24
1623.296566,2.012e-22
1623.298181,8.706000000000001e-25
1623.298264,2.396e-24
1623.298666,2.5949999999999998e-24
1623.300212,7.278e-25
1623.303008,8.539e-25
1623.30492,1.864e-24
1623.307312,1.907e-24
1623.307343,1.868e-25
1623.307526,1.916e-22
1623.308017,8.661e-20
1623.310197,1.715e-24
1623.310615,1.266e-25
1623.310863,1.776e-24
1623.32008,7.764000000000001e-20
1623.322687,4.755e-25
1623.326262,4.674000000000001e-25
1623.330627,6.048e-24
1623.331676,3.356e-23
1623.331986,1.257e-24
1623.335132,1.615e-24
1623.336556,1.193e-24
1623.347211,1.7169999999999998e-22
1623.347391,9.743e-25
1623.351816,4.6060000000000005e-20
1623.355001,1.629e-21
1623.355073,3.295e-23
1623.360871,1.568e-21
1623.363933,2.641e-21
1623.365174,2.5290000000000002e-21
1623.369616,1.294e-24
1623.370264,2.959e-21
1623.373559,2.4709999999999998e-24
1623.381144,4.327e-20
1623.385054,2.7540000000000004e-26
1623.392477,9.748e-25
1623.394453,1.188e-25
1623.398083,1.169e-25
1623.399167,2.873e-21
1623.401286,2.6260000000000005e-26
1623.417888,2.049e-26
1623.456488,2.238e-23
1623.458064,1.91e-22
1623.463876,1.6960000000000002e-20
1623.464021,2.91e-25
1623.4669,2.153e-24
1623.46742,2.193e-24
1623.470841,2.191e-23
1623.471126,5.5229999999999996e-24
1623.473276,5.399e-24
1623.494536,1.626e-20
1623.499853,5.822e-25
1623.503385,5.72e-25
1623.511867,7.533000000000001e-26
1623.521422,8.257999999999999e-23
1623.524685,6.141e-25
1623.525864,7.424e-26
1623.535058,8.063e-23
1623.538962,1.11e-23
1623.539224,2.584e-21
1623.542192,1.083e-23
1623.542455,2.478e-21
1623.548788,5.248e-25
1623.559199,2.623e-25
1623.592767,2.179e-24
1623.603575,6.287000000000001e-25
1623.60572,4.519e-24
1623.607615,1.781e-22
1623.607838,3.041e-25
1623.608945,2.99e-25
1623.61782,6.185e-25
1623.62582,4.447e-24
1623.626107,3.608e-25
1623.626311,3.664e-25
1623.639041,5.276999999999999e-22
1623.6415,5.504e-25
1623.643473,5.409e-25
1623.649187,5.118e-22
1623.650168,4.202e-24
1623.658026,3.065e-22
1623.662904,5.069e-24
1623.664542,4.125e-24
1623.669,2.459e-25
1623.671023,2.42e-25
1623.675324,3.1680000000000004e-26
1623.705991,9.028e-26
1623.720716,1.5249999999999999e-24
1623.72072,4.094e-24
1623.726513,1.498e-24
1623.737186,4.022e-23
1623.740358,1.308e-24
1623.745132,6.804e-25
1623.746077,1.529e-25
1623.749412,1.5650000000000002e-25
1623.749747,5.556e-24
1623.753516,5.866e-25
1623.763705,7.857e-20
1623.772419,6.35e-20
1623.782282,7.196000000000001e-20
1623.787988,1.782e-24
1623.796191,1.251e-25
1623.79684,5.902000000000001e-20
1623.797081,1.243e-24
1623.800367,7.989e-22
1623.800787,1.221e-24
1623.801037,9.846e-22
1623.80452,1.235e-25
1623.804913,2.981e-26
1623.809016,9.518e-22
1623.809859,1.162e-23
1623.810309,1.133e-23
1623.813881,2.253e-22
1623.821715,5.814e-26
1623.826039,2.193e-22
1623.82702,7.796e-22
1623.85054,7.205000000000001e-25
1623.855169,7.068e-25
1623.885144,1.565e-24
1623.887569,1.601e-24
1623.890861,5.928000000000001e-26
1623.905224,8.749999999999999e-23
1623.910845,1.506e-23
1623.937114,1.8229999999999998e-24
1623.945235,1.689e-22
1623.956477,2.116e-21
1623.958935,2.034e-21
1623.960112,1.675e-24
1623.966978,8.056e-25
1623.969993,1.6539999999999998e-22
1623.972048,7.513000000000001e-21
1623.991665,3.007e-20
1623.992654,2.814e-23
1624.000769,7.261e-21
1624.00694,2.061e-25
1624.008803,5.902e-25
1624.015259,2.764e-23
1624.020436,2.863e-20
1624.02194,2.288e-26
1624.023857,5.818e-25
1624.026698,1.128e-24
1624.030936,8.209000000000001e-25
1624.047933,4.414999999999999e-22
1624.048887,1.034e-24
1624.062575,1.16e-24
1624.062704,2.702e-21
1624.062826,1.851e-25
1624.064557,1.52e-21
1624.064752,4.6870000000000005e-25
1624.067756,5.931999999999999e-22
1624.068145,1.904e-23
1624.068357,4.606e-25
1624.070005,1.465e-21
1624.07195,1.7599999999999998e-24
1624.078501,1.004e-19
1624.078878,1.4060000000000002e-25
1624.081718,8.983000000000001e-20
1624.081999,1.865e-23
1624.090255,2.626e-21
1624.091282,5.914e-26
1624.092232,9.323e-20
1624.102582,8.448e-20
1624.10336,1.801e-24
1624.104754,5.830000000000001e-26
1624.10675,2.727e-25
1624.107792,2.765e-25
1624.110039,1.417e-24
1624.11571,4.679e-20
1624.13154,8.076e-25
1624.132853,9.024e-26
1624.135146,2.492e-24
1624.142035,4.4120000000000006e-20
1624.147735,2.442e-25
1624.152139,7.191e-23
1624.161848,1.919e-22
1624.164875,1.144e-25
1624.165271,7.024999999999999e-23
1624.172942,6.3070000000000005e-25
1624.175988,8.087e-25
1624.183732,5.067e-25
1624.184464,6.343e-25
1624.186694,1.887e-25
1624.1876,9.763e-26
1624.19288,1.6330000000000003e-20
1624.197278,1.057e-19
1624.197483,4.987000000000001e-25
1624.198723,9.455e-20
1624.209693,1.343e-25
1624.211497,6.221e-22
1624.213165,4.7e-24
1624.213932,4.596e-24
1624.221491,1.569e-20
1624.226198,1.437e-22
1624.228736,2.236e-25
1624.236261,1.606e-24
1624.239658,1.578e-24
1624.242297,3.479e-24
1624.256185,3.416e-24
1624.267455,1.228e-24
1624.267637,2.125e-22
1624.271709,7.819e-25
1624.272942,7.954e-25
1624.272954,1.206e-24
1624.276083,1.4939999999999998e-22
1624.282178,3.683e-24
1624.301572,3.626e-24
1624.302134,3.036e-25
1624.303362,4.775999999999999e-22
1624.305787,2.9850000000000003e-25
1624.313051,4.636e-22
1624.315841,1.263e-25
1624.317567,1.291e-25
1624.331225,1.527e-25
1624.353037,1.936e-24
1624.358932,7.599000000000001e-26
1624.383516,4.407e-24
1624.394014,1.596e-22
1624.395757,9.665e-24
1624.398557,5.936000000000001e-25
1624.398566,9.438e-24
1624.402977,5.825e-25
1624.415513,4.549e-24
1624.440266,1.118e-24
1624.442794,5.042e-25
1624.442949,1.318e-24
1624.445005,1.347e-24
1624.451134,2.73e-22
1624.460514,4.725e-24
1624.46108,2e-22
1624.464772,6.879e-24
1624.466043,6.724e-24
1624.472505,7.068e-22
1624.472754,1.948e-22
1624.477504,3.942e-25
1624.480771,3.738e-25
1624.481933,1.503e-25
1624.484378,3.675e-25
1624.485946,9.046e-22
1624.493541,8.754e-22
1624.494692,3.58e-23
1624.498104,6.902e-22
1624.498589,1.994e-21
1624.502192,1.918e-21
1624.504789,1.413e-24
1624.504807,3.3110000000000003e-25
1624.505204,1.438e-24
1624.514705,1.442e-24
1624.517623,1.1379999999999999e-24
1624.531771,7.599e-24
1624.533001,7.778e-24
1624.544492,6.561e-20
1624.545487,8.272000000000001e-20
1624.556269,7.188e-25
1624.561607,7.629000000000001e-20
1624.561736,1.67e-25
1624.566125,6.127000000000001e-20
1624.604094,1.451e-22
1624.611951,1.983e-24
1624.616515,5.414e-26
1624.621739,3.424e-25
1624.627982,1.422e-22
1624.631078,1.694e-25
1624.638029,2.505e-21
1624.640634,2.406e-21
1624.642723,9.881e-25
1624.648637,9.71e-25
1624.648914,1.539e-25
1624.649,1.326e-23
1624.649511,2.349e-23
1624.651836,1.515e-25
1624.653545,1.078e-19
1624.654423,1.913e-25
1624.655438,1.882e-25
1624.655765,4.007e-24
1624.656308,3.517e-25
1624.657684,3.921e-24
1624.657926,9.75e-20
1624.658451,3.4590000000000003e-25
1624.662961,5.105e-22
1624.666298,4.623e-26
1624.670514,2.205e-25
1624.671357,2.237e-25
1624.671363,2.308e-23
1624.674503,1.612e-23
1624.678676,7.827e-23
1624.67888,7.014e-21
1624.679254,4.5580000000000005e-26
1624.680874,2.499e-26
1624.683651,5.518000000000001e-26
1624.686079,1.972e-24
1624.687879,1.5799999999999998e-23
1624.689675,8.261e-24
1624.692935,8.071e-24
1624.704438,1.744e-25
1624.706058,6.786e-21
1624.729509,1.532e-24
1624.729936,4.6950000000000005e-25
1624.733762,2.9560000000000005e-20
1624.734305,8.933e-25
1624.735498,8.002e-25
1624.739325,7.866000000000001e-25
1624.744327,4.63e-25
1624.745997,1.411e-21
1624.750106,2.453e-21
1624.751318,1.362e-21
1624.753069,2.027e-24
1624.759023,1.567e-24
1624.759063,4.066e-25
1624.760294,2.82e-20
1624.767944,1.441e-26
1624.772332,4.003e-25
1624.776411,2.386e-21
1624.777436,6.232e-23
1624.79009,6.091e-23
1624.790993,2.358e-21
1624.792211,2.266e-21
1624.803071,1.871e-24
1624.809257,1.028e-24
1624.810032,4.3920000000000005e-26
1624.82609,2.042e-25
1624.829312,2.8669999999999998e-24
1624.829361,2.075e-25
1624.831157,1.314e-26
1624.84273,2.816e-24
1624.844475,1.057e-24
1624.851599,3.892e-22
1624.874219,4.7030000000000005e-20
1624.877508,1.033e-25
1624.877868,1.055e-25
1624.885148,6.788e-25
1624.890119,9.874e-20
1624.892487,1.899e-25
1624.894499,4.576e-26
1624.898022,4.449e-20
1624.898837,9.026e-20
1624.910459,1.075e-26
1624.914608,2.293e-21
1624.916561,1.5620000000000002e-20
1624.917827,2.206e-21
1624.928446,6.803e-25
1624.929069,3.66e-24
1624.936692,1.851e-25
1624.939184,4.869e-25
1624.943354,1.5020000000000003e-20
1624.943421,4.78e-25
1624.955018,2.988e-24
1624.962122,4.3e-22
1624.965436,1.204e-26
1624.971387,4.178e-22
1624.973737,2.942e-24
1624.973954,1.65e-24
1624.974503,2.121e-22
1624.977788,2.282e-24
1624.987582,8.643e-24
1624.988131,8.443e-24
1625.006145,6.373e-26
1625.013587,3.729e-24
1625.014911,1.095e-24
1625.01707,1.119e-24
1625.028064,2.9830000000000003e-25
1625.031585,2.933e-25
1625.036731,4.725e-25
1625.065219,1.887e-25
1625.075618,2.341e-22
1625.098073,3.818e-24
1625.102779,1.766e-22
1625.103565,4.813e-25
1625.113999,1.722e-22
1625.127506,4.321000000000001e-25
1625.134472,9.517e-25
1625.139812,6.222e-22
1625.14002,4.004e-25
1625.146464,1.039e-24
1625.14844,1.02e-24
1625.149679,3.939e-25
1625.164426,6.078999999999999e-22
1625.165076,1.588e-25
1625.166546,8.266999999999999e-22
1625.167617,1.607e-25
1625.169506,7.908000000000001e-25
1625.173172,1.4269999999999998e-22
1625.173771,8.007999999999999e-22
1625.175489,7.773e-25
1625.236914,3.5980000000000004e-26
1625.237543,2.429e-22
1625.245436,3.175e-23
1625.249361,3.5480000000000005e-26
1625.256979,1.906e-25
1625.258416,1.24e-22
1625.260692,1.875e-25
1625.26121,1.058e-22
1625.275554,1.3589999999999998e-23
1625.28148,1.2159999999999998e-22
1625.287552,1.792e-24
1625.288472,1.332e-23
1625.299481,2.6960000000000003e-26
1625.302239,1.952e-23
1625.311035,6.699e-20
1625.314201,1.098e-22
1625.320221,4.965000000000001e-25
1625.321749,5.048e-25
1625.3221,8.59e-20
1625.323373,1.918e-23
1625.329564,3.249e-25
1625.330397,6.283e-20
1625.336278,7.97e-20
1625.342361,3.199e-25
1625.380517,6.507e-21
1625.380788,1.163e-23
1625.382796,1.851e-21
1625.384847,1.784e-21
1625.389479,1.259e-24
1625.397305,5.374999999999999e-23
1625.403834,2.4880000000000003e-25
1625.406291,6.303e-21
1625.40708,2.446e-25
1625.409374,5.0070000000000005e-26
1625.409507,5.256e-23
1625.411207,2.352e-24
1625.417711,1.177e-24
1625.418703,3.376e-24
1625.419039,3.304e-24
1625.424169,2.311e-24
1625.426819,2.4910000000000003e-26
1625.427642,3.2569999999999998e-24
1625.432466,2.215e-21
1625.433987,2.169e-24
1625.439961,7.703e-25
1625.444686,1.4450000000000002e-26
1625.445278,6.977e-23
1625.447195,3.958e-24
1625.447835,3.719e-25
1625.449446,1.303e-21
1625.45431,2.246e-25
1625.454347,1.259e-21
1625.457619,2.156e-21
1625.461587,3.668e-25
1625.470436,2.8820000000000003e-20
1625.474595,5.101e-26
1625.475961,3.975e-25
1625.476138,1.775e-25
1625.479997,3.904e-25
1625.480274,9.096e-25
1625.495019,2.755e-20
1625.499122,1.701e-25
1625.511577,9.111e-25
1625.511862,9.269e-25
1625.513639,9.346e-25
1625.521525,7.085e-24
1625.523467,6.926e-24
1625.539649,6.294000000000001e-25
1625.545678,6.188e-25
1625.550541,1.608e-25
1625.558438,9.145e-25
1625.560264,9.337e-25
1625.563193,1.354e-24
1625.567865,2.216e-24
1625.592726,1.384e-24
1625.614268,4.893e-24
1625.614732,4.993e-24
1625.615396,3.852e-22
1625.624224,2.414e-24
1625.624266,3.746e-22
1625.6255,3.428e-22
1625.627387,4.683e-20
1625.634926,1.483e-20
1625.64209,2.209e-25
1625.642295,2.377e-24
1625.644417,2.1730000000000003e-25
1625.646846,5.064e-25
1625.647641,5.326e-26
1625.649045,4.442e-20
1625.649064,2.079e-25
1625.650794,4.981000000000001e-25
1625.657234,1.032e-19
1625.660097,1.429e-20
1625.665114,9.503e-20
1625.667915,4.503999999999999e-22
1625.670624,5.563e-25
1625.674502,1.128e-19
1625.676915,1.03e-19
1625.677004,1.183e-25
1625.677957,1.164e-25
1625.704072,1.314e-25
1625.705577,1.332e-25
1625.713406,5.579e-25
1625.717252,5.155e-24
1625.738975,1.552e-22
1625.749768,1.514e-22
1625.753988,5.552e-24
1625.755374,5.677e-24
1625.766108,2.071e-26
1625.766674,1.185e-19
1625.768164,1.081e-19
1625.784185,4.703e-22
1625.785164,2.322e-22
1625.802282,5.449e-22
1625.803129,2.789e-26
1625.805492,3.69e-25
1625.80666,3.295e-24
1625.807874,1.224e-24
1625.809415,1.83e-25
1625.815073,2.75e-26
1625.816141,6.038e-24
1625.816663,2.8549999999999998e-24
1625.818369,2.7959999999999998e-24
1625.819432,5.9049999999999996e-24
1625.823031,8.073e-25
1625.825973,5.327e-22
1625.840526,7.515e-22
1625.847424,7.286999999999999e-22
1625.868985,5.042e-24
1625.869715,6.617e-26
1625.87129,1.14e-23
1625.87486,1.7270000000000002e-21
1625.878253,1.6660000000000001e-21
1625.880424,2.121e-26
1625.881949,2.555e-22
1625.883769,1.118e-23
1625.89523,2.584e-25
1625.896181,1.076e-24
1625.907565,2.545e-25
1625.908192,1.055e-22
1625.912299,5.261e-24
1625.930477,1.035e-22
1625.932063,7.264000000000001e-26
1625.942933,1.866e-25
1625.945445,1.272e-22
1625.950826,1.614e-23
1625.955527,1.247e-25
1625.956882,1.276e-25
1625.971275,1.587e-23
1625.973898,1.864e-25
1625.975851,1.303e-25
1625.977119,1.834e-25
1625.987975,1.921e-24
1625.989617,2.806e-23
1625.993086,2.194e-21
1625.995876,2.1130000000000002e-21
1625.996451,1.335e-25
1626.000495,1.8879999999999998e-24
1626.004758,3.232e-25
1626.008624,3.175e-25
1626.011739,4.615e-23
1626.016795,2.159e-22
1626.023509,4.515e-23
1626.026135,6.611000000000001e-25
1626.03588,1.282e-25
1626.039689,6.356e-25
1626.044653,4.998000000000001e-25
1626.046412,1.485e-24
1626.050766,4.915e-25
1626.054611,2.681e-24
1626.061893,1.129e-25
1626.067632,2.524e-25
1626.068658,2.4850000000000003e-25
1626.072082,6.768000000000001e-20
1626.076956,6.003e-21
1626.089566,6.372000000000001e-20
1626.092703,8.817000000000001e-20
1626.101451,5.820000000000001e-21
1626.105334,8.222000000000001e-20
1626.106336,1.017e-23
1626.109349,6.61e-25
1626.109779,1.989e-21
1626.114832,1.197e-21
1626.119694,1.158e-21
1626.122818,7.525000000000001e-25
1626.133866,1.938e-21
1626.135516,6.314e-24
1626.136208,6.174e-24
1626.136808,1.1620000000000002e-25
1626.1496,2.735e-25
1626.162468,2.932e-25
1626.166858,1.412e-25
1626.175606,2.893e-25
1626.184402,1.163e-24
1626.18721,1.176e-25
1626.191011,1.155e-25
1626.192937,2.058e-21
1626.194159,1.983e-21
1626.194953,1.183e-19
1626.198705,1.088e-19
1626.200647,4.599e-26
1626.2017,2.788e-20
1626.202816,1.356e-25
1626.205303,6.2e-23
1626.207508,1.402e-24
1626.211475,3.92e-22
1626.211814,1.188e-24
1626.219185,2.785e-25
1626.224575,2.671e-20
1626.241095,6.239000000000001e-25
1626.254135,2.336e-24
1626.263079,3.434e-22
1626.264047,4.6840000000000006e-26
1626.266449,1.992e-21
1626.269675,1.921e-21
1626.271581,3.342e-22
1626.27452,8.253e-25
1626.283426,4.4360000000000005e-26
1626.289779,1.941e-24
1626.294855,2.168e-26
1626.295723,2.9850000000000003e-25
1626.304319,1.544e-25
1626.30723,1.912e-24
1626.307472,8.478e-25
1626.308567,1.519e-25
1626.331594,1.237e-24
1626.345594,3.098e-25
1626.347381,3.1480000000000003e-25
1626.347979,1.4e-20
1626.351812,7.709999999999999e-23
1626.364941,2.1520000000000003e-26
1626.369657,1.358e-22
1626.371696,1.35e-20
1626.37525,4.621e-20
1626.376388,2.123e-26
1626.380048,1.325e-22
1626.381432,2.386e-24
1626.381433,1.465e-25
1626.384825,1.442e-25
1626.395061,4.395e-20
1626.407807,7.986999999999999e-23
1626.411619,3.942e-25
1626.412017,4.651000000000001e-25
1626.417756,3.878e-25
1626.424115,3.033e-22
1626.452134,1.065e-19
1626.453602,4.669000000000001e-25
1626.456056,2.047e-25
1626.458833,9.872e-20
1626.459907,4.749e-22
1626.461704,9.523e-24
1626.466112,2.073e-25
1626.467938,2.016e-25
1626.473761,9.343e-24
1626.479506,3.1420000000000003e-25
1626.482732,4.645e-22
1626.486725,5.773e-25
1626.486857,5.87e-25
1626.499953,7.001e-24
1626.505985,6.822e-25
1626.509351,2.833e-24
1626.510791,6.797e-22
1626.514023,1.6890000000000002e-26
1626.517366,6.596999999999999e-22
1626.530337,2.616e-25
1626.531146,3.1510000000000003e-25
1626.534008,2.571e-25
1626.535212,3.101e-25
1626.553414,8.935e-23
1626.559608,1.562e-24
1626.561856,1.859e-26
1626.5717,1.536e-24
1626.574961,8.765e-23
1626.593805,2.521e-22
1626.595263,1.328e-23
1626.598564,1.364e-25
1626.601097,1.342e-25
1626.604825,2.332e-24
1626.604913,2.381e-24
1626.615059,1.306e-23
1626.620728,3.943e-23
1626.632089,3.86e-23
1626.640449,2.217e-26
1626.645555,4.899e-24
1626.647374,5.0029999999999996e-24
1626.652964,6.354e-25
1626.67133,1.873e-24
1626.679844,1.807e-24
1626.680975,1.788e-25
1626.686563,2.765e-22
1626.692133,2.443e-24
1626.711126,1.132e-22
1626.727395,2.472e-23
1626.737009,3.497e-24
1626.758495,2.272e-26
1626.768197,5.505e-21
1626.782039,1.777e-21
1626.789819,1.583e-21
1626.790387,1.917e-22
1626.79152,3.436e-21
1626.796818,1.765e-24
1626.799107,9.355e-25
1626.805136,1.732e-21
1626.809816,5.6670000000000005e-25
1626.813691,1.093e-21
1626.818114,1.059e-21
1626.818557,3.8409999999999996e-24
1626.819858,1.824e-25
1626.82575,8.853e-24
1626.827686,6.774e-20
1626.829324,1.167e-25
1626.843592,6.399e-20
1626.849447,1.14e-25
1626.858657,8.955000000000001e-20
1626.868685,3.937e-25
1626.870004,8.388000000000002e-20
1626.873807,2.302e-25
1626.876043,4.135e-25
1626.886353,2.271e-25
1626.894912,3.104e-25
1626.901155,3.054e-25
1626.905299,3.0459999999999995e-22
1626.913456,2.966e-22
1626.913511,3.681e-26
1626.916183,7.194000000000001e-25
1626.916372,2.32e-26
1626.9184,4.336e-24
1626.921721,4.244e-24
1626.927565,2.6780000000000004e-20
1626.947132,7.383e-25
1626.948931,2.57e-20
1626.949391,3.982e-24
1626.950899,4.068e-24
1626.951666,1.553e-24
1626.95363,1.997e-24
1626.955139,1.957e-24
1626.958969,5.492e-23
1626.968522,1.5299999999999999e-24
1626.989775,4.1960000000000006e-26
1626.994824,1.1819999999999998e-22
1627.004833,1.154e-22
1627.012037,1.614e-25
1627.023475,1.59e-25
1627.044925,2.112e-26
1627.04512,1.021e-24
1627.046787,7.917999999999999e-24
1627.047193,2.108e-25
1627.050708,2.072e-25
1627.051433,4.272e-26
1627.055723,1.313e-20
1627.058438,7.771e-24
1627.072421,2.481e-24
1627.072893,1.043e-24
1627.078128,1.268e-20
1627.112682,4.118e-22
1627.114228,2.516e-24
1627.117838,4.5230000000000005e-20
1627.126102,1.2649999999999999e-24
1627.12659,2.839e-24
1627.134692,4.03e-22
1627.13604,4.312e-20
1627.137776,1.244e-24
1627.146148,2.6660000000000003e-25
1627.173722,6.116e-22
1627.177838,2.675e-22
1627.180017,5.941e-22
1627.183376,5.744e-25
1627.187207,1.3130000000000002e-26
1627.188436,1.5249999999999999e-24
1627.193709,2.5319999999999998e-24
1627.194074,7.529e-23
1627.199656,1.089e-19
1627.201222,3.767e-25
1627.206008,1.014e-19
1627.206207,2.428e-24
1627.208979,5.074e-25
1627.210897,5.173e-25
1627.21492,7.388999999999999e-23
1627.224267,3.354e-23
1627.22726,1.464e-21
1627.230484,1.416e-21
1627.232376,1.749e-24
1627.235236,3.284e-23
1627.235539,1.089e-23
1627.242396,3.782e-25
1627.244392,3.471e-22
1627.247633,1.207e-19
1627.249575,1.118e-19
1627.253261,4.531e-24
1627.253605,7.932e-25
1627.254119,4.434e-24
1627.25471,1.071e-23
1627.277362,9.213e-24
1627.28056,2.059e-25
1627.300632,1.5630000000000002e-25
1627.311736,1.266e-19
1627.313287,1.172e-19
1627.320917,1.881e-21
1627.323891,1.817e-21
1627.332706,3.618e-22
1627.346655,1.899e-25
1627.348662,1.929e-25
1627.372795,1.591e-25
1627.379761,1.108e-24
1627.400405,2.715e-22
1627.402697,5.294e-24
1627.429632,3.653e-25
1627.429707,3.595e-25
1627.445174,5.551e-24
1627.449241,1.5800000000000001e-21
1627.454234,5.021e-21
1627.4589,2.17e-23
1627.461361,9.94e-22
1627.461642,4.831e-25
1627.465834,9.635e-22
1627.4704,1.004e-22
1627.471416,1.5410000000000001e-21
1627.476481,4.877e-21
1627.488377,1.028e-24
1627.489405,2.97e-22
1627.490284,9.556e-26
1627.494412,5.555e-23
1627.500783,7.430000000000001e-26
1627.513841,2.3570000000000003e-26
1627.537894,3.043e-26
1627.539119,7.683e-24
1627.541883,2.689e-22
1627.549717,2.62e-22
1627.551349,1.7260000000000002e-25
1627.553294,5.746e-23
1627.556764,1.7000000000000002e-22
1627.561626,1.692e-25
1627.563171,1.267e-25
1627.564949,1.663e-25
1627.569368,1.757e-21
1627.570621,1.698e-21
1627.574172,1.249e-25
1627.577027,7.641000000000001e-26
1627.577839,6.72e-20
1627.579189,5.297e-24
1627.581822,1.7990000000000002e-25
1627.586505,1.04e-24
1627.592406,6.368000000000001e-20
1627.593797,1.775e-25
1627.594652,1.693e-21
1627.597901,1.638e-21
1627.60987,1.238e-24
1627.612837,4.286e-26
1627.61446,1.024e-22
1627.618096,9.009e-20
1627.620928,8.638000000000001e-25
1627.624108,1e-22
1627.626155,1.22e-24
1627.626533,6.554e-24
1627.628398,8.473000000000001e-20
1627.63584,2.417e-26
1627.637791,6.434e-24
1627.646285,8.817e-25
1627.648039,2.5550000000000003e-20
1627.650253,1.155e-25
1627.665608,9.171e-25
1627.668057,2.456e-20
1627.686865,4.804e-26
1627.687448,1.019e-24
1627.696017,1.761e-25
1627.697077,2.544e-25
1627.698716,1.003e-24
1627.700625,2.5030000000000003e-25
1627.706454,4.851e-23
1627.714128,1.243e-19
1627.717485,1.157e-19
1627.721046,4.135e-25
1627.722958,4.246e-25
1627.727731,6.509e-25
1627.737136,3.042e-22
1627.758158,1.223e-20
1627.758551,6.679e-25
1627.760597,3.554e-22
1627.771108,1.616e-24
1627.771613,1.649e-24
1627.777389,3.804e-26
1627.779375,1.183e-20
1627.781839,3.479e-22
1627.785574,4.643e-26
1627.792207,1.847e-24
1627.809664,2.255e-25
1627.822345,2.839e-23
1627.830163,6.315e-23
1627.83294,2.782e-23
1627.833806,5.476e-22
1627.834186,2.455e-24
1627.837389,3.871e-26
1627.83981,5.322999999999999e-22
1627.850343,6.2e-23
1627.855174,4.394e-20
1627.855236,4.819e-25
1627.869239,4.8160000000000006e-26
1627.871644,8.879e-24
1627.871962,4.1980000000000006e-20
1627.888865,2.6e-24
1627.890217,8.736e-24
1627.897283,2.072e-24
1627.911282,5.32e-25
1627.924751,1.005e-24
1627.927483,3.1370000000000003e-25
1627.928056,6.997e-25
1627.956903,2.569e-25
1627.967343,3.1520000000000003e-25
1627.973349,6.561000000000001e-25
1627.974838,2.37e-22
1627.994628,1.101e-19
1627.996507,3.0599999999999998e-24
1627.999857,2.9969999999999998e-24
1627.999976,1.031e-19
1628.00464,2.652e-24
1628.022245,1.927e-24
1628.049623,1.179e-23
1628.066419,1.352e-25
1628.066496,1.372e-24
1628.067817,1.346e-24
1628.069598,1.329e-25
1628.092424,2.037e-25
1628.109453,9.905e-26
1628.111379,1.397e-21
1628.117242,2.803e-24
1628.118841,2.8609999999999998e-24
1628.120024,9.763e-26
1628.125539,7.98e-26
1628.127726,2.42e-26
1628.132692,1.363e-21
1628.135066,4.554e-21
1628.15632,4.427e-21
1628.156589,2.507e-26
1628.157469,8.982999999999999e-22
1628.158703,4.117e-25
1628.161467,8.715999999999999e-22
1628.170908,2.629e-26
1628.173043,2.362e-22
1628.176993,1.326e-21
1628.178395,1.284e-21
1628.180573,2.303e-22
1628.184154,1.897e-23
1628.188515,6.869e-25
1628.200932,5.4e-24
1628.204918,2.904e-22
1628.211811,5.304e-24
1628.223473,8.895e-23
1628.228567,8.826999999999999e-23
1628.237872,8.629e-23
1628.243642,8.178000000000001e-25
1628.246517,6.645e-24
1628.254513,8.047e-25
1628.264372,9.817e-25
1628.273409,3.359e-25
1628.275267,3.422e-25
1628.280109,9.677e-25
1628.286486,1.4e-25
1628.290398,3.169e-22
1628.297907,1.382e-25
1628.318542,1.506e-22
1628.322602,6.614e-20
1628.333018,5.58e-25
1628.336019,6.284000000000001e-20
1628.336344,7.067e-24
1628.339757,2.235e-25
1628.340033,2.201e-25
1628.340504,3.193e-24
1628.341543,3.128e-24
1628.341818,1.676e-24
1628.34853,1.514e-24
1628.350605,1.766e-25
1628.361622,5.722e-25
1628.363123,2.422e-20
1628.368777,1.807e-25
1628.373689,8.985000000000001e-20
1628.381848,2.329e-20
1628.383079,8.48e-20
1628.386271,2.488e-26
1628.403645,3.052e-22
1628.414956,2.393e-23
1628.420511,1.6440000000000002e-25
1628.422282,5.131e-25
1628.424163,2.989e-22
1628.425057,1.619e-25
1628.425192,2.345e-23
1628.447903,4.271e-23
1628.455282,1.1340000000000002e-20
1628.461672,5.273e-23
1628.464457,6.466e-25
1628.464857,1.901e-25
1628.468099,8.375000000000001e-25
1628.475418,1.097e-20
1628.481219,5.178e-23
1628.485526,4.877999999999999e-22
1628.491292,4.745999999999999e-22
1628.503567,7.209999999999999e-24
1628.510936,2.072e-23
1628.51247,2.553e-26
1628.518091,7.545000000000001e-25
1628.521569,7.096e-24
1628.521594,4.027e-25
1628.526402,2.014e-26
1628.544216,7.699999999999998e-25
1628.553309,4.647000000000001e-25
1628.55562,1.216e-21
1628.558701,1.178e-21
1628.562567,3.425e-26
1628.569769,1.075e-25
1628.571434,1.678e-25
1628.572757,1.057e-25
1628.582624,1.763e-24
1628.586844,5.772e-25
1628.58728,4.237e-20
1628.595694,1.407e-25
1628.602811,4.056e-20
1628.6059,2.47e-24
1628.620972,3.4850000000000005e-26
1628.621789,1.5800000000000001e-21
1628.624938,1.5290000000000001e-21
1628.645599,1.768e-24
1628.65088,7.71e-26
1628.661027,7.601000000000001e-26
1628.684902,3.956e-23
1628.686368,8.177000000000001e-25
1628.703476,2.692e-24
1628.705954,2.089e-22
1628.719513,1.106e-19
1628.72352,2.507e-25
1628.724845,1.039e-19
1628.746535,4.087e-23
1628.754958,6.640000000000001e-26
1628.763163,2.519e-25
1628.768445,1.2290000000000001e-21
1628.76869,2.737e-25
1628.769586,2.058e-26
1628.769979,4.4299999999999996e-24
1628.770074,2.787e-25
1628.780491,4.352e-24
1628.785416,8.086999999999999e-22
1628.785733,1.9469999999999998e-24
1628.788953,1.2e-21
1628.789556,7.854e-22
1628.791095,3.486e-25
1628.792943,2.0829999999999998e-24
1628.794676,6.533e-25
1628.797357,2.693e-22
1628.797722,1.241e-19
1628.7985,2.065e-22
1628.799365,1.161e-19
1628.80516,6.431e-25
1628.805745,2.015e-22
1628.810685,4.109e-21
1628.814172,2.744e-24
1628.81684,1.47e-23
1628.831022,3.997e-21
1628.831928,1.302e-19
1628.833556,1.217e-19
1628.837127,7.576e-23
1628.846104,7.409999999999999e-23
1628.856551,2.806e-22
1628.860093,1.276e-24
1628.899136,1.411e-21
1628.901732,2.009e-25
1628.902422,1.367e-21
1628.903575,1.657e-23
1628.905742,1.6929999999999998e-24
1628.915158,7.753e-25
1628.91758,1.0999999999999998e-24
1628.918491,1.121e-24
1628.919864,1.469e-21
1628.921173,1.4220000000000001e-21
1628.930368,7.644e-25
1628.93967,7.617e-25
1628.940643,4.8250000000000007e-26
1628.948009,5.727e-24
1628.970414,7.858e-23
1628.975925,6.72e-25
1628.987772,1.084e-25
1628.998655,1.07e-25
1629.00209,2.007e-23
1629.003276,1.141e-25
1629.003347,5.248e-24
1629.007315,3.086e-22
1629.011983,1.968e-23
1629.018003,4.9620000000000006e-26
1629.037401,6.283000000000001e-25
1629.041819,2.609e-22
1629.045962,5.536e-24
1629.05054,2.122e-24
1629.053911,2.08e-24
1629.06073,6.408e-25
1629.061652,2.556e-22
1629.061919,6.46e-20
1629.069531,4.501e-25
1629.072457,1.332e-22
1629.072821,2.281e-20
1629.07434,6.153000000000001e-20
1629.085868,1.173e-25
1629.088594,4.382e-23
1629.089487,3.36e-22
1629.089883,9.154e-24
1629.090609,2.1990000000000003e-20
1629.107537,4.304e-23
1629.118109,1.597e-25
1629.121817,8.888e-20
1629.130467,8.415000000000001e-20
1629.131298,5.828e-24
1629.135632,4.324e-22
1629.141132,4.21e-22
1629.147093,1.044e-20
1629.148752,5.737e-24
1629.154777,8.547e-25
1629.155109,9.264e-25
1629.156246,9.092e-25
1629.166242,1.012e-20
1629.168912,5.046e-25
1629.182476,3.353e-25
1629.18344,3.75e-23
1629.187448,5.975e-26
1629.197177,5.892e-26
1629.197721,5.174e-25
1629.21095,1.259e-19
1629.214041,1.182e-19
1629.240072,2.369e-22
1629.256877,1.938e-24
1629.257728,2.6070000000000004e-26
1629.258539,1.977e-24
1629.262269,1.494e-24
1629.288428,1.545e-25
1629.314176,4.058e-20
1629.316123,2.183e-25
1629.317994,2.223e-25
1629.328581,3.892e-20
1629.333664,3.618e-24
1629.340545,5.197e-25
1629.343821,3.555e-24
1629.346385,3.0650000000000005e-26
1629.35065,5.116e-25
1629.351602,2.328e-26
1629.378875,5.506000000000001e-26
1629.388396,2.6760000000000003e-26
1629.397035,2.2109999999999998e-24
1629.398268,2.168e-24
1629.403273,3.118e-26
1629.418596,1.797e-22
1629.420432,1.076e-21
1629.42557,1.7539999999999998e-22
1629.430761,2.082e-25
1629.440145,6.472e-23
1629.440186,1.051e-21
1629.444458,2.694e-26
1629.446139,1.576e-25
1629.44881,6.333e-23
1629.468958,2.093e-25
1629.480969,7.233999999999999e-22
1629.481087,3.687e-21
1629.484579,7.030999999999999e-22
1629.486862,2.953e-25
1629.500573,3.59e-21
1629.501294,4.471e-25
1629.504873,1.85e-22
1629.516259,2.755e-24
1629.517994,1.099e-19
1629.522362,1.037e-19
1629.54362,1.087e-21
1629.544772,1.055e-21
1629.557075,4.981000000000001e-25
1629.562211,6.096e-25
1629.568989,4.5e-25
1629.576915,6.011e-25
1629.579094,1.792e-23
1629.583741,1.6759999999999998e-23
1629.593302,1.644e-23
1629.606818,2.196e-25
1629.61685,1.4399999999999997e-23
1629.622261,2.808e-24
1629.643646,4.918e-24
1629.675109,2.219e-22
1629.694294,2.175e-22
1629.708456,1.975e-25
1629.710732,1.264e-24
1629.710918,3.624e-23
1629.711416,6.926e-23
1629.719155,4.6110000000000006e-26
1629.72847,4.5470000000000007e-26
1629.729196,4.246e-25
1629.729286,3.562e-23
1629.754826,4.6899999999999996e-24
1629.755511,4.349000000000001e-25
1629.761688,1.336e-25
1629.762586,3.2120000000000004e-26
1629.771756,4.618e-24
1629.775927,3.815e-22
1629.777132,2.136e-20
1629.781222,3.717e-22
1629.792823,1.765e-25
1629.793935,2.062e-20
1629.794116,1.797e-25
1629.795894,6.264e-20
1629.802918,3.4560000000000004e-26
1629.807442,5.98e-20
1629.807523,3.26e-22
1629.823162,1.176e-22
1629.833586,9.566e-21
1629.837903,2.781e-25
1629.839686,1.155e-23
1629.85183,9.278e-21
1629.859775,9.896e-22
1629.862729,9.608e-22
1629.867381,8.726000000000001e-20
1629.875345,8.285e-20
1629.881243,4.116e-25
1629.886577,3.542e-22
1629.890976,4.053e-25
1629.891981,2.942e-24
1629.895753,4.141e-25
1629.896107,1.301e-21
1629.899414,1.261e-21
1629.901792,2.892e-24
1629.913169,3.282e-23
1629.918647,2.785e-23
1629.936251,1.262e-24
1629.963589,1.1369999999999999e-24
1629.966603,5.9750000000000005e-25
1629.982599,5.468e-25
1629.982878,2.874e-23
1629.996881,4.549e-26
1630.00718,5.576e-25
1630.012583,1.222e-24
1630.014646,1.207e-24
1630.032891,1.556e-22
1630.035881,3.8610000000000005e-20
1630.037596,5.503e-23
1630.03961,1.52e-22
1630.043786,7.354e-25
1630.045088,7.49e-25
1630.04596,5.387e-23
1630.049268,3.7090000000000005e-20
1630.067333,9.372e-22
1630.078462,3.023e-26
1630.080464,1.446e-24
1630.083987,1.418e-24
1630.086378,9.162e-22
1630.086813,6.450999999999999e-22
1630.090665,6.273999999999999e-22
1630.097589,2.4830000000000003e-25
1630.127344,2.7250000000000003e-26
1630.128195,2.7100000000000004e-26
1630.146264,3.292e-21
1630.15506,1.429e-25
1630.159899,1.393e-23
1630.164961,3.2070000000000002e-21
1630.169142,1.367e-23
1630.179835,1.152e-21
1630.182765,2.771e-26
1630.18317,1.1190000000000001e-21
1630.205514,4.771e-25
1630.210329,1.6269999999999998e-22
1630.216731,1.086e-19
1630.219338,6.143e-25
1630.219731,4.706e-25
1630.220282,6.033e-25
1630.221343,1.028e-19
1630.237828,1.64e-25
1630.243985,1.203e-21
1630.245373,1.167e-21
1630.245997,3.543e-26
1630.254904,3.4950000000000004e-26
1630.262487,4.865e-25
1630.263631,2.785e-26
1630.266585,5.514e-25
1630.276006,1.6490000000000002e-25
1630.303508,1.879e-22
1630.320168,1.457e-25
1630.322079,1.842e-22
1630.324202,1.248e-23
1630.324546,1.232e-19
1630.325991,1.162e-19
1630.326743,1.294e-19
1630.326779,2.0900000000000002e-22
1630.32721,2.7899999999999998e-24
1630.328464,1.22e-19
1630.328636,2.984e-23
1630.333476,4.21e-24
1630.336441,2.1400000000000003e-23
1630.337245,1.394e-25
1630.339126,1.418e-25
1630.346455,2.934e-23
1630.355237,2.18e-22
1630.367701,1.316e-24
1630.374141,3.757e-24
1630.374476,3.093e-26
1630.390567,3.7e-24
1630.404965,1.115e-25
1630.416323,3.349e-22
1630.416764,3.245e-25
1630.421369,3.265e-22
1630.422775,1.504e-24
1630.424205,1.476e-24
1630.426133,3.197e-25
1630.428859,2.842e-24
1630.431921,4.475e-25
1630.444921,2.381e-24
1630.445174,1.521e-24
1630.446437,6.088e-23
1630.448594,1.565e-24
1630.452773,3.1790000000000003e-26
1630.453233,4.561e-25
1630.454398,2.3409999999999998e-24
1630.476053,1.988e-20
1630.487893,2.299e-25
1630.491973,1.921e-20
1630.512608,1.937e-25
1630.514758,8.716e-21
1630.524394,6.034e-20
1630.53217,8.461e-21
1630.535175,5.771000000000001e-20
1630.564685,1.036e-22
1630.585647,1.422e-23
1630.598158,3.849e-25
1630.60391,8.506000000000001e-20
1630.6046,1.062e-24
1630.605515,3.426e-22
1630.609493,3.745e-26
1630.611336,8.096000000000001e-20
1630.625068,3.943e-25
1630.629495,4.658e-23
1630.637184,2.864e-23
1630.637567,4.562e-23
1630.641922,1.3409999999999998e-22
1630.648397,1.31e-22
1630.657589,4.892e-24
1630.665179,1.132e-24
1630.675938,1.186e-24
1630.681618,3.716e-22
1630.685285,1.236e-19
1630.688187,1.169e-19
1630.70037,1.037e-25
1630.701484,5.196e-24
1630.709139,8.125e-22
1630.720291,1.844e-22
1630.727518,7.946e-22
1630.730555,1.153e-23
1630.739492,1.132e-23
1630.752417,3.65e-20
1630.764876,3.512e-20
1630.767973,2.711e-26
1630.776475,2.674e-26
1630.784173,2.359e-25
1630.784384,5.711999999999999e-22
1630.787636,5.56e-22
1630.793636,1.119e-25
1630.794526,2.09e-25
1630.794866,1.138e-25
1630.802107,2.419e-25
1630.806211,2.924e-21
1630.809213,7.084e-25
1630.824171,2.851e-21
1630.845051,3.718e-25
1630.852622,5.0840000000000006e-26
1630.8588,3.668e-25
1630.888888,8.738e-22
1630.889837,8.491e-22
1630.904038,3.565e-25
1630.907222,2.407e-26
1630.92105,1.36e-25
1630.927007,1.5829999999999998e-22
1630.937515,5.28e-26
1630.94174,2.446e-23
1630.944995,1.5529999999999998e-22
1630.947102,2.548e-25
1630.956114,2.51e-25
1630.957609,1.368e-25
1630.959034,2.405e-23
1630.96125,2.448e-26
1630.971928,7.641e-25
1630.975062,7.754e-25
1630.989233,2.996e-24
1630.992478,1.919e-24
1630.997654,2.795e-26
1631.001628,1.887e-24
1631.005175,2.952e-24
1631.01491,1.4379999999999998e-22
1631.017536,3.59e-24
1631.02036,1.299e-25
1631.022509,1.063e-19
1631.025678,1.078e-23
1631.026122,1.009e-19
1631.036694,9.268e-26
1631.044912,2.926e-22
1631.049786,2.854e-22
1631.08679,9.687e-25
1631.088925,2.507e-23
1631.090228,9.509e-25
1631.102955,3.169e-25
1631.127015,3.243e-25
1631.132462,1.893e-25
1631.136331,2.797e-24
1631.13819,2.8750000000000005e-26
1631.139573,7.896999999999999e-22
1631.142393,7.68e-22
1631.144379,1.05e-21
1631.147818,1.02e-21
1631.14912,4.829e-25
1631.150797,4.915e-25
1631.169583,1.84e-20
1631.175721,5.338e-23
1631.180177,2.925e-25
1631.184698,1.78e-20
1631.190494,1.938e-23
1631.190602,7.899e-21
1631.19356,1.3250000000000002e-25
1631.207246,7.675e-21
1631.215745,3.793e-25
1631.215803,3.925e-23
1631.216073,3.072e-26
1631.220929,4.323000000000001e-25
1631.223582,3.845e-23
1631.233929,2.847e-24
1631.24501,1.15e-22
1631.246607,1.869e-25
1631.247612,5.773e-20
1631.251258,1.125e-22
1631.257154,1.998e-23
1631.257711,5.533000000000001e-20
1631.259069,4.003e-25
1631.259781,3.933e-25
1631.267339,8.899999999999999e-25
1631.293181,2.038e-26
1631.295704,9.501e-24
1631.304344,9.329e-24
1631.304984,9.115e-23
1631.308303,2.722e-25
1631.314109,1.895e-25
1631.327674,1.713e-23
1631.339869,8.234000000000001e-20
1631.345842,7.009e-22
1631.346747,7.855000000000001e-20
1631.355564,2.491e-23
1631.363593,6.859e-22
1631.365354,5.045e-22
1631.368956,4.914e-22
1631.380973,1.744e-25
1631.401176,3.583e-22
1631.417791,1.0059999999999999e-24
1631.419411,9.876e-25
1631.430584,3.9920000000000005e-26
1631.436696,9.233e-22
1631.439279,3.888e-25
1631.44009,8.976999999999998e-22
1631.449177,8.774e-25
1631.450889,8.937e-25
1631.46092,2.584e-21
1631.462419,3.962e-25
1631.463803,3.429e-20
1631.469471,4.262e-26
1631.472254,1.992e-25
1631.474478,3.881e-22
1631.475409,3.304e-20
1631.478192,2.521e-21
1631.480807,2.885e-25
1631.480913,1.963e-25
1631.494104,2.847e-25
1631.525247,3.4770000000000003e-25
1631.534645,1.5399999999999999e-24
1631.541268,9.660999999999998e-22
1631.542759,9.388e-22
1631.543476,1.515e-24
1631.545596,1.328e-22
1631.550219,1.996e-23
1631.56303,1.303e-22
1631.566814,3.941e-25
1631.567011,1.963e-23
1631.567721,3.2810000000000004e-25
1631.60009,2.379e-24
1631.615567,2.344e-24
1631.629097,8.867e-25
1631.656616,7.719e-25
1631.65836,7.89e-25
1631.665546,9.902e-25
1631.670351,7.679000000000001e-26
1631.675943,2.544e-22
1631.680577,2.483e-22
1631.683635,2.1130000000000003e-26
1631.691187,1.26e-22
1631.691192,1.036e-19
1631.695275,9.861e-20
1631.695859,3.051e-24
1631.721321,9.277e-24
1631.736306,2.149e-26
1631.744549,1.055e-25
1631.771623,1.553e-25
1631.781326,1.061e-25
1631.795726,1.25e-19
1631.796553,3.292e-23
1631.797552,1.185e-19
1631.802367,3.1230000000000003e-25
1631.803941,3.224e-23
1631.817413,2.511e-26
1631.821655,3.18e-25
1631.827852,1.188e-19
1631.828327,1.69e-22
1631.829164,1.127e-19
1631.832519,1.618e-22
1631.83657,2.886e-23
1631.842981,9.825e-23
1631.849008,9.611e-23
1631.855333,7.793e-24
1631.857717,1.6930000000000002e-20
1631.861112,7.121e-21
1631.863688,7.654e-24
1631.866087,2.86e-26
1631.872097,1.64e-20
1631.874666,2.01e-26
1631.877046,6.924e-21
1631.88427,1.16e-25
1631.899078,4.668e-23
1631.92449,7.434e-25
1631.943604,2.776e-24
1631.965287,5.49e-20
1631.966618,5.0010000000000005e-25
1631.967595,5.084e-25
1631.97478,5.27e-20
1631.977435,6.017999999999999e-22
1631.992212,1.55e-25
1631.994593,5.892e-22
1632.000525,1.528e-25
1632.012088,2.9440000000000004e-26
1632.01564,2.89e-25
1632.033923,7.996e-23
1632.037422,2.825e-24
1632.040758,2.9580000000000003e-25
1632.064362,7.919000000000001e-20
1632.065677,2.023e-23
1632.066364,1.183e-25
1632.067908,4.423e-22
1632.068391,2.159e-23
1632.069416,6.379e-25
1632.070823,4.310999999999999e-22
1632.070847,7.571e-20
1632.071413,1.23e-24
1632.072857,6.266000000000001e-25
1632.079934,1.2099999999999999e-24
1632.081916,1.459e-25
1632.084848,2.143e-26
1632.094418,1.2009999999999999e-24
1632.095666,1.199e-24
1632.110382,2.273e-21
1632.112765,2.229e-25
1632.11297,1.85e-25
1632.125628,2.2e-25
1632.127011,2.218e-21
1632.136996,1.18e-19
1632.138913,1.039e-25
1632.139758,1.122e-19
1632.154065,1.621e-23
1632.159268,1.109e-22
1632.17007,3.202e-20
1632.170377,1.595e-23
1632.176175,1.088e-22
1632.177744,1.429e-22
1632.180884,3.09e-20
1632.194485,3.731e-22
1632.206702,1.88e-24
1632.211911,6.883999999999999e-22
1632.212701,6.700000000000001e-22
1632.219957,1.172e-25
1632.221733,1.853e-24
1632.22386,1.068e-25
1632.228577,2.517e-25
1632.232834,3.115e-25
1632.234862,3.169e-25
1632.26512,4.037e-22
1632.274166,2.562e-25
1632.274528,2.519e-25
1632.289918,6.336000000000001e-26
1632.29247,2.202e-22
1632.296963,2.15e-22
1632.35241,4.257e-24
1632.367181,8.318999999999999e-22
1632.368472,2.584e-24
1632.370706,8.094e-22
1632.371685,2.748e-23
1632.379159,2.694e-23
1632.382304,6.613000000000001e-25
1632.384092,6.496e-25
1632.394905,6.180999999999999e-22
1632.397526,6.02e-22
1632.398973,4.561e-24
1632.405387,1.269e-25
1632.409439,6.3639999999999996e-24
1632.411166,7.959e-24
1632.412542,2.045e-26
1632.417516,6.252e-24
1632.434808,8.352e-23
1632.43994,2.029e-25
1632.44063,8.173999999999999e-23
1632.449856,3.103e-25
1632.452337,2.32e-25
1632.453166,5.874e-25
1632.45943,1.844e-26
1632.47416,2.372e-25
1632.494804,1.332e-23
1632.500812,5.748e-25
1632.502516,5.851e-25
1632.505376,1.1109999999999998e-22
1632.506973,1.202e-25
1632.508341,1e-19
1632.510821,1.8740000000000003e-26
1632.511344,9.539000000000001e-20
1632.514945,1.185e-25
1632.526282,6.386e-21
1632.54045,1.55e-20
1632.541557,6.214e-21
1632.554157,1.5020000000000003e-20
1632.563708,1.3719999999999998e-23
1632.576069,6.187e-25
1632.5794,3.268e-23
1632.602776,9.784e-25
1632.603907,5.142999999999999e-22
1632.610993,9.63e-25
1632.615579,5.156e-25
1632.616092,5.059e-25
1632.616889,4.071e-23
1632.620504,5.037e-22
1632.620833,3.872e-22
1632.624209,3.776e-22
1632.641077,1.208e-25
1632.66968,7.257999999999999e-22
1632.673143,7.066e-22
1632.677776,5.189e-20
1632.68672,4.989e-20
1632.727445,1.046e-26
1632.733468,2.901e-26
1632.74091,1.714e-25
1632.746719,1.015e-25
1632.749032,2.73e-24
1632.753268,1.311e-23
1632.753355,1.692e-25
1632.75459,1.989e-21
1632.764167,2.454e-25
1632.764512,7.002e-23
1632.768013,9.215e-23
1632.76912,1.29e-23
1632.770616,1.942e-21
1632.775727,1.866e-23
1632.784417,9.049e-23
1632.791268,7.567e-20
1632.797289,7.249000000000001e-20
1632.799586,2.344e-23
1632.809059,1.48e-24
1632.811242,7.605999999999999e-22
1632.812858,7.401999999999999e-22
1632.823661,1.459e-24
1632.839314,2.778e-24
1632.839904,2.781e-25
1632.852662,3.192e-25
1632.871236,2.973e-20
1632.877132,1.587e-25
1632.88131,2.872e-20
1632.885346,2.989e-26
1632.888931,2.714e-25
1632.900273,1.093e-26
1632.909037,1.804e-25
1632.910739,2.764e-25
1632.91439,5.213e-26
1632.914571,1.896e-22
1632.918828,1.853e-22
1632.935829,3.217e-25
1632.935908,3.271e-25
1632.938638,1.034e-25
1632.941255,2.284e-23
1632.948396,2.241e-23
1632.958009,5.174e-24
1632.965817,5.085e-24
1632.985266,3.872e-22
1633.016532,9.272e-26
1633.021733,7.067e-23
1633.024166,9.142e-26
1633.027352,6.92e-23
1633.028819,4.13e-25
1633.032252,4.059e-25
1633.033764,1.033e-25
1633.0354,2.181e-24
1633.037297,2.0250000000000003e-26
1633.053349,4.184e-22
1633.060809,2.1250000000000003e-26
1633.082708,2.212e-26
1633.095247,6.805e-24
1633.102941,2.285e-26
1633.121442,2.34e-26
1633.128726,7.748e-25
1633.136646,7.628e-25
1633.138123,2.375e-26
1633.142755,9.63e-20
1633.144493,4.677e-26
1633.14638,2.134e-25
1633.146436,9.203e-20
1633.148606,9.689e-23
1633.152873,2.385e-26
1633.163622,2.1720000000000003e-25
1633.165545,2.3690000000000003e-26
1633.175942,2.3230000000000003e-26
1633.1831,4.961e-26
1633.183798,2.245e-26
1633.184698,2.1010000000000003e-26
1633.186104,5.698e-21
1633.188739,2.13e-26
1633.200766,5.549e-21
1633.215343,2.206e-26
1633.217778,1.411e-20
1633.222091,5.13e-25
1633.22525,4.373999999999999e-22
1633.230863,1.369e-20
1633.230887,1.5990000000000002e-26
1633.238495,1.174e-19
1633.240438,1.12e-19
1633.241316,4.286e-22
1633.245064,2.3010000000000003e-26
1633.246028,3.045e-25
1633.26397,1.585e-25
1633.264281,3.1290000000000003e-25
1633.264388,1.611e-25
1633.273918,2.3810000000000003e-26
1633.275455,1.3039999999999998e-22
1633.281017,1.6250000000000003e-26
1633.294046,1.974e-25
1633.296399,2.007e-25
1633.301972,2.4420000000000003e-26
1633.307361,1.114e-19
1633.308586,1.062e-19
1633.308805,8.062e-25
1633.314378,1.2449999999999998e-22
1633.315136,6.793e-25
1633.316698,4.274e-25
1633.317412,3.644e-23
1633.318593,4.2e-25
1633.32874,3.5399999999999995e-23
1633.32931,2.4840000000000003e-26
1633.331732,3.36e-22
1633.334314,3.279e-22
1633.347819,1.056e-23
1633.349232,1.004e-25
1633.356031,2.5010000000000003e-26
1633.36323,1.039e-23
1633.365226,1.313e-25
1633.371822,7.622999999999999e-23
1633.377268,1.296e-25
1633.38226,2.49e-26
1633.384597,4.8750000000000005e-20
1633.387747,7.489e-23
1633.393049,4.6940000000000007e-20
1633.393536,1.732e-21
1633.40715,1.159e-24
1633.408157,2.45e-26
1633.408994,1.692e-21
1633.421339,1.143e-24
1633.421605,2.138e-25
1633.43393,2.375e-26
1633.445029,2.187e-25
1633.459859,2.263e-26
1633.477654,1.607e-23
1633.480445,6.111999999999999e-23
1633.486326,2.11e-26
1633.50104,4.188e-24
1633.503121,7.188e-20
1633.505175,1.89e-23
1633.508587,4.117e-24
1633.508861,6.898e-20
1633.511767,5.318e-22
1633.512066,1.855e-23
1633.512444,5.183e-22
1633.518591,1.626e-22
1633.520883,7.125e-26
1633.521392,4.27e-26
1633.522152,3.7e-25
1633.522736,1.59e-22
1633.523842,3.764e-25
1633.528185,7.026e-26
1633.529318,2.671e-23
1633.529827,1.753e-25
1633.548837,3.3110000000000003e-25
1633.550302,3.253e-25
1633.552581,2.6619999999999998e-24
1633.554404,1.19e-26
1633.565115,6.467999999999999e-22
1633.565952,1.097e-19
1633.567348,2.7440000000000003e-20
1633.568608,1.048e-19
1633.568628,6.300999999999999e-22
1633.576722,2.653e-20
1633.59977,2.916e-26
1633.60223,5.952999999999999e-23
1633.607664,5.831e-23
1633.612357,1.101e-22
1633.625822,4.747e-22
1633.62797,4.63e-22
1633.639545,2.707e-24
1633.649258,6.11e-25
1633.653869,2.22e-25
1633.656887,6.016e-25
1633.674824,1.376e-25
1633.696661,1.834e-24
1633.702341,1.757e-25
1633.718287,1.242e-26
1633.734118,9.352e-25
1633.734692,9.593e-25
1633.757986,3.009e-26
1633.773522,4.005e-22
1633.773587,5.7989999999999996e-24
1633.775182,1.666e-25
1633.794772,1.701e-25
1633.825503,9.046e-24
1633.839156,4.323e-22
1633.840571,5.0580000000000004e-21
1633.841455,3.703e-22
1633.8529,2.915e-22
1633.854661,4.929e-21
1633.856195,2.847e-22
1633.857018,3.629e-22
1633.862569,4.238e-25
1633.877712,8.254e-26
1633.878759,5.599e-22
1633.87935,2.068e-25
1633.879739,2.035e-25
1633.882301,5.458999999999999e-22
1633.889693,1.2770000000000002e-20
1633.896452,9.312e-24
1633.902206,1.2410000000000002e-20
1633.937709,8.461e-24
1633.952697,8.33e-24
1633.965735,2.629e-25
1633.969126,2.585e-25
1633.970685,6.278e-23
1633.975539,9.17e-20
1633.976488,8.513e-23
1633.978032,8.781000000000001e-20
1633.979224,1.708e-25
1633.985698,1.001e-25
1633.986153,6.169e-23
1634.000965,9.046e-25
1634.002458,1.3770000000000002e-26
1634.009728,5.998e-26
1634.014756,8.92e-25
1634.020024,5.451e-26
1634.026997,5.377000000000001e-26
1634.027211,1.501e-21
1634.035262,3.069e-23
1634.038517,3.375e-24
1634.042135,1.467e-21
1634.04581,3.318e-24
1634.050624,4.005e-23
1634.051411,1.4e-26
1634.053429,5.873999999999999e-22
1634.055193,5.724999999999999e-22
1634.063536,1.557e-23
1634.070195,1.529e-23
1634.075435,3.423e-24
1634.077404,1.619e-25
1634.085401,1.937e-25
1634.086386,4.554e-20
1634.087693,4.877e-25
1634.094386,4.3910000000000006e-20
1634.096357,6.253000000000001e-26
1634.126449,3.708e-24
1634.132302,1.387e-22
1634.13621,1.3569999999999998e-22
1634.137211,3.488e-26
1634.164363,4.797e-25
1634.171707,4.725e-25
1634.174227,1.379e-23
1634.178134,4.992e-23
1634.183381,4.891e-23
1634.202126,5.325999999999999e-23
1634.221499,2.716e-25
1634.221695,6.786000000000001e-20
1634.223351,2.67e-25
1634.227018,6.522000000000001e-20
1634.253746,6.234e-26
1634.254819,2.994e-23
1634.258426,2.5170000000000003e-20
1634.261132,1.281e-24
1634.267134,2.4370000000000003e-20
1634.290522,1.707e-24
1634.331768,1.229e-25
1634.332527,1.861e-25
1634.334416,1.249e-25
1634.352271,1.536e-24
1634.353079,1.894e-25
1634.354265,2.573e-24
1634.379765,1.33e-26
1634.438109,2.616e-24
1634.44621,4.925e-24
1634.452513,3.12e-22
1634.458614,2.091e-25
1634.46058,2.056e-25
1634.461362,1.429e-25
1634.46496,2.9040000000000005e-26
1634.467598,3.059e-22
1634.476518,1.453e-25
1634.480571,2.686e-25
1634.489674,4.468e-21
1634.492614,1.709e-25
1634.497513,3.489e-25
1634.49906,1.345e-25
1634.50323,4.3570000000000004e-21
1634.512766,2.34e-25
1634.514331,2.379e-25
1634.520598,4.097e-26
1634.522929,6.751e-24
1634.535573,1.3840000000000002e-26
1634.53751,6.649e-24
1634.556189,1.151e-20
1634.558969,4.131e-22
1634.564594,5.147e-23
1634.568171,1.119e-20
1634.57044,2.708e-24
1634.571271,8.729e-20
1634.574639,8.373e-20
1634.575911,2.505e-22
1634.577486,2.663e-24
1634.578262,2.447e-22
1634.579625,5.059e-23
1634.582583,7.384e-23
1634.590493,7.026e-25
1634.596644,6.815e-26
1634.603901,6.93e-25
1634.616207,1.277e-23
1634.62224,4.455e-22
1634.622647,1.254e-23
1634.630033,3e-26
1634.653068,1.946e-24
1634.654773,1.077e-19
1634.655605,1.294e-21
1634.656838,1.031e-19
1634.670026,1.266e-21
1634.674036,3.75e-25
1634.6811,3.694e-25
1634.696349,9.99e-23
1634.710323,1.415e-25
1634.723267,1.1779999999999998e-22
1634.727094,1.153e-22
1634.731147,2.8360000000000005e-26
1634.735692,2.653e-23
1634.73877,4.936999999999999e-22
1634.741963,4.814e-22
1634.747217,4.167e-23
1634.752298,4.085e-23
1634.762771,1.019e-19
1634.763942,9.754000000000001e-20
1634.768443,1.18e-26
1634.772108,9.512e-23
1634.779007,4.344e-23
1634.782301,4.23e-20
1634.787544,4.03e-22
1634.788149,3.932e-22
1634.789897,4.084e-20
1634.797966,1.285e-25
1634.798622,1.265e-25
1634.806925,1.204e-25
1634.81622,1.198e-26
1634.816362,1.56e-25
1634.833237,1.607e-25
1634.833572,3.494e-22
1634.833803,3.5659999999999995e-22
1634.838189,1.594e-25
1634.865541,1.179e-23
1634.879508,5.197e-25
1634.881798,1.6440000000000002e-25
1634.884456,8.974e-26
1634.885067,1.617e-25
1634.904398,4.624e-23
1634.917597,5.188e-26
1634.920103,6.371e-20
1634.92524,6.132000000000001e-20
1634.943333,6.598000000000001e-25
1634.94454,2.297e-20
1634.952608,2.226e-20
1634.956927,5.475e-26
1634.972029,9.963e-20
1634.974604,9.554e-20
1634.976002,3.307e-23
1635.002245,1.283e-24
1635.024045,8.409e-23
1635.058413,2.617e-22
1635.061618,2.155e-22
1635.063916,4.240999999999999e-22
1635.064679,2.106e-22
1635.067545,4.139e-22
1635.069133,1.172e-25
1635.073044,2.567e-22
1635.086476,1.196e-25
1635.090676,5.557e-26
1635.096792,2.163e-24
1635.097365,1.697e-25
1635.098668,1.669e-25
1635.103469,5.363e-24
1635.103598,2.128e-24
1635.113134,4.168e-24
1635.11766,5.283e-24
1635.12693,2.861e-25
1635.133406,3.928e-21
1635.146462,3.832e-21
1635.149002,2.247e-24
1635.153538,4.201e-23
1635.154023,2.4669999999999998e-24
1635.163331,1.043e-23
1635.168151,4.13e-23
1635.16956,1.024e-23
1635.1704,1.173e-25
1635.175724,5.433e-25
1635.17616,6.067e-24
1635.17827,2.919e-25
1635.185058,2.876e-25
1635.188763,5.3599999999999995e-25
1635.20358,1.461e-26
1635.21726,1.032e-20
1635.228749,1.003e-20
1635.234927,2.507e-24
1635.248947,6.2419999999999996e-24
1635.26736,4.452e-22
1635.269293,4.343999999999999e-22
1635.274721,1.773e-25
1635.27871,1.111e-21
1635.279935,1.662e-25
1635.292655,1.087e-21
1635.302854,1.33e-25
1635.312141,3.463e-23
1635.312494,7.503e-25
1635.314232,7.739e-25
1635.317047,3.396e-23
1635.329,2.863e-26
1635.329248,9.962e-23
1635.33283,9.753e-23
1635.338954,2.299e-26
1635.341663,4.251999999999999e-22
1635.345089,1.298e-25
1635.347043,7.69e-25
1635.347354,1.277e-25
1635.347523,7.018e-25
1635.347612,7.683e-25
1635.348652,7.975e-25
1635.352058,1.5180000000000002e-26
1635.366376,7.399999999999998e-25
1635.366822,7.731e-25
1635.382385,7.961e-25
1635.382608,7.152e-25
1635.402646,4.583e-22
1635.406989,7.321e-25
1635.423732,6.345e-25
1635.424011,8.205e-20
1635.426069,7.884000000000001e-20
1635.42828,6.462e-23
1635.431075,2.287e-23
1635.442688,7.629999999999999e-25
1635.459696,6.426e-25
1635.471832,2.509e-24
1635.472245,1.455e-25
1635.473431,3.9080000000000006e-20
1635.473748,1.478e-25
1635.480646,3.7770000000000006e-20
1635.486403,6.673e-25
1635.501518,2.962e-26
1635.502583,4.652e-23
1635.523713,6.998e-25
1635.535655,1.003e-26
1635.544671,5.555e-25
1635.551644,1.005e-23
1635.579781,5.789e-25
1635.581803,5.583e-25
1635.582354,1.02e-26
1635.617576,1.72e-24
1635.618129,4.008e-23
1635.619542,6.116e-25
1635.624147,1.6929999999999998e-24
1635.625713,2.084e-20
1635.63127,5.946e-20
1635.63316,2.022e-20
1635.636008,5.731e-20
1635.646593,1.067e-24
1635.659147,2.185e-22
1635.673345,2.144e-22
1635.677059,2.262e-25
1635.679319,4.242e-24
1635.681119,4.751e-25
1635.683576,2.229e-25
1635.692838,3.601e-23
1635.693135,4.179e-24
1635.704714,8.477e-24
1635.710741,8.329e-24
1635.712932,4.718e-25
1635.713572,4.056e-25
1635.724395,5.062e-25
1635.725264,3.8e-25
1635.737508,3.413e-23
1635.744393,3.913e-25
1635.750826,2.3370000000000003e-25
1635.751478,4.6940000000000005e-25
1635.751721,3.357e-23
1635.756648,4.183e-25
1635.76933,4.128e-25
1635.771227,1.254e-25
1635.771758,3.435e-21
1635.774373,3.515e-24
1635.784344,3.354e-21
1635.784624,3.653e-25
1635.790637,1.276e-25
1635.800739,1.833e-22
1635.802773,1.792e-22
1635.815119,2.501e-24
1635.824275,4.56e-26
1635.832829,3.933e-25
1635.869706,2.865e-23
1635.872897,9.198e-21
1635.873058,2.75e-24
1635.874462,2.81e-23
1635.883926,8.954e-21
1635.884789,2.595e-25
1635.885071,3.5090000000000005e-26
1635.888689,3.700000000000001e-22
1635.88963,3.6000000000000003e-22
1635.896515,9.492e-22
1635.906498,8.384999999999999e-23
1635.910011,9.293e-22
1635.910031,8.213e-23
1635.930106,3.895e-25
1635.939922,2.832e-25
1635.942329,1.022e-25
1635.945047,1.043e-25
1635.951896,2.346e-24
1635.970312,3.817e-25
1635.976364,1.666e-25
1635.97658,7.729000000000001e-20
1635.979699,7.438e-20
1635.98661,1.29e-25
1635.993051,2.388e-22
1635.993062,5.57e-23
1636.00152,2.85e-24
1636.014191,2.589e-22
1636.025887,1.5820000000000002e-26
1636.030025,2.384e-24
1636.038367,2.996e-22
1636.038938,2.9269999999999995e-22
1636.04147,1.852e-25
1636.044402,9.641e-20
1636.046591,9.26e-20
1636.054076,9.313e-26
1636.05904,8.15e-26
1636.063273,2.012e-25
1636.063857,1.616e-25
1636.06759,5.226000000000001e-26
1636.090854,7.592e-23
1636.100104,2.259e-25
1636.11159,4.213e-26
1636.11291,1.138e-25
1636.120111,1.965e-23
1636.121146,4.369e-22
1636.132771,1.362e-24
1636.134284,1.063e-25
1636.139112,1.341e-24
1636.147828,1.26e-25
1636.158367,3.5910000000000005e-20
1636.165242,3.4740000000000005e-20
1636.167679,1.641e-26
1636.170396,1.746e-25
1636.176646,1.7210000000000002e-25
1636.179897,4.706e-22
1636.191845,2.794e-26
1636.193756,9.095e-20
1636.194901,8.738e-20
1636.19683,3.1340000000000003e-25
1636.200273,1.123e-25
1636.205425,7.200999999999999e-23
1636.216849,5.0110000000000006e-26
1636.220595,1.147e-25
1636.221293,4.923e-23
1636.225144,3.154e-22
1636.226989,2.611e-23
1636.228869,3.082e-22
1636.232662,8.531e-24
1636.239101,2.9830000000000003e-25
1636.240574,6.861e-24
1636.246404,6.743e-24
1636.246509,1.563e-22
1636.24942,1.529e-22
1636.250471,3.34e-24
1636.254705,1.816e-22
1636.263925,3.292e-24
1636.268491,1.782e-22
1636.279755,3.686e-26
1636.285324,8.845e-25
1636.292742,3.133e-24
1636.302055,1.88e-20
1636.305841,3.46e-23
1636.308891,1.826e-20
1636.315202,5.52e-20
1636.316494,2.761e-23
1636.31984,5.328e-20
1636.330324,2.716e-23
1636.331633,8.084000000000001e-26
1636.333254,3.207e-25
1636.337688,7.95e-26
1636.345593,3.165e-25
1636.346706,8.241000000000001e-26
1636.347503,1.152e-24
1636.355116,8.84e-20
1636.357627,8.504e-20
1636.369207,1.903e-25
1636.372476,2.8950000000000004e-26
1636.40472,2.991e-21
1636.405221,3.869e-23
1636.412724,6.367e-23
1636.416864,2.921e-21
1636.423711,2.359e-23
1636.428302,2.315e-23
1636.42994,2.954e-24
1636.452587,3.312e-22
1636.454708,3.235e-22
1636.462301,1.314e-24
1636.491831,9.019e-26
1636.50554,7.023e-23
1636.508816,6.882e-23
1636.509012,8.070999999999999e-22
1636.512953,2.472e-25
1636.522082,7.905999999999999e-22
1636.523094,8.162e-21
1636.533694,7.95e-21
1636.540086,4.018e-24
1636.559281,2.135e-25
1636.569836,5.426e-25
1636.602375,4.155e-25
1636.614498,4.132e-24
1636.642385,1.0739999999999999e-24
1636.648502,1.058e-24
1636.658276,1.341e-25
1636.664263,1.3230000000000002e-25
1636.730206,1.035e-25
1636.747781,2.214e-24
1636.763329,5.468000000000001e-26
1636.77063,5.528e-24
1636.77627,5.435e-24
1636.803831,2.617e-23
1636.804265,5.744e-26
1636.804498,1.683e-23
1636.816914,2.619e-24
1636.823281,2.25e-24
1636.830022,2.581e-24
1636.838908,3.2810000000000005e-20
1636.84455,1.572e-25
1636.845076,1.5019999999999998e-22
1636.845445,3.1790000000000003e-20
1636.846713,1.6890000000000002e-26
1636.849494,3.5079999999999996e-24
1636.853514,7.174e-20
1636.855196,6.914e-20
1636.858469,1.4749999999999998e-22
1636.860605,4.854e-23
1636.87837,1.946e-25
1636.890487,2.223e-23
1636.897567,4.484e-22
1636.90395,2.188e-23
1636.905049,2.298e-25
1636.905532,2.448e-25
1636.90864,7.215e-24
1636.917541,2.416e-25
1636.918444,7.305e-25
1636.935179,5.15e-23
1636.954131,4.828e-22
1636.969629,1.935e-23
1636.973591,1.687e-20
1636.974084,1.899e-23
1636.979821,1.64e-20
1636.982075,1.543e-25
1636.98238,1.7500000000000002e-26
1636.989967,5.921000000000001e-25
1636.991416,6.281000000000001e-25
1637.006141,1.3159999999999998e-22
1637.007897,1.288e-22
1637.01278,2.982e-23
1637.015354,2.724e-22
1637.020123,5.0950000000000006e-20
1637.024359,4.9230000000000006e-20
1637.032187,3.0070000000000004e-26
1637.032284,2.591e-21
1637.03777,2.401e-22
1637.044011,2.532e-21
1637.05344,2.6960000000000003e-26
1637.068293,5.857e-23
1637.071554,5.741999999999999e-23
1637.079842,2.474e-24
1637.113156,4.105e-23
1637.114883,3.811e-24
1637.116191,6.832e-22
1637.122516,1.2189999999999998e-22
1637.128856,6.694e-22
1637.138987,2.097e-26
1637.140693,1.026e-25
1637.14639,8.434e-25
1637.14642,1.012e-25
1637.152288,8.305e-25
1637.16784,7.206e-21
1637.169697,1.883e-22
1637.178039,7.024e-21
1637.24295,2.7970000000000005e-26
1637.253087,8.185000000000001e-26
1637.254684,7.058999999999999e-23
1637.263422,2.186e-22
1637.263995,2.138e-22
1637.285399,5.438000000000001e-26
1637.295203,4.435e-24
1637.300658,4.3609999999999996e-24
1637.323706,1.767e-25
1637.326079,1.454e-25
1637.331387,3.379e-25
1637.341613,8.602000000000001e-26
1637.358521,6.693000000000001e-20
1637.361438,6.458e-20
1637.362443,2.305e-22
1637.366273,2.254e-22
1637.37864,2.044e-24
1637.379955,4.155e-23
1637.391413,2.015e-24
1637.407368,8.443000000000001e-20
1637.407394,1.114e-22
1637.409678,8.133000000000002e-20
1637.410175,1.091e-22
1637.43025,1.237e-22
1637.443268,1.2149999999999998e-22
1637.444731,2.409e-26
1637.458948,5.717e-23
1637.459477,1.782e-23
1637.472588,1.7539999999999998e-23
1637.473472,1.86e-25
1637.481087,5.312000000000001e-26
1637.482111,1.4369999999999998e-23
1637.485162,1.837e-25
1637.512719,2.983e-20
1637.512801,1.579e-23
1637.5171,1.5509999999999998e-23
1637.519007,2.893e-20
1637.541769,2.074e-24
1637.545959,6.011e-25
1637.559948,5.458000000000001e-26
1637.560755,1.615e-24
1637.57271,5.559000000000001e-26
1637.573719,7.991000000000001e-26
1637.579757,6.078e-24
1637.589432,1.247e-25
1637.592623,8.157000000000001e-26
1637.599967,7.937000000000001e-20
1637.601109,7.647000000000001e-20
1637.6087,2.419e-22
1637.611028,2.366e-22
1637.614016,5.396e-23
1637.614779,2.107e-24
1637.621283,1.53e-25
1637.623112,7.713e-26
1637.62941,1.812e-24
1637.640491,1.505e-20
1637.644134,5.33e-23
1637.644805,6.593000000000001e-25
1637.646112,1.4640000000000003e-20
1637.650487,6.494e-25
1637.651936,6.031000000000001e-26
1637.654439,2.234e-21
1637.656394,5.144e-25
1637.661323,4.862e-23
1637.66431,4.768e-23
1637.665773,2.184e-21
1637.666075,1.7820000000000002e-26
1637.670191,4.598e-22
1637.684765,2.558e-23
1637.688287,4.68e-20
1637.692506,4.528e-20
1637.693818,4.208e-24
1637.711749,1.901e-25
1637.715112,7.674e-20
1637.717572,7.403e-20
1637.718041,5.755999999999999e-22
1637.724091,2.065e-24
1637.724592,4.948e-22
1637.728976,8.442000000000001e-26
1637.730322,5.642e-22
1637.778314,4.771e-23
1637.781351,1.019e-25
1637.79611,1.844e-26
1637.807129,6.332e-21
1637.813887,3.543e-24
1637.8165,4.305e-23
1637.816952,6.1760000000000004e-21
1637.819164,3.485e-24
1637.910443,2.627e-24
1637.913718,2.57e-26
1637.935639,1.589e-24
1637.937648,4.531e-24
1637.94809,1.567e-24
1637.985446,1.16e-24
1637.986277,2.7e-24
1638.010218,1.014e-22
1638.022877,9.967e-23
1638.023455,1.423e-23
1638.035547,7.069e-23
1638.036227,1.4000000000000002e-23
1638.037065,1.408e-25
1638.046912,1.284e-23
1638.048447,1.39e-25
1638.05109,1.261e-23
1638.0917,3.25e-25
1638.112993,2.672e-26
1638.119177,1.97e-22
1638.13759,5.132e-25
1638.143061,5.056e-25
1638.147359,5.656e-26
1638.155648,1.223e-23
1638.167715,1.221e-22
1638.167871,4.929e-25
1638.18275,2.6990000000000003e-20
1638.188738,2.619e-20
1638.188834,4.48e-25
1638.191279,1.004e-25
1638.192106,9.283e-23
1638.193601,9.094e-23
1638.208677,4.018e-23
1638.211683,3.942e-23
1638.211696,4.586e-25
1638.224383,6.343000000000001e-26
1638.232267,4.733e-25
1638.23911,3.468e-26
1638.24606,5.099e-24
1638.263647,6.136000000000001e-20
1638.265005,5.928000000000001e-20
1638.271176,1.9170000000000002e-21
1638.27314,3.605e-23
1638.276075,7.101000000000001e-26
1638.282139,1.876e-21
1638.299973,1.3449999999999998e-22
1638.301073,1.369e-22
1638.302785,1.3340000000000002e-20
1638.307787,1.3e-20
1638.314552,4.827e-22
1638.326468,4.734e-22
1638.327153,2.818e-24
1638.332254,2.772e-24
1638.333681,1.929e-24
1638.348251,5.458e-23
1638.362687,1.717e-24
1638.373655,4.0550000000000006e-26
1638.386316,2.192e-23
1638.3884,4.2740000000000006e-20
1638.392193,4.139e-20
1638.394373,1.491e-25
1638.404325,1.959e-24
1638.439313,4.713999999999999e-22
1638.44095,5.537e-21
1638.450418,5.4030000000000004e-21
1638.461967,1.566e-22
1638.462576,1.533e-22
1638.466379,1.822e-25
1638.475818,1.6539999999999998e-22
1638.479761,1.619e-22
1638.483986,1.858e-26
1638.485294,3.576e-26
1638.487902,1.229e-24
1638.491564,5.071999999999999e-22
1638.500043,1.212e-24
1638.515316,4.464e-23
1638.524889,5.56e-25
1638.535083,4.939e-24
1638.54404,7.794e-23
1638.546702,7.639e-23
1638.579372,1.039e-23
1638.579461,1.86e-25
1638.582409,1.131e-23
1638.583399,1.021e-23
1638.584969,8.279e-23
1638.594856,1.113e-23
1638.596301,1.061e-25
1638.597285,8.138e-23
1638.600602,3.499e-26
1638.607385,1.048e-25
1638.608822,1.92e-26
1638.608871,5.138e-25
1638.609868,4.788e-25
1638.624776,3.977e-25
1638.63004,3.919e-25
1638.694844,5.489e-26
1638.716935,5.673000000000001e-20
1638.719681,5.487e-20
1638.735349,1.7349999999999998e-22
1638.7379,1.6979999999999998e-22
1638.738169,5.742000000000001e-26
1638.743151,3.061e-23
1638.743806,7.237e-20
1638.746225,6.99e-20
1638.751179,3.6060000000000006e-26
1638.754876,4.458e-26
1638.760612,5.2789999999999996e-24
1638.761581,3.67e-26
1638.772599,2.4180000000000003e-26
1638.782829,3.979e-26
1638.784184,4.026e-25
1638.796763,3.305e-23
1638.799474,3.243e-23
1638.800747,4.264e-23
1638.807528,4.863e-26
1638.821761,1.037e-23
1638.834418,2.231e-24
1638.839351,2.196e-24
1638.84537,2.429e-20
1638.851116,2.359e-20
1638.882485,1.638e-21
1638.893096,1.603e-21
1638.905714,4.03e-22
1638.907812,4.259e-24
1638.917282,3.954e-22
1638.937048,5.623e-26
1638.941583,2.8190000000000003e-25
1638.954622,5.737000000000001e-26
1638.960738,1.1770000000000002e-20
1638.9651,1.147e-20
1638.981033,6.776e-20
1638.982191,6.545000000000001e-20
1638.982666,2.519e-26
1638.995639,1.422e-24
1638.997538,4.0000000000000004e-23
1639.035419,9.472e-25
1639.039208,3.886e-20
1639.041116,1.868e-23
1639.043072,3.766e-20
1639.047261,9.344e-25
1639.047341,5.536e-23
1639.049597,1.043e-25
1639.051931,6.523e-20
1639.05435,6.307000000000001e-20
1639.069297,4.818e-21
1639.078432,4.705e-21
1639.10148,8.369e-24
1639.105399,8.226e-24
1639.106311,3.069e-25
1639.111371,3.025e-25
1639.120741,3.536e-23
1639.123704,1.782e-24
1639.136331,8.944e-24
1639.148465,8.809999999999999e-24
1639.154493,6.726999999999999e-23
1639.162653,1.454e-25
1639.16648,6.614e-23
1639.192098,1.809e-24
1639.200507,1.4000000000000002e-22
1639.200827,1.366e-22
1639.203769,4.831999999999999e-22
1639.209387,4.579e-23
1639.25385,5.198e-22
1639.280365,1.695e-24
1639.300451,1.916e-26
1639.302073,8.74e-25
1639.315893,1.5999999999999998e-25
1639.318438,3.0360000000000005e-26
1639.325783,2.483e-26
1639.327695,2.707e-23
1639.330463,2.657e-23
1639.336361,1.759e-24
1639.341127,1.732e-24
1639.357447,1.742e-24
1639.358497,6.428e-23
1639.35975,6.303e-23
1639.3673,2.065e-26
1639.372337,3.268e-26
1639.373691,5.686e-24
1639.38806,1.013e-24
1639.394896,3.2770000000000004e-25
1639.403648,9.63e-23
1639.404912,9.442e-23
1639.420473,1.977e-26
1639.480671,2.2930000000000003e-26
1639.484616,8.769e-24
1639.488356,1.392e-21
1639.491516,3.349e-22
1639.498633,1.363e-21
1639.502752,3.287e-22
1639.505003,2.1750000000000003e-20
1639.51049,2.114e-20
1639.565065,3.542e-24
1639.565279,1.166e-22
1639.569346,1.143e-22
1639.578182,7.267000000000001e-25
1639.582242,2.359e-25
1639.58347,6.041e-24
1639.587102,2.3250000000000003e-25
1639.589735,7.17e-25
1639.614387,1.031e-20
1639.616553,1.165e-25
1639.618082,1.006e-20
1639.622944,1.175e-24
1639.623385,6.713e-24
1639.627157,6.6e-24
1639.629983,2.244e-26
1639.633338,1.101e-22
1639.634011,1.079e-22
1639.653857,5.1360000000000007e-20
1639.654937,4.973e-20
1639.656218,5.357e-23
1639.658092,2.317e-26
1639.658761,5.254e-23
1639.665194,3.194e-25
1639.665404,2.645e-23
1639.68521,7.046e-24
1639.692154,4.173e-21
1639.696241,2.272e-26
1639.697044,6.941e-24
1639.700975,4.077e-21
1639.718779,5.442e-23
1639.730451,5.351999999999999e-23
1639.736254,3.511e-20
1639.738958,1.591e-23
1639.739649,3.4070000000000003e-20
1639.741589,5.561e-23
1639.765522,3.251e-25
1639.800726,3.712e-25
1639.832157,1.381e-24
1639.832266,1.2229999999999998e-22
1639.835048,1.198e-22
1639.836763,1.36e-24
1639.845506,5.11e-25
1639.852046,2.3420000000000003e-26
1639.883318,2.685e-25
1639.884246,2.59e-26
1639.898878,4.648e-23
1639.902297,2.329e-26
1639.91153,1.634e-24
1639.911738,2.0180000000000003e-26
1639.912034,2.206e-23
1639.914483,2.167e-23
1639.926662,1.421e-25
1639.964071,4.957e-22
1639.966928,2.154e-26
1639.977778,1.659e-24
1640.000009,2.6570000000000003e-25
1640.011954,5.332e-22
1640.051665,4.71e-20
1640.052496,1.805e-25
1640.053993,6.077e-20
1640.054256,4.5650000000000005e-20
1640.056504,5.882e-20
1640.057159,1.779e-25
1640.071948,2.7709999999999995e-22
1640.082521,2.225e-23
1640.082867,2.72e-22
1640.088778,1.178e-21
1640.098738,1.154e-21
1640.115471,1.956e-26
1640.11618,5.551e-25
1640.116502,3.148e-23
1640.127455,5.477e-25
1640.13325,5.362e-24
1640.136929,5.273e-24
1640.139093,7.388e-24
1640.156203,1.938e-20
1640.161487,1.8850000000000003e-20
1640.209925,6.435e-24
1640.218219,2.931e-24
1640.219154,3.898e-25
1640.21956,4.226e-25
1640.229037,5.526e-24
1640.231021,2.016e-26
1640.240581,5.445e-24
1640.24461,9.662e-25
1640.259664,9.779e-23
1640.262397,9.578e-23
1640.264142,8.983e-21
1640.267127,8.773000000000001e-21
1640.277816,4.383e-23
1640.289187,4.312e-23
1640.290504,3.9190000000000005e-26
1640.306831,3.9960000000000006e-26
1640.309521,3.597e-21
1640.318045,3.516e-21
1640.322767,1.079e-24
1640.327214,1.063e-24
1640.336557,5.664000000000001e-20
1640.337751,5.483e-20
1640.355623,2.93e-23
1640.3655,5.433e-20
1640.367799,3.161e-20
1640.367885,5.264e-20
1640.371357,3.069e-20
1640.374798,1.347e-23
1640.405994,6.802e-24
1640.425424,1.791e-23
1640.427968,1.7589999999999998e-23
1640.430677,5.536999999999999e-23
1640.439942,2.5900000000000002e-23
1640.470648,2.0130000000000003e-26
1640.482494,6.637e-23
1640.484427,6.509e-23
1640.485746,2.049e-26
1640.505059,4.371e-23
1640.506089,4.289e-23
1640.521616,1.356e-25
1640.544508,2.352e-25
1640.574858,1.544e-25
1640.583443,4.674e-23
1640.599521,2.146e-25
1640.630841,8.083e-23
1640.635039,7.924e-23
1640.643062,1.079e-24
1640.644808,4.264e-24
1640.646998,2.282e-22
1640.64834,4.194e-24
1640.649405,4.222e-25
1640.657615,2.241e-22
1640.660412,4.167e-25
1640.66505,1.654e-25
1640.683741,9.926e-22
1640.684563,1.391e-25
1640.6934,9.728e-22
1640.69591,5.352e-25
1640.697505,1.489e-24
1640.718397,5.083999999999999e-22
1640.7185,5.537e-25
1640.721229,2.144e-26
1640.721311,1.109e-24
1640.724576,5.258e-26
1640.743714,3.618e-23
1640.74612,3.55e-23
1640.761708,1.511e-24
1640.764011,5.467e-22
1640.767801,4.315e-24
1640.77098,5.481000000000001e-26
1640.77694,7.604999999999999e-23
1640.777705,7.457e-23
1640.779066,4.253e-24
1640.791468,6.204e-24
1640.805624,1.718e-20
1640.807037,8.402e-25
1640.81067,1.6720000000000002e-20
1640.811332,8.276e-25
1640.830596,5.295000000000001e-25
1640.831595,3.515e-23
1640.842675,3.458e-23
1640.860626,7.919e-25
1640.867348,2.413e-24
1640.891875,2.304e-24
1640.899284,8.464e-23
1640.9023,8.297e-23
1640.910066,7.773e-21
1640.912288,7.6e-21
1640.912841,1.346e-25
1640.920094,5.375e-25
1640.921376,3.086e-21
1640.929044,1.977e-26
1640.929618,3.018e-21
1641.00732,1.4469999999999998e-23
1641.00952,1.422e-23
1641.023458,4.2110000000000006e-20
1641.024305,4.085e-20
1641.027368,3.551e-25
1641.036776,1.917e-23
1641.040427,2.036e-26
1641.043994,7.169e-24
1641.063851,2.8270000000000003e-20
1641.06688,2.747e-20
1641.07092,1.14e-23
1641.114948,5.463e-23
1641.142135,3.376e-24
1641.144603,4.349000000000001e-25
1641.145589,3.322e-24
1641.177847,3.197e-25
1641.188595,3.156e-25
1641.193429,1.7280000000000002e-25
1641.216656,1.871e-22
1641.226984,1.838e-22
1641.228007,7.547e-24
1641.261984,2.12e-25
1641.263414,4.654e-23
1641.273234,8.323999999999999e-22
1641.282606,8.16e-22
1641.286313,6.511e-25
1641.290455,6.415e-25
1641.297007,6.712e-23
1641.300438,6.581e-23
1641.301492,3.355e-24
1641.312489,3.307e-24
1641.338329,5.001e-20
1641.340902,4.85e-20
1641.362573,3.8320000000000006e-20
1641.364995,3.72e-20
1641.380103,2.806e-23
1641.390905,2.762e-23
1641.397918,1.5929999999999998e-23
1641.405818,3.084e-25
1641.406571,2.303e-23
1641.434109,5.191e-24
1641.43721,1.364e-25
1641.445159,1.5160000000000003e-20
1641.450036,1.477e-20
1641.467563,5.223e-22
1641.471005,6.467e-25
1641.481116,1.347e-24
1641.501986,1.163e-23
1641.504317,1.144e-23
1641.510821,5.613e-22
1641.513052,1.975e-24
1641.518686,5.541000000000001e-26
1641.527724,2.6360000000000002e-21
1641.535699,2.579e-21
1641.536194,4.493e-23
1641.538442,4.4099999999999993e-23
1641.543358,1.367e-24
1641.552783,6.680000000000001e-21
1641.554168,6.538e-21
1641.631398,2.92e-23
1641.632229,2.867e-23
1641.643612,2.661e-24
1641.646917,2.619e-24
1641.655758,4.435e-20
1641.658115,4.305e-20
1641.666124,4.638e-20
1641.667371,4.499e-20
1641.672518,5.506e-23
1641.673875,2.52e-20
1641.676857,5.400999999999999e-23
1641.677168,2.4510000000000003e-20
1641.685687,9.582e-24
1641.687878,2.121e-23
1641.701498,2.411e-25
1641.711995,2.38e-25
1641.735864,1.874e-23
1641.741161,1.9810000000000003e-26
1641.758993,5.0250000000000005e-25
1641.762991,4.952e-25
1641.780911,1.5269999999999998e-22
1641.781729,1.385e-25
1641.785687,2.093e-26
1641.790961,1.5009999999999998e-22
1641.793873,5.347e-23
1641.80636,2.4e-23
1641.808555,2.357e-23
1641.823632,3.492e-25
1641.828714,3.199e-25
1641.8301,2.5969999999999998e-24
1641.840839,2.561e-24
1641.848652,2.038e-26
1641.857245,6.948e-22
1641.866343,6.814e-22
1641.876049,7.875e-24
1641.892242,5.158e-23
1641.893125,5.061e-23
1641.923331,2.23e-23
1641.933865,2.195e-23
1641.93636,5.757e-23
1641.938235,4.594e-23
1641.939601,5.648e-23
1641.966646,8.357000000000001e-25
1641.991691,6.772e-25
1641.992436,4.2350000000000006e-26
1642.046854,8.464e-25
1642.049372,8.258999999999999e-24
1642.07146,6.9620000000000005e-25
1642.075726,5.263e-25
1642.076259,4.33e-24
1642.082067,5.0560000000000005e-26
1642.082807,9.319e-24
1642.084606,1.331e-20
1642.08477,9.162e-24
1642.089257,1.298e-20
1642.128045,2.089e-24
1642.128534,2.2400000000000003e-21
1642.131289,2.057e-24
1642.136256,2.193e-21
1642.140434,1.961e-25
1642.155469,1.607e-24
1642.1818,1.338e-25
1642.19242,5.697e-21
1642.192879,5.583e-21
1642.208794,5.356e-22
1642.220348,1.81e-25
1642.226943,3.861e-25
1642.230604,1.788e-25
1642.230792,3.805e-25
1642.249564,5.752999999999999e-22
1642.262966,1.211e-24
1642.313116,4.527e-23
1642.316858,4.442e-23
1642.323338,1.229e-24
1642.33975,1.2409999999999998e-22
1642.349536,1.22e-22
1642.353616,2.002e-24
1642.364105,1.974e-24
1642.364419,1.107e-25
1642.371358,2.231e-20
1642.371663,3.383e-20
1642.372319,3.2880000000000005e-20
1642.374046,2.172e-20
1642.382404,8.058e-24
1642.386531,1.371e-23
1642.435764,5.774e-22
1642.444602,5.664999999999999e-22
1642.461267,1.765e-23
1642.468055,5.189e-23
1642.471544,1.738e-23
1642.502839,1.133e-25
1642.509336,2.307e-26
1642.551813,1.966e-26
1642.557561,7.423e-24
1642.55969,7.301e-24
1642.564459,2.99e-23
1642.5669,2.936e-23
1642.597309,4.037e-20
1642.599888,3.921e-20
1642.608506,4.493e-23
1642.619774,1.633e-24
1642.622864,1.607e-24
1642.64959,3.057e-20
1642.651736,2.973e-20
1642.65566,2.022e-26
1642.67138,1.673e-23
1642.674809,4.267e-25
1642.687961,2.954e-25
1642.68917,1.12e-23
1642.690328,3.686e-23
1642.691674,2.912e-25
1642.694818,3.618e-23
1642.706205,8.537e-24
1642.706789,3.597e-24
1642.712158,1.163e-20
1642.716672,1.135e-20
1642.723821,1.896e-21
1642.731302,1.857e-21
1642.734389,1.354e-25
1642.736984,1.916e-23
1642.737644,1.882e-23
1642.744411,1.337e-25
1642.777978,2.446e-26
1642.795488,1.299e-24
1642.829321,4.729e-21
1642.829903,4.818e-21
1642.844148,1.565e-23
1642.845855,1.5379999999999998e-23
1642.850441,2.219e-26
1642.863804,4.814e-26
1642.869977,8.926e-24
1642.872029,1.537e-24
1642.882277,1.516e-24
1642.893164,1.004e-22
1642.902016,1.091e-25
1642.902695,9.871e-23
1642.913883,5.004e-26
1642.919586,1.314e-25
1642.922659,3.5520000000000003e-20
1642.924992,3.4530000000000005e-20
1642.943298,5.497e-22
1642.943588,3.849e-23
1642.94702,3.778e-23
1642.957236,1.9710000000000003e-20
1642.960299,1.919e-20
1642.969301,3.7230000000000005e-20
1642.970618,3.617e-20
1642.973629,6.725e-24
1642.978768,3.437e-23
1642.979791,3.374e-23
1642.981421,5.898999999999999e-22
1642.993893,1.5149999999999998e-23
1642.9939,1.3899999999999998e-23
1643.003929,1.3689999999999998e-23
1643.004351,2.568e-25
1643.008466,1.339e-23
1643.008779,4.775999999999999e-22
1643.017367,4.688e-22
1643.04221,1.082e-24
1643.077764,1.262e-24
1643.090884,1.271e-24
1643.09393,1.252e-24
1643.100782,1.098e-24
1643.136628,4.999e-23
1643.138668,5.896e-24
1643.140407,5.8e-24
1643.148172,2.219e-25
1643.149949,1.276e-24
1643.162329,2.539e-23
1643.164639,1.8010000000000002e-25
1643.169264,6.035e-25
1643.194479,6.261000000000001e-25
1643.243611,1.008e-25
1643.26822,3.4460000000000003e-25
1643.27333,4.362e-23
1643.302223,3.673e-25
1643.309381,2.999e-23
1643.31323,2.945e-23
1643.313543,1.597e-21
1643.320793,1.564e-21
1643.339035,2.98e-24
1643.341944,1.012e-20
1643.346237,9.874e-21
1643.350779,3.2510000000000004e-26
1643.360988,1.936e-26
1643.385328,1.174e-24
1643.395345,1.158e-24
1643.401921,4.311e-25
1643.42142,2.896e-25
1643.423057,2.633e-25
1643.433399,1.041e-24
1643.44114,8.086e-23
1643.450426,7.953e-23
1643.461415,1.989e-26
1643.463752,3.969e-21
1643.46552,4.038e-21
1643.521219,1.091e-23
1643.531011,1.075e-23
1643.534547,9.142e-24
1643.567176,1.955e-23
1643.569762,1.921e-23
1643.573279,9.845e-25
1643.576164,9.698e-25
1643.57628,3.934e-22
1643.584629,3.862e-22
1643.592418,4.651e-24
1643.594351,4.577e-24
1643.598921,3.435e-26
1643.617573,8.718000000000001e-26
1643.646503,1.285e-25
1643.65894,1.7270000000000002e-20
1643.661305,1.683e-20
1643.667052,5.612e-22
1643.673601,5.6199999999999995e-24
1643.684292,2.426e-23
1643.688253,9.986e-26
1643.688941,2.383e-23
1643.689732,9.533e-24
1643.697621,2.664e-20
1643.698126,2.5930000000000003e-20
1643.702339,6.013e-22
1643.713874,9.673e-24
1643.729579,1.631e-25
1643.800614,4.776e-23
1643.819867,9.613e-25
1643.821145,1.235e-23
1643.821667,1.214e-23
1643.831482,3.196e-20
1643.83392,3.11e-20
1643.855991,2.773e-25
1643.857822,9.858e-24
1643.858536,1.0000000000000001e-23
1643.876721,9.75e-25
1643.893505,8.935e-25
1643.897726,1.3390000000000001e-21
1643.903297,8.817e-25
1643.904758,1.312e-21
1643.911312,1.215e-23
1643.913237,2.3890000000000003e-20
1643.914321,2.329e-20
1643.921206,2.529e-23
1643.92474,2.484e-23
1643.929856,8.305e-25
1643.933738,4.196e-23
1643.956013,7.657e-24
1643.957093,2.458e-24
1643.957109,8.758e-21
1643.961297,8.553e-21
1643.983667,6.484e-23
1643.992718,6.379e-23
1644.016133,9.685e-25
1644.030549,7.599e-25
1644.03341,7.487e-25
1644.03608,2.249e-23
1644.037264,2.21e-23
1644.043214,8.52e-24
1644.052776,8.396e-24
1644.070459,8.265e-25
1644.097454,3.297e-21
1644.100576,3.348e-21
1644.138252,3.225e-22
1644.146372,3.167e-22
1644.165911,2.0350000000000003e-26
1644.166167,2.79e-20
1644.16848,2.717e-20
1644.168655,1.89e-26
1644.168765,1.829e-24
1644.175051,3.665e-24
1644.176582,3.607e-24
1644.189333,4.3140000000000005e-26
1644.21767,1.512e-20
1644.220533,1.474e-20
1644.233996,1.845e-24
1644.238452,4.655e-24
1644.245642,2.93e-20
1644.247046,2.852e-20
1644.257714,9.446e-24
1644.265879,1.941e-26
1644.273244,1.069e-23
1644.290985,1.945e-23
1644.294507,1.912e-23
1644.361142,9.679e-24
1644.364331,1.255e-25
1644.381769,5.716e-22
1644.385289,1.421e-25
1644.396548,6.77e-25
1644.406125,6.681e-25
1644.414007,6.11e-22
1644.419904,4.546e-26
1644.438069,2.224e-25
1644.458617,4.535e-23
1644.476311,1.117e-21
1644.483134,1.096e-21
1644.50412,5.836e-25
1644.50681,5.752e-25
1644.508561,1.007e-23
1644.520732,5.177e-23
1644.529559,5.094e-23
1644.544305,1.257e-23
1644.547006,1.235e-23
1644.559873,6.625999999999999e-24
1644.569213,6.531e-24
1644.577641,7.545e-21
1644.57984,2.022e-24
1644.581608,7.372e-21
1644.588296,4.009e-23
1644.594569,8.485e-25
1644.59652,2.142e-25
1644.606939,2.862e-24
1644.608681,2.818e-24
1644.630841,2.56e-25
1644.649759,8.605e-25
1644.654438,1.5699999999999997e-23
1644.659254,1.543e-23
1644.694687,2.632e-22
1644.702588,2.586e-22
1644.707286,6.491e-25
1644.707299,2.631e-25
1644.730998,2.707e-21
1644.735689,2.742e-21
1644.828011,6.082e-24
1644.844277,6.211e-24
1644.869597,1.634e-23
1644.872933,1.6059999999999998e-23
1644.883092,7.819e-24
1644.883511,7.691e-24
1644.894449,5.108e-25
1644.903816,5.042e-25
1644.926749,1.312e-20
1644.928804,1.28e-20
1644.94468,3.865e-24
1644.946936,4.467e-25
1644.949624,4.402e-25
1644.974844,1.832e-26
1645.000456,2.0580000000000003e-20
1645.000849,2.005e-20
1645.01284,2.409e-25
1645.014507,1.776e-25
1645.017983,6.732e-24
1645.024585,2.183e-25
1645.025341,5.473000000000001e-26
1645.04141,2.484e-20
1645.042884,2.4170000000000003e-20
1645.049348,9.285e-22
1645.052325,4.115e-23
1645.055971,9.107e-22
1645.060934,4.051e-23
1645.063774,1.4469999999999998e-23
1645.065141,1.422e-23
1645.067682,1.211e-25
1645.069018,1.879e-26
1645.071184,5.131e-24
1645.080311,5.058e-24
1645.082132,5.749e-22
1645.111145,6.123999999999999e-22
1645.112313,4.269e-23
1645.12228,4.222e-26
1645.126096,9.26e-24
1645.138591,1.712e-20
1645.152598,1.791e-20
1645.176531,4.376e-26
1645.179913,6.471e-21
1645.183807,6.326e-21
1645.184961,1.656e-24
1645.18604,1.014e-23
1645.192065,2.238e-24
1645.193406,2.203e-24
1645.197646,4.86e-24
1645.233732,1.516e-25
1645.2387,3.797e-23
1645.239092,1.281e-25
1645.240661,5.751e-26
1645.244886,2.546e-24
1645.245569,2.139e-22
1645.249598,1.013e-25
1645.25326,2.102e-22
1645.260525,2.746e-23
1645.264259,1.837e-25
1645.266081,2.838e-23
1645.290475,2.562e-23
1645.292583,1.692e-25
1645.293614,2.81e-23
1645.298869,2.922e-23
1645.302209,2.823e-23
1645.302644,1.154e-23
1645.304086,2.564e-24
1645.305199,1.162e-23
1645.312116,1.347e-25
1645.324257,2.604e-23
1645.326397,1.052e-23
1645.329294,3.173e-25
1645.330228,2.3180000000000003e-25
1645.33516,2.924e-23
1645.345487,5.035e-25
1645.349681,1.24e-21
1645.360149,2.311e-23
1645.36345,2.695e-23
1645.366036,2.192e-21
1645.367984,7.443e-25
1645.372509,2.215e-21
1645.38626,2.1510000000000003e-20
1645.387196,3.837e-25
1645.388554,2.097e-20
1645.394964,2.329e-23
1645.396361,3.788e-25
1645.397111,2.809e-23
1645.414804,3.353e-25
1645.421587,7.547000000000001e-25
1645.437573,7.234000000000001e-25
1645.444019,2.4600000000000002e-23
1645.454956,1.138e-20
1645.457642,1.111e-20
1645.472918,2.019e-23
1645.47904,2.581e-23
1645.479966,3.176e-24
1645.483589,6.5749999999999996e-24
1645.494698,2.262e-20
1645.495827,7.941999999999999e-24
1645.496204,2.205e-20
1645.498632,7.811999999999999e-24
1645.509064,2.0100000000000003e-23
1645.525502,7.44e-24
1645.538005,2.137e-23
1645.575181,2.259e-23
1645.577136,3.956e-24
1645.578432,3.257e-23
1645.585224,1.413e-25
1645.586057,3.901e-24
1645.586833,3.207e-23
1645.591635,2.612e-24
1645.600776,9.988e-24
1645.601674,1.729e-24
1645.603225,1.703e-24
1645.605794,9.821e-24
1645.616747,7.68e-22
1645.623178,7.535999999999999e-22
1645.62389,6.571000000000001e-25
1645.631215,1.713e-23
1645.639557,1.756e-23
1645.641123,5.396e-25
1645.652378,6.837e-25
1645.669027,1.669e-23
1645.679889,1.872e-23
1645.743021,1.3509999999999998e-23
1645.759131,1.1590000000000002e-25
1645.759493,3.999e-23
1645.770622,5.73e-22
1645.779485,1.7620000000000002e-26
1645.787833,1.456e-23
1645.78927,1.038e-23
1645.790453,1.018e-23
1645.79089,1.7309999999999998e-22
1645.79171,5.523e-21
1645.793792,2.647e-23
1645.795374,5.402e-21
1645.796235,6.08e-22
1645.798379,1.7009999999999997e-22
1645.798716,1.352e-24
1645.805064,3.847e-24
1645.831033,3.369e-24
1645.836568,1.419e-23
1645.843028,9.604e-24
1645.859049,6.699999999999999e-26
1645.870795,1.806e-26
1645.874779,2.871e-25
1645.877004,1.296e-23
1645.882696,3.577e-23
1645.88375,2.834e-25
1645.89418,1.049e-23
1645.905217,1.542e-25
1645.921928,4.865e-24
1645.922284,4.788e-24
1645.93447,6.1689999999999996e-24
1645.982879,1.583e-25
1645.986268,3.844e-25
1645.994789,6.866e-24
1646.003706,1.745e-21
1646.00928,1.051e-23
1646.012233,1.758e-21
1646.012253,3.449e-24
1646.031007,1.243e-21
1646.047996,7.376e-24
1646.048567,7.549e-24
1646.060989,7.023000000000001e-26
1646.061473,9.142e-24
1646.063041,8.992e-24
1646.070343,1.56e-24
1646.077719,3.038e-24
1646.086441,2.9949999999999998e-24
1646.086486,3.942e-24
1646.090062,1.169e-23
1646.09753,4.798e-25
1646.099043,2.567e-23
1646.107243,2.528e-23
1646.119259,1.425e-23
1646.137935,6.493e-25
1646.143186,1.089e-23
1646.150303,1.121e-25
1646.167672,1.86e-24
1646.174907,9.773e-21
1646.176662,9.548e-21
1646.178593,6.324e-22
1646.182481,1.788e-25
1646.18484,6.208e-22
1646.18975,1.342e-24
1646.189992,6.583000000000001e-25
1646.190923,1.322e-24
1646.195778,2.621e-24
1646.197033,2.3320000000000003e-25
1646.227635,1.895e-20
1646.240321,6.195e-25
1646.242097,1.7240000000000002e-20
1646.279305,1.559e-20
1646.279621,1.521e-20
1646.296539,4.170000000000001e-21
1646.298044,4.619e-24
1646.311803,3.404e-24
1646.330348,2.561e-24
1646.330632,1.3939999999999998e-22
1646.337927,1.3709999999999998e-22
1646.352784,1.469e-24
1646.357189,2.138e-25
1646.365784,3.422e-24
1646.365972,2.112e-25
1646.366425,1.351e-20
1646.380459,4.694e-21
1646.384085,4.593e-21
1646.390317,1.099e-24
1646.396117,9.668e-21
1646.402828,3.713e-23
1646.421757,4.935e-24
1646.42466,4.856e-24
1646.427441,9.164e-24
1646.432593,1.086e-25
1646.441257,5.584e-22
1646.452361,1.082e-23
1646.453166,1.24e-25
1646.463473,5.896e-22
1646.522989,3.338e-23
1646.523428,6.249e-24
1646.528624,6.148e-24
1646.57292,2.322e-24
1646.577395,1.025e-24
1646.578752,1.0099999999999999e-24
1646.581451,2.2899999999999998e-24
1646.582575,1.683e-26
1646.582923,1.629e-20
1646.585199,1.5890000000000002e-20
1646.598351,2.008e-25
1646.602192,1.808e-25
1646.614143,2.014e-23
1646.62215,1.983e-23
1646.631178,2.887e-25
1646.645628,1.366e-21
1646.656397,1.371e-21
1646.668238,9.617e-24
1646.668862,8.405e-21
1646.671174,1.7230000000000002e-26
1646.671392,8.215e-21
1646.680846,6.482e-24
1646.686074,4.515e-24
1646.690634,7.967e-26
1646.697968,2.136e-24
1646.69925,6.144e-24
1646.716031,1.714e-20
1646.717652,1.6720000000000002e-20
1646.72839,5.897e-24
1646.734753,5.185e-22
1646.739133,2.377e-24
1646.740049,2.342e-24
1646.740824,5.091e-22
1646.750247,5.11e-24
1646.77442,6.74e-24
1646.798547,2.287e-26
1646.830889,1.079e-23
1646.834416,1.586e-25
1646.843017,1.5660000000000002e-25
1646.850608,2.34e-25
1646.86479,1.118e-22
1646.871898,1.099e-22
1646.880733,8.331000000000001e-26
1646.888183,1.08e-25
1646.901682,2.568e-25
1646.907083,5.629000000000001e-25
1646.93669,2.974e-24
1646.937025,2.9279999999999998e-24
1646.95767,5.706e-25
1646.958879,1.116e-23
1646.984172,3.97e-21
1646.987552,3.886e-21
1646.99571,8.912e-25
1646.996994,4.874e-24
1647.001338,4.805e-24
1647.028818,5.678e-24
1647.030606,5.5879999999999996e-24
1647.03889,3.435e-23
1647.052871,1.117e-24
1647.062728,1.768e-24
1647.071074,1.744e-24
1647.091882,1.002e-25
1647.097718,5.356e-22
1647.116548,5.626e-22
1647.117435,4.497e-24
1647.123723,1.573e-23
1647.131543,1.55e-23
1647.15609,3.103e-23
1647.164401,4.903e-24
1647.168062,7.913000000000001e-25
1647.169093,7.799e-25
1647.282297,2.121e-25
1647.285362,4.232e-22
1647.291262,4.157e-22
1647.293788,1.045e-21
1647.30645,1.171e-25
1647.307039,1.046e-21
1647.314874,1.157e-25
1647.322138,3.015e-24
1647.325134,2.968e-24
1647.361444,9.687e-21
1647.375636,4.3569999999999996e-24
1647.384089,1.595e-26
1647.390644,1.42e-20
1647.393342,8.925999999999999e-23
1647.400271,8.780999999999999e-23
1647.403494,7.148e-21
1647.404958,6.99e-21
1647.422468,3.8449999999999996e-24
1647.42513,4.374e-24
1647.426989,1.751e-24
1647.42786,3.784e-24
1647.461021,4.176e-21
1647.470118,1.632e-26
1647.477483,2.718e-25
1647.492346,3.3129999999999996e-24
1647.507936,3.5530000000000005e-26
1647.520232,9.243e-26
1647.5214,3.377e-24
1647.533347,1.1580000000000002e-20
1647.533618,1.132e-20
1647.535196,5.962000000000001e-25
1647.536349,5.878e-25
1647.545019,3.982e-24
1647.546638,3.265e-24
1647.547132,1.3399999999999999e-24
1647.553278,3.1249999999999998e-24
1647.554927,1.023e-20
1647.555299,1.322e-24
1647.555666,1e-20
1647.558626,3.343e-21
1647.562007,3.274e-21
1647.566751,3.673e-26
1647.573069,7.192000000000001e-25
1647.595159,3.497e-24
1647.604303,4.293e-25
1647.615079,3.0619999999999998e-24
1647.627768,1.224e-23
1647.635408,1.206e-23
1647.647124,1.423e-24
1647.649128,1.4009999999999999e-24
1647.650889,1.097e-23
1647.671827,3.147e-23
1647.672035,4.854e-25
1647.694915,3.875e-25
1647.699768,9.645e-26
1647.711309,5.417e-25
1647.721175,4.92e-25
1647.734686,4.987e-22
1647.750437,5.211e-22
1647.75615,1.21e-20
1647.758408,1.183e-20
1647.762369,1.494e-25
1647.773434,1.134e-23
1647.786205,2.856e-23
1647.830226,3.4389999999999995e-22
1647.835962,3.378e-22
1647.859152,6.096e-21
1647.861543,5.964e-21
1647.865165,3.057e-24
1647.886225,2.9949999999999998e-24
1647.890903,2.948e-24
1647.892241,1.415e-24
1647.909229,1.274e-20
1647.910979,1.245e-20
1647.916287,7.096e-23
1647.923041,6.982e-23
1647.926376,1.787e-24
1647.926732,1.7599999999999998e-24
1647.939831,1.531e-25
1647.947082,3.462e-24
1647.948495,7.847999999999999e-22
1647.964226,7.824e-22
1647.965474,3.466e-24
1647.967498,3.413e-24
1648.013623,2.303e-24
1648.026119,1.011e-24
1648.034114,9.978e-25
1648.052658,6.896000000000001e-25
1648.063798,2.442e-24
1648.085134,7.199000000000001e-25
1648.126267,9.478e-24
1648.127761,4.519e-25
1648.133734,9.341e-24
1648.15506,2.801e-21
1648.158172,2.745e-21
1648.170874,5.789e-25
1648.177528,1.676e-25
1648.184009,1.5010000000000002e-26
1648.197039,1.811e-24
1648.198806,1.51e-25
1648.200128,1.784e-24
1648.267593,1.536e-26
1648.296425,2.878e-23
1648.298153,2.326e-24
1648.303742,2.2899999999999998e-24
1648.347944,1.05e-25
1648.357001,4.559e-22
1648.369553,2.782e-22
1648.369894,4.739e-22
1648.375162,2.7339999999999995e-22
1648.382522,2.405e-24
1648.385972,2.367e-24
1648.408031,2.622e-23
1648.433597,5.616e-23
1648.436929,4.16e-25
1648.440182,5.527999999999999e-23
1648.44295,5.316e-24
1648.469294,1.106e-23
1648.47834,3.2970000000000003e-25
1648.484705,4.216e-25
1648.488625,5.33e-24
1648.49968,7.598e-25
1648.507507,7.5e-25
1648.51526,1.584e-24
1648.517993,1.093e-25
1648.524261,3.572e-25
1648.529894,8.368e-25
1648.530854,1.044e-20
1648.532096,1.02e-20
1648.532232,8.247e-25
1648.567081,1.67e-24
1648.586897,1.146e-23
1648.60708,1.077e-25
1648.612529,5.132e-21
1648.612916,5.743e-22
1648.613711,5.0230000000000004e-21
1648.619206,7.31e-24
1648.622305,1.172e-25
1648.626505,7.205e-24
1648.63119,5.707999999999999e-22
1648.638278,2.346e-24
1648.63834,1.154e-24
1648.714285,2.338e-21
1648.71744,2.292e-21
1648.718584,7.435e-21
1648.720197,7.274e-21
1648.733111,4.637000000000001e-25
1648.745711,1.799e-24
1648.750704,1.772e-24
1648.761821,8.451e-21
1648.762077,8.264e-21
1648.782964,2.0829999999999998e-24
1648.783148,1.905e-24
1648.808723,1.847e-25
1648.871125,2.08e-24
1648.8734,2.049e-24
1648.889985,1.055e-24
1648.890406,1.04e-24
1648.903062,2.241e-22
1648.905942,8.837e-21
1648.908183,8.642000000000001e-21
1648.908503,2.203e-22
1648.918982,2.604e-23
1648.945276,4.426e-23
1648.951691,4.357e-23
1648.961016,4.046e-22
1648.967801,5.686e-25
1648.971565,4.188e-22
1648.975467,5.613000000000001e-25
1648.982286,1.4040000000000002e-26
1649.020862,2.042e-24
1649.025588,4.342e-21
1649.027852,4.252e-21
1649.02796,2.382e-23
1649.046571,1.07e-24
1649.048148,1.066e-24
1649.04975,1.054e-24
1649.062564,9.236e-25
1649.063556,1.4350000000000002e-26
1649.073932,9.303e-21
1649.07582,9.097e-21
1649.10157,1.118e-24
1649.106574,5.613e-24
1649.113711,5.534e-24
1649.115661,2.314e-24
1649.151062,1.384e-24
1649.156835,1.363e-24
1649.173847,1.171e-25
1649.194091,1.429e-24
1649.196578,3.548e-25
1649.198787,1.408e-24
1649.218749,5.388e-25
1649.24299,3.595e-25
1649.283813,4.139e-22
1649.286116,1.106e-23
1649.304306,4.107e-22
1649.304439,1.9410000000000002e-21
1649.307273,1.904e-21
1649.324267,3.705e-25
1649.335323,1.217e-25
1649.336286,1.248e-25
1649.398906,1.137e-23
1649.418785,9.457e-24
1649.430471,4.237e-25
1649.431063,1.797e-22
1649.436355,1.767e-22
1649.437981,4.183e-25
1649.451291,3.473e-23
1649.457022,3.336e-23
1649.479424,8.382e-25
1649.520734,6.142e-24
1649.531701,2.357e-23
1649.551549,3.5359999999999995e-22
1649.560025,3.647e-22
1649.563212,6.152e-24
1649.585021,1.047e-24
1649.588356,4.2919999999999996e-24
1649.595337,4.232e-24
1649.608763,7.017e-25
1649.638067,2.164e-23
1649.648598,7.550000000000001e-21
1649.650704,7.386e-21
1649.663721,7.336e-25
1649.722178,2.136e-26
1649.735405,2.155e-26
1649.745485,1.227e-24
1649.748023,1.209e-24
1649.751199,1.4010000000000002e-25
1649.756509,1.255e-25
1649.762234,1.584e-24
1649.77891,1.303e-26
1649.801949,3.617e-21
1649.802857,3.544e-21
1649.827074,6.034e-25
1649.82978,7.488e-25
1649.847283,1.606e-21
1649.850237,1.576e-21
1649.857977,1.332e-26
1649.858051,5.305e-21
1649.859903,5.194e-21
1649.870321,2.945e-25
1649.887679,3.1440000000000003e-25
1649.895038,3.105e-25
1649.927205,1.22e-24
1649.951653,2.714e-23
1649.953152,1.4349999999999998e-22
1649.957286,3.007e-25
1649.957805,2.672e-23
1649.958305,1.411e-22
1649.964038,6.051e-21
1649.964304,5.923e-21
1649.96665,2.913e-22
1649.985591,8.234000000000001e-25
1649.986445,1.369e-24
1649.98923,2.887e-22
1649.998,1.284e-25
1650.002428,3.047e-25
1650.026717,2.874e-26
1650.032306,6.338e-21
1650.034529,6.203e-21
1650.064542,3.267e-24
1650.071371,3.223e-24
1650.09037,2.966e-26
1650.101358,1.096e-23
1650.126806,3.017e-22
1650.127987,4.309e-25
1650.133729,3.102e-22
1650.142346,1.146e-25
1650.143969,2.109e-23
1650.151689,1.332e-25
1650.153168,1.344e-24
1650.167934,3.037e-21
1650.170075,2.976e-21
1650.170631,4.622e-25
1650.193545,4.526e-25
1650.208707,5.932000000000001e-25
1650.209813,1.127e-23
1650.209852,6.670000000000001e-21
1650.211887,6.528e-21
1650.219769,1.176e-25
1650.247879,1.941e-23
1650.249965,4.72e-25
1650.255704,1.5259999999999999e-24
1650.311181,5.75e-25
1650.339412,2.3230000000000003e-25
1650.346626,2.294e-25
1650.425387,7.422e-25
1650.432294,1.322e-21
1650.434908,1.297e-21
1650.446317,2.111e-23
1650.449146,6.9580000000000005e-25
1650.452314,2.08e-23
1650.455954,2.3360000000000003e-25
1650.469782,1.1409999999999998e-22
1650.474799,1.122e-22
1650.486426,7.293e-25
1650.535115,2.477e-24
1650.541799,2.444e-24
1650.547708,2.835e-26
1650.560087,2.8710000000000004e-26
1650.573854,1.203e-26
1650.591113,7.019e-25
1650.616367,6.668e-24
1650.650805,1.229e-26
1650.652357,2.041e-22
1650.656232,6.672e-24
1650.676479,2.024e-22
1650.690028,2.546e-22
1650.695585,2.612e-22
1650.711255,2.537e-25
1650.744126,5.363e-21
1650.744317,1.892e-23
1650.746445,5.251e-21
1650.755105,2.57e-25
1650.78566,1.709e-25
1650.792732,1.689e-25
1650.798963,2.863e-25
1650.820449,1.387e-25
1650.845745,1.747e-23
1650.856765,2.9790000000000003e-25
1650.864121,1.045e-24
1650.904339,1.043e-25
1650.915025,1.078e-23
1650.935308,1.635e-23
1650.941162,1.6109999999999998e-23
1650.95748,1.084e-21
1650.960243,1.064e-21
1650.967028,1.437e-25
1650.971589,2.504e-21
1650.972235,2.455e-21
1650.972727,3.718e-21
1650.974683,3.643e-21
1650.98038,9.028e-23
1650.984565,1.843e-25
1650.985269,8.884e-23
1651.000066,1.87e-24
1651.00116,4.788e-25
1651.006609,1.845e-24
1651.019426,1.107e-23
1651.038894,1.014e-25
1651.046581,7.793e-25
1651.072671,1.115e-25
1651.10248,1.573e-25
1651.105154,1.22e-25
1651.123835,3.832e-26
1651.135252,4.466e-21
1651.136338,1.327e-25
1651.137457,4.375e-21
1651.139379,4.254e-21
1651.139679,4.1670000000000004e-21
1651.146216,1.041e-25
1651.163131,8.863e-25
1651.166218,1.437e-25
1651.178955,1.618e-25
1651.183659,1.146e-25
1651.194784,1.546e-25
1651.220039,1.254e-25
1651.221698,3.706e-26
1651.222024,1.654e-25
1651.22641,1.252e-25
1651.233346,1.237e-25
1651.241363,2.109e-22
1651.245987,2.16e-22
1651.247924,1.76e-25
1651.255375,1.366e-25
1651.262093,8.728000000000001e-25
1651.272464,1.86e-25
1651.28597,2.086e-21
1651.287971,2.046e-21
1651.289687,1.48e-25
1651.29562,1.953e-25
1651.316417,1.065e-24
1651.316801,4.697e-21
1651.31736,2.038e-25
1651.318331,1.171e-25
1651.318985,4.601e-21
1651.323,1.594e-25
1651.330433,3.746e-25
1651.337647,2.111e-25
1651.346488,1.675e-23
1651.351355,1.402e-22
1651.35262,1.052e-25
1651.355336,1.707e-25
1651.356431,2.17e-25
1651.367026,9.93e-25
1651.367071,1.103e-26
1651.373651,2.213e-25
1651.376862,1.392e-22
1651.386724,1.817e-25
1651.38923,2.237e-25
1651.403068,2.239e-25
1651.405077,3.676e-26
1651.415037,2.218e-25
1651.416939,3.734e-26
1651.417194,1.923e-25
1651.418565,1.261e-23
1651.419436,1.1630000000000002e-25
1651.421558,1.776e-25
1651.424283,1.243e-23
1651.424966,2.1690000000000003e-25
1651.431937,1.432e-25
1651.432629,2.092e-25
1651.437713,1.982e-25
1651.438183,1.656e-25
1651.439779,1.838e-25
1651.442023,1.126e-26
1651.445613,1.55e-23
1651.446778,2.021e-25
1651.459379,1.406e-24
1651.465784,1.387e-24
1651.467915,2.127e-25
1651.475515,2.111e-25
1651.48066,1.845e-25
1651.4856,7.115e-23
1651.49036,7.003e-23
1651.503449,2.189e-25
1651.510583,2.154e-25
1651.530632,2.253e-25
1651.538766,8.837999999999999e-22
1651.541139,8.678e-22
1651.557123,2.3e-25
1651.566009,1.451e-25
1651.582996,2.3280000000000003e-25
1651.608339,2.3340000000000003e-25
1651.633262,2.314e-25
1651.641229,1.478e-25
1651.657904,2.267e-25
1651.675251,2.286e-25
1651.682443,2.189e-25
1651.707116,2.077e-25
1651.727115,1.052e-23
1651.732243,1.927e-25
1651.737562,6.742e-24
1651.758271,1.738e-25
1651.775368,6.744e-24
1651.781289,1.53e-25
1651.781425,1.7359999999999998e-22
1651.785183,1.7749999999999997e-22
1651.785852,1.503e-25
1651.811569,5.276000000000001e-25
1651.815978,1.22e-25
1651.81761,3.743e-21
1651.819991,3.6680000000000004e-21
1651.827723,1.079e-23
1651.852385,5.617000000000001e-25
1651.89613,9.685e-24
1651.901716,9.547e-24
1651.913043,1.052e-24
1651.919316,1.039e-24
1651.93388,1.4939999999999998e-23
1651.944021,6.772e-25
1651.957381,1.556e-24
1651.98463,5.582999999999999e-23
1651.989272,5.497e-23
1652.030622,1.3849999999999998e-23
1652.040243,1.858e-24
1652.044704,7.185e-22
1652.046817,9.688e-23
1652.047292,7.056999999999999e-22
1652.057961,1.0790000000000002e-25
1652.062433,2.5600000000000007e-21
1652.064445,2.51e-21
1652.073142,9.64e-23
1652.075694,1.136e-25
1652.118304,1.122e-25
1652.118883,2.077e-25
1652.121168,1.702e-21
1652.121566,1.6700000000000004e-21
1652.141074,4.93e-25
1652.152216,3.016e-25
1652.158542,1.005e-26
1652.194725,2.141e-25
1652.214794,3.092e-21
1652.215737,1.775e-25
1652.216979,3.031e-21
1652.231552,1.026e-26
1652.25717,1.7980000000000002e-25
1652.287294,2.937e-21
1652.287648,2.879e-21
1652.287808,4.653e-26
1652.299492,4.7390000000000005e-26
1652.312497,5.6530000000000005e-25
1652.312719,1.407e-22
1652.315964,1.437e-22
1652.347648,5.584e-25
1652.361041,7.843000000000001e-25
1652.367186,7.742e-25
1652.367922,7.405999999999999e-24
1652.373382,7.302e-24
1652.379074,1.397e-21
1652.3813,1.382e-21
1652.394702,3.2500000000000007e-21
1652.397027,3.186e-21
1652.427488,2.3220000000000003e-25
1652.433643,1.097e-23
1652.449537,6.383e-25
1652.460365,1.556e-25
1652.4784,4.362e-23
1652.482922,4.296e-23
1652.526286,1.311e-23
1652.537626,1.018e-23
1652.594424,1.608e-25
1652.620858,1.217e-23
1652.621304,1.103e-25
1652.623904,5.806e-22
1652.626041,5.704e-22
1652.634676,1.044e-23
1652.682547,2.24e-26
1652.751157,2.3080000000000003e-26
1652.757689,6.567e-23
1652.784798,6.553e-23
1652.803365,5.821e-25
1652.807586,6.728e-25
1652.809386,5.747e-25
1652.832591,1.136e-22
1652.834007,5.64e-24
1652.835291,1.16e-22
1652.839344,5.561e-24
1652.850636,7.086e-25
1652.869153,2.567e-21
1652.87154,2.518e-21
1652.892292,6.304e-24
1652.928566,6.305e-24
1652.965779,3.393e-23
1652.968585,1.472e-25
1652.97019,3.342e-23
1653.002003,4.317000000000001e-25
1653.008918,1.491e-25
1653.100047,1.167e-23
1653.108781,4.68e-22
1653.111207,4.599e-22
1653.127012,2.4960000000000003e-25
1653.127064,1.732e-21
1653.129114,1.699e-21
1653.189273,5.752000000000001e-26
1653.189852,2.637e-25
1653.192292,1.083e-23
1653.201123,5.872e-26
1653.21057,3.081e-25
1653.239994,4.303e-25
1653.245896,4.248e-25
1653.250279,1.136e-21
1653.250443,1.1160000000000001e-21
1653.265429,2.725e-25
1653.270952,2.104e-21
1653.273114,2.064e-21
1653.277877,1.618e-25
1653.282557,1.871e-25
1653.294274,4.276e-24
1653.299493,4.218e-24
1653.346548,9.056e-23
1653.346551,9.791e-24
1653.349012,9.237e-23
1653.406391,1.67e-25
1653.407287,1.991e-21
1653.407714,1.953e-21
1653.40985,3.522e-25
1653.434069,3.553e-25
1653.440257,1.003e-23
1653.443593,2.209e-21
1653.446033,2.167e-21
1653.448067,2.629e-23
1653.44863,9.335999999999998e-22
1653.449829,9.171e-22
1653.452364,2.5900000000000002e-23
1653.456871,4.503e-23
1653.484297,4.514e-23
1653.499569,1.4040000000000002e-25
1653.503247,4.06e-25
1653.541912,6.096e-25
1653.582089,6.45e-25
1653.583955,3.195e-24
1653.649363,3.659e-24
1653.670924,3.167e-25
1653.67671,3.1270000000000003e-25
1653.683239,1.02e-23
1653.68779,3.748e-22
1653.689696,3.684e-22
1653.709672,1.216e-25
1653.748814,1.232e-25
1653.748822,3.229e-24
1653.753926,3.185e-24
1653.773412,9.466e-24
1653.848113,7.203999999999999e-23
1653.850225,7.343e-23
1653.898804,1.731e-21
1653.90117,1.699e-21
1653.9237,2.027e-23
1653.927895,1.998e-23
1654.038098,2.709e-25
1654.088695,5.426e-24
1654.09378,1.665e-25
1654.09613,2.3210000000000003e-25
1654.101804,2.292e-25
1654.102802,6.941e-26
1654.115112,7.101000000000001e-26
1654.123939,5.429e-24
1654.149527,2.995e-22
1654.151805,2.945e-22
1654.153885,9.345e-24
1654.166548,1.152e-21
1654.168626,1.1310000000000001e-21
1654.175577,3.007e-23
1654.197502,2.427e-24
1654.202496,2.395e-24
1654.203492,3.035e-23
1654.217153,1.716e-25
1654.24267,9.154e-24
1654.244441,9.568e-24
1654.254995,1.9e-25
1654.303758,1.408e-21
1654.305895,1.382e-21
1654.313469,3.214e-25
1654.330493,8.469e-24
1654.340695,6.457e-23
1654.346535,5.663999999999999e-23
1654.348598,5.77e-23
1654.358327,7.32e-22
1654.358348,7.45e-22
1654.389221,3.331e-25
1654.391667,1.144e-25
1654.394479,1.557e-23
1654.398565,1.535e-23
1654.448728,2.189e-25
1654.459068,9.982e-26
1654.463635,1.476e-21
1654.4661,1.4490000000000001e-21
1654.493334,5.98e-22
1654.497191,1.011e-25
1654.498912,1.326e-21
1654.499429,1.302e-21
1654.510848,5.438999999999999e-22
1654.515612,1.694e-25
1654.521177,1.673e-25
1654.52742,2.2e-25
1654.528218,2.569e-25
1654.640459,1.8169999999999998e-24
1654.645344,1.793e-24
1654.730514,2.377e-22
1654.732188,2.338e-22
1654.81764,8.079999999999999e-24
1654.830895,4.449e-23
1654.832715,4.531e-23
1654.858261,1.191e-23
1654.862253,1.174e-23
1654.872467,2.0100000000000003e-23
1654.900662,2.054e-23
1654.903386,7.437e-24
1654.906567,1.148e-21
1654.908082,1.695e-25
1654.908897,1.127e-21
1654.929339,1.231e-25
1654.9348,1.216e-25
1654.959619,8.858e-24
1655.021784,8.174e-26
1655.026675,1.746e-25
1655.035101,8.38e-26
1655.047201,9.063e-24
1655.052302,1.675e-25
1655.077487,1.355e-24
1655.08227,1.337e-24
1655.12281,6.206e-25
1655.166751,1.884e-22
1655.168891,1.854e-22
1655.172821,6.573000000000001e-25
1655.180831,7.526e-22
1655.182933,7.394e-22
1655.192681,8.165000000000001e-26
1655.201673,5.541e-24
1655.229644,8.268000000000001e-26
1655.256214,6.1849999999999996e-24
1655.274292,1.155e-25
1655.313295,9.255e-22
1655.314982,3.455e-23
1655.315397,9.09e-22
1655.316888,3.517e-23
1655.317513,9.068e-24
1655.3214,8.941e-24
1655.332383,6.676e-25
1655.334965,4.297e-24
1655.345717,2.844e-25
1655.36253,7.545e-24
1655.369655,4.303e-24
1655.372933,7.026e-25
1655.411026,1.151e-25
1655.434493,1.274e-25
1655.444548,4.718e-22
1655.444772,4.8e-22
1655.445601,6.856e-24
1655.455104,9.698e-22
1655.457165,9.524e-22
1655.464355,1.3399999999999999e-25
1655.477497,1.685e-26
1655.487641,3.756e-25
1655.498537,3.767e-22
1655.508796,1.0059999999999999e-24
1655.5116,3.831e-22
1655.513477,9.927e-25
1655.524294,1.656e-25
1655.550874,1.734e-26
1655.56176,8.675e-22
1655.562382,8.523e-22
1655.564087,3.906e-25
1655.592158,1.341e-25
1655.594661,1.25e-23
1655.623966,1.316e-23
1655.720789,1.709e-25
1655.752161,1.481e-22
1655.753604,1.458e-22
1655.763741,8.339e-24
1655.769326,6.876e-24
1655.773128,6.781e-24
1655.782724,2.685e-23
1655.78444,2.732e-23
1655.834923,1.759e-25
1655.848511,8.526e-24
1655.892425,7.477999999999999e-22
1655.89471,7.346999999999999e-22
1655.928698,1.302e-23
1655.932217,7.174e-24
1655.934107,7.434e-25
1655.938692,7.339e-25
1655.939148,6.630000000000001e-26
1655.939743,9.391e-26
1655.954333,9.649e-26
1655.975171,6.713000000000001e-26
1655.991271,2.088e-25
1655.999246,1.955e-25
1656.012477,6.347e-24
1656.044591,1.02e-25
1656.160253,1.165e-22
1656.162266,1.146e-22
1656.169875,4.833999999999999e-22
1656.171999,4.752e-22
1656.217042,5.191e-24
1656.220742,5.121e-24
1656.253281,2.061e-23
1656.255192,2.097e-23
1656.276326,6.146e-24
1656.277148,1.946e-25
1656.299985,5.98e-22
1656.301984,5.877e-22
1656.309608,7.470999999999999e-24
1656.353714,5.472e-25
1656.358202,5.403e-25
1656.369422,2.056e-25
1656.401933,5.500999999999999e-22
1656.418392,6.263e-22
1656.469893,8.341e-24
1656.473803,2.1820000000000003e-25
1656.504424,2.413e-22
1656.504726,2.45e-22
1656.508323,2.988e-22
1656.508706,3.0379999999999995e-22
1656.531903,1.708e-25
1656.543527,6.898e-24
1656.566242,7.798e-24
1656.572085,6.541e-23
1656.595448,5.576999999999999e-22
1656.596189,5.482e-22
1656.607341,2.776e-25
1656.639231,3.143e-24
1656.641868,1.756e-25
1656.643956,1.4810000000000002e-25
1656.648348,7.968e-24
1656.656755,3.903e-24
1656.660377,3.851e-24
1656.664356,5.371e-26
1656.67381,3.152e-24
1656.699236,5.438000000000001e-26
1656.704664,1.586e-23
1656.7064,1.613e-23
1656.710122,4.201e-25
1656.752811,9.074e-23
1656.754022,8.933999999999999e-23
1656.767237,4.012e-25
1656.771635,3.962e-25
1656.787895,4.386e-25
1656.819903,8.533e-24
1656.850402,1.052e-25
1656.856351,4.791e-22
1656.858585,4.71e-22
1656.866673,1.083e-25
1656.867341,9.358e-24
1656.938108,1.303e-23
1656.953777,2.05e-25
1657.009669,1.299e-24
1657.082795,1.021e-23
1657.092939,2.9219999999999998e-24
1657.096462,2.883e-24
1657.129831,7.076e-23
1657.131727,6.968e-23
1657.132142,9.035e-24
1657.13366,3.0529999999999995e-22
1657.135802,3.003e-22
1657.162229,1.204e-23
1657.164257,1.225e-23
1657.175086,2.928e-25
1657.179394,2.892e-25
1657.196528,6.9520000000000005e-25
1657.230545,2.388e-25
1657.23214,2.856e-22
1657.238338,7.284e-25
1657.248423,3.615e-22
1657.281483,3.921e-25
1657.297673,3.795e-25
1657.341424,1.691e-25
1657.35399,3.976e-22
1657.367108,7.244e-24
1657.368269,3.78e-22
1657.390182,5.425e-25
1657.408619,4.316e-26
1657.442642,4.369e-26
1657.446684,7.397999999999999e-24
1657.447481,1.737e-25
1657.448684,5.786e-25
1657.470452,1.517e-22
1657.471614,1.4939999999999998e-22
1657.491957,6.668e-25
1657.520399,2.179e-24
1657.523852,2.1499999999999998e-24
1657.548772,1.859e-22
1657.549284,1.889e-22
1657.566317,4.113e-25
1657.57675,2.129e-25
1657.580973,2.103e-25
1657.597315,9.179e-24
1657.599152,9.332e-24
1657.599615,3.523e-22
1657.600489,3.465e-22
1657.732529,5.463e-23
1657.733507,5.380999999999999e-23
1657.736126,7.127e-24
1657.747722,1.149e-25
1657.764156,7.321e-24
1657.766097,1.186e-25
1657.79835,3.019e-22
1657.800526,2.969e-22
1657.945073,1.617e-24
1657.948428,1.5959999999999999e-24
1657.972789,1.541e-25
1657.976926,1.523e-25
1657.978557,4.483e-25
1658.003715,5.449e-25
1658.00987,2.179e-24
1658.017419,5.391e-25
1658.042217,6.895e-24
1658.044284,2.149e-24
1658.044439,7.009e-24
1658.054732,1.116e-24
1658.058438,4.7020000000000005e-25
1658.072175,1.896e-22
1658.074312,1.861e-22
1658.07528,4.226e-23
1658.077067,4.164e-23
1658.124251,3.464e-26
1658.130298,1.014e-24
1658.14935,1.661e-25
1658.157133,3.5060000000000003e-26
1658.166326,6.686e-24
1658.198894,2.376e-22
1658.200842,2.337e-22
1658.220603,1.327e-24
1658.243498,6.825e-24
1658.251734,1.704e-25
1658.262477,2.482e-22
1658.263521,2.439e-22
1658.360106,1.196e-24
1658.362517,1.111e-25
1658.363401,1.18e-24
1658.366575,1.098e-25
1658.411517,9.229e-23
1658.412994,9.088e-23
1658.413034,1.22e-26
1658.448501,1.199e-23
1658.460968,5.212e-24
1658.462957,5.297e-24
1658.463948,4.533e-24
1658.489218,4.59e-24
1658.489415,1.262e-26
1658.491286,1.298e-23
1658.542313,1.156e-24
1658.564953,1.136e-22
1658.56556,1.154e-22
1658.573921,2.187e-22
1658.574931,2.152e-22
1658.592197,1.497e-24
1658.616157,1.0999999999999998e-24
1658.625936,1.221e-25
1658.646867,1.264e-25
1658.691354,3.232e-23
1658.692098,3.185e-23
1658.718527,1.87e-22
1658.720633,1.84e-22
1658.768756,7.411e-25
1658.773312,8.802e-25
1658.776508,8.69e-25
1658.781506,7.43e-25
1658.867295,2.7540000000000004e-26
1658.893347,3.872e-24
1658.895822,3.935e-24
1658.899408,2.7880000000000004e-26
1658.955676,1.617e-25
1658.963879,6.133e-24
1658.985415,1.157e-22
1658.987604,1.139e-22
1658.996399,2.481e-23
1658.998081,2.445e-23
1659.038763,6.257e-24
1659.054601,1.658e-25
1659.077357,1.4609999999999999e-24
1659.095189,1.037e-24
1659.115194,1.4609999999999998e-22
1659.117181,1.4379999999999998e-22
1659.134426,3.134e-24
1659.144491,1.5239999999999998e-22
1659.147098,1.5000000000000002e-22
1659.147664,6.9e-25
1659.158373,3.155e-24
1659.167929,1.003e-24
1659.17572,6.453e-25
1659.178866,6.372e-25
1659.191516,7.202000000000001e-25
1659.29051,4.546e-25
1659.295707,2.904e-24
1659.297882,2.951e-24
1659.326801,5.518e-23
1659.328405,5.435999999999999e-23
1659.373483,4.793e-25
1659.412295,1.629e-24
1659.42253,2.83e-25
1659.453226,1.372e-24
1659.479563,1.263e-25
1659.488589,1.377e-24
1659.503544,1.31e-25
1659.518041,1.335e-22
1659.519221,1.314e-22
1659.555893,6.826e-23
1659.556562,6.928999999999999e-23
1659.557024,9.19e-25
1659.571017,9.849e-25
1659.571882,2.19e-26
1659.577522,4.711e-25
1659.580567,4.652000000000001e-25
1659.582753,9.934e-25
1659.602838,2.217e-26
1659.605511,4.452e-25
1659.61734,1.139e-22
1659.619343,1.121e-22
1659.627591,8.928e-25
1659.629287,1.88e-23
1659.629797,1.853e-23
1659.674569,4.79e-25
1659.715497,2.134e-24
1659.718267,2.168e-24
1659.759756,5.59e-24
1659.760397,1.5630000000000002e-25
1659.832458,5.699999999999999e-24
1659.856057,1.601e-25
1659.873433,6.946999999999999e-23
1659.875562,2.087e-24
1659.875625,6.841e-23
1659.892991,1.432e-23
1659.894567,1.412e-23
1659.899263,2.096e-24
1659.929004,1.599e-24
1659.967077,3.425e-25
1659.970082,3.383e-25
1659.971282,1.128e-24
1659.981189,4.591e-25
1660.000699,9.202e-23
1660.003687,9.061e-23
1660.007854,8.785e-23
1660.009688,8.694999999999999e-23
1660.065846,1.317e-24
1660.098242,1.562e-23
1660.101476,1.589e-24
1660.103856,1.614e-24
1660.107868,7.547000000000001e-25
1660.138136,1.6759999999999998e-23
1660.17741,7.359e-25
1660.216029,3.244e-23
1660.217702,3.197e-23
1660.23417,1.764e-24
1660.303424,1.269e-25
1660.331,1.32e-25
1660.357568,2.4790000000000003e-25
1660.360469,2.449e-25
1660.404516,1.278e-24
1660.41558,1.295e-24
1660.43167,8.005e-23
1660.433018,7.885e-23
1660.496856,6.812e-23
1660.498596,6.709999999999999e-23
1660.508355,1.153e-24
1660.511455,1.172e-24
1660.520617,4.029e-23
1660.521317,4.089e-23
1660.532085,1.485e-24
1660.542393,6.471e-25
1660.546283,1.075e-23
1660.546558,1.06e-23
1660.553935,5.0639999999999996e-24
1660.554698,1.491e-24
1660.563502,1.498e-25
1660.609631,6.32e-25
1660.624552,5.162e-24
1660.64349,4.3570000000000005e-25
1660.656077,1.535e-25
1660.730835,4.623e-25
1660.734007,1.787e-25
1660.736224,4.101e-23
1660.73688,1.766e-25
1660.738427,4.04e-23
1660.764874,8.127e-24
1660.76633,8.016e-24
1660.776668,1.737e-24
1660.831765,5.465e-23
1660.834915,5.383e-23
1660.876733,5.25e-23
1660.878119,8.538e-25
1660.878681,5.171e-23
1660.880713,8.668000000000001e-25
1660.977919,8.324e-25
1661.013704,8.374e-25
1661.057081,1.898e-24
1661.079039,1.875e-23
1661.08076,1.849e-23
1661.092641,1.236e-25
1661.094905,5.099999999999998e-25
1661.113312,1.283e-25
1661.116077,1.268e-25
1661.124434,1.291e-25
1661.16133,4.991000000000001e-25
1661.198435,6.541e-25
1661.245018,6.804e-25
1661.262984,1.62e-24
1661.271438,6.119e-25
1661.273711,1.646e-24
1661.274894,6.214e-25
1661.283238,9.976e-25
1661.305802,1.001e-24
1661.314529,4.721e-23
1661.316054,4.652e-23
1661.346406,4.5599999999999996e-24
1661.364986,1.426e-25
1661.377632,3.856e-23
1661.37847,3.896e-23
1661.415031,4.646e-24
1661.421675,1.042e-26
1661.44223,6.04e-24
1661.442274,5.958e-24
1661.451379,1.098e-26
1661.454637,1.46e-25
1661.458189,2.337e-23
1661.458887,2.371e-23
1661.498736,4.328000000000001e-25
1661.562711,4.239e-25
1661.57384,2.381e-23
1661.576054,2.347e-23
1661.611905,4.534e-24
1661.613187,4.474e-24
1661.62107,1.872e-24
1661.62542,4.506e-25
1661.628229,4.574e-25
1661.638321,3.192e-23
1661.641546,3.146e-23
1661.722322,3.07e-23
1661.724243,3.025e-23
1661.764926,3.382e-25
1661.780841,1.908e-23
1661.819214,2.03e-23
1661.842637,1.165e-25
1661.847476,3.681e-25
1661.879373,1.221e-25
1661.880525,2.0299999999999998e-24
1661.915713,1.066e-23
1661.917474,1.051e-23
1661.920177,7.189e-25
1661.941522,7.22e-25
1662.004085,3.186e-25
1662.007917,3.234e-25
1662.03496,3.915e-25
1662.056742,3.3070000000000003e-25
1662.120165,3.245e-25
1662.128397,4.188e-25
1662.131346,2.255e-23
1662.131401,2.293e-23
1662.137142,4.082e-24
1662.13998,2.004e-24
1662.150715,2.042e-24
1662.164835,1.348e-25
1662.166374,2.737e-23
1662.168082,2.698e-23
1662.203858,4.157e-24
1662.251713,1.379e-25
1662.316759,3.293e-24
1662.316941,3.337e-24
1662.34312,2.3370000000000003e-25
1662.346137,2.371e-25
1662.356461,1.146e-26
1662.367724,1.333e-23
1662.36839,1.3509999999999998e-23
1662.382078,1.203e-26
1662.386336,1.36e-23
1662.388557,1.341e-23
1662.42094,1.834e-23
1662.424192,1.808e-23
1662.425612,2.8010000000000003e-25
1662.43409,2.487e-24
1662.43497,2.455e-24
1662.462698,2.002e-24
1662.48639,2.75e-25
1662.544556,1.766e-23
1662.546429,1.7409999999999998e-23
1662.549134,1.059e-25
1662.591682,1.115e-25
1662.59565,4.727e-25
1662.62592,4.877e-25
1662.683708,4.82e-25
1662.704143,2.157e-24
1662.705141,4.841e-25
1662.705446,1.627e-25
1662.709669,1.652e-25
1662.725961,5.959e-24
1662.727758,5.879e-24
1662.926136,3.633e-24
1662.957111,1.329e-23
1662.958738,1.31e-23
1662.963041,1.265e-25
1662.987004,1.561e-23
1662.988892,1.539e-23
1662.991022,3.698e-24
1662.993553,2.08e-25
1663.029011,2.4199999999999998e-24
1663.03094,1.191e-25
1663.034153,1.208e-25
1663.040104,2.472e-24
1663.047283,1.293e-25
1663.054084,2.045e-25
1663.169738,1.789e-24
1663.17014,1.812e-24
1663.17378,7.638e-24
1663.176005,7.533e-24
1663.180125,1.037e-23
1663.183372,1.023e-23
1663.208134,9.258e-26
1663.231535,1.325e-24
1663.233116,1.339e-24
1663.248415,7.469e-24
1663.249024,7.571e-24
1663.257573,9.793e-26
1663.259087,1.22e-26
1663.281322,1.2770000000000002e-26
1663.296003,3.5e-25
1663.301889,2.125e-24
1663.316038,3.518e-25
1663.32237,1.768e-25
1663.343608,9.991e-24
1663.345435,9.851e-24
1663.360384,5.931000000000001e-25
1663.380005,1.739e-25
1663.410292,6.152e-25
1663.462325,3.261e-25
1663.508797,2.198e-23
1663.509717,3.276e-24
1663.511548,3.233e-24
1663.527671,2.275e-24
1663.546779,2.324e-23
1663.564264,3.524e-25
1663.713352,3.214e-24
1663.744398,7.469e-24
1663.746162,7.365e-24
1663.759588,1.179e-25
1663.776274,8.75e-24
1663.776482,3.271e-24
1663.778325,8.632e-24
1663.815912,7.733e-26
1663.824947,4.737e-25
1663.841321,1.204e-25
1663.864654,2.3260000000000003e-25
1663.87362,8.230000000000001e-26
1663.905472,1.275e-25
1663.916292,5.767e-24
1663.919513,5.69e-24
1663.92345,4.277e-25
1663.923626,2.85e-24
1663.935439,2.919e-24
1663.936256,4.22e-24
1663.938481,4.164e-24
1663.963218,1.256e-25
1663.96515,2.572e-25
1663.993132,7.025e-25
1664.00084,9.557e-25
1664.001449,9.678e-25
1664.002768,7.03e-25
1664.075787,2.3320000000000003e-25
1664.096079,2.3440000000000003e-25
1664.099541,4.115e-24
1664.100066,4.1699999999999996e-24
1664.120044,5.56e-24
1664.12179,5.483e-24
1664.136309,1.259e-26
1664.138891,2.237e-24
1664.155804,1.314e-26
1664.188276,1.091e-25
1664.242809,1.075e-25
1664.266941,1.772e-24
1664.268804,1.749e-24
1664.286286,2.723e-25
1664.330705,2.741e-25
1664.350908,2.383e-24
1664.368972,6.13e-26
1664.436787,6.574e-26
1664.498793,2.827e-24
1664.505991,4.126e-24
1664.507766,4.069e-24
1664.534107,4.825e-24
1664.536264,4.762e-24
1664.554467,1.091e-25
1664.560237,2.876e-24
1664.629784,3.156e-24
1664.632956,3.114e-24
1664.633809,1.115e-25
1664.65773,1.704e-25
1664.673872,2.294e-24
1664.676092,2.264e-24
1664.676414,1.714e-25
1664.748593,3.668e-25
1664.75602,3.666e-25
1664.809585,5.0190000000000005e-25
1664.810388,5.081e-25
1664.817499,3.275e-24
1664.830405,3.362e-24
1664.863991,4.564e-26
1664.876736,3.039e-24
1664.878182,2.998e-24
1664.920468,2.229e-24
1664.920888,2.258e-24
1664.922842,2.474e-25
1664.944474,4.941e-26
1664.973882,2.336e-24
1664.995635,1.261e-26
1664.997617,9.422e-25
1664.999513,9.303e-25
1665.012993,1.3130000000000002e-26
1665.036845,2.71e-25
1665.128353,3.384e-25
1665.173698,2.478e-24
1665.236169,5.108e-25
1665.24346,2.241e-24
1665.245218,2.2109999999999998e-24
1665.260511,2.617e-24
1665.262537,2.583e-24
1665.282408,2.4729999999999998e-24
1665.295114,2.399e-23
1665.297691,3.142e-26
1665.320855,1.699e-24
1665.323966,1.677e-24
1665.333676,2.524e-23
1665.342229,2.515e-24
1665.34766,1.004e-25
1665.386776,1.227e-24
1665.388986,1.211e-24
1665.39461,3.443e-26
1665.424719,1.025e-25
1665.458869,1.125e-25
1665.468927,1.904e-25
1665.468988,1.882e-25
1665.478022,1.132e-25
1665.595388,2.592e-25
1665.596367,2.623e-25
1665.64357,5.154e-25
1665.697304,5.3320000000000005e-25
1665.701763,4.929e-25
1665.703691,4.868e-25
1665.704489,3.6699999999999995e-24
1665.710648,1.187e-24
1665.710943,1.2019999999999999e-24
1665.715986,1.281e-24
1665.718876,3.7759999999999996e-24
1665.751932,1.131e-24
1665.785846,2.172e-26
1665.806998,2.422e-24
1665.845355,1.226e-26
1665.861153,1.274e-26
1665.900544,1.394e-25
1665.955411,1.376e-24
1665.955581,1.3959999999999999e-24
1665.957181,1.198e-24
1665.958912,1.182e-24
1665.989699,9.001000000000001e-25
1665.992738,8.887e-25
1665.995917,2.559e-24
1666.026329,1.577e-25
1666.064216,2.151e-24
1666.075189,6.453e-25
1666.077379,6.372e-25
1666.087803,1.4870000000000002e-25
1666.122475,2.187e-24
1666.132601,1.495e-25
1666.139158,9.171e-26
1666.214034,9.359e-26
1666.281154,8.676000000000001e-25
1666.282405,8.561e-25
1666.357563,1.316e-25
1666.358696,1.331e-25
1666.379431,2.537e-25
1666.381388,2.5060000000000003e-25
1666.413383,1.661e-25
1666.469614,6.214e-25
1666.469767,6.291000000000001e-25
1666.545087,1.855e-25
1666.578686,4.007e-24
1666.594962,4.132e-24
1666.619522,7.329e-25
1666.630819,7.144e-25
1666.636458,4.6920000000000005e-25
1666.638344,2.492e-24
1666.639414,4.634e-25
1666.647246,6.2990000000000005e-25
1666.648947,6.219e-25
1666.694557,1.16e-26
1666.709362,1.203e-26
1666.739481,3.34e-25
1666.741635,3.2990000000000003e-25
1666.817464,2.625e-24
1666.844143,1.861e-24
1666.900895,1.891e-24
1666.928937,8.328000000000001e-26
1666.967323,4.536e-25
1666.96892,4.479e-25
1667.001724,8.496e-26
1667.030715,1.284e-25
1667.032699,1.269e-25
1667.066316,2.289e-26
1667.152954,2.49e-23
1667.192948,2.608e-23
1667.193545,2.524e-26
1667.196966,3.238e-25
1667.19697,3.199e-25
1667.247107,3.691e-25
1667.252639,3.784e-25
1667.261243,2.407e-25
1667.263172,3.366e-26
1667.264108,2.378e-25
1667.313656,3.259e-25
1667.315325,3.218e-25
1667.374846,3.659e-26
1667.38039,1.701e-25
1667.382476,1.68e-25
1667.434443,4.259e-24
1667.453042,4.403e-24
1667.467998,2.546e-24
1667.492681,4.5e-26
1667.553124,1.066e-26
1667.5675,1.104e-26
1667.593487,4.84e-26
1667.622236,1.601e-24
1667.624966,2.3290000000000003e-25
1667.6266,2.3e-25
1667.638255,2.673e-24
1667.677534,1.627e-24
1667.716993,7.517e-26
1667.75803,5.58e-26
1667.787779,7.665e-26
1667.851051,5.95e-26
1667.855344,1.923e-25
1667.857518,1.9e-25
1667.86416,1.215e-25
1667.866925,1.2e-25
1667.89221,1.6390000000000002e-25
1667.892384,1.62e-25
1667.95638,1.659e-25
1667.958015,1.6390000000000002e-25
1668.056269,4.3e-25
1668.062319,6.498e-26
1668.08895,1.077e-25
1668.11423,4.439e-25
1668.149712,6.883e-26
1668.25752,1.177e-25
1668.259149,1.1620000000000002e-25
1668.266392,4.403e-24
1668.287786,4.565e-24
1668.296021,2.582e-24
1668.398382,1.37e-24
1668.408751,7.171000000000001e-26
1668.452275,1.392e-24
1668.458221,2.704e-24
1668.492101,7.553000000000001e-26
1668.503293,6.743000000000001e-26
1668.57216,6.874000000000001e-26
1668.800724,7.544000000000001e-26
1668.881245,7.908000000000001e-26
1669.069462,4.4219999999999996e-24
1669.09417,4.598e-24
1669.095225,2.463e-23
1669.122463,2.6e-24
1669.137404,2.569e-23
1669.172672,1.166e-24
1669.225208,1.184e-24
1669.241875,7.6e-26
1669.277301,2.716e-24
1669.287843,6.013e-26
1669.320534,7.935e-26
1669.354866,6.128e-26
1669.736108,7.357000000000001e-26
1669.813698,7.655e-26
1669.838876,4.306e-24
1669.867488,4.492e-24
1669.944937,9.869e-25
1669.947358,2.6009999999999998e-24
1669.996158,1.002e-24
1670.070595,5.33e-26
1670.095443,2.711e-24
1670.135848,5.431e-26
1670.287608,6.861e-26
1670.364799,7.117e-26
1670.570155,4.056e-24
1670.603355,4.248e-24
1670.604787,3.4510000000000003e-25
1670.66727,3.556e-25
1670.715338,8.31e-25
1670.765288,8.435e-25
1670.770737,2.583e-24
1670.85157,4.697e-26
1670.900846,6.177000000000001e-26
1670.9126,2.688e-24
1670.915124,4.7860000000000007e-26
1670.978224,6.39e-26
1671.134145,2.325e-23
1671.179174,2.417e-23
1671.259111,3.686e-24
1671.297716,3.878e-24
1671.483614,6.9610000000000005e-25
1671.53233,7.064e-25
1671.58059,5.377000000000001e-26
1671.59262,2.5499999999999998e-24
1671.630698,4.116e-26
1671.658674,5.549000000000001e-26
1671.692628,4.195e-26
1671.728733,2.647e-24
1671.901839,3.219e-24
1671.946855,3.404e-24
1672.250038,5.8e-25
1672.297558,5.886e-25
1672.331894,4.531e-26
1672.408028,3.586e-26
1672.411157,4.667e-26
1672.413024,2.5e-24
1672.468501,3.667e-26
1672.485602,1.09e-25
1672.494697,2.688e-24
1672.532484,1.128e-25
1672.543804,2.591e-24
1672.547411,2.86e-24
1672.82338,2.075e-26
1673.014211,4.809e-25
1673.034277,2.129e-24
1673.060567,4.878e-25
1673.096398,2.283e-24
1673.160091,3.701e-26
1673.183454,3.107e-26
1673.23196,2.435e-24
1673.240973,3.804e-26
1673.242057,3.145e-26
1673.280825,2.1e-23
1673.293389,2.67e-25
1673.329276,2.177e-23
1673.357779,2.52e-24
1673.36057,2.746e-25
1673.45768,2.245e-26
1673.51735,1.585e-24
1673.591252,1.715e-24
1673.644851,2.338e-26
1673.776569,3.966e-25
1673.821798,4.023e-25
1673.940745,1.09e-24
1673.957066,2.678e-26
1674.01428,2.718e-26
1674.029915,1.195e-24
1674.049437,2.357e-24
1674.070775,2.931e-26
1674.153691,3.0080000000000003e-26
1674.170627,2.436e-24
1674.287411,2.489e-26
1674.301082,6.763e-25
1674.406681,1.009e-25
1674.411016,7.539000000000001e-25
1674.439411,1.124e-25
1674.465654,2.5880000000000004e-26
1674.470951,1.247e-25
1674.501298,1.375e-25
1674.520708,1.033e-25
1674.530447,1.508e-25
1674.536513,3.255e-25
1674.557119,1.152e-25
1674.55839,1.6460000000000002e-25
1674.580642,3.3e-25
1674.585117,1.785e-25
1674.59256,1.279e-25
1674.594079,3.615e-25
1674.610615,1.925e-25
1674.627048,1.411e-25
1674.634867,2.063e-25
1674.657853,2.198e-25
1674.660602,1.549e-25
1674.679548,2.3260000000000003e-25
1674.693242,1.692e-25
1674.699921,2.444e-25
1674.718932,2.551e-25
1674.724989,1.836e-25
1674.728704,2.295e-26
1674.734293,4.127e-25
1674.736534,2.6410000000000003e-25
1674.752665,2.712e-25
1674.755868,1.982e-25
1674.76725,2.76e-25
1674.776061,1.09e-25
1674.780194,2.782e-25
1674.784504,2.33e-26
1674.785904,2.126e-25
1674.791372,2.773e-25
1674.795476,1.505e-25
1674.800624,2.73e-25
1674.806926,1.848e-25
1674.807738,2.6480000000000003e-25
1674.812301,1.515e-25
1674.812425,2.523e-25
1674.812739,2.128e-25
1674.814284,2.351e-25
1674.815126,2.266e-25
1674.821154,1.286e-25
1674.843566,2.4e-25
1674.865458,2.267e-24
1674.871262,2.525e-25
1674.873976,1.335e-25
1674.895009,2.175e-26
1674.898256,2.637e-25
1674.924597,2.734e-25
1674.950344,2.8110000000000003e-25
1674.975568,2.864e-25
1674.982319,2.3409999999999998e-24
1675.000017,2.4350000000000003e-26
1675.000353,2.89e-25
1675.001812,1.796e-25
1675.024804,2.884e-25
1675.049052,2.842e-25
1675.069771,2.2540000000000003e-26
1675.073267,2.761e-25
1675.097668,2.634e-25
1675.115628,2.7150000000000003e-26
1675.122551,2.458e-25
1675.148324,2.227e-25
1675.155126,2.3080000000000003e-26
1675.175568,1.935e-25
1675.205154,1.577e-25
1675.238455,1.142e-25
1675.285724,2.818e-26
1675.294722,2.6570000000000003e-25
1675.337786,2.694e-25
1675.357064,2.3370000000000003e-25
1675.493315,4.729e-25
1675.531409,2.709e-25
1675.544895,1.817e-23
1675.597246,1.879e-23
1675.633135,5.3230000000000005e-25
1675.651906,7.898000000000001e-25
1675.680027,2.168e-24
1675.689678,1.133e-25
1675.756199,1.173e-25
1675.770355,8.712000000000001e-25
1675.792828,2.235e-24
1675.838084,1.159e-24
1675.942292,1.261e-24
1675.942377,2.918e-26
1676.050298,2.1590000000000003e-25
1676.055398,1.547e-24
1676.092318,2.188e-25
1676.105005,3.025e-26
1676.124368,1.995e-25
1676.149699,1.664e-24
1676.196261,2.05e-25
1676.200802,3.389e-26
1676.287177,3.7240000000000005e-26
1676.30691,1.915e-24
1676.394162,2.041e-24
1676.493141,2.06e-24
1676.595618,2.225e-24
1676.602129,2.122e-24
1676.677823,2.355e-24
1676.767693,3.0950000000000004e-26
1676.804281,1.745e-25
1676.84529,1.769e-25
1676.923448,3.2030000000000003e-26
1676.924631,2.448e-24
1677.003265,2.577e-24
1677.083609,1.461e-25
1677.131291,2.502e-26
1677.142868,1.521e-25
1677.24632,2.7690000000000003e-26
1677.297254,2.567e-24
1677.3048,1.946e-24
1677.373452,2.689e-24
1677.410195,2.002e-24
1677.442942,4.862e-26
1677.515216,5.272000000000001e-26
1677.541917,1.328e-25
1677.555336,1.4040000000000002e-25
1677.591605,3.2410000000000005e-26
1677.595351,1.423e-25
1677.611996,1.38e-25
1677.717031,2.577e-24
1677.741012,3.351e-26
1677.791697,2.689e-24
1677.934227,1.5099999999999998e-23
1677.99085,1.557e-23
1678.114999,1.827e-24
1678.187765,2.485e-24
1678.217004,1.879e-24
1678.261647,2.583e-24
1678.305022,1.124e-25
1678.344078,1.138e-25
1678.414134,3.356e-26
1678.557657,3.4660000000000004e-26
1678.624862,6.533e-26
1678.686038,7.015000000000001e-26
1678.713535,2.308e-24
1678.787269,2.392e-24
1678.923733,1.706e-24
1679.00244,3.6020000000000005e-26
1679.022533,1.7519999999999998e-24
1679.098273,1.441e-25
1679.104816,3.9240000000000005e-26
1679.17458,1.4820000000000002e-25
1679.235297,3.438e-26
1679.27613,1.596e-25
1679.298705,2.068e-24
1679.342426,1.667e-25
1679.372845,2.137e-24
1679.37335,3.546e-26
1679.392487,1.019e-25
1679.395704,1.495e-25
1679.470078,1.558e-25
1679.730995,1.584e-24
1679.750091,8.313000000000001e-26
1679.802285,8.857000000000001e-26
1679.826758,1.625e-24
1679.947922,1.791e-24
1680.022967,1.847e-24
1680.055106,3.487e-26
1680.18806,3.5930000000000004e-26
1680.292924,1.314e-25
1680.454768,1.206e-23
1680.486598,1.6420000000000002e-25
1680.515907,1.242e-23
1680.536776,1.4619999999999999e-24
1680.629659,1.499e-24
1680.666116,1.501e-24
1680.705075,2.113e-25
1680.74252,1.544e-24
1680.822466,1.009e-25
1680.862509,2.55e-25
1680.86725,1.069e-25
1680.873572,3.502e-26
1680.906301,4.793e-26
1680.999662,5.1620000000000007e-26
1681.001758,3.605e-26
1681.248336,1.611e-25
1681.327908,1.686e-25
1681.341068,1.341e-24
1681.402663,1.67e-25
1681.431214,1.375e-24
1681.458488,1.219e-24
1681.476766,1.752e-25
1681.536677,1.251e-24
1681.690699,3.4860000000000003e-26
1681.814418,3.585e-26
1681.846259,1.176e-25
1681.884854,1.2390000000000002e-25
1682.084372,2.9760000000000003e-25
1682.14386,1.224e-24
1682.157656,4.33e-25
1682.214825,1.005e-25
1682.231401,1.254e-24
1682.234258,3.497e-25
1682.278478,4.995000000000001e-25
1682.294066,1.04e-25
1682.330493,9.59e-25
1682.410868,9.827e-25
1682.45422,1.059e-24
1682.506493,3.44e-26
1682.626016,3.5350000000000003e-26
1682.826016,1.178e-24
1682.826265,1.3190000000000002e-25
1682.845436,5.977e-26
1682.859657,1.384e-25
1682.932258,6.381000000000001e-26
1682.945141,1.111e-24
1683.0302,1.1369999999999999e-24
1683.097216,1.657e-25
1683.11054,9.286e-24
1683.176226,9.547e-24
1683.183117,1.742e-25
1683.287807,7.321e-25
1683.30905,1.097e-24
1683.320954,3.366e-26
1683.370752,7.488e-25
1683.436527,3.4560000000000004e-26
1683.467722,1.667e-25
1683.539605,7.538000000000001e-25
1683.550655,1.758e-25
1683.636284,8.458e-25
1683.647825,1.211e-24
1683.7449,1.003e-24
1683.767863,1.43e-25
1683.796882,1.495e-25
1683.827589,1.026e-24
1683.893854,5.43e-25
1684.017822,6.163e-25
1684.134084,3.267e-26
1684.15962,1.135e-24
1684.245931,3.352e-26
1684.336283,5.423e-25
1684.422168,5.539e-25
1684.471013,1.243e-24
1684.543124,9.005000000000001e-25
1684.623548,9.205e-25
1684.677082,1.501e-25
1684.702451,1.5640000000000002e-25
1684.822287,7.051000000000001e-26
1684.855987,1.175e-24
1684.904343,7.474e-26
1684.935362,1.294e-24
1684.939853,1.619e-25
1684.945879,3.147e-26
1685.006762,1.171e-24
1685.033527,1.712e-25
1685.054207,3.2270000000000004e-26
1685.295007,1.272e-24
1685.339799,8.041e-25
1685.371541,2.441e-26
1685.418056,8.216000000000001e-25
1685.476147,1.579e-25
1685.481885,3.901e-25
1685.503708,4.526e-26
1685.551776,7.097e-26
1685.560648,1.528e-25
1685.569307,1.675e-25
1685.571069,3.979e-25
1685.583019,1.588e-25
1685.727997,8.633e-25
1685.756338,3.009e-26
1685.83512,9.578e-25
1685.85103,1.2019999999999999e-24
1685.861333,3.083e-26
1685.904139,6.892e-24
1685.973652,7.094e-24
1686.110424,1.6869999999999998e-24
1686.119405,1.298e-24
1686.134912,7.142e-25
1686.176687,1.833e-24
1686.211093,7.293e-25
1686.426026,1.51e-25
1686.446005,1.5660000000000002e-25
1686.565457,2.8560000000000004e-26
1686.667292,2.9240000000000004e-26
1686.69281,1.228e-24
1686.73061,2.726e-25
1686.773835,1.494e-25
1686.823439,2.776e-25
1686.83926,7.919000000000001e-26
1686.877187,1.59e-25
1686.917872,8.346000000000001e-26
1686.928448,6.31e-25
1686.943911,1.319e-24
1687.002638,6.441e-25
1687.201311,1.188e-25
1687.202217,1.212e-25
1687.281457,1.451e-25
1687.299618,1.502e-25
1687.306227,2.268e-24
1687.362162,2.441e-24
1687.37323,2.692e-26
1687.432847,1.407e-25
1687.472063,2.7540000000000004e-26
1687.532378,1.249e-24
1687.538196,1.504e-25
1687.590508,1.242e-24
1687.686068,1.356e-24
1687.720392,5.546e-25
1687.768303,1.3349999999999999e-24
1687.79267,5.6580000000000005e-25
1688.088381,1.85e-25
1688.135971,1.356e-25
1688.152875,1.4010000000000002e-25
1688.179651,2.519e-26
1688.185186,1.882e-25
1688.27563,2.577e-26
1688.369937,1.264e-24
1688.446825,2.889e-24
1688.494399,3.084e-24
1688.510728,4.849e-25
1688.514325,2.061e-26
1688.541319,2.123e-26
1688.581168,4.945e-25
1688.592411,1.344e-24
1688.596791,1.289e-25
1688.620687,1.61e-25
1688.624003,1.6440000000000002e-25
1688.712414,1.384e-25
1688.79723,3.354e-24
1688.843324,4.629e-26
1688.896808,1.635e-24
1688.898744,8.51e-26
1688.908201,5.105e-24
1688.943526,4.722e-26
1688.974932,8.926e-26
1688.984714,2.3420000000000003e-26
1688.999392,1.232e-25
1689.015592,1.271e-25
1689.077973,2.394e-26
1689.205638,1.271e-24
1689.29944,4.217e-25
1689.342527,1.167e-25
1689.368112,4.299e-25
1689.416098,1.348e-24
1689.4629,1.259e-25
1689.484164,1.65e-24
1689.494282,2.428e-26
1689.525904,2.505e-26
1689.535959,3.51e-24
1689.560925,1.221e-25
1689.571528,1.781e-24
1689.576637,3.724e-24
1689.662023,1.2410000000000002e-25
1689.788411,2.163e-26
1689.879076,2.21e-26
1689.88231,1.09e-25
1689.898371,1.122e-25
1689.990318,2.141e-25
1689.99634,2.188e-25
1690.0396,1.273e-24
1690.08651,3.649e-25
1690.153479,3.718e-25
1690.239254,1.344e-24
1690.395487,2.794e-26
1690.406293,1.027e-25
1690.432032,2.888e-26
1690.53788,1.114e-25
1690.577808,4.092e-24
1690.61273,4.319e-24
1690.678922,2.027e-26
1690.796031,9.373e-26
1690.81242,9.639e-26
1690.87191,1.2669999999999999e-24
1690.871923,3.1420000000000003e-25
1690.93725,3.2e-25
1691.003096,8.781000000000001e-26
1691.06179,1.3339999999999999e-24
1691.077668,9.174e-26
1691.217254,3.1380000000000005e-26
1691.25903,3.25e-26
1691.304628,2.794e-25
1691.313637,2.858e-25
1691.411425,2.055e-24
1691.492889,2.199e-24
1691.577064,4.596e-24
1691.607157,4.83e-24
1691.65566,2.69e-25
1691.702638,1.254e-24
1691.719401,2.74e-25
1691.752478,7.842e-26
1691.769849,8.054000000000001e-26
1691.883629,1.317e-24
1691.893212,3.484e-24
1691.959994,3.435e-26
1691.97825,3.567e-24
1692.007331,3.565e-26
1692.361673,3.02e-26
1692.437701,2.293e-25
1692.464107,3.069e-26
1692.499913,2.3340000000000003e-25
1692.53184,1.235e-24
1692.539,4.987e-24
1692.558416,3.575e-25
1692.565048,5.222e-24
1692.570698,3.661e-25
1692.625213,3.658e-26
1692.678486,3.805e-26
1692.704708,1.293e-24
1692.764067,6.379000000000001e-26
1692.78295,6.544e-26
1693.15462,8.727e-26
1693.215459,3.783e-26
1693.218029,1.944e-25
1693.228231,9.086e-26
1693.275107,3.946e-26
1693.278762,1.978e-25
1693.359557,1.209e-24
1693.374647,2.422e-24
1693.451857,2.572e-24
1693.469528,5.239e-24
1693.492218,5.469e-24
1693.524971,1.264e-24
1693.734198,3.791e-26
1693.746948,4.484e-25
1693.762787,4.598e-25
1693.787179,2.0590000000000003e-26
1693.800764,3.966e-26
1693.843522,5.044e-26
1693.845391,2.122e-26
1693.864468,5.1680000000000005e-26
1693.915039,2.441e-26
1693.974976,2.52e-26
1693.996626,1.64e-25
1694.055928,1.669e-25
1694.058325,2.8170000000000004e-26
1694.120252,2.913e-26
1694.185651,3.67e-26
1694.185823,1.178e-24
1694.21351,3.161e-26
1694.259829,3.854e-26
1694.277819,3.2760000000000004e-26
1694.34437,1.228e-24
1694.375246,5.338e-24
1694.377235,3.4470000000000003e-26
1694.395202,5.558e-24
1694.444417,3.581e-26
1694.546311,3.647e-26
1694.574583,3.4220000000000004e-26
1694.616954,3.798e-26
1694.657285,3.608e-26
1694.717712,3.737e-26
1694.773469,1.377e-25
1694.792519,3.903e-26
1694.831386,1.4e-25
1694.866063,5.511e-25
1694.88574,5.6590000000000005e-25
1694.888574,3.7e-26
1694.90607,3.058e-26
1694.968396,3.877e-26
1694.998527,3.24e-26
1695.003662,3.874e-26
1695.010665,1.141e-24
1695.027211,3.965e-26
1695.056188,3.5300000000000003e-26
1695.091638,2.375e-24
1695.142072,3.7140000000000005e-26
1695.162861,1.187e-24
1695.180761,2.424e-24
1695.185251,2.604e-26
1695.217989,3.233e-26
1695.263481,5.282e-24
1695.281284,5.486e-24
1695.289164,2.776e-26
1695.311252,3.4170000000000004e-26
1695.355531,8.372e-26
1695.371532,2.829e-26
1695.376156,2.716e-24
1695.41708,2.0960000000000003e-26
1695.42872,8.691000000000001e-26
1695.450344,2.868e-24
1695.473877,3.006e-26
1695.514462,2.348e-26
1695.534973,2.25e-26
1695.548542,1.15e-25
1695.605116,1.169e-25
1695.62813,2.511e-26
1695.8341,1.099e-24
1695.912289,6.6320000000000005e-25
1695.936081,6.819e-25
1695.980407,1.142e-24
1696.142322,5.079e-24
1696.158527,5.264e-24
1696.257135,2.89e-26
1696.283808,2.955e-26
1696.656146,1.053e-24
1696.796973,1.092e-24
1696.882959,7.806e-25
1696.911144,8.039e-25
1697.020631,4.748e-24
1697.035784,4.912e-24
1697.418263,2.914e-24
1697.476813,1.004e-24
1697.49038,3.063e-24
1697.607917,7.769e-26
1697.612526,1.04e-24
1697.616136,2.092e-26
1697.646416,2.1370000000000003e-26
1697.681139,8.043e-26
1697.776328,8.979000000000001e-25
1697.809186,9.263e-25
1697.90805,4.318e-24
1697.922688,4.46e-24
1697.996673,1.041e-25
1698.024986,1.148e-25
1698.052145,1.26e-25
1698.078141,1.374e-25
1698.102959,1.489e-25
1698.126586,1.605e-25
1698.129946,1.067e-25
1698.149001,1.718e-25
1698.162801,1.178e-25
1698.170179,1.828e-25
1698.19009,1.931e-25
1698.194796,1.293e-25
1698.208699,2.025e-25
1698.225952,1.411e-25
1698.225957,2.107e-25
1698.241809,2.1750000000000003e-25
1698.256184,2.224e-25
1698.256293,1.53e-25
1698.268991,2.252e-25
1698.280116,2.256e-25
1698.285843,1.65e-25
1698.288865,1.256e-25
1698.289412,2.23e-25
1698.296108,9.515e-25
1698.296685,2.1730000000000003e-25
1698.298564,1.539e-25
1698.301676,2.079e-25
1698.303238,1.767e-25
1698.304029,1.945e-25
1698.31463,1.768e-25
1698.342687,1.882e-25
1698.370049,1.9899999999999999e-25
1698.396757,2.089e-25
1698.417584,1.576e-24
1698.422858,2.1760000000000003e-25
1698.427038,9.843e-25
1698.44841,2.248e-25
1698.473477,2.302e-25
1698.49814,2.3330000000000003e-25
1698.511507,1.607e-24
1698.522499,2.3390000000000003e-25
1698.546674,2.316e-25
1698.570822,2.259e-25
1698.591659,1.0079999999999999e-24
1698.595144,2.1640000000000003e-25
1698.619906,2.027e-25
1698.629479,1.042e-24
1698.645471,1.843e-25
1698.67235,1.607e-25
1698.701287,1.312e-25
1698.814965,3.82e-24
1698.829629,3.939e-24
1699.114036,8.973000000000001e-25
1699.240481,9.27e-25
1699.329281,1.103e-24
1699.37236,1.143e-24
1699.503249,3.002e-24
1699.574051,3.143e-24
1699.752458,3.287e-24
1699.767689,3.384e-24
1699.913709,6.984e-26
1699.930599,8.417000000000001e-25
1699.987346,7.214000000000001e-26
1699.990592,1.175e-24
1700.039315,1.22e-24
1700.052828,8.686000000000001e-25
1700.578013,1.215e-24
1700.632758,1.2649999999999999e-24
1700.71673,1.876e-25
1700.72905,2.528e-25
1700.732203,2.75e-24
1700.742245,1.359e-25
1700.745797,7.854000000000001e-25
1700.748549,2.828e-24
1700.772814,1.916e-25
1700.774845,3.325e-25
1700.784813,2.585e-25
1700.799046,1.386e-25
1700.830789,3.402e-25
1700.849916,4.267e-25
1700.864056,8.096e-25
1700.907131,4.3620000000000005e-25
1700.950227,5.3390000000000005e-25
1701.039071,3.611e-25
1701.071899,6.512e-25
1701.094879,1.218e-24
1701.125294,6.681e-25
1701.156144,1.272e-24
1701.211218,7.736e-25
1701.267066,7.967e-25
1701.364628,8.947e-25
1701.422449,9.233e-25
1701.528733,1.0059999999999999e-24
1701.545274,1.18e-24
1701.559629,7.291e-25
1701.588758,1.041e-24
1701.613695,1.236e-24
1701.633337,2.979e-24
1701.674142,7.508e-25
1701.700298,1.099e-24
1701.703439,3.107e-24
1701.762974,1.1389999999999999e-24
1701.766337,2.237e-24
1701.784344,2.297e-24
1701.866465,1.021e-24
1701.876247,1.165e-24
1701.933833,1.0999999999999998e-24
1701.942073,1.211e-24
1701.965291,1.04e-24
1702.010246,1.158e-24
1702.053662,1.195e-24
1702.123303,1.246e-24
1702.229777,1.185e-24
1702.265514,9.838e-25
1702.274642,6.09e-26
1702.304028,1.24e-24
1702.349023,6.278000000000001e-26
1702.35105,1.041e-24
1702.372091,6.733e-25
1702.401979,1.132e-24
1702.481814,1.189e-24
1702.483061,6.927000000000001e-25
1702.545354,8.382e-25
1702.56779,1.038e-24
1702.641582,8.919e-25
1702.654437,1.095e-24
1702.724855,9.093e-25
1702.778226,6.75e-25
1702.819897,9.644e-25
1702.867281,1.768e-24
1702.870906,7.555000000000001e-25
1702.887374,7.234000000000001e-25
1702.88749,1.813e-24
1702.96857,5.076e-25
1702.976452,8.065e-25
1703.003695,5.897e-25
1703.09391,5.489e-25
1703.120065,3.499e-25
1703.120874,4.262e-25
1703.122667,6.347e-25
1703.183178,6.186e-25
1703.219706,2.785e-25
1703.235085,2.143e-25
1703.257508,4.634e-25
1703.266611,3.828e-25
1703.290793,6.358e-25
1703.29637,1.577e-25
1703.313436,1.099e-25
1703.380538,3.069e-25
1703.411014,2.381e-25
1703.492348,1.77e-25
1703.533389,1.248e-25
1703.810663,2.853e-24
1703.880575,2.967e-24
1703.992885,5.6540000000000005e-25
1704.04751,1.357e-24
1704.070448,1.39e-24
1704.097317,5.806e-25
1704.692226,5.159e-26
1704.767632,5.308e-26
1704.801204,5.141e-25
1704.902612,5.276000000000001e-25
1705.319302,1.011e-24
1705.345469,1.034e-24
1705.432451,6.473e-25
1705.536131,6.588000000000001e-25
1705.608127,4.652000000000001e-25
1705.706657,4.77e-25
1706.037238,2.643e-24
1706.107387,2.741e-24
1706.413645,4.187e-25
1706.509432,4.291e-25
1706.694457,7.308e-25
1706.724297,7.471e-25
1706.806991,7.796e-25
1707.167718,4.248e-26
1707.16863,8.573e-25
1707.217748,3.75e-25
1707.244398,4.364e-26
1707.310918,3.841e-25
1707.659407,7.839000000000001e-25
1707.992298,8.566e-25
1708.020426,3.342e-25
1708.111096,3.421e-25
1708.184027,5.126e-25
1708.217836,5.236e-25
1708.312413,2.1250000000000003e-26
1708.314912,2.371e-24
1708.385662,2.454e-24
1708.508376,7.872000000000001e-25
1708.816894,8.55e-25
1708.821667,2.9640000000000003e-25
1708.909944,3.032e-25
1709.066476,2.2620000000000003e-26
1709.109001,4.021e-25
1709.182703,2.433e-26
1709.217421,4.09e-25
1709.354454,7.886000000000001e-25
1709.494623,1.024e-25
1709.62146,2.615e-25
1709.642008,8.516e-25
1709.67662,2.573e-26
1709.702098,3.405e-26
1709.707445,2.674e-25
1709.780142,3.492e-26
1709.783554,2.7540000000000004e-26
1709.798245,3.485e-25
1709.835986,3.56e-25
1710.084278,1.2440000000000002e-25
1710.198032,7.874000000000001e-25
1710.292652,1.473e-25
1710.41979,2.297e-25
1710.467334,8.459e-25
1710.503579,2.346e-25
1710.611493,2.874e-26
1710.645342,2.064e-24
1710.715392,3.063e-26
1710.717003,2.132e-24
1710.887583,1.735e-25
1711.039398,7.834000000000001e-25
1711.073513,2.013e-25
1711.119905,3.185e-26
1711.214903,3.3830000000000004e-26
1711.216647,2.007e-25
1711.292645,8.377000000000001e-25
1711.298326,2.049e-25
1711.551393,2.251e-25
1711.587143,2.348e-25
1711.706034,2.316e-25
1711.874552,2.6420000000000003e-25
1711.87876,7.763e-25
1712.012014,1.745e-25
1712.091667,1.781e-25
1712.11776,8.267e-25
1712.143653,3.4650000000000005e-26
1712.237822,3.667e-26
1712.296057,2.658e-26
1712.375818,2.723e-26
1712.481338,2.9850000000000003e-25
1712.51589,3.757e-26
1712.600814,3.964e-26
1712.634546,3.362e-25
1712.716279,7.661e-25
1712.805878,1.51e-25
1712.883582,1.54e-25
1712.889047,2.452e-25
1712.942541,8.127e-25
1713.002054,2.4920000000000003e-25
1713.029959,1.745e-24
1713.102801,1.799e-24
1713.303221,3.735e-25
1713.424752,1.474e-25
1713.444872,4.161e-25
1713.47818,1.503e-25
1713.552077,7.527000000000001e-25
1713.598225,1.3e-25
1713.665121,3.991e-26
1713.674052,1.326e-25
1713.7514,4.199e-26
1713.766871,7.957e-25
1713.859512,4.247e-26
1713.935719,4.458e-26
1714.041285,4.566e-25
1714.17137,5.041e-25
1714.386246,7.361e-25
1714.389038,1.114e-25
1714.463057,1.136e-25
1714.590658,7.759e-25
1714.880082,5.455e-25
1714.949978,2.023e-26
1715.00239,5.9770000000000005e-25
1715.031546,2.0690000000000003e-26
1715.145574,4.619e-26
1715.178119,4.4120000000000005e-26
1715.21406,4.828e-26
1715.21886,7.167e-25
1715.257924,4.619e-26
1715.413823,7.533000000000001e-25
1715.469946,1.434e-24
1715.5442,1.476e-24
1715.565972,6.41e-25
1715.678697,6.978e-25
1716.049977,6.9450000000000005e-25
1716.2363,7.281e-25
1716.368984,4.8510000000000005e-26
1716.430495,5.0510000000000005e-26
1716.439394,7.385e-25
1716.54714,7.993e-25
1716.684975,4.697e-26
1716.759422,4.898e-26
1716.765108,1.469e-25
1716.879643,6.698e-25
1716.882521,1.492e-25
1717.05234,8.41e-25
1717.05803,7.006e-25
1717.151411,9.058e-25
1717.524997,4.931e-26
1717.580105,5.1190000000000005e-26
1717.707892,6.429e-25
1717.878964,6.711e-25
1717.966213,1.147e-24
1717.983412,9.398e-25
1718.042079,1.179e-24
1718.079837,1.0079999999999999e-24
1718.188133,4.83e-26
1718.258122,5.019e-26
1718.496374,1.043e-24
1718.534754,6.142e-25
1718.584292,1.114e-24
1718.609452,4.863e-26
1718.658612,5.0350000000000007e-26
1718.699058,6.399e-25
1719.360249,5.839e-25
1719.514222,1.135e-24
1719.518272,6.073e-25
1719.60164,1.208e-24
1719.61899,4.662e-26
1719.662578,4.815e-26
1719.690163,4.8070000000000005e-26
1719.756437,4.9810000000000007e-26
1719.893451,1.233e-24
1719.97196,1.308e-24
1720.184394,5.525e-25
1720.33657,5.736e-25
1720.519381,8.936e-25
1720.551228,4.35e-26
1720.589572,4.4840000000000006e-26
1720.597032,9.171e-25
1721.007201,5.202e-25
1721.033901,1.309e-24
1721.114028,1.385e-24
1721.153919,5.393e-25
1721.193762,4.639e-26
1721.238595,1.3959999999999999e-24
1721.256938,4.794e-26
1721.308943,1.474e-24
1721.404892,3.956e-26
1721.438292,4.071e-26
1721.510547,1.035e-25
1721.533924,1.114e-25
1721.556068,1.19e-25
1721.576952,1.263e-25
1721.596544,1.33e-25
1721.6148,1.391e-25
1721.631671,1.442e-25
1721.64709,1.4810000000000002e-25
1721.660978,1.507e-25
1721.672927,1.063e-25
1721.673233,1.515e-25
1721.683723,1.505e-25
1721.692277,1.471e-25
1721.698668,1.413e-25
1721.701117,1.057e-25
1721.70259,1.327e-25
1721.70262,1.144e-25
1721.703612,1.21e-25
1721.731566,1.224e-25
1721.759802,1.3e-25
1721.787365,1.37e-25
1721.8143,1.434e-25
1721.82868,4.875e-25
1721.840661,1.488e-25
1721.866509,1.53e-25
1721.891919,1.557e-25
1721.91698,1.5680000000000002e-25
1721.941804,1.558e-25
1721.96653,1.526e-25
1721.97029,5.047e-25
1721.991339,1.467e-25
1722.016464,1.379e-25
1722.042219,1.258e-25
1722.069042,1.1e-25
1722.17989,3.511e-26
1722.208631,3.608e-26
1722.526715,1.522e-24
1722.544589,1.45e-24
1722.589814,1.599e-24
1722.618742,1.5259999999999999e-24
1722.648835,4.546e-25
1722.701745,4.346e-26
1722.762343,4.482e-26
1722.785654,4.7010000000000005e-25
1722.877328,3.044e-26
1722.901696,3.123e-26
1723.12977,6.786e-25
1723.209359,6.9560000000000005e-25
1723.46767,4.219e-25
1723.499481,2.58e-26
1723.519764,2.644e-26
1723.599984,4.3570000000000005e-25
1723.752836,1.602e-24
1723.809369,1.677e-24
1724.048526,1.546e-24
1724.049731,2.139e-26
1724.066225,2.19e-26
1724.117746,1.621e-24
1724.217033,3.9580000000000005e-26
1724.275487,4.0740000000000006e-26
1724.285187,3.897e-25
1724.413257,4.02e-25
1724.912344,1.633e-24
1724.962835,1.704e-24
1725.073847,1.069e-25
1725.101384,3.582e-25
1725.126878,1.085e-25
1725.225447,3.691e-25
1725.548066,1.5919999999999999e-24
1725.613193,1.664e-24
1725.677962,1.467e-25
1725.732113,1.496e-25
1725.742647,3.508e-26
1725.797395,5.028e-25
1725.7993,3.603e-26
1725.879057,5.148e-25
1725.916258,3.2770000000000004e-25
1726.001212,1.615e-24
1726.036532,3.374e-25
1726.046089,1.68e-24
1726.236651,1.252e-25
1726.244125,1.918e-25
1726.297467,1.274e-25
1726.300192,1.963e-25
1726.627422,1.677e-25
1726.688413,1.713e-25
1726.729806,2.9830000000000003e-25
1726.770395,2.411e-25
1726.82899,2.475e-25
1726.846491,3.069e-25
1727.016111,2.151e-25
1727.016212,1.552e-24
1727.045685,1.587e-24
1727.055785,1.612e-24
1727.078167,2.205e-25
1727.107412,1.654e-24
1727.256826,2.929e-25
1727.281685,3.0270000000000004e-26
1727.318443,3.014e-25
1727.336757,3.103e-26
1727.396497,2.66e-25
1727.460339,2.734e-25
1727.542022,2.703e-25
1727.655301,2.778e-25
1727.704638,3.45e-25
1727.764325,3.184e-25
1727.769722,3.558e-25
1727.830581,3.28e-25
1727.955087,1.453e-24
1727.989686,1.505e-24
1728.115647,3.942e-25
1728.116661,3.696e-25
1728.184638,4.074e-25
1728.185913,3.815e-25
1728.3529,2.438e-25
1728.451453,4.161e-25
1728.462943,2.5030000000000003e-25
1728.491907,4.37e-25
1728.521964,3.636e-25
1728.524287,4.306e-25
1728.543977,1.534e-24
1728.565286,4.527e-25
1728.60285,1.5939999999999999e-24
1728.605827,3.719e-25
1728.767267,4.545e-25
1728.81667,1.326e-24
1728.835499,4.6980000000000005e-25
1728.837308,2.5450000000000003e-26
1728.844309,4.714e-25
1728.846573,1.372e-24
1728.890744,2.6020000000000004e-26
1728.913821,4.879e-25
1729.063105,4.811e-25
1729.145057,5.0030000000000005e-25
1729.148405,4.891e-25
1729.162432,2.188e-25
1729.232336,5.094e-25
1729.269394,2.245e-25
1729.338291,4.927e-25
1729.425971,5.138e-25
1729.432441,4.923e-25
1729.522801,5.142e-25
1729.592386,4.871e-25
1729.600951,1.182e-24
1729.626432,1.22e-24
1729.686778,5.097e-25
1729.689211,4.777e-25
1729.787032,5.0070000000000005e-25
1729.825117,4.636000000000001e-25
1729.920089,4.454e-25
1729.927438,4.869e-25
1729.97061,1.954e-25
1730.026689,4.6880000000000005e-25
1730.036316,4.231e-25
1730.045644,1.44e-24
1730.074636,2.004e-25
1730.102175,1.493e-24
1730.12619,3.972e-25
1730.148112,4.463e-25
1730.225853,3.681e-25
1730.243296,4.2e-25
1730.308351,3.365e-25
1730.309088,1.029e-24
1730.330419,1.061e-24
1730.349149,3.903e-25
1730.393551,3.031e-25
1730.412722,2.0860000000000003e-26
1730.438277,3.579e-25
1730.463318,2.12e-26
1730.467068,2.685e-25
1730.531084,3.234e-25
1730.539074,2.3340000000000003e-25
1730.602385,1.988e-25
1730.613017,2.875e-25
1730.661705,1.653e-25
1730.694683,2.51e-25
1730.713635,1.336e-25
1730.759918,1.044e-25
1730.76897,2.147e-25
1730.777424,1.738e-25
1730.841043,1.795e-25
1730.878648,1.781e-25
1730.907859,1.459e-25
1730.943372,8.759e-25
1730.960834,9.018e-25
1730.971847,1.148e-25
1731.074309,5.245e-25
1731.302881,2.569e-25
1731.389087,2.625e-25
1731.413769,5.71e-25
1731.50716,7.299e-25
1731.521041,7.506e-25
1731.55349,1.314e-24
1731.582865,1.538e-25
1731.608034,1.359e-24
1731.681412,1.575e-25
1731.923505,5.176e-25
1732.004783,5.957000000000001e-25
1732.015385,6.119e-25
1732.239167,5.608000000000001e-25
1732.386921,1.354e-25
1732.441458,4.763e-25
1732.449095,4.888e-25
1732.482906,1.386e-25
1732.770013,5.101e-25
1732.823193,3.733e-25
1732.828213,3.827e-25
1733.064976,5.499e-25
1733.070404,1.167e-24
1733.123146,1.2039999999999999e-24
1733.156713,2.869e-25
1733.159408,2.939e-25
1733.189581,1.187e-25
1733.283113,1.214e-25
1733.449392,2.1610000000000003e-25
1733.450141,2.213e-25
1733.61413,5.0150000000000005e-25
1733.708373,1.634e-25
1733.709205,1.597e-25
1733.890935,5.382e-25
1733.942656,1.183e-25
1733.944688,1.157e-25
1733.990833,1.036e-25
1734.082012,1.059e-25
1734.139254,1.774e-25
1734.227576,1.797e-25
1734.456097,4.917e-25
1734.599344,1.0089999999999999e-24
1734.64976,1.037e-24
1734.716842,5.254e-25
1735.296097,4.804e-25
1735.54253,5.114e-25
1736.134276,4.6780000000000005e-25
1736.143317,8.503e-25
1736.229269,5.785e-25
1736.367869,4.962000000000001e-25
1736.970747,4.537e-25
1737.029909,1.198e-25
1737.121803,1.221e-25
1737.192748,4.797e-25
1737.705359,6.986e-25
1737.759724,7.162e-25
1737.805597,4.383e-25
1738.017078,4.621e-25
1738.638896,4.217e-25
1738.840782,4.434e-25
1739.252911,1.073e-25
1739.288512,5.6e-25
1739.341605,5.745e-25
1739.469747,1.23e-25
1739.470699,4.041e-25
1739.663795,4.237e-25
1740.056684,1.393e-25
1740.25483,1.575e-25
1740.301049,3.855e-25
1740.48606,4.033e-25
1740.854206,1.752e-25
1740.895798,4.3799999999999995e-25
1740.948657,4.491e-25
1741.036693,1.958e-25
1741.129981,3.661e-25
1741.307527,3.823e-25
1741.645073,2.146e-25
1741.814215,2.375e-25
1741.957522,3.4620000000000003e-25
1742.128153,3.608e-25
1742.195867,2.024e-26
1742.305448,2.122e-26
1742.430789,2.57e-25
1742.530195,3.346e-25
1742.583267,3.427e-25
1742.588451,2.8220000000000003e-25
1742.783692,3.259e-25
1742.911921,2.14e-26
1742.947897,3.391e-25
1743.016606,2.238e-26
1743.209446,3.018e-25
1743.357073,3.2920000000000003e-25
1743.608507,3.054e-25
1743.649004,2.241e-26
1743.749645,2.338e-26
1743.766724,3.173e-25
1743.984336,3.484e-25
1744.123189,3.777e-25
1744.194609,2.4960000000000003e-25
1744.248199,2.554e-25
1744.344578,2.326e-26
1744.431979,2.85e-25
1744.440897,2.421e-26
1744.584601,2.956e-25
1744.750678,3.959e-25
1744.881684,4.271e-25
1745.079047,2.392e-26
1745.172067,2.485e-26
1745.254117,2.6470000000000003e-25
1745.401497,2.742e-25
1745.515601,4.435e-25
1745.6397,4.762e-25
1745.749654,2.439e-26
1745.838725,2.53e-26
1745.891848,1.819e-25
1745.94622,1.86e-25
1746.074925,2.447e-25
1746.217384,2.532e-25
1746.268891,4.904e-25
1746.386655,5.244e-25
1746.485946,2.467e-26
1746.572386,2.5540000000000003e-26
1746.894406,2.253e-25
1747.0249,5.355e-25
1747.032236,2.3270000000000003e-25
1747.125525,2.4760000000000003e-26
1747.137118,5.706e-25
1747.208223,2.56e-26
1747.624598,1.295e-25
1747.679977,1.3230000000000002e-25
1747.712561,2.064e-25
1747.763741,5.782e-25
1747.846026,2.13e-25
1747.869703,2.466e-26
1747.870699,6.141e-25
1747.950403,2.5450000000000003e-26
1748.470274,2.438e-26
1748.512344,6.176e-25
1748.529389,1.883e-25
1748.547284,2.5130000000000003e-26
1748.614796,6.54e-25
1748.65873,1.941e-25
1749.230409,2.392e-26
1749.234555,6.529e-25
1749.306059,2.463e-26
1749.332514,6.896000000000001e-25
1749.344887,1.709e-25
1749.470326,1.761e-25
1749.78167,2.331e-26
1749.853532,2.3980000000000003e-26
1749.977964,6.834e-25
1750.07226,7.201000000000001e-25
1750.159049,1.545e-25
1750.28079,1.59e-25
1750.568268,2.255e-26
1750.639442,2.317e-26
1750.680382,7.089e-25
1750.770723,7.452e-25
1750.971871,1.39e-25
1751.057166,2.168e-26
1751.0901,1.429e-25
1751.124303,2.226e-26
1751.421797,7.285e-25
1751.509195,7.642e-25
1751.783346,1.245e-25
1751.88362,2.0690000000000003e-26
1751.898236,1.279e-25
1751.950805,2.122e-26
1752.100031,7.423e-25
1752.183832,7.774e-25
1752.356624,2.0130000000000003e-26
1752.593465,1.11e-25
1752.705176,1.14e-25
1752.843952,7.498e-25
1752.925463,7.838000000000001e-25
1753.492085,7.516000000000001e-25
1753.5109,1.011e-25
1753.5702,7.844000000000001e-25
1753.761853,1.033e-25
1753.831306,1.063e-25
1753.949532,1.137e-25
1754.020593,1.171e-25
1754.084095,1.021e-25
1754.161937,1.2430000000000002e-25
1754.235093,1.281e-25
1754.244666,7.469e-25
1754.321123,7.783e-25
1754.342873,1.351e-25
1754.417872,1.393e-25
1754.538515,1.458e-25
1754.615742,1.505e-25
1754.711377,1.5640000000000002e-25
1754.790699,1.616e-25
1754.85492,7.37e-25
1754.891961,1.667e-25
1754.928042,7.668e-25
1754.973692,1.7240000000000002e-25
1754.996165,3.229e-25
1755.055828,1.765e-25
1755.105998,1.07e-25
1755.139933,1.827e-25
1755.154782,1.033e-25
1755.222656,1.855e-25
1755.299651,3.486e-25
1755.309407,1.922e-25
1755.376918,1.937e-25
1755.466359,2.009e-25
1755.530981,2.007e-25
1755.623368,2.084e-25
1755.624369,7.209000000000001e-25
1755.675257,2.064e-25
1755.696482,7.491e-25
1755.770706,2.145e-25
1755.817297,2.106e-25
1755.840943,3.1450000000000003e-25
1755.91607,2.192e-25
1755.951372,2.132e-25
1756.053653,2.222e-25
1756.081944,2.14e-25
1756.122761,1.112e-25
1756.126277,3.382e-25
1756.173031,1.073e-25
1756.186735,7.007e-25
1756.188021,2.234e-25
1756.205721,2.13e-25
1756.255438,7.271e-25
1756.315843,2.226e-25
1756.325081,2.098e-25
1756.438591,2.051e-25
1756.439741,2.198e-25
1756.547305,1.983e-25
1756.557899,2.151e-25
1756.650348,1.896e-25
1756.671773,2.083e-25
1756.683708,3.059e-25
1756.748431,1.793e-25
1756.78044,1.996e-25
1756.841066,1.674e-25
1756.884692,1.892e-25
1756.92858,1.543e-25
1756.95271,3.276e-25
1756.98376,6.75e-25
1756.984111,1.771e-25
1757.010716,1.4010000000000002e-25
1757.052152,6.995e-25
1757.079132,1.636e-25
1757.08758,1.252e-25
1757.134499,1.148e-25
1757.159003,1.099e-25
1757.169618,1.49e-25
1757.186324,1.105e-25
1757.255832,1.336e-25
1757.337797,1.177e-25
1757.415721,1.016e-25
1757.485598,6.464e-25
1757.52453,2.9670000000000003e-25
1757.550372,6.691e-25
1757.778837,3.166e-25
1758.141101,1.176e-25
1758.194558,1.13e-25
1758.323902,6.132e-25
1758.363499,2.87e-25
1758.389146,6.34e-25
1758.60455,3.052e-25
1758.749543,5.786e-25
1758.810827,5.9750000000000005e-25
1759.142622,1.195e-25
1759.197794,1.147e-25
1759.200705,2.768e-25
1759.42975,2.933e-25
1759.64637,5.404e-25
1759.709022,5.574e-25
1759.976723,5.0230000000000005e-25
1760.034942,5.174e-25
1760.036225,2.66e-25
1760.139001,1.205e-25
1760.195982,1.154e-25
1760.254351,2.81e-25
1760.870122,2.547e-25
1760.953463,4.614e-25
1761.014101,4.746e-25
1761.078279,2.683e-25
1761.130261,1.205e-25
1761.16568,4.22e-25
1761.189155,1.151e-25
1761.221286,4.335000000000001e-25
1761.702449,2.429e-25
1761.901469,2.553e-25
1762.11637,1.194e-25
1762.177291,1.138e-25
1762.248551,3.806e-25
1762.307827,3.903e-25
1762.31579,3.418e-25
1762.369322,3.5e-25
1762.53325,2.308e-25
1762.723862,2.42e-25
1763.097335,1.173e-25
1763.160413,1.114e-25
1763.362558,2.184e-25
1763.427952,2.6490000000000003e-25
1763.480099,2.702e-25
1763.536618,3.016e-25
1763.545408,2.285e-25
1763.595315,3.082e-25
1764.073138,1.141e-25
1764.13852,1.08e-25
1764.190401,2.058e-25
1764.366062,2.149e-25
1764.505475,1.942e-25
1764.557125,1.968e-25
1764.825032,2.274e-25
1764.884133,2.313e-25
1765.0168,1.932e-25
1765.043781,1.099e-25
1765.111631,1.037e-25
1765.185783,2.013e-25
1765.554654,1.3210000000000002e-25
1765.606797,1.329e-25
1765.841772,1.805e-25
1766.004533,1.878e-25
1766.009251,1.047e-25
1766.124354,1.607e-25
1766.185032,1.623e-25
1766.665329,1.68e-25
1766.822278,1.745e-25
1767.448162,1.042e-25
1767.487479,1.556e-25
1767.511536,1.045e-25
1767.638987,1.614e-25
1768.308228,1.436e-25
1768.329513,1.046e-25
1768.45463,1.4870000000000002e-25
1768.532905,1.1610000000000002e-25
1769.118332,1.261e-25
1769.127579,1.3190000000000002e-25
1769.269178,1.365e-25
1769.307985,1.388e-25
1769.35375,1.074e-25
1769.389491,1.046e-25
1769.901471,1.489e-25
1769.945532,1.207e-25
1770.079148,1.628e-25
1770.082606,1.247e-25
1770.399972,1.158e-25
1770.436821,1.127e-25
1770.679091,1.7270000000000002e-25
1770.762087,1.099e-25
1770.84623,1.876e-25
1770.894888,1.134e-25
1771.425651,1.2420000000000002e-25
1771.451273,1.97e-25
1771.463891,1.208e-25
1771.609065,2.128e-25
1771.705999,1.027e-25
1772.218124,2.214e-25
1772.367565,2.381e-25
1772.459111,1.3230000000000002e-25
1772.49861,1.286e-25
1772.979626,2.455e-25
1773.121558,2.629e-25
1773.477599,1.4e-25
1773.518578,1.36e-25
1773.735901,2.689e-25
1773.871046,2.869e-25
1774.486809,2.911e-25
1774.499123,1.472e-25
1774.541523,1.428e-25
1774.615783,3.095e-25
1775.232574,3.1180000000000004e-25
1775.355919,3.3050000000000003e-25
1775.509386,1.537e-25
1775.553386,1.489e-25
1775.972847,3.3050000000000003e-25
1776.091027,3.494e-25
1776.519512,1.592e-25
1776.565112,1.541e-25
1776.708092,3.47e-25
1776.821529,3.659e-25
1777.4375,3.606e-25
1777.520776,1.638e-25
1777.546638,3.797e-25
1777.568134,1.584e-25
1778.162342,3.721e-25
1778.200268,1.827e-25
1778.267279,3.907e-25
1778.452153,1.958e-25
1778.519828,1.672e-25
1778.568992,1.615e-25
1778.880837,3.803e-25
1778.981995,3.986e-25
1779.038929,1.762e-25
1779.279003,1.882e-25
1779.511513,1.694e-25
1779.562636,1.634e-25
1779.594954,3.856e-25
1779.6926,4.034e-25
1779.876143,1.696e-25
1780.104958,1.805e-25
1780.302138,3.878e-25
1780.396473,4.05e-25
1780.499654,1.702e-25
1780.552831,1.6390000000000002e-25
1780.711777,1.628e-25
1780.930041,1.7280000000000002e-25
1781.005675,3.871e-25
1781.09694,4.036e-25
1781.481038,1.685e-25
1781.536711,1.63e-25
1781.545785,1.558e-25
1781.701096,3.834e-25
1781.754235,1.6490000000000002e-25
1781.789433,3.993e-25
1782.378163,1.4870000000000002e-25
1782.394119,3.771e-25
1782.458656,1.674e-25
1782.479754,3.921e-25
1782.516351,1.607e-25
1782.577507,1.569e-25
1783.077189,3.682e-25
1783.160205,3.825e-25
1783.208919,1.414e-25
1783.39982,1.489e-25
1783.429963,1.637e-25
1783.490191,1.569e-25
1783.759882,3.57e-25
1783.840506,3.704e-25
1784.03807,1.3399999999999999e-25
1784.221132,1.407e-25
1784.396386,1.586e-25
1784.429825,3.4390000000000004e-25
1784.459322,1.518e-25
1784.508077,3.564e-25
1784.86563,1.265e-25
1785.041407,1.326e-25
1785.102536,3.29e-25
1785.178666,3.407e-25
1785.357071,1.52e-25
1785.422935,1.452e-25
1785.688578,1.078e-25
1785.691613,1.19e-25
1785.713462,1.051e-25
1785.758335,3.1280000000000003e-25
1785.832287,3.235e-25
1785.860606,1.2440000000000002e-25
1786.312541,1.442e-25
1786.38157,1.374e-25
1786.421643,2.954e-25
1786.493714,3.053e-25
1786.516031,1.115e-25
1786.678695,1.1630000000000002e-25
1787.061967,2.773e-25
1787.11558,1.18e-25
1787.132008,2.863e-25
1787.137408,1.15e-25
1787.262362,1.351e-25
1787.334836,1.284e-25
1787.338894,1.04e-25
1787.495641,1.084e-25
1787.716766,2.586e-25
1787.785146,2.6680000000000003e-25
1787.805207,1.284e-25
1787.83167,1.25e-25
1788.206753,1.25e-25
1788.282987,1.185e-25
1788.311412,1.005e-25
1788.339883,2.398e-25
1788.406339,2.472e-25
1788.987473,2.209e-25
1789.052479,2.276e-25
1789.120014,1.388e-25
1789.144398,1.351e-25
1789.14549,1.141e-25
1789.22585,1.078e-25
1789.59115,2.024e-25
1789.654293,2.084e-25
1789.895009,1.491e-25
1789.923264,1.45e-25
1790.078637,1.026e-25
1790.233355,1.843e-25
1790.295259,1.896e-25
1790.814725,1.669e-25
1790.874786,1.716e-25
1791.121304,1.592e-25
1791.148306,1.547e-25
1791.45403,1.503e-25
1791.51307,1.544e-25
1791.959385,1.687e-25
1791.989667,1.638e-25
1792.009449,1.345e-25
1792.066619,1.381e-25
1792.649159,1.197e-25
1792.705544,1.229e-25
1793.116373,1.777e-25
1793.146098,1.7240000000000002e-25
1793.174031,1.06e-25
1793.228469,1.087e-25
1793.999476,1.858e-25
1794.032044,1.8010000000000002e-25
1795.102473,1.93e-25
1795.135075,1.868e-25
1796.016174,1.989e-25
1796.051323,1.923e-25
1797.077178,2.035e-25
1797.112874,1.965e-25
1797.39898,1.059e-25
1797.989492,1.107e-25
1798.010148,2.065e-25
1798.04822,1.992e-25
1798.162114,1.191e-25
1798.757155,1.233e-25
1798.921199,1.3210000000000002e-25
1799.03837,2.08e-25
1799.077447,2.004e-25
1799.519857,1.356e-25
1799.676142,1.448e-25
1799.981863,2.076e-25
1800.023265,1.998e-25
1800.277631,1.474e-25
1800.300613,1.015e-25
1800.426865,1.5680000000000002e-25
1800.98421,2.055e-25
1801.027048,1.974e-25
1801.030499,1.584e-25
1801.173295,1.68e-25
1801.41577,1.084e-25
1801.449682,1.07e-25
1801.77847,1.685e-25
1801.915363,1.782e-25
1801.931605,2.016e-25
1801.976831,1.933e-25
1802.52155,1.774e-25
1802.653012,1.871e-25
1802.82814,1.036e-25
1802.913114,1.959e-25
1802.960206,1.875e-25
1803.259731,1.85e-25
1803.386177,1.948e-25
1803.536263,1.097e-25
1803.62596,1.038e-25
1803.859496,1.884e-25
1803.903538,1.326e-25
1803.909159,1.8e-25
1803.930223,1.297e-25
1803.993011,1.913e-25
1804.114809,2.009e-25
1804.238847,1.148e-25
1804.324499,1.09e-25
1804.721365,1.96e-25
1804.823718,1.793e-25
1804.838844,2.055e-25
1804.875713,1.709e-25
1804.9359,1.189e-25
1805.017856,1.133e-25
1805.444788,1.992e-25
1805.558244,2.085e-25
1805.627441,1.22e-25
1805.706006,1.165e-25
1805.765516,1.687e-25
1805.820396,1.604e-25
1805.859073,1.065e-25
1805.865647,1.092e-25
1806.163239,2.009e-25
1806.272936,2.098e-25
1806.304256,1.571e-25
1806.313462,1.24e-25
1806.331886,1.53e-25
1806.388899,1.187e-25
1806.714846,1.569e-25
1806.772597,1.4870000000000002e-25
1806.876722,2.009e-25
1806.982899,2.096e-25
1806.993994,1.248e-25
1807.066535,1.198e-25
1807.411638,1.281e-25
1807.414846,1.314e-25
1807.585166,1.995e-25
1807.649518,1.44e-25
1807.669011,1.246e-25
1807.688039,2.078e-25
1807.71063,1.361e-25
1807.738858,1.198e-25
1808.288601,1.966e-25
1808.338569,1.234e-25
1808.388367,2.045e-25
1808.405902,1.189e-25
1808.585467,1.303e-25
1808.633279,1.805e-25
1808.650123,1.227e-25
1808.661109,1.754e-25
1808.986909,1.924e-25
1808.999413,1.546e-25
1808.999683,1.505e-25
1809.002606,1.212e-25
1809.067585,1.169e-25
1809.083746,1.999e-25
1809.511229,1.16e-25
1809.579936,1.089e-25
1809.661226,1.182e-25
1809.680172,1.869e-25
1809.723994,1.141e-25
1809.774244,1.94e-25
1810.31431,1.143e-25
1810.368194,1.804e-25
1810.374995,1.106e-25
1810.43465,1.016e-25
1810.459649,1.87e-25
1810.61955,1.775e-25
1810.623398,1.7250000000000002e-25
1810.89571,2.015e-25
1810.923919,1.953e-25
1810.962045,1.098e-25
1811.02076,1.063e-25
1811.05115,1.73e-25
1811.140127,1.791e-25
1811.604203,1.047e-25
1811.661056,1.015e-25
1811.728713,1.6470000000000002e-25
1811.815335,1.704e-25
1812.27454,1.986e-25
1812.282053,1.927e-25
1812.401219,1.5590000000000002e-25
1812.485606,1.611e-25
1813.068128,1.466e-25
1813.097004,2.1820000000000003e-25
1813.125913,2.111e-25
1813.150381,1.514e-25
1813.730041,1.37e-25
1813.810265,1.413e-25
1813.962703,2.1640000000000003e-25
1813.973967,2.095e-25
1814.386074,1.272e-25
1814.464354,1.311e-25
1815.037253,1.175e-25
1815.113684,1.21e-25
1815.242265,2.29e-25
1815.272252,2.21e-25
1815.68142,2.291e-25
1815.682159,1.078e-25
1815.696525,2.214e-25
1815.756806,1.11e-25
1816.39543,1.012e-25
1817.336173,2.3250000000000003e-25
1817.367667,2.237e-25
1817.427207,2.353e-25
1817.446262,2.267e-25
1819.195845,2.3380000000000003e-25
1819.218998,2.246e-25
1819.26577,1.086e-25
1819.36922,1.029e-25
1819.382981,2.278e-25
1819.416467,2.185e-25
1820.000872,1.203e-25
1820.09808,1.143e-25
1820.386344,1.202e-25
1820.443874,1.168e-25
1820.730189,1.314e-25
1820.821834,1.251e-25
1820.982555,2.242e-25
1821.010018,2.146e-25
1821.386517,2.149e-25
1821.422564,2.053e-25
1821.453522,1.415e-25
1821.540178,1.351e-25
1822.171318,1.506e-25
1822.253466,1.44e-25
1822.782193,2.066e-25
1822.81428,1.969e-25
1822.883064,1.584e-25
1822.961125,1.518e-25
1823.3502,1.943e-25
1823.389485,1.847e-25
1823.589615,1.6480000000000002e-25
1823.618685,1.4030000000000002e-25
1823.66393,1.582e-25
1823.672707,1.361e-25
1824.289551,1.688e-25
1824.360774,1.632e-25
1824.589458,1.822e-25
1824.626629,1.7280000000000002e-25
1824.870973,1.148e-25
1824.898508,1.173e-25
1824.985409,1.732e-25
1825.053185,1.668e-25
1825.277039,1.675e-25
1825.320408,1.583e-25
1825.674207,1.752e-25
1825.739079,1.689e-25
1826.285233,1.398e-25
1826.319375,1.377e-25
1826.359138,1.755e-25
1826.399075,1.528e-25
1826.421291,1.694e-25
1826.442014,1.44e-25
1826.703722,1.581e-25
1826.754594,1.53e-25
1827.036396,1.744e-25
1827.096058,1.686e-25
1827.169647,1.367e-25
1827.218193,1.283e-25
1827.684371,1.666e-25
1827.702805,1.696e-25
1827.711101,1.72e-25
1827.768386,1.664e-25
1828.205951,1.207e-25
1828.213687,1.006e-25
1828.255673,1.129e-25
1828.376638,1.682e-25
1828.431761,1.629e-25
1828.949917,1.043e-25
1829.030231,1.045e-25
1829.041668,1.633e-25
1829.073104,1.94e-25
1829.092532,1.991e-25
1829.094681,1.583e-25
1829.549894,1.022e-25
1829.6473,1.716e-25
1829.681953,1.071e-25
1829.695135,1.574e-25
1829.695438,1.655e-25
1829.74626,1.527e-25
1830.282155,1.043e-25
1830.35123,1.506e-25
1830.400448,1.462e-25
1830.409749,1.091e-25
1830.455835,2.209e-25
1830.474204,2.272e-25
1830.992063,1.431e-25
1831.009842,1.056e-25
1831.039629,1.391e-25
1831.133266,1.103e-25
1831.489279,1.23e-25
1831.502856,1.256e-25
1831.640216,1.351e-25
1831.686029,1.314e-25
1831.732942,1.06e-25
1831.836664,2.457e-25
1831.852461,1.106e-25
1831.853395,2.531e-25
1832.183455,1.057e-25
1832.267566,1.267e-25
1832.311936,1.233e-25
1832.45144,1.057e-25
1832.456028,1.789e-25
1832.501909,1.7190000000000002e-25
1832.567295,1.1e-25
1832.909112,1.18e-25
1832.951838,1.149e-25
1833.165319,1.045e-25
1833.219269,2.6660000000000003e-25
1833.234034,2.751e-25
1833.277729,1.087e-25
1833.507001,1.616e-25
1833.52071,1.651e-25
1833.521751,1.092e-25
1833.56323,1.065e-25
1833.87456,1.026e-25
1833.983724,1.066e-25
1834.158468,1.005e-25
1834.495511,1.4020000000000002e-25
1834.501807,1.433e-25
1834.579142,1.001e-25
1834.606985,2.82e-25
1834.619516,2.915e-25
1834.685242,1.038e-25
1835.137056,1.786e-25
1835.181224,1.709e-25
1835.382244,1.004e-25
1835.485505,2.076e-25
1835.499342,2.124e-25
1836.002774,2.901e-25
1836.012821,3.006e-25
1836.281785,1.084e-25
1836.369009,1.019e-25
1836.806358,1.819e-25
1836.812168,1.861e-25
1837.025371,1.232e-25
1837.106825,1.1620000000000002e-25
1837.409249,2.9e-25
1837.41656,3.012e-25
1837.423357,2.609e-25
1837.437264,2.671e-25
1837.697825,1.7e-25
1837.740908,1.62e-25
1837.769914,1.377e-25
1837.84614,1.304e-25
1838.499594,1.517e-25
1838.571365,1.44e-25
1838.828695,2.8090000000000003e-25
1838.833,2.926e-25
1839.117078,2.305e-25
1839.123001,2.364e-25
1839.236485,1.6480000000000002e-25
1839.304018,1.5680000000000002e-25
1839.319508,3.202e-25
1839.333224,3.2840000000000003e-25
1839.950833,1.767e-25
1840.014865,1.686e-25
1840.145824,1.537e-25
1840.188553,1.456e-25
1840.263097,2.63e-25
1840.26409,2.749e-25
1840.682641,1.873e-25
1840.74309,1.791e-25
1841.175227,3.799e-25
1841.18633,3.942e-25
1841.379316,1.964e-25
1841.422964,2.75e-25
1841.435653,2.936e-25
1841.437007,1.881e-25
1841.711491,2.4890000000000003e-25
1841.714167,2.372e-25
1842.109598,2.037e-25
1842.164123,1.954e-25
1842.488349,1.31e-25
1842.531608,1.232e-25
1842.785095,2.093e-25
1842.837488,2.011e-25
1842.978489,4.482e-25
1842.996174,4.62e-25
1843.17659,2.1630000000000003e-25
1843.183378,2.051e-25
1843.518718,2.129e-25
1843.568175,2.049e-25
1843.751186,3.563e-25
1843.753842,3.4520000000000003e-25
1844.168053,2.148e-25
1844.215946,2.07e-25
1844.66053,1.793e-25
1844.671996,1.689e-25
1844.732288,1.044e-25
1844.746557,5.131e-25
1844.76296,5.28e-25
1844.911558,2.147e-25
1844.956587,2.072e-25
1845.527896,2.13e-25
1845.57192,2.058e-25
1846.07025,4.22e-25
1846.071314,4.107e-25
1846.164217,1.4060000000000002e-25
1846.181125,1.314e-25
1846.289909,2.094e-25
1846.330993,2.026e-25
1846.471472,5.708e-25
1846.487622,5.881e-25
1846.864141,2.045e-25
1846.904806,1.981e-25
1847.655831,1.98e-25
1847.688322,1.031e-25
1847.693333,1.92e-25
1848.155935,6.179e-25
1848.171906,6.376e-25
1848.176103,1.906e-25
1848.213831,1.85e-25
1848.392962,4.876e-25
1848.394249,4.742e-25
1849.011676,1.819e-25
1849.045865,1.766e-25
1849.46287,1.7270000000000002e-25
1849.498019,1.679e-25
1849.802713,6.503e-25
1849.818422,6.724e-25
1850.148665,1.184e-25
1850.16422,1.156e-25
1850.360109,1.625e-25
1850.391178,1.581e-25
1850.71878,5.492e-25
1850.720579,5.3350000000000005e-25
1850.723293,1.523e-25
1850.756172,1.4830000000000002e-25
1851.415334,6.6470000000000005e-25
1851.430625,6.889000000000001e-25
1851.704111,1.414e-25
1851.732194,1.378e-25
1851.955961,1.309e-25
1851.986846,1.276e-25
1852.99808,6.589000000000001e-25
1853.012754,6.846e-25
1853.046406,6.024e-25
1853.046982,1.2e-25
1853.048746,5.843e-25
1853.06284,1.419e-25
1853.07216,1.17e-25
1853.078146,1.384e-25
1853.159189,1.097e-25
1853.187841,1.119e-25
1853.188329,1.071e-25
1853.251817,1.047e-25
1854.095548,1.286e-25
1854.152441,1.208e-25
1854.555877,6.3220000000000005e-25
1854.569694,6.588000000000001e-25
1854.654863,1.451e-25
1854.710896,1.369e-25
1855.373711,6.43e-25
1855.376518,6.225e-25
1855.644256,1.613e-25
1855.693081,1.527e-25
1855.944426,1.6490000000000002e-25
1855.961688,1.622e-25
1856.087514,1.766e-25
1856.094122,5.858e-25
1856.106813,6.125e-25
1856.137498,1.676e-25
1857.194646,1.912e-25
1857.236729,1.819e-25
1857.483399,2.038e-25
1857.528689,1.944e-25
1857.618492,5.225e-25
1857.629758,5.486e-25
1857.697715,6.671e-25
1857.700854,6.444e-25
1858.751973,2.155e-25
1858.788197,2.06e-25
1858.800439,1.903e-25
1858.810223,1.859e-25
1858.839699,2.245e-25
1858.881311,2.15e-25
1859.134735,4.468e-25
1859.144248,4.715e-25
1860.014615,6.717e-25
1860.017902,6.474e-25
1860.15318,2.372e-25
1860.191912,2.279e-25
1860.321457,2.3270000000000003e-25
1860.352423,2.233e-25
1860.648484,3.643e-25
1860.655875,3.868e-25
1861.420206,2.413e-25
1861.456707,2.3260000000000003e-25
1861.609549,2.141e-25
1861.619455,2.082e-25
1861.90812,2.417e-25
1861.934244,2.3260000000000003e-25
1862.165087,2.81e-25
1862.169931,3.006e-25
1862.319875,6.555000000000001e-25
1862.323087,6.3e-25
1862.636729,2.37e-25
1862.671542,2.29e-25
1863.516586,2.424e-25
1863.538166,2.3390000000000003e-25
1863.689481,2.026e-25
1863.691258,2.1899999999999998e-25
1863.798287,2.253e-25
1863.831874,2.1820000000000003e-25
1864.376732,2.345e-25
1864.385442,2.276e-25
1864.60836,6.187e-25
1864.611239,5.927000000000001e-25
1864.900009,2.076e-25
1864.932751,2.015e-25
1865.15089,2.352e-25
1865.168149,2.275e-25
1865.224133,1.472e-25
1865.226115,1.343e-25
1865.936679,1.856e-25
1865.9688,1.806e-25
1866.81431,2.215e-25
1866.827425,2.147e-25
1866.874514,5.633000000000001e-25
1866.876768,5.377e-25
1866.903439,1.609e-25
1866.934226,1.572e-25
1867.097495,2.5050000000000003e-25
1867.104605,2.426e-25
1867.785168,1.349e-25
1867.822815,1.331e-25
1868.509237,2.027e-25
1868.51836,1.969e-25
1868.550934,1.12e-25
1868.592293,1.122e-25
1868.60207,1.049e-25
1868.627954,1.097e-25
1869.11255,4.932e-25
1869.113854,4.6860000000000005e-25
1869.586288,1.396e-25
1869.635498,1.317e-25
1869.768502,2.606e-25
1869.773726,2.519e-25
1870.237104,1.807e-25
1870.24238,1.758e-25
1870.484722,1.112e-25
1870.511178,1.035e-25
1870.520588,1.628e-25
1870.569097,1.546e-25
1871.316639,3.904e-25
1871.31665,4.132e-25
1871.346745,1.792e-25
1871.395505,1.712e-25
1871.99837,1.571e-25
1871.999943,1.53e-25
1872.057277,1.876e-25
1872.107065,1.7990000000000002e-25
1872.3314,1.503e-25
1872.350994,1.411e-25
1872.386858,2.637e-25
1872.389936,2.542e-25
1872.64453,1.873e-25
1872.696004,1.804e-25
1873.100918,1.793e-25
1873.154644,1.732e-25
1873.419171,1.6490000000000002e-25
1873.475643,1.597e-25
1873.479403,3.09e-25
1873.48115,3.2920000000000003e-25
1873.482159,1.035e-25
1873.549185,1.009e-25
1873.592582,1.461e-25
1873.615228,1.25e-25
1873.652226,1.419e-25
1873.67841,1.216e-25
1873.790579,1.3e-25
1873.792559,1.333e-25
1874.195526,1.904e-25
1874.209477,1.8e-25
1874.950029,2.59e-25
1874.95069,2.4910000000000003e-25
1875.596708,2.3e-25
1875.600699,2.473e-25
1875.612964,1.08e-25
1875.61834,1.106e-25
1876.07602,2.286e-25
1876.085182,2.1730000000000003e-25
1876.352929,1.067e-25
1876.35652,1.095e-25
1877.453749,2.362e-25
1877.455805,2.464e-25
1877.663502,1.587e-25
1877.670402,1.7270000000000002e-25
1877.971541,2.621e-25
1877.976545,2.5030000000000003e-25
1878.949001,1.233e-25
1878.955734,1.268e-25
1879.685938,1.099e-25
1879.880486,2.885e-25
1879.88182,2.765e-25
1879.897146,2.1610000000000003e-25
1879.902265,2.263e-25
1881.463194,1.392e-25
1881.473159,1.433e-25
1881.764138,1.025e-25
1881.799041,2.944e-25
1881.800981,3.062e-25
1881.823393,1.05e-25
1881.828629,1.056e-25
1881.85776,1.077e-25
1882.279154,1.9e-25
1882.287763,1.999e-25
1882.602017,1.186e-25
1882.662733,1.224e-25
1883.539228,1.3190000000000002e-25
1883.596558,1.366e-25
1883.600405,1.224e-25
1883.63424,1.259e-25
1883.725982,3.032e-25
1883.730859,3.1440000000000003e-25
1883.896676,1.53e-25
1883.909957,1.578e-25
1884.362161,1.617e-25
1884.367537,1.4860000000000002e-25
1884.569368,1.409e-25
1884.598253,1.597e-25
1884.6109,1.689e-25
1884.623764,1.463e-25
1885.402324,1.387e-25
1885.435858,1.429e-25
1885.660127,3.027e-25
1885.667643,3.1320000000000003e-25
1885.68539,1.441e-25
1885.737371,1.501e-25
1886.143974,2.381e-25
1886.145775,2.214e-25
1886.251545,1.636e-25
1886.268227,1.691e-25
1886.853088,1.273e-25
1886.870514,1.356e-25
1886.87984,1.4050000000000002e-25
1886.930007,1.47e-25
1887.223437,1.524e-25
1887.256984,1.574e-25
1887.59864,2.936e-25
1887.608519,3.032e-25
1887.929785,3.042e-25
1887.930841,3.242e-25
1888.145107,1.3e-25
1888.194163,1.369e-25
1888.530781,1.698e-25
1888.550966,1.76e-25
1889.05846,1.624e-25
1889.065672,1.023e-25
1889.092381,1.68e-25
1889.473647,1.136e-25
1889.522447,1.204e-25
1889.538349,2.772e-25
1889.550316,2.858e-25
1889.714343,3.916e-25
1889.717714,4.144e-25
1890.73815,1.707e-25
1890.761972,1.774e-25
1890.902529,1.673e-25
1890.937231,1.736e-25
1891.475719,2.551e-25
1891.489489,2.625e-25
1891.493858,4.775e-25
1891.499103,5.0250000000000005e-25
1892.751195,1.665e-25
1892.787144,1.732e-25
1892.878059,1.658e-25
1892.905711,1.7280000000000002e-25
1893.262489,5.555e-25
1893.269228,5.82e-25
1893.40688,2.291e-25
1893.42208,2.354e-25
1893.878132,1.024e-25
1893.909746,1.054e-25
1894.600403,1.594e-25
1894.638146,1.665e-25
1894.722624,1.086e-25
1894.752868,1.119e-25
1894.955367,1.55e-25
1894.98714,1.622e-25
1895.014303,6.199e-25
1895.022203,6.469e-25
1895.327555,2.009e-25
1895.343613,2.06e-25
1895.914169,1.141e-25
1895.947327,1.177e-25
1896.446473,1.465e-25
1896.486673,1.536e-25
1896.743466,6.661e-25
1896.752235,6.93e-25
1896.801392,1.194e-25
1896.833848,1.231e-25
1896.936122,1.095e-25
1896.939431,1.201e-25
1896.975179,1.388e-25
1897.011512,1.459e-25
1897.233177,1.7220000000000002e-25
1897.248004,1.752e-25
1897.929971,1.237e-25
1897.964942,1.278e-25
1898.207284,1.718e-25
1898.2075,1.857e-25
1898.286067,1.284e-25
1898.329563,1.354e-25
1898.444449,6.912000000000001e-25
1898.453829,7.172e-25
1898.845719,1.274e-25
1898.880563,1.317e-25
1898.942633,1.184e-25
1898.984199,1.252e-25
1899.118875,1.444e-25
1899.149173,1.4199999999999999e-25
1899.419346,2.629e-25
1899.421584,2.457e-25
1899.924759,1.301e-25
1899.961856,1.347e-25
1900.112216,6.944000000000001e-25
1900.11615,1.068e-25
1900.121995,7.187e-25
1900.164052,1.133e-25
1900.579088,3.4690000000000003e-25
1900.583293,3.268e-25
1900.857925,1.3190000000000002e-25
1900.895405,1.367e-25
1900.910521,1.015e-25
1900.980012,1.103e-25
1901.002981,1.209e-25
1901.691414,4.323000000000001e-25
1901.697183,4.097e-25
1901.742399,6.764e-25
1901.752413,6.987e-25
1901.897941,1.326e-25
1901.937538,1.376e-25
1902.76147,5.129e-25
1902.768451,4.885e-25
1902.840011,1.3210000000000002e-25
1902.880178,1.365e-25
1903.331404,6.399e-25
1903.341563,6.599000000000001e-25
1903.794735,5.829e-25
1903.802609,5.575e-25
1903.849088,1.305e-25
1903.891698,1.358e-25
1904.793674,1.277e-25
1904.796862,6.375e-25
1904.805334,6.118e-25
1904.837596,1.331e-25
1904.876417,5.886e-25
1904.88679,6.061e-25
1905.773493,6.729e-25
1905.777904,1.237e-25
1905.782294,6.476e-25
1905.824081,1.292e-25
1906.374706,5.255e-25
1906.38632,5.421e-25
1906.720327,1.186e-25
1906.730064,6.872e-25
1906.738951,6.6310000000000005e-25
1906.768321,1.2420000000000002e-25
1907.671611,6.804e-25
1907.680373,6.58e-25
1907.684186,1.125e-25
1907.734722,1.18e-25
1907.834214,4.551e-25
1907.839204,4.725e-25
1908.602595,6.541e-25
1908.611055,6.338e-25
1908.62111,1.054e-25
1908.674042,1.109e-25
1909.237674,3.915e-25
1909.245235,4.018e-25
1909.526761,6.113e-25
1909.534789,5.933000000000001e-25
1909.623739,1.029e-25
1910.447053,5.559e-25
1910.454579,5.404e-25
1910.597117,3.255e-25
1910.604828,3.335e-25
1911.365575,4.925e-25
1911.372631,4.793e-25
1911.911286,2.6420000000000003e-25
1911.918888,2.704e-25
1912.283621,4.253e-25
1912.290496,4.142e-25
1913.181248,2.096e-25
1913.188683,2.143e-25
1913.201735,3.584e-25
1913.208794,1.019e-25
1913.210243,3.4750000000000003e-25
1913.223283,1.09e-25
1914.113015,2.763e-25
1914.119812,2.948e-25
1914.34579,1.348e-25
1914.35573,1.43e-25
1914.408456,1.627e-25
1914.415723,1.661e-25
1915.037218,2.37e-25
1915.037227,2.311e-25
1915.415343,1.677e-25
1915.421375,1.768e-25
1915.59454,1.235e-25
1915.601662,1.26e-25
1915.952916,1.862e-25
1915.953074,1.821e-25
1916.418358,1.982e-25
1916.420963,2.08e-25
1916.865287,1.4010000000000002e-25
1916.86558,1.431e-25
1917.355446,2.3420000000000003e-25
1917.355893,2.242e-25
1917.772806,1.055e-25
1918.226004,2.539e-25
1918.229194,2.438e-25
1918.724714,1.117e-25
1918.767628,1.178e-25
1919.034063,2.6590000000000003e-25
1919.03973,2.56e-25
1919.781322,2.697e-25
1919.789225,2.604e-25
1920.469784,2.6570000000000003e-25
1920.479687,2.571e-25
1920.755207,1.256e-25
1920.799351,1.317e-25
1921.101794,2.547e-25
1921.113437,2.469e-25
1921.680132,2.378e-25
1921.693133,2.31e-25
1921.882338,1.022e-26
1921.887793,1.1e-26
1921.918979,1.066e-26
1922.208733,2.1590000000000003e-25
1922.221795,2.108e-25
1922.68207,1.91e-25
1922.702814,1.879e-25
1922.853757,1.334e-25
1922.896575,1.3130000000000002e-26
1922.899786,1.392e-25
1922.91068,1.273e-26
1922.925374,1.27e-26
1922.94728,1.241e-26
1923.120949,1.677e-25
1923.13996,1.636e-25
1923.51787,1.428e-25
1923.537368,1.393e-25
1923.87946,1.189e-25
1923.897892,1.556e-26
1923.899514,1.1610000000000002e-25
1923.923512,1.5010000000000002e-26
1923.931756,1.566e-26
1923.967767,1.524e-26
1924.57433,1.235e-26
1924.613187,1.209e-26
1924.891852,1.83e-26
1924.91322,1.759e-26
1924.945582,1.907e-26
1924.980743,1.8520000000000003e-26
1925.027794,1.346e-25
1925.076274,1.4e-25
1925.607847,1.585e-26
1925.646867,1.5500000000000002e-26
1925.878615,2.138e-26
1925.894246,2.048e-26
1925.952186,2.299e-26
1925.986153,2.229e-26
1926.634392,2.005e-26
1926.673498,1.9570000000000003e-26
1926.858417,2.482e-26
1926.866208,2.367e-26
1926.951606,2.7480000000000005e-26
1926.983925,2.657e-26
1927.284614,1.297e-25
1927.336039,1.344e-25
1927.653967,2.502e-26
1927.693054,2.438e-26
1927.8285,2.7190000000000005e-26
1927.831627,2.867e-26
1927.885132,1.291e-26
1927.925145,1.267e-26
1927.943899,3.2570000000000003e-26
1927.973965,3.141e-26
1928.424663,1.058e-25
1928.666579,3.0850000000000004e-26
1928.70551,3.001e-26
1928.780099,3.1050000000000004e-26
1928.798836,3.2950000000000004e-26
1928.924536,1.7280000000000002e-26
1928.929144,3.83e-26
1928.956138,3.6840000000000006e-26
1928.965027,1.6940000000000002e-26
1929.312167,1.107e-25
1929.348499,1.169e-25
1929.631132,1.196e-25
1929.672239,3.7620000000000006e-26
1929.685937,1.236e-25
1929.710832,3.653e-26
1929.803368,1.226e-25
1929.834275,1.291e-25
1929.907461,4.473e-26
1929.930254,4.287e-26
1929.957224,2.267e-26
1929.998179,2.2180000000000003e-26
1930.670963,4.542e-26
1930.708977,4.4010000000000006e-26
1930.817489,1.317e-25
1930.851202,1.384e-25
1930.879026,5.19e-26
1930.896028,4.954e-26
1930.983192,2.922e-26
1931.024585,2.8550000000000005e-26
1931.169648,1.426e-25
1931.196829,1.494e-25
1931.662778,5.431e-26
1931.699892,5.251e-26
1931.844108,5.988e-26
1931.848532,1.119e-26
1931.853017,5.688e-26
1931.888944,1.103e-26
1932.002435,3.707e-26
1932.044229,3.617e-26
1932.073641,1.059e-25
1932.132203,1.092e-25
1932.313851,1.488e-25
1932.345596,1.556e-25
1932.483216,1.581e-25
1932.50696,1.65e-25
1932.647722,6.438e-26
1932.683502,6.209e-26
1932.800499,6.489000000000001e-26
1932.803135,6.873e-26
1932.894449,1.595e-26
1932.935507,1.568e-26
1933.014951,4.639e-26
1933.057093,4.5180000000000006e-26
1933.625853,7.571000000000001e-26
1933.659708,7.281e-26
1933.737204,7.36e-26
1933.738716,1.682e-25
1933.756817,7.858000000000001e-26
1933.759202,1.75e-25
1933.80432,1.606e-25
1933.83463,1.673e-25
1933.933872,2.205e-26
1933.975593,2.1640000000000003e-26
1934.020742,5.731e-26
1934.063154,5.573e-26
1934.597254,8.837000000000001e-26
1934.628369,8.472000000000001e-26
1934.930831,1.7240000000000002e-25
1934.948162,1.788e-25
1934.966793,2.971e-26
1935.009192,2.911e-26
1935.01981,6.999e-26
1935.062387,6.793e-26
1935.292322,1.664e-25
1935.321652,1.7280000000000002e-25
1935.562051,1.025e-25
1935.589278,9.785e-26
1935.993202,3.9180000000000006e-26
1936.012165,8.457000000000001e-26
1936.03629,3.832e-26
1936.054481,1.707e-25
1936.054758,8.191e-26
1936.068713,1.767e-25
1936.520436,1.181e-25
1936.542118,1.123e-25
1936.661698,1.089e-26
1936.723404,1.058e-26
1936.781669,1.66e-25
1936.810419,1.7190000000000002e-25
1936.930929,1.204e-26
1936.994297,1.169e-26
1936.997821,1.012e-25
1937.01309,5.0710000000000005e-26
1937.040228,9.78e-26
1937.056875,4.9520000000000007e-26
1937.105028,1.6390000000000002e-25
1937.116195,1.692e-25
1937.192168,1.322e-26
1937.257318,1.283e-26
1937.445407,1.444e-26
1937.472708,1.353e-25
1937.486386,1.279e-25
1937.512472,1.3990000000000002e-26
1937.581368,1.172e-26
1937.622068,1.157e-26
1937.69064,1.566e-26
1937.759768,1.5160000000000002e-26
1937.927858,1.6860000000000003e-26
1937.976802,1.2e-25
1937.999214,1.63e-26
1938.018742,1.157e-25
1938.02645,6.456e-26
1938.070931,6.294e-26
1938.078463,1.528e-25
1938.086583,1.575e-25
1938.157051,1.8030000000000003e-26
1938.230819,1.741e-26
1938.276579,1.599e-25
1938.305112,1.652e-25
1938.378207,1.912e-26
1938.419358,1.543e-25
1938.421227,1.449e-25
1938.454595,1.844e-26
1938.591313,2.011e-26
1938.627965,1.7620000000000002e-26
1938.669414,1.7350000000000003e-26
1938.670559,1.936e-26
1938.796354,2.0960000000000003e-26
1938.877842,1.0710000000000002e-26
1938.878726,2.014e-26
1938.927502,1.046e-26
1938.949144,1.41e-25
1938.971545,1.387e-25
1938.976643,1.427e-25
1938.990228,1.356e-25
1938.993311,2.162e-26
1939.033275,8.098e-26
1939.078444,7.882e-26
1939.079118,2.0740000000000003e-26
1939.182162,2.206e-26
1939.185698,1.231e-26
1939.236351,1.202e-26
1939.271761,2.111e-26
1939.345076,1.633e-25
1939.361225,1.755e-25
1939.362879,2.221e-26
1939.456688,2.121e-26
1939.486026,1.409e-26
1939.53543,2.202e-26
1939.537734,1.3740000000000002e-26
1939.633941,2.0980000000000003e-26
1939.668257,2.539e-26
1939.699772,2.144e-26
1939.710489,2.495e-26
1939.778824,1.6040000000000002e-26
1939.781695,1.491e-25
1939.781909,1.227e-25
1939.784018,1.26e-25
1939.803571,2.036e-26
1939.810343,1.537e-25
1939.83165,1.563e-26
1939.855852,2.04e-26
1939.914904,1.6450000000000002e-25
1939.954585,1.577e-25
1939.965646,1.931e-26
1940.003602,1.882e-26
1940.033562,1.002e-25
1940.064086,1.816e-26
1940.079395,9.739e-26
1940.1181,1.7690000000000003e-26
1940.120259,1.775e-26
1940.14293,1.6650000000000002e-26
1940.267532,1.563e-26
1940.27371,1.378e-26
1940.341808,2.045e-26
1940.395769,1.013e-26
1940.397087,1.9910000000000003e-26
1940.407641,1.287e-26
1940.507273,1.086e-25
1940.508105,1.059e-25
1940.611985,2.2910000000000003e-26
1940.668611,2.228e-26
1940.702231,3.5400000000000003e-26
1940.745278,3.472e-26
1940.874164,1.906e-25
1940.87461,2.551e-26
1940.911666,1.82e-25
1940.932676,2.4790000000000003e-26
1941.027306,1.226e-25
1941.073765,1.189e-25
1941.12968,2.825e-26
1941.189285,2.7430000000000005e-26
1941.302091,1.347e-25
1941.331162,1.385e-25
1941.377186,3.1100000000000004e-26
1941.438442,3.0160000000000005e-26
1941.617123,3.4030000000000004e-26
1941.680151,3.297e-26
1941.729873,4.803e-26
1941.77377,4.702e-26
1941.827056,2.193e-25
1941.849482,3.7e-26
1941.861253,2.086e-25
1941.914418,3.58e-26
1942.01451,1.4820000000000002e-25
1942.06153,1.435e-25
1942.074256,3.9960000000000006e-26
1942.106636,1.01e-25
1942.141251,3.862e-26
1942.147175,1.061e-25
1942.223205,1.083e-26
1942.266774,1.06e-26
1942.291434,4.2850000000000005e-26
1942.341356,1.02e-26
1942.360658,4.136e-26
1942.501006,4.5630000000000005e-26
1942.553156,1.2770000000000002e-26
1942.57265,4.3970000000000005e-26
1942.59744,1.2490000000000002e-26
1942.70296,4.82e-26
1942.75117,6.367e-26
1942.773782,2.508e-25
1942.777237,4.638e-26
1942.795953,6.224e-26
1942.803003,2.374e-25
1942.826452,1.087e-25
1942.843277,1.18e-25
1942.865203,1.139e-25
1942.873044,1.212e-25
1942.875957,1.498e-26
1942.89728,5.049e-26
1942.920994,1.4650000000000002e-26
1942.974437,4.85e-26
1942.995179,1.774e-25
1943.042658,1.714e-25
1943.083951,5.241e-26
1943.164266,5.0250000000000007e-26
1943.191602,1.7500000000000002e-26
1943.237435,1.71e-26
1943.26295,5.386e-26
1943.346749,5.1530000000000006e-26
1943.434255,5.473000000000001e-26
1943.474575,1.066e-26
1943.500087,2.034e-26
1943.502519,1.042e-26
1943.521912,5.224000000000001e-26
1943.546759,1.987e-26
1943.556082,1.155e-25
1943.593499,1.207e-25
1943.597835,5.49e-26
1943.689791,5.227e-26
1943.714667,2.855e-25
1943.73635,2.686e-25
1943.753654,5.424e-26
1943.766112,8.275000000000001e-26
1943.801406,2.3520000000000003e-26
1943.811814,8.074000000000001e-26
1943.848966,2.297e-26
1943.850432,5.15e-26
1943.901665,5.262000000000001e-26
1943.969322,2.103e-25
1944.003892,4.98e-26
1944.017113,2.027e-25
1944.041808,4.99e-26
1944.095554,2.707e-26
1944.113345,1.05e-26
1944.144054,2.6410000000000004e-26
1944.150247,4.7050000000000005e-26
1944.153493,1.039e-26
1944.174006,4.5910000000000007e-26
1944.258517,1.213e-25
1944.289602,4.31e-26
1944.294314,1.266e-25
1944.298154,4.048e-26
1944.382526,3.1e-26
1944.411189,1.004e-25
1944.414108,3.3430000000000005e-26
1944.422099,3.7820000000000005e-26
1944.432022,3.023e-26
1944.441857,1.03e-25
1944.521661,2.4520000000000003e-26
1944.547944,3.1040000000000005e-26
1944.607091,1.095e-26
1944.620505,1.348e-26
1944.635394,1.07e-26
1944.650264,3.237e-25
1944.660295,3.02e-25
1944.662317,3.531e-26
1944.667446,2.26e-26
1944.71287,3.4410000000000005e-26
1944.774686,1.057e-25
1944.781091,1.2320000000000002e-26
1944.821339,1.029e-25
1944.934921,4.0020000000000005e-26
1944.936959,2.472e-25
1944.982512,1.261e-25
1944.984844,2.376e-25
1944.986597,3.897e-26
1945.01731,1.313e-25
1945.161181,1.705e-26
1945.200333,4.512e-26
1945.202128,1.681e-26
1945.253203,4.39e-26
1945.458546,5.059000000000001e-26
1945.51269,4.9190000000000005e-26
1945.572914,3.378e-25
1945.581553,3.66e-25
1945.664256,1.297e-25
1945.697185,1.341e-25
1945.709556,5.642000000000001e-26
1945.730953,1.103e-26
1945.759678,1.077e-26
1945.765058,5.481000000000001e-26
1945.776883,1.329e-25
1945.824515,1.292e-25
1945.898123,2.881e-25
1945.945781,2.761e-25
1945.953354,6.257e-26
1946.01031,6.072000000000001e-26
1946.189936,6.9e-26
1946.20289,2.6030000000000003e-26
1946.244677,2.561e-26
1946.248448,6.689e-26
1946.385923,1.3210000000000002e-25
1946.418451,1.372e-25
1946.419293,7.563000000000001e-26
1946.445008,1.104e-26
1946.479476,7.324000000000001e-26
1946.484765,1.0820000000000002e-26
1946.641417,8.240000000000001e-26
1946.703398,7.97e-26
1946.772692,1.6470000000000002e-25
1946.789954,1.326e-26
1946.821328,1.5999999999999998e-25
1946.830272,1.3e-26
1946.852575,1.087e-26
1946.852865,3.333e-25
1946.856299,8.921e-26
1946.881697,1.061e-26
1946.899826,3.184e-25
1946.92022,8.618000000000001e-26
1947.04238,1.334e-25
1947.063931,9.594e-26
1947.073346,1.384e-25
1947.128071,1.5860000000000003e-26
1947.129949,9.256e-26
1947.168978,1.554e-26
1947.238453,3.796e-26
1947.264301,1.025e-25
1947.281126,3.727e-26
1947.332593,9.871e-26
1947.457397,1.086e-25
1947.45935,1.889e-26
1947.500876,1.85e-26
1947.528162,1.045e-25
1947.643204,1.143e-25
1947.716671,1.098e-25
1947.762105,2.017e-25
1947.7664,1.334e-25
1947.783785,2.238e-26
1947.797022,1.382e-25
1947.801265,3.829e-25
1947.811762,1.955e-25
1947.821708,1.193e-25
1947.825963,2.1910000000000003e-26
1947.846833,3.643e-25
1947.898134,1.143e-25
1947.966663,1.044e-26
1947.992888,1.233e-25
1947.996233,1.018e-26
1948.072571,1.179e-25
1948.101369,2.64e-26
1948.144233,2.583e-26
1948.156722,1.262e-25
1948.240007,1.204e-25
1948.267854,5.339e-26
1948.311459,5.232e-26
1948.313182,1.278e-25
1948.391348,1.3250000000000002e-25
1948.400472,1.216e-25
1948.412096,3.1e-26
1948.420288,1.371e-25
1948.455683,3.0310000000000005e-26
1948.462236,1.277e-25
1948.537539,1.026e-26
1948.554005,1.212e-25
1948.559408,1.006e-26
1948.603841,1.257e-25
1948.700658,1.189e-25
1948.715959,3.622e-26
1948.737946,1.216e-25
1948.743453,4.3710000000000005e-25
1948.745117,2.441e-25
1948.760309,3.5390000000000004e-26
1948.786576,4.14e-25
1948.795799,2.361e-25
1948.840495,1.146e-25
1948.864481,1.149e-25
1948.973603,1.078e-25
1948.983357,1.054e-25
1949.012951,4.2110000000000006e-26
1949.058107,4.1130000000000006e-26
1949.094452,9.269e-26
1949.100105,9.843e-26
1949.124153,1.303e-25
1949.153129,1.346e-25
1949.197595,7.635e-26
1949.220167,8.607000000000001e-26
1949.291076,7.291e-26
1949.292536,5.59e-26
1949.303067,4.873e-26
1949.33404,7.042e-26
1949.335664,7.132e-26
1949.349074,4.7570000000000007e-26
1949.378891,3.072e-26
1949.442103,5.112e-26
1949.520228,1.131e-26
1949.543958,1.109e-26
1949.544982,2.779e-26
1949.586299,5.611000000000001e-26
1949.633207,5.474e-26
1949.679635,4.963000000000001e-25
1949.709346,1.274e-25
1949.718692,4.674000000000001e-25
1949.721722,2.922e-25
1949.736425,1.315e-25
1949.773416,2.82e-25
1949.862642,6.429000000000001e-26
1949.910504,6.268000000000001e-26
1950.132088,7.329000000000001e-26
1950.180962,7.14e-26
1950.308104,9.716e-26
1950.353727,9.487e-26
1950.394631,8.313000000000001e-26
1950.444581,8.093e-26
1950.45954,1.233e-25
1950.487098,1.271e-25
1950.610159,5.609000000000001e-25
1950.642557,5.244e-25
1950.650264,9.381e-26
1950.691922,3.4630000000000003e-25
1950.701358,9.125e-26
1950.744589,3.335e-25
1950.780714,1.235e-26
1950.803508,1.21e-26
1950.898982,1.053e-25
1950.951294,1.023e-25
1950.994266,1.188e-25
1951.019597,1.224e-25
1951.140775,1.176e-25
1951.194387,1.142e-25
1951.31892,1.268e-25
1951.365634,1.236e-25
1951.375638,1.305e-25
1951.430639,1.266e-25
1951.535631,6.3170000000000005e-25
1951.557017,5.852e-25
1951.603562,1.441e-25
1951.621843,1.204e-26
1951.655722,4.067e-25
1951.659,1.1820000000000002e-26
1951.660051,1.397e-25
1951.709284,3.907e-25
1951.773094,1.132e-25
1951.794238,1.33e-26
1951.799433,1.165e-25
1951.818568,1.303e-26
1951.824539,1.583e-25
1951.882624,1.532e-25
1951.975465,1.4670000000000002e-26
1952.013092,1.439e-26
1952.038561,1.7270000000000002e-25
1952.098362,1.67e-25
1952.243674,1.077e-25
1952.245618,1.874e-25
1952.267332,1.108e-25
1952.307269,1.809e-25
1952.322541,1.7790000000000002e-26
1952.323511,1.623e-25
1952.360661,1.744e-26
1952.371372,1.58e-25
1952.445701,2.02e-25
1952.45719,7.102e-25
1952.459712,6.493e-25
1952.509349,1.948e-25
1952.570436,1.3990000000000002e-26
1952.609813,1.383e-26
1952.613134,4.736e-25
1952.638797,2.1630000000000003e-25
1952.663061,2.1470000000000003e-26
1952.667454,4.536e-25
1952.701699,2.105e-26
1952.704611,2.083e-25
1952.824895,2.301e-25
1952.893061,2.212e-25
1952.997017,2.5810000000000003e-26
1953.00398,2.429e-25
1953.012964,1.415e-26
1953.036198,2.529e-26
1953.036676,1.385e-26
1953.06555,1.011e-25
1953.074712,2.3320000000000003e-25
1953.090852,1.039e-25
1953.176037,2.545e-25
1953.249577,2.438e-25
1953.32186,2.046e-25
1953.324399,3.087e-26
1953.341047,2.6450000000000003e-25
1953.36415,3.024e-26
1953.370929,1.988e-25
1953.417673,2.529e-25
1953.498988,2.724e-25
1953.564183,5.47e-25
1953.57902,2.598e-25
1953.6137,2.3250000000000003e-26
1953.619039,5.223e-25
1953.645198,3.677e-26
1953.649835,2.777e-25
1953.653924,2.2910000000000003e-26
1953.685549,3.6e-26
1953.733647,2.6420000000000003e-25
1953.793557,2.8e-25
1953.881586,2.6570000000000003e-25
1953.930115,2.788e-25
1953.959406,4.3580000000000005e-26
1954.000386,4.2650000000000006e-26
1954.022882,2.637e-25
1954.048184,1.4820000000000002e-26
1954.059462,2.736e-25
1954.073178,1.4500000000000002e-26
1954.157591,2.578e-25
1954.181538,2.636e-25
1954.267013,5.1420000000000007e-26
1954.28579,2.474e-25
1954.296262,2.4840000000000003e-25
1954.308657,5.029e-26
1954.313954,2.541e-25
1954.364291,2.464e-25
1954.403531,2.272e-25
1954.407581,2.32e-25
1954.503198,1.993e-25
1954.508914,6.273000000000001e-25
1954.523105,2.11e-25
1954.563945,5.967000000000001e-25
1954.568011,6.038e-26
1954.595056,1.6390000000000002e-25
1954.610353,5.903000000000001e-26
1954.632568,1.839e-25
1954.651009,3.609e-26
1954.678798,1.198e-25
1954.692126,3.547e-26
1954.736274,1.5e-25
1954.753939,6.579e-26
1954.834706,1.085e-25
1954.862392,7.057e-26
1954.905471,6.895000000000001e-26
1954.928684,5.885e-26
1955.150146,8.209e-26
1955.194003,8.016000000000001e-26
1955.232682,1.5280000000000002e-26
1955.257317,1.4940000000000002e-26
1955.299778,3.113e-25
1955.351445,3.014e-25
1955.431267,9.503e-26
1955.447397,7.144e-25
1955.475946,9.274e-26
1955.502033,6.767e-25
1955.682338,5.324e-26
1955.705745,1.095e-25
1955.724402,5.221000000000001e-26
1955.751293,1.068e-25
1955.973573,1.255e-25
1956.020042,1.223e-25
1956.234743,1.432e-25
1956.279319,3.769e-25
1956.282187,1.394e-25
1956.282214,1.546e-26
1956.307936,1.51e-26
1956.332377,3.642e-25
1956.379754,8.088e-25
1956.43308,7.621e-25
1956.489245,1.625e-25
1956.537725,1.581e-25
1956.707667,7.553000000000001e-26
1956.737072,1.835e-25
1956.750734,7.393000000000001e-26
1956.786654,1.784e-25
1956.978215,2.061e-25
1957.02897,2.003e-25
1957.212667,2.304e-25
1957.252567,4.512e-25
1957.264672,2.236e-25
1957.30619,9.11e-25
1957.30707,4.3510000000000005e-25
1957.356712,8.529e-25
1957.438442,1.532e-26
1957.440418,2.561e-25
1957.464019,1.495e-26
1957.487739,1.186e-26
1957.493759,2.4830000000000003e-25
1957.522487,1.165e-26
1957.661459,2.831e-25
1957.71623,2.743e-25
1957.726974,1.038e-25
1957.771104,1.014e-25
1957.850257,1.464e-26
1957.87578,3.112e-25
1957.885404,1.4380000000000002e-26
1957.932085,3.012e-25
1958.083373,3.402e-25
1958.130643,1.113e-26
1958.141325,3.2890000000000003e-25
1958.155979,1.093e-26
1958.206512,1.8e-26
1958.219511,5.3460000000000005e-25
1958.227061,1.022e-24
1958.242078,1.7670000000000002e-26
1958.272254,9.488e-25
1958.275508,5.143e-25
1958.284227,3.697e-25
1958.343952,3.569e-25
1958.47833,3.993e-25
1958.496373,1.48e-26
1958.522894,1.4430000000000002e-26
1958.539971,3.85e-25
1958.556491,2.202e-26
1958.592494,2.161e-26
1958.665671,4.286e-25
1958.729385,4.127e-25
1958.740237,1.39e-25
1958.785495,1.356e-25
1958.846236,4.571e-25
1958.900181,2.683e-26
1958.912202,4.393e-25
1958.936642,2.6320000000000004e-26
1959.0104,1.031e-25
1959.020012,4.841e-25
1959.088429,4.645000000000001e-25
1959.143023,1.143e-24
1959.178392,1.05e-24
1959.180146,6.273000000000001e-25
1959.186982,5.09e-25
1959.23757,3.254e-26
1959.237668,6.02e-25
1959.258079,4.875e-25
1959.27451,3.19e-26
1959.347128,5.311000000000001e-25
1959.421165,5.076e-25
1959.500427,5.496e-25
1959.568645,3.9290000000000005e-26
1959.577706,5.241e-25
1959.606086,3.8510000000000005e-26
1959.628981,1.3890000000000002e-26
1959.646857,5.637000000000001e-25
1959.655534,1.353e-26
1959.727724,5.362e-25
1959.747435,1.82e-25
1959.786387,5.725e-25
1959.793893,1.773e-25
1959.87125,5.43e-25
1959.893393,4.722e-26
1959.918981,5.751e-25
1959.93136,4.6260000000000006e-26
1959.999574,1.1820000000000002e-26
1960.008321,5.437e-25
1960.035262,1.009e-26
1960.044596,5.705e-25
1960.055373,1.278e-24
1960.072231,1.155e-24
1960.134468,7.294e-25
1960.138987,5.375e-25
1960.163177,5.577e-25
1960.180174,1.146e-26
1960.193524,6.9799999999999995e-25
1960.211802,5.65e-26
1960.250321,5.533000000000001e-26
1960.263314,5.233e-25
1960.274653,5.356e-25
1960.378932,5.031e-25
1960.381389,5.0030000000000005e-25
1960.475888,4.59e-25
1960.493333,4.674000000000001e-25
1960.52386,6.729e-26
1960.56296,6.586e-26
1960.564708,1.383e-26
1960.565346,4.017e-25
1960.589619,1.356e-26
1960.599317,4.236e-25
1960.647054,3.2970000000000003e-25
1960.690623,1.257e-26
1960.69959,3.679e-25
1960.703712,1.432e-26
1960.718017,1.222e-26
1960.720626,2.408e-25
1960.748548,2.3380000000000003e-25
1960.785436,1.3230000000000002e-25
1960.794533,2.9910000000000003e-25
1960.79628,2.273e-25
1960.829556,7.977e-26
1960.869265,7.804e-26
1960.870398,1.3890000000000002e-26
1960.884769,2.1590000000000003e-25
1960.971401,1.167e-25
1961.082482,8.411000000000001e-25
1961.128878,9.413e-26
1961.143038,8.024e-25
1961.169228,9.205e-26
1961.399303,1.668e-26
1961.421814,1.106e-25
1961.462839,1.0810000000000002e-25
1961.474058,1.2820000000000002e-26
1961.554071,1.619e-26
1961.708355,1.293e-25
1961.743555,2.951e-25
1961.750091,1.263e-25
1961.771611,1.06e-26
1961.792643,2.865e-25
1961.803181,1.085e-26
1961.830756,1.054e-26
1961.922798,1.272e-26
1961.929844,1.248e-26
1961.974432,1.7480000000000002e-26
1961.988488,1.504e-25
1962.01185,1.7250000000000003e-26
1962.012089,1.026e-26
1962.024202,9.623e-25
1962.030974,1.468e-25
1962.086158,9.148e-25
1962.086508,1.885e-26
1962.23096,1.83e-26
1962.262202,1.742e-25
1962.305481,1.699e-25
1962.515758,1.615e-26
1962.529488,2.007e-25
1962.573604,1.957e-25
1962.730994,1.5620000000000002e-26
1962.732435,3.67e-25
1962.76545,2.078e-26
1962.782968,3.556e-25
1962.790335,2.302e-25
1962.835337,2.243e-25
1962.900893,2.0180000000000003e-26
1962.951675,1.64e-26
1962.959659,1.093e-24
1962.976298,1.6080000000000003e-26
1963.012949,2.975e-26
1963.022804,1.035e-24
1963.044731,2.627e-25
1963.051221,2.927e-26
1963.090673,2.558e-25
1963.250584,2.212e-26
1963.292666,2.9830000000000003e-25
1963.339605,2.903e-25
1963.43622,2.243e-26
1963.445339,2.139e-26
1963.534131,3.371e-25
1963.563736,2.18e-26
1963.582129,3.2780000000000004e-25
1963.6609,1.044e-25
1963.715169,4.5e-25
1963.767241,4.3520000000000005e-25
1963.769113,3.79e-25
1963.818239,3.682e-25
1963.844949,1.539e-26
1963.854349,1.509e-26
1963.888911,1.234e-24
1963.952851,1.162e-24
1963.976574,2.825e-26
1963.997604,4.239e-25
1964.045783,4.691e-26
1964.047931,4.114e-25
1964.084959,4.604e-26
1964.098893,2.377e-26
1964.132922,1.055e-26
1964.15439,2.732e-26
1964.165171,1.037e-26
1964.219381,2.311e-26
1964.219591,4.716e-25
1964.271201,4.573e-25
1964.435065,5.219e-25
1964.488047,5.055e-25
1964.503482,1.32e-26
1964.536076,1.297e-26
1964.5743,1.143e-25
1964.644014,5.744e-25
1964.6554,1.033e-25
1964.691738,5.449e-25
1964.694065,3.429e-26
1964.698465,5.558e-25
1964.745449,5.26e-25
1964.753525,2.4790000000000003e-26
1964.812063,1.384e-24
1964.846426,6.287000000000001e-25
1964.85765,3.318e-26
1964.867746,2.412e-26
1964.868098,1.644e-26
1964.876088,1.296e-24
1964.901051,1.615e-26
1964.902456,6.076e-25
1965.042289,6.842e-25
1965.072818,6.999e-26
1965.100018,6.604000000000001e-25
1965.112954,6.855e-26
1965.226767,2.038e-26
1965.231592,7.402e-25
1965.260094,2.001e-26
1965.291154,7.136e-25
1965.29532,1.845e-26
1965.319803,1.806e-26
1965.40016,2.5490000000000004e-26
1965.4033,4.0060000000000006e-26
1965.41432,7.961e-25
1965.475864,7.662e-25
1965.4818,1.245e-25
1965.508762,2.482e-26
1965.554772,3.878e-26
1965.559188,1.2990000000000002e-26
1965.5639,1.117e-25
1965.579457,2.516e-26
1965.590459,8.507e-25
1965.613173,2.47e-26
1965.654154,8.176000000000001e-25
1965.662122,6.522e-25
1965.717578,6.282000000000001e-25
1965.729305,1.545e-24
1965.759995,9.033e-25
1965.792145,1.437e-24
1965.797386,1.7740000000000003e-26
1965.809017,1.737e-26
1965.826029,8.666000000000001e-25
1965.834629,1.2550000000000002e-26
1965.922909,9.525e-25
1965.926159,3.092e-26
1965.960281,3.035e-26
1965.991497,9.121e-25
1966.038833,2.5880000000000004e-26
1966.079184,9.972e-25
1966.094083,1.001e-25
1966.104455,4.54e-26
1966.13524,9.786e-26
1966.142372,2.521e-26
1966.15057,9.53e-25
1966.228798,1.036e-24
1966.2455,4.3970000000000005e-26
1966.266847,3.784e-26
1966.301393,3.712e-26
1966.303263,9.879e-25
1966.324472,2.377e-26
1966.371726,1.068e-24
1966.3837,1.354e-25
1966.449596,1.016e-24
1966.4646,1.202e-25
1966.507939,1.091e-24
1966.565838,2.2930000000000003e-26
1966.589592,1.034e-24
1966.601509,4.609e-26
1966.626304,7.721e-25
1966.636498,4.52e-26
1966.637405,1.103e-24
1966.640988,1.719e-24
1966.669574,2.5980000000000003e-26
1966.683616,7.42e-25
1966.700316,1.583e-24
1966.723286,1.043e-24
1966.740714,1.172e-26
1966.760082,1.104e-24
1966.768529,2.5320000000000004e-26
1966.797665,5.018e-26
1966.798519,1.154e-26
1966.850719,1.04e-24
1966.875919,1.091e-24
1966.929646,4.863e-26
1966.930124,5.59e-26
1966.965576,5.48e-26
1966.971948,1.024e-24
1966.984852,1.063e-24
1967.079672,3.6260000000000005e-26
1967.0868,1.017e-24
1967.087048,9.929e-25
1967.109505,1.384e-25
1967.151748,1.351e-25
1967.181652,9.529e-25
1967.196123,9.454e-25
1967.252676,6.749000000000001e-26
1967.26926,8.67e-25
1967.2808,1.472e-25
1967.288613,6.614e-26
1967.292405,2.5790000000000003e-26
1967.29442,3.4950000000000004e-26
1967.299314,8.799e-25
1967.349412,7.573000000000001e-25
1967.3557,1.291e-25
1967.387193,2.5150000000000003e-26
1967.396827,7.947e-25
1967.421797,6.206e-25
1967.48303,5.432e-26
1967.485926,4.532e-25
1967.48897,6.879000000000001e-25
1967.540984,2.4920000000000003e-25
1967.547798,1.909e-24
1967.569148,8.112000000000001e-26
1967.576223,5.575e-25
1967.584265,9.049e-25
1967.599062,1.944e-26
1967.599125,1.735e-24
1967.605592,7.946000000000001e-26
1967.607067,5.268e-26
1967.623556,1.901e-26
1967.625174,1.1270000000000002e-26
1967.643548,8.675e-25
1967.659401,4.013e-25
1967.740008,2.1640000000000003e-25
1967.775523,1.93e-26
1967.789263,1.887e-26
1967.825628,4.9730000000000005e-26
1967.879524,9.706e-26
1967.907344,2.5350000000000003e-26
1967.916499,9.503e-26
1967.998331,2.4740000000000003e-26
1968.01902,4.794e-26
1968.119085,1.862e-25
1968.160629,5.774e-26
1968.162486,1.814e-25
1968.1749,1.5999999999999998e-25
1968.183786,1.156e-25
1968.221318,1.131e-25
1968.232,1.387e-25
1968.27765,5.604000000000001e-26
1968.451194,2.121e-24
1968.481919,1.371e-25
1968.485024,1.891e-24
1968.514406,2.4690000000000003e-26
1968.520037,1.341e-25
1968.535992,1.051e-24
1968.562896,6.36e-26
1968.597359,1.004e-24
1968.601912,2.411e-26
1968.655605,1.6670000000000002e-26
1968.738787,6.132000000000001e-26
1968.773907,1.618e-25
1968.812641,1.582e-25
1968.83052,6.042000000000001e-26
1968.941307,5.868000000000001e-26
1969.059736,1.9e-25
1969.099116,1.857e-25
1969.113602,2.383e-26
1969.122771,2.447e-25
1969.16741,2.379e-25
1969.197911,2.328e-26
1969.291856,7.736e-26
1969.339388,2.222e-25
1969.37945,2.17e-25
1969.453154,7.462e-26
1969.481471,1.209e-24
1969.492754,6.235000000000001e-26
1969.545029,1.152e-24
1969.597966,6.059000000000001e-26
1969.612851,2.586e-25
1969.653631,2.524e-25
1969.704942,2.282e-26
1969.720726,2.6310000000000005e-26
1969.774652,1.9520000000000003e-26
1969.786307,2.23e-26
1969.790387,1.906e-26
1969.865965,1.884e-26
1969.880108,2.995e-25
1969.890624,1.839e-26
1969.921646,2.922e-25
1969.97043,1.002e-26
1969.992458,1.449e-26
1970.012775,9.057e-26
1970.047773,1.427e-26
1970.12055,3.15e-25
1970.141145,3.4520000000000003e-25
1970.147367,6.352e-26
1970.161731,8.742e-26
1970.166511,3.058e-25
1970.183484,3.366e-25
1970.2034,1.044e-25
1970.247568,6.177000000000001e-26
1970.288432,2.167e-26
1970.367078,2.119e-26
1970.395949,3.961e-25
1970.420694,1.38e-24
1970.439134,3.859e-25
1970.48653,1.31e-24
1970.644504,4.522e-25
1970.688587,4.403e-25
1970.725851,1.029e-25
1970.757522,2.747e-26
1970.794391,6.397e-26
1970.864078,2.0420000000000003e-26
1970.86424,9.938e-26
1970.886798,5.138e-25
1970.890067,6.225000000000001e-26
1970.931831,4.998000000000001e-25
1970.940207,1.9980000000000003e-26
1971.036745,2.644e-26
1971.112382,3.983e-25
1971.122815,5.808e-25
1971.1343,1.1590000000000002e-25
1971.159761,3.861e-25
1971.168858,5.646000000000001e-25
1971.2101,1.069e-25
1971.352542,6.533e-25
1971.353663,1.562e-24
1971.357346,1.032e-26
1971.390614,1.022e-26
1971.399659,6.346e-25
1971.421826,1.478e-24
1971.431227,1.14e-25
1971.431886,1.911e-26
1971.433848,6.375e-26
1971.505677,1.87e-26
1971.52542,6.207e-26
1971.532766,5.0250000000000007e-26
1971.560474,1.102e-25
1971.575966,7.312e-25
1971.624227,7.095e-25
1971.77543,4.828e-26
1971.790075,1.7910000000000003e-26
1971.793071,8.141e-25
1971.8077,1.746e-26
1971.8339,1.038e-25
1971.842553,7.892000000000001e-25
1971.8933,1.001e-25
1971.991857,1.776e-26
1972.0037,1.112e-25
1972.003846,9.016e-25
1972.04436,1.074e-26
1972.054632,8.732000000000001e-25
1972.0589,1.278e-25
1972.063476,1.739e-26
1972.0652,1.07e-25
1972.06576,6.289e-26
1972.074038,1.056e-26
1972.098245,4.958000000000001e-25
1972.098749,1.6260000000000002e-26
1972.123723,1.583e-26
1972.129013,1.238e-25
1972.1383,1.171e-25
1972.147145,4.797e-25
1972.153595,6.128e-26
1972.1672,1.184e-25
1972.208275,9.933e-25
1972.231,1.138e-25
1972.25028,1.198e-25
1972.260459,9.609e-25
1972.280389,1.757e-24
1972.297781,7.664000000000001e-26
1972.3242,1.253e-25
1972.350855,1.654e-24
1972.3905,1.204e-25
1972.398073,2.048e-26
1972.406344,1.088e-24
1972.414896,1.3550000000000002e-26
1972.43207,2.0180000000000003e-26
1972.444885,1.332e-26
1972.460027,1.052e-24
1972.4749,1.318e-25
1972.512331,7.359e-26
1972.543994,1.6380000000000002e-26
1972.544,1.263e-25
1972.598039,1.186e-24
1972.613588,1.605e-26
1972.6192,1.376e-25
1972.653334,1.144e-24
1972.690141,6.148e-26
1972.6912,1.317e-25
1972.757,1.427e-25
1972.774561,5.994000000000001e-26
1972.779126,1.702e-26
1972.783345,1.285e-24
1972.809449,1.673e-26
1972.819293,1.32e-25
1972.8323,1.363e-25
1972.840378,1.238e-24
1972.8884,1.468e-25
1972.933539,1.278e-25
1972.962246,1.384e-24
1972.9673,1.4e-25
1972.9771,1.4e-25
1973.0132,1.499e-25
1973.021157,1.3319999999999999e-24
1973.053554,1.052e-25
1973.0599,1.217e-25
1973.078108,6.082e-25
1973.0883,1.502e-26
1973.0962,1.426e-25
1973.111744,1.675e-26
1973.128643,5.874e-25
1973.1316,1.517e-25
1973.134726,1.481e-24
1973.138479,2.129e-26
1973.156002,1.4720000000000002e-26
1973.168098,1.668e-26
1973.169137,2.092e-26
1973.195673,1.424e-24
1973.200908,1.963e-24
1973.219,1.44e-25
1973.2434,1.521e-25
1973.245818,1.01e-25
1973.273514,1.838e-24
1973.300768,1.576e-24
1973.307004,5.957e-26
1973.3359,1.439e-25
1973.3485,1.507e-25
1973.363927,1.512e-24
1973.388294,5.811e-26
1973.428007,3.5680000000000005e-26
1973.4468,1.423e-25
1973.4469,1.476e-25
1973.460352,1.666e-24
1973.462868,3.5040000000000005e-26
1973.468344,1.1430000000000002e-26
1973.491727,2.6510000000000004e-26
1973.502132,1.385e-25
1973.52274,2.604e-26
1973.525924,1.5949999999999999e-24
1973.5385,1.426e-25
1973.5518,1.39e-25
1973.580165,1.107e-26
1973.610157,1.343e-25
1973.61346,1.749e-24
1973.6233,1.353e-25
1973.624774,1.368e-26
1973.6511,1.337e-25
1973.681672,1.671e-24
1973.690707,1.341e-26
1973.7009,1.257e-25
1973.7448,1.265e-25
1973.760068,1.8229999999999998e-24
1973.7712,1.135e-25
1973.80072,1.347e-25
1973.817206,1.4260000000000002e-26
1973.831182,1.738e-24
1973.8331,1.17e-25
1973.836635,1.387e-26
1973.839825,3.2860000000000003e-26
1973.8712,3.2270000000000004e-26
1973.889,1.527e-25
1973.900152,1.887e-24
1973.91636,5.725000000000001e-26
1973.9164,1.053e-25
1973.974469,1.794e-24
1973.974897,1.294e-25
1973.9763,1.378e-25
1973.994771,5.588e-26
1974.033683,1.936e-24
1974.051944,7.364e-25
1974.104241,7.098e-25
1974.111552,1.836e-24
1974.1153,2.18e-24
1974.153416,1.2380000000000002e-26
1974.160628,1.969e-24
1974.177582,1.434e-25
1974.181942,4.0560000000000005e-26
1974.189621,2.028e-24
1974.213699,3.9820000000000005e-26
1974.217693,1.214e-26
1974.242458,1.862e-24
1974.280061,1.391e-25
1974.280949,1.984e-24
1974.299797,1.17e-26
1974.325236,1.136e-26
1974.367224,1.869e-24
1974.394597,1.977e-24
1974.456888,5.712000000000001e-26
1974.485896,1.856e-24
1974.492591,5.597e-26
1974.501514,1.9469999999999998e-24
1974.518218,5.458000000000001e-26
1974.518703,4.985e-26
1974.539707,1.6410000000000002e-25
1974.550853,4.891e-26
1974.593972,5.33e-26
1974.598538,1.8189999999999998e-24
1974.601626,1.8899999999999998e-24
1974.674228,1.114e-26
1974.694837,1.803e-24
1974.698922,1.577e-25
1974.705237,1.7559999999999998e-24
1974.73695,1.093e-26
1974.781018,1.683e-24
1974.789461,1.009e-26
1974.7946,1.658e-25
1974.806111,1.666e-24
1974.845683,1.466e-25
1974.849555,6.099000000000001e-26
1974.859992,1.5279999999999999e-24
1974.882116,5.982e-26
1974.8859,1.4810000000000002e-25
1974.90133,1.544e-24
1974.931503,1.3319999999999999e-24
1974.943189,1.423e-25
1974.991142,1.39e-24
1974.995164,1.09e-24
1975.019725,8.808e-25
1975.023724,2.411e-24
1975.050358,7.965e-25
1975.073921,8.472e-25
1975.075925,1.199e-24
1975.096009,4.39e-25
1975.098832,2.223e-24
1975.112582,5.164e-26
1975.156289,9.685e-25
1975.174896,7.429e-26
1975.185882,5.0460000000000005e-26
1975.207883,7.284000000000001e-26
1975.233305,6.9510000000000005e-25
1975.270814,1.925e-25
1975.309062,3.739e-25
1975.417457,1.852e-25
1975.477057,8.614e-26
1975.494359,9.008e-26
1975.506467,1.4810000000000002e-25
1975.513712,8.422000000000001e-26
1975.527793,8.83e-26
1975.599493,1.439e-25
1975.694,1.793e-25
1975.69946,4.8510000000000005e-26
1975.770484,4.7430000000000006e-26
1975.771385,1.409e-26
1975.7889,1.584e-25
1975.808193,1.087e-25
1975.842091,1.066e-25
1975.878027,1.6350000000000002e-26
1975.883887,2.002e-26
1975.926503,2.658e-24
1975.947353,1.3130000000000002e-26
1975.981423,1.042e-24
1975.994256,2.191e-25
1976.000437,2.424e-24
1976.037671,9.997e-25
1976.116155,1.307e-25
1976.130195,2.11e-25
1976.150539,1.28e-25
1976.150925,1.5450000000000002e-26
1976.159962,1.4810000000000002e-25
1976.166634,1.822e-26
1976.221017,1.927e-26
1976.248933,1.44e-25
1976.278855,4.525e-26
1976.347764,4.4260000000000006e-26
1976.418394,1.5640000000000002e-25
1976.453285,1.531e-25
1976.494324,1.2410000000000002e-25
1976.531945,1.212e-25
1976.5876,1.934e-25
1976.680663,5.473000000000001e-26
1976.6845,1.686e-25
1976.710189,2.434e-25
1976.714748,1.862e-25
1976.750171,1.822e-25
1976.765541,2.034e-26
1976.806187,1.467e-25
1976.824325,2.9279999999999998e-24
1976.836912,2.346e-25
1976.85077,4.1920000000000005e-26
1976.891473,1.427e-25
1976.892819,2.627e-24
1976.917711,4.102e-26
1976.93701,1.219e-24
1976.96337,5.244000000000001e-26
1976.995477,1.167e-24
1977.005303,2.208e-25
1977.041283,2.16e-25
1977.289952,2.606e-25
1977.326516,2.548e-25
1977.415207,3.858e-26
1977.418733,2.6490000000000003e-25
1977.445161,1.439e-25
1977.465019,9.997e-26
1977.4759,2.087e-25
1977.480314,3.7770000000000006e-26
1977.504165,1.7260000000000002e-25
1977.527084,1.4010000000000002e-25
1977.537444,2.556e-25
1977.542853,1.682e-25
1977.568737,3.061e-25
1977.5709,1.792e-25
1977.605915,2.9910000000000003e-25
1977.708481,9.559e-26
1977.718786,3.233e-24
1977.771623,2.83e-24
1977.780854,3.087e-26
1977.841586,3.58e-25
1977.879409,3.496e-25
1977.88646,1.412e-24
1977.94733,1.348e-24
1977.972169,3.5280000000000006e-26
1978.03556,3.4560000000000004e-26
1978.076897,1.3990000000000002e-25
1978.106385,2.261e-26
1978.108516,4.167e-25
1978.119978,2.832e-25
1978.147018,4.067e-25
1978.155743,1.363e-25
1978.194391,2.1860000000000003e-26
1978.231665,2.736e-25
1978.238918,1.524e-25
1978.361,2.258e-25
1978.369476,4.827e-25
1978.408694,4.708e-25
1978.4416,1.906e-25
1978.452717,1.456e-25
1978.509915,2.3320000000000003e-25
1978.521657,3.2070000000000004e-26
1978.549714,2.268e-25
1978.583443,3.142e-26
1978.624468,5.565e-25
1978.66444,5.425e-25
1978.701408,1.35e-25
1978.777427,1.316e-25
1978.7854,1.038e-25
1978.813993,2.9820000000000003e-25
1978.829745,1.621e-24
1978.833826,5.087e-26
1978.873454,6.386e-25
1978.893216,1.543e-24
1978.914224,6.221e-25
1978.919476,2.883e-25
1979.003515,2.091e-25
1979.014495,1.8520000000000003e-26
1979.050765,1.827e-26
1979.063672,2.8960000000000003e-26
1979.116427,7.293e-25
1979.123953,2.839e-26
1979.158041,7.099e-25
1979.194108,1.999e-25
1979.318702,1.292e-25
1979.353357,8.288e-25
1979.392117,1.26e-25
1979.395864,8.062e-25
1979.500834,3.096e-25
1979.508995,3.072e-25
1979.550005,2.9840000000000003e-25
1979.584231,9.373e-25
1979.598214,2.6e-26
1979.600801,2.997e-25
1979.627687,9.11e-25
1979.657081,2.55e-26
1979.694368,1.109e-26
1979.7259,1.167e-25
1979.753913,1.066e-26
1979.759538,2.679e-25
1979.76684,1.845e-24
1979.7914,1.087e-25
1979.809025,1.055e-24
1979.833126,1.75e-24
1979.853489,1.024e-24
1979.928787,1.227e-25
1979.931492,2.563e-25
1979.999798,1.198e-25
1980.027724,1.181e-24
1980.07326,1.146e-24
1980.125284,2.321e-26
1980.158022,3.019e-26
1980.180544,3.175e-25
1980.182822,2.277e-26
1980.2289,1.047e-25
1980.240306,1.316e-24
1980.244239,2.9340000000000004e-26
1980.275578,3.076e-25
1980.2763,1.015e-25
1980.286985,1.275e-24
1980.371231,1.273e-26
1980.390688,1.2960000000000002e-26
1980.4279,1.155e-25
1980.446753,1.458e-24
1980.4766,1.118e-25
1980.494653,1.412e-24
1980.503233,3.964e-25
1980.507468,3.267e-25
1980.53167,1.157e-25
1980.545526,3.843e-25
1980.600455,1.13e-25
1980.6208,1.267e-25
1980.644881,2.06e-26
1980.647045,1.607e-24
1980.6603,1.302e-25
1980.664132,3.1280000000000003e-25
1980.6709,1.225e-25
1980.696252,1.555e-24
1980.69772,2.082e-24
1980.701168,2.021e-26
1980.7292,1.208e-25
1980.767044,1.967e-24
1980.8075,1.383e-25
1980.841165,1.763e-24
1980.853159,3.22e-25
1980.8592,1.336e-25
1980.891772,1.703e-24
1980.943757,3.1210000000000003e-25
1980.9881,1.501e-25
1980.989325,1.01e-26
1981.029092,1.922e-24
1981.0414,1.447e-25
1981.081205,1.855e-24
1981.127356,1.084e-25
1981.157006,1.818e-26
1981.1625,1.619e-25
1981.194076,1.059e-25
1981.210808,2.0849999999999998e-24
1981.212113,1.7840000000000002e-26
1981.2175,1.56e-25
1981.247637,3.838e-25
1981.264543,2.009e-24
1981.3306,1.737e-25
1981.373596,1.285e-26
1981.386293,2.249e-24
1981.3876,1.672e-25
1981.391542,3.679e-25
1981.400041,1.264e-26
1981.441778,2.164e-24
1981.491213,5.0190000000000005e-25
1981.4926,1.853e-25
1981.518069,1.275e-26
1981.518705,3.23e-25
1981.534898,4.858e-25
1981.5516,1.781e-25
1981.555527,2.411e-24
1981.573063,1.228e-26
1981.5886,1.443e-25
1981.605297,3.1350000000000003e-25
1981.612908,2.317e-24
1981.622368,2.331e-24
1981.6483,1.965e-25
1981.6612,1.33e-25
1981.661659,1.595e-26
1981.670285,1.576e-26
1981.688651,1.6060000000000002e-26
1981.69495,2.192e-24
1981.7096,1.885e-25
1981.713409,1.6280000000000002e-26
1981.715652,1.566e-26
1981.71585,1.008e-25
1981.71849,2.569e-24
1981.74037,1.6e-26
1981.777929,2.465e-24
1981.780648,9.852e-26
1981.791593,1.666e-26
1981.7978,2.07e-25
1981.827967,1.63e-26
1981.8615,1.983e-25
1981.875158,2.721e-24
1981.93684,2.6049999999999998e-24
1981.941,2.1670000000000003e-25
1981.980279,4.3770000000000005e-25
1982.0074,2.072e-25
1982.02551,2.8629999999999998e-24
1982.03796,3.887e-26
1982.0779,2.254e-25
1982.082426,2.053e-26
1982.089644,2.736e-24
1982.109546,2.0180000000000003e-26
1982.113383,4.201e-25
1982.121125,3.779e-26
1982.1472,2.151e-25
1982.158838,1.392e-26
1982.169521,2.9929999999999998e-24
1982.177207,3.21e-25
1982.2084,2.3260000000000003e-25
1982.211779,1.3670000000000002e-26
1982.236345,2.853e-24
1982.260164,3.1170000000000004e-25
1982.281,2.216e-25
1982.297155,9.314e-26
1982.307163,3.106e-24
1982.3326,2.383e-25
1982.360163,9.108e-26
1982.376953,2.954e-24
1982.4088,2.265e-25
1982.417515,2.577e-26
1982.438407,3.199e-24
1982.445119,2.533e-26
1982.4503,2.423e-25
1982.47388,6.251000000000001e-25
1982.5107,1.587e-25
1982.511481,3.034e-24
1982.519056,6.04e-25
1982.5306,2.296e-25
1982.54077,2.591e-24
1982.5616,2.44e-25
1982.56322,3.268e-24
1982.5874,1.453e-25
1982.598568,3.7720000000000006e-26
1982.616808,2.424e-24
1982.636929,1.076e-26
1982.639949,3.091e-24
1982.6465,2.307e-25
1982.648544,1.208e-26
1982.6664,2.435e-25
1982.681563,3.31e-24
1982.700489,1.187e-26
1982.705565,4.873e-25
1982.72343,1.324e-26
1982.7565,2.296e-25
1982.760246,1.039e-26
1982.762384,3.12e-24
1982.7647,2.404e-25
1982.769362,1.3280000000000002e-26
1982.77246,3.2230000000000003e-26
1982.782241,1.148e-26
1982.786691,1.251e-26
1982.79339,3.3209999999999996e-24
1982.800281,3.166e-26
1982.823307,1.091e-26
1982.828684,3.16e-25
1982.829415,4.6830000000000005e-25
1982.852188,1.077e-26
1982.8562,2.346e-25
1982.8606,2.259e-25
1982.871274,8.551e-26
1982.878824,3.118e-24
1982.898646,3.296e-24
1982.90833,3.071e-25
1982.93261,8.367e-26
1982.941,2.256e-25
1982.943242,3.6110000000000006e-26
1982.9589,2.196e-25
1982.989321,3.081e-24
1982.990169,1.876e-26
1982.997264,3.233e-24
1983.006771,1.914e-26
1983.0189,2.135e-25
1983.0517,2.104e-25
1983.089159,3.126e-24
1983.0896,1.976e-25
1983.093944,3.007e-24
1983.101408,4.0120000000000005e-26
1983.129695,3.94e-26
1983.130776,1.043e-26
1983.139,1.981e-25
1983.153,1.78e-25
1983.174217,2.972e-24
1983.181779,1.025e-26
1983.192793,2.89e-24
1983.2086,1.541e-25
1983.2206,1.742e-25
1983.252289,2.767e-24
1983.2557,1.253e-25
1983.286003,2.7289999999999998e-24
1983.2983,1.635e-25
1983.314014,1.4130000000000002e-26
1983.323163,2.505e-24
1983.365197,1.363e-26
1983.3715,1.408e-25
1983.373773,2.52e-24
1983.38653,2.18e-24
1983.404534,1.027e-25
1983.423622,5.316000000000001e-25
1983.4266,1.733e-25
1983.43821,7.802000000000001e-26
1983.4416,1.14e-25
1983.441916,1.784e-24
1983.443169,4.9720000000000006e-26
1983.450485,7.67e-25
1983.452934,2.8629999999999998e-24
1983.456401,2.259e-24
1983.471727,4.882e-26
1983.473151,3.085e-25
1983.488534,1.305e-24
1983.49728,7.396e-25
1983.497983,7.638e-26
1983.5078,1.577e-25
1983.524964,7.219000000000001e-25
1983.532551,2.661e-24
1983.534352,1.941e-24
1983.539461,5.114e-25
1983.54977,3e-25
1983.608401,1.564e-24
1983.67996,1.119e-24
1983.689279,9.78e-26
1983.751661,4.8210000000000006e-26
1983.751969,6.002e-25
1983.764839,6.135000000000001e-26
1983.793854,6.022000000000001e-26
1983.831698,4.681e-26
1983.943896,1.186e-26
1983.985328,2.246e-26
1983.997966,7.076000000000001e-26
1984.013286,2.2080000000000003e-26
1984.056273,6.929000000000001e-26
1984.09407,7.538000000000001e-26
1984.110621,2.9860000000000003e-25
1984.123405,7.396e-26
1984.134548,5.698e-25
1984.184465,2.907e-25
1984.197362,1.87e-25
1984.243389,5.489e-25
1984.334763,2.132e-26
1984.3361,1.881e-25
1984.349297,2.177e-26
1984.358895,3.145e-24
1984.40755,9.22e-26
1984.42148,9.282e-25
1984.4225,1.696e-25
1984.437347,9.043e-26
1984.440069,1.778e-25
1984.442043,2.9e-24
1984.470025,8.934e-25
1984.470474,1.2490000000000002e-26
1984.505671,1.218e-26
1984.550542,6.379000000000001e-26
1984.607475,6.249e-26
1984.724717,1.123e-25
1984.741106,2.869e-25
1984.75488,1.101e-25
1984.812396,2.794e-25
1984.838418,6.016e-25
1984.890691,3.9970000000000005e-26
1984.903007,1.634e-26
1984.920873,3.917e-26
1984.941097,5.802e-25
1984.979432,2.846e-25
1985.029278,1.361e-25
1985.059915,1.334e-25
1985.075557,1.512e-26
1985.09594,5.717000000000001e-26
1985.123601,1.4620000000000002e-26
1985.151581,5.603e-26
1985.190978,2.704e-25
1985.2393,2.03e-25
1985.258763,3.44e-24
1985.305061,5.751e-26
1985.3313,1.812e-25
1985.334699,1.6430000000000002e-25
1985.344997,3.14e-24
1985.364614,2.735e-25
1985.365749,1.61e-25
1985.382203,5.575e-26
1985.386481,1.109e-24
1985.433548,2.6660000000000003e-25
1985.43693,1.065e-24
1985.53529,6.265000000000001e-25
1985.629757,1.974e-25
1985.632506,6.049e-25
1985.634162,5.0940000000000006e-26
1985.661302,1.934e-25
1985.688588,4.995e-26
1985.707687,2.294e-26
1985.719942,2.345e-26
1985.752099,3.902e-25
1985.868303,2.31e-26
1985.923634,2.362e-25
1985.939621,3.71e-25
1985.955639,2.312e-25
1985.981154,2.589e-25
1986.001256,6.492000000000001e-26
1986.031037,6.348000000000001e-26
1986.047909,2.525e-25
1986.1362,2.1820000000000003e-25
1986.1528,3.752e-24
1986.16521,4.5140000000000005e-26
1986.208719,2.8120000000000003e-25
1986.218489,4.427e-26
1986.22521,6.445e-25
1986.2343,1.923e-25
1986.24075,3.379e-24
1986.24125,2.752e-25
1986.317552,6.229e-25
1986.345676,1.31e-24
1986.398198,1.255e-24
1986.491167,3.334e-25
1986.516196,4.9990000000000005e-25
1986.524208,3.261e-25
1986.590732,2.434e-25
1986.655467,2.375e-25
1986.684637,4.758e-25
1986.689083,3.9770000000000006e-26
1986.704621,6.59e-26
1986.741282,3.903e-26
1986.765899,3.934e-25
1986.779242,6.375e-26
1986.795591,1.566e-26
1986.799506,3.846e-25
1986.84112,1.5160000000000002e-26
1986.845306,3.4e-26
1986.908218,6.555000000000001e-25
1986.934458,9.884e-26
1986.966154,9.646e-26
1986.996187,6.342e-25
1987.0267,2.3340000000000003e-25
1987.036965,4.621e-25
1987.041643,4.095e-24
1987.071137,4.515e-25
1987.112238,2.3030000000000003e-26
1987.122043,2.3570000000000003e-26
1987.127594,3.614e-24
1987.1312,2.028e-25
1987.193355,2.273e-25
1987.205784,3.4850000000000005e-26
1987.256212,2.219e-25
1987.256962,3.4210000000000005e-26
1987.272261,6.098e-25
1987.298869,1.5299999999999999e-24
1987.301035,5.404e-25
1987.33582,5.277000000000001e-25
1987.35366,1.4619999999999999e-24
1987.42519,5.813e-25
1987.560718,6.289000000000001e-25
1987.584342,6.599000000000001e-25
1987.596129,6.138e-25
1987.668369,6.391e-25
1987.715313,3.038e-26
1987.765525,2.9830000000000004e-26
1987.789027,2.108e-25
1987.813869,7.286e-25
1987.843707,5.324e-26
1987.849953,7.106e-25
1987.850136,2.06e-25
1987.911,2.4950000000000003e-25
1987.926977,4.4909999999999996e-24
1987.957378,7.242000000000001e-26
1988.000181,3.8369999999999996e-24
1988.004801,1.435e-25
1988.020658,7.171e-25
1988.0215,2.128e-25
1988.029948,6.99e-26
1988.036537,1.398e-25
1988.06213,8.4e-25
1988.09891,8.188000000000001e-25
1988.160737,6.846e-25
1988.217671,2.634e-26
1988.246118,1.769e-24
1988.253609,6.579000000000001e-25
1988.26697,2.5870000000000005e-26
1988.303394,1.686e-24
1988.304147,9.64e-25
1988.334065,6.377e-25
1988.341671,9.39e-25
1988.377754,1.943e-25
1988.437231,1.899e-25
1988.466582,1.57e-26
1988.510182,1.522e-26
1988.540925,1.101e-24
1988.551319,2.107e-26
1988.558528,2.1590000000000003e-26
1988.579225,1.0719999999999999e-24
1988.71286,2.271e-26
1988.761293,2.232e-26
1988.761642,8.19e-25
1988.771625,1.251e-24
1988.7897,2.6680000000000003e-25
1988.810752,1.217e-24
1988.882659,9.277e-26
1988.89091,7.831e-25
1988.9032,2.226e-25
1988.916039,6.5e-25
1988.955115,2.005e-25
1988.959539,1.78e-25
1988.988568,1.95e-25
1988.993247,6.3060000000000005e-25
1988.99684,1.415e-24
1989.017491,1.741e-25
1989.036839,1.376e-24
1989.070966,7.619000000000001e-26
1989.142037,7.335000000000001e-26
1989.187315,2.024e-24
1989.200881,1.948e-26
1989.216061,1.5929999999999999e-24
1989.247326,1.924e-24
1989.248492,1.915e-26
1989.256988,1.547e-24
1989.429623,1.784e-24
1989.471533,1.731e-24
1989.495399,9.135e-25
1989.4967,1.049e-25
1989.534386,1.621e-25
1989.57165,6.367e-25
1989.590911,1.586e-25
1989.615452,8.747e-25
1989.637221,1.988e-24
1989.645894,6.183e-25
1989.6646,2.871e-25
1989.68018,1.927e-24
1989.681734,1.663e-26
1989.728565,1.6350000000000002e-26
1989.7688,2.3330000000000003e-25
1989.839035,2.205e-24
1989.88311,2.135e-24
1989.993829,2.719e-25
1990.027341,1.683e-26
1990.027705,2.64e-25
1990.031827,1.729e-26
1990.034879,2.432e-24
1990.053607,7.66e-26
1990.08015,2.352e-24
1990.080618,1.5250000000000003e-26
1990.102298,1.467e-25
1990.122457,2.296e-24
1990.122845,1.48e-26
1990.123818,7.354e-26
1990.155421,1.412e-26
1990.157484,1.436e-25
1990.1674,1.103e-25
1990.185484,2.174e-24
1990.189173,6.711000000000001e-26
1990.201512,1.388e-26
1990.2061,1.072e-25
1990.220458,6.186e-25
1990.222066,9.986e-25
1990.224842,2.6679999999999998e-24
1990.271391,2.578e-24
1990.291986,6.012e-25
1990.334174,9.576e-25
1990.3782,1.235e-25
1990.408811,2.912e-24
1990.4178,1.199e-25
1990.4426,1.19e-25
1990.456733,2.8099999999999998e-24
1990.4974,1.114e-25
1990.539109,6.377e-26
1990.576,1.376e-25
1990.586819,3.161e-24
1990.6167,1.335e-25
1990.621944,1.1930000000000002e-26
1990.636219,3.046e-24
1990.66328,1.32e-25
1990.66733,1.173e-26
1990.717208,1.293e-25
1990.758795,3.412e-24
1990.7743,1.526e-25
1990.809789,3.284e-24
1990.8161,1.478e-25
1990.862474,5.964000000000001e-25
1990.914056,7.345000000000001e-26
1990.924743,3.662e-24
1990.931507,5.801e-25
1990.941744,1.0729999999999999e-24
1990.952984,3.591e-25
1990.9624,1.682e-25
1990.97746,3.519e-24
1990.984137,7.028000000000001e-26
1990.988481,3.482e-25
1991.003947,1.815e-25
1991.0054,1.628e-25
1991.04694,1.03e-24
1991.051475,2.58e-24
1991.081304,1.003e-26
1991.084613,3.908e-24
1991.117839,2.433e-24
1991.139199,3.749e-24
1991.1486,1.845e-25
1991.1929,1.784e-25
1991.217334,1.181e-25
1991.23839,4.145e-24
1991.270078,1.157e-25
1991.287923,1.715e-25
1991.295011,3.969e-24
1991.3264,2.014e-25
1991.372,1.945e-25
1991.3785,1.339e-25
1991.386037,4.369e-24
1991.4363,1.247e-25
1991.444879,4.175e-24
1991.497711,5.708e-25
1991.5007,2.185e-25
1991.527528,4.576e-24
1991.542122,1.0710000000000002e-26
1991.543778,1.103e-26
1991.5478,2.108e-25
1991.564444,5.555e-25
1991.588806,4.364e-24
1991.62948,1.436e-26
1991.654516,1.1359999999999999e-24
1991.661488,6.698000000000001e-26
1991.662829,4.76e-24
1991.6677,2.36e-25
1991.670863,1.3960000000000002e-26
1991.7163,2.273e-25
1991.726787,4.528e-24
1991.727222,1.44e-26
1991.732279,6.385e-26
1991.750719,1.417e-26
1991.753644,1.092e-24
1991.764462,1.051e-25
1991.791907,4.917e-24
1991.804722,3.29e-25
1991.816092,1.03e-25
1991.8302,2.533e-25
1991.858828,4.665e-24
1991.8805,2.437e-25
1991.898378,1.128e-26
1991.914723,5.041e-24
1991.917445,1.11e-26
1991.966489,4.642000000000001e-25
1991.974338,2.875e-24
1991.984938,4.768e-24
1991.986,2.704e-25
1992.002755,4.493e-25
1992.031239,5.127e-24
1992.0382,2.598e-25
1992.043921,3.103e-25
1992.044402,2.7e-24
1992.081274,1.112e-26
1992.105134,4.833e-24
1992.126178,5.423e-25
1992.1367,2.869e-25
1992.141407,5.169e-24
1992.150237,1.252e-26
1992.180894,2.045e-26
1992.190786,5.282000000000001e-25
1992.1908,2.752e-25
1992.209417,1.4080000000000003e-26
1992.219442,4.855e-24
1992.245173,5.163e-24
1992.257877,1.58e-26
1992.265146,2.404e-26
1992.281,3.027e-25
1992.294327,1.768e-26
1992.304669,9.296e-26
1992.305352,5.791e-26
1992.308064,2.3470000000000003e-26
1992.3115,1.493e-25
1992.316924,1.9690000000000003e-26
1992.32293,2.173e-26
1992.327897,4.829e-24
1992.3373,2.899e-25
1992.342474,5.103e-24
1992.355247,9.115e-26
1992.360442,1.186e-24
1992.3725,1.384e-25
1992.377823,5.497e-26
1992.4198,3.173e-25
1992.430554,4.749e-24
1992.431345,2.3180000000000003e-26
1992.43323,4.984e-24
1992.454206,1.142e-24
1992.455277,2.2790000000000003e-26
1992.4785,3.033e-25
1992.503062,1.832e-26
1992.517344,4.801e-24
1992.523293,1.802e-26
1992.527488,4.612e-24
1992.5525,3.3050000000000003e-25
1992.594393,4.99e-25
1992.594684,4.5479999999999996e-24
1992.6138,3.1520000000000003e-25
1992.618805,4.413e-24
1992.665075,4.221e-24
1992.6793,3.419e-25
1992.691753,1.072e-26
1992.704663,4.149e-24
1992.728268,3.812e-24
1992.7435,3.254e-25
1992.747884,5.117e-25
1992.783894,3.3129999999999996e-24
1992.785289,3.813e-24
1992.8,3.512e-25
1992.801132,4.707e-25
1992.810481,1.181e-26
1992.810523,4.987000000000001e-25
1992.83137,2.711e-24
1992.837956,8.18e-26
1992.855179,4.727e-26
1992.861036,3.404e-24
1992.8673,3.335e-25
1992.869702,1.987e-24
1992.887541,8.023e-26
1992.890991,3.179e-24
1992.897006,1.106e-24
1992.9147,3.58e-25
1992.926732,1.291e-26
1992.928226,5.884e-25
1992.93047,4.4650000000000006e-26
1992.93247,2.914e-24
1992.965162,2.969e-24
1992.96611,5.686e-25
1992.9855,3.391e-25
1993.000571,2.3389999999999998e-24
1993.0232,3.621e-25
1993.041469,1.3990000000000002e-26
1993.059574,1.223e-24
1993.06721,1.668e-24
1993.098,3.42e-25
1993.104726,1.312e-26
1993.104989,2.9240000000000004e-26
1993.113002,3.668e-26
1993.1255,3.63e-25
1993.126333,2.874e-26
1993.136575,8.919e-25
1993.137426,3.605e-26
1993.145773,1.276e-26
1993.148563,1.18e-24
1993.156037,1.495e-26
1993.2048,3.418e-25
1993.2215,3.606e-25
1993.2367,1.65e-25
1993.272381,1.566e-26
1993.3013,1.522e-25
1993.3059,3.382e-25
1993.3111,3.544e-25
1993.320377,3.623e-26
1993.362838,4.797e-25
1993.364327,7.159000000000001e-26
1993.374543,6.83e-25
1993.393434,1.5860000000000003e-26
1993.3943,3.4420000000000004e-25
1993.399858,3.4020000000000005e-26
1993.4014,3.3110000000000003e-25
1993.412974,7.024e-26
1993.423648,4.6780000000000005e-25
1993.4709,3.2960000000000003e-25
1993.4914,3.202e-25
1993.523877,1.5130000000000003e-26
1993.5407,3.105e-25
1993.556661,6.451e-25
1993.576,3.051e-25
1993.6035,2.866e-25
1993.6554,2.858e-25
1993.659,2.574e-25
1993.671766,1.278e-26
1993.701837,4.5860000000000007e-26
1993.7067,2.223e-25
1993.710019,2.5880000000000004e-26
1993.724253,4.505e-26
1993.7299,2.621e-25
1993.7458,1.808e-25
1993.751952,1.248e-24
1993.772756,5.704000000000001e-26
1993.7748,1.317e-25
1993.795385,2.412e-26
1993.797733,5.602e-26
1993.7999,2.3370000000000003e-25
1993.801395,3.489e-24
1993.836668,1.2049999999999999e-24
1993.8662,2.004e-25
1993.880119,3.238e-24
1993.883785,6.232e-26
1993.921189,7.333e-25
1993.9303,1.617e-25
1993.931543,6.117000000000001e-26
1993.960174,7.073e-25
1993.971046,4.467e-25
1993.995,1.17e-25
1994.030154,4.3590000000000005e-25
1994.03263,1.705e-26
1994.126066,1.575e-26
1994.1374,1.283e-26
1994.146117,8.74e-25
1994.1572,1.81e-25
1994.2259,1.658e-25
1994.277992,1.158e-26
1994.291468,7.069e-26
1994.295556,1.18e-26
1994.295989,1.02e-26
1994.308921,8.269e-25
1994.314927,6.94e-26
1994.331452,1.04e-26
1994.362598,1.023e-26
1994.396332,5.396e-26
1994.411064,8.717e-26
1994.436654,8.556e-26
1994.437609,1.26e-24
1994.443249,5.298e-26
1994.497809,1.163e-26
1994.518479,1.218e-24
1994.539003,1.133e-26
1994.572515,4.133e-25
1994.630037,4.035e-25
1994.705509,3.805e-24
1994.789251,3.5039999999999996e-24
1994.87193,1.071e-25
1994.88086,8.995000000000001e-25
1994.896414,1.051e-25
1994.901973,4.648e-26
1994.909713,1.066e-24
1994.921555,8.66e-25
1994.94809,4.566e-26
1995.028274,1.309e-25
1995.054541,1.284e-25
1995.056969,1.011e-24
1995.0709,1.968e-25
1995.078184,1.746e-26
1995.116573,1.261e-24
1995.1441,1.792e-25
1995.167251,3.801e-25
1995.193966,1.22e-24
1995.22329,3.713e-25
1995.400709,3.984e-26
1995.4175,1.02e-25
1995.441449,1.594e-25
1995.446069,3.9140000000000005e-26
1995.466956,1.5620000000000002e-25
1995.603315,4.124e-24
1995.624636,1.931e-25
1995.651645,1.893e-25
1995.665728,1.254e-24
1995.692495,3.763e-24
1995.755261,3.4740000000000003e-25
1995.788869,1.25e-24
1995.800207,1.191e-24
1995.800212,1.001e-26
1995.809913,3.396e-25
1995.856558,1.088e-24
1995.863104,1.2099999999999999e-24
1995.892544,3.3970000000000005e-26
1995.898696,1.045e-24
1995.937184,3.3380000000000005e-26
1995.9789,2.127e-25
1995.979249,1.551e-26
1995.996874,1.58e-26
1995.998429,2.33e-25
1996.02073,2.427e-26
1996.024968,2.283e-25
1996.0574,1.918e-25
1996.1649,1.136e-25
1996.200308,2.7990000000000003e-25
1996.228129,2.741e-25
1996.272608,1.7420000000000003e-26
1996.281231,1.712e-26
1996.2816,1.08e-25
1996.33655,3.157e-25
1996.377482,2.8810000000000003e-26
1996.389901,3.087e-25
1996.41444,1.434e-24
1996.421437,2.833e-26
1996.454515,1.228e-24
1996.494838,4.452e-24
1996.525872,1.191e-24
1996.538237,1.365e-24
1996.541435,3.347e-25
1996.569029,3.276e-25
1996.589665,4.011e-24
1996.614959,4.039e-26
1996.645755,3.949e-26
1996.755363,3.984e-25
1996.784073,3.898e-25
1996.810788,1.299e-24
1996.854825,1.245e-24
1996.855527,2.4320000000000003e-26
1996.8803,2.281e-25
1996.89883,2.3910000000000003e-26
1996.9054,1.2410000000000002e-25
1996.911124,2.852e-25
1996.963253,2.79e-25
1996.9649,2.036e-25
1996.968328,3.4810000000000004e-26
1997.0139,1.182e-25
1997.069185,4.722e-25
1997.097873,4.617e-25
1997.113531,1.198e-24
1997.156044,1.601e-24
1997.182253,1.162e-24
1997.270786,1.5269999999999999e-24
1997.2898,5.57e-25
1997.319484,5.444e-25
1997.326681,2.043e-26
1997.369364,2.009e-26
1997.380231,4.794e-24
1997.478988,2.562e-25
1997.480224,4.248e-24
1997.529968,2.508e-25
1997.580535,6.541e-25
1997.61037,6.39e-25
1997.624417,2.0130000000000003e-26
1997.639,1.332e-25
1997.64257,2.0520000000000003e-26
1997.7405,1.272e-25
1997.765931,1.159e-24
1997.771423,1.5309999999999999e-24
1997.7756,2.43e-25
1997.79095,1.707e-26
1997.803552,7.646e-25
1997.817283,1.4649999999999999e-24
1997.832236,1.125e-24
1997.833041,1.6790000000000002e-26
1997.834304,7.466e-25
1997.8672,2.142e-25
1997.890687,1.753e-24
1997.926536,5.239000000000001e-26
1997.988238,2.3030000000000003e-26
1997.99766,1.675e-24
1997.998611,2.2570000000000003e-26
1998.040148,2.288e-25
1998.074467,8.897e-25
1998.090046,2.241e-25
1998.105522,8.682000000000001e-25
1998.237668,2.0640000000000003e-26
1998.247757,2.029e-26
1998.248337,1.42e-26
1998.259997,5.171e-24
1998.289863,1.397e-26
1998.296495,1.03e-24
1998.328423,1.005e-24
1998.362495,4.466e-24
1998.3659,1.411e-25
1998.41173,1.113e-24
1998.4613,1.35e-25
1998.475808,1.082e-24
1998.550075,1.188e-24
1998.582442,1.158e-24
1998.594609,2.033e-25
1998.618479,1.8879999999999998e-24
1998.643487,1.992e-25
1998.656243,2.434e-26
1998.664245,2.3910000000000003e-26
1998.6643,2.576e-25
1998.698847,1.175e-26
1998.71781,1.785e-24
1998.718716,1.807e-24
1998.725065,1.129e-25
1998.739834,1.156e-26
1998.764,2.234e-25
1998.76587,1.703e-24
1998.768455,1.363e-24
1998.801682,1.328e-24
1998.837286,1.027e-25
1998.868053,9.998e-26
1998.905675,8.527000000000001e-26
1999.006555,1.556e-24
1999.040346,1.515e-24
1999.05094,1.061e-24
1999.076191,1.062e-25
1999.0862,1.475e-25
1999.112963,1.032e-24
1999.135786,5.626e-24
1999.142377,1.796e-25
1999.1761,1.413e-25
1999.190291,1.76e-25
1999.217576,2.526e-26
1999.219223,1.769e-24
1999.229926,4.646e-24
1999.236306,2.5760000000000003e-26
1999.253893,1.72e-24
1999.339505,2.003e-24
1999.433851,1.92e-24
1999.443186,2.001e-24
1999.478544,1.944e-24
1999.5465,2.719e-25
1999.548273,3.025e-25
1999.648553,2.252e-24
1999.6554,2.311e-25
1999.664767,2.058e-24
1999.683456,1.578e-25
1999.683573,1.005e-24
1999.684835,2.187e-24
1999.693319,6.86e-26
1999.706802,6.693000000000001e-26
1999.715108,1.958e-24
1999.730459,1.547e-25
1999.743693,9.784e-25
1999.7999,1.524e-25
1999.827031,2.8270000000000003e-25
1999.859327,2.522e-24
1999.885,1.462e-25
1999.896423,2.447e-24
1999.927956,1.5999999999999998e-25
2000.053832,2.096e-24
2000.05618,2.811e-24
2000.094274,2.7249999999999998e-24
2000.142985,2.013e-24
2000.217853,1.379e-25
2000.254401,3.1169999999999998e-24
2000.263994,1.353e-25
2000.293446,3.018e-24
2000.30964,9.457e-25
2000.356501,5.444e-25
2000.367994,9.211e-25
2000.4219,2.866e-25
2000.441817,3.4389999999999996e-24
2000.481965,3.326e-24
2000.507,1.557e-25
2000.5412,2.374e-25
2000.5878,1.497e-25
2000.588044,5.083e-25
2000.601633,2.348e-24
2000.627888,3.774e-24
2000.654614,2.227e-24
2000.669141,3.647e-24
2000.734641,2.843e-26
2000.744527,2.794e-26
2000.745573,1.199e-25
2000.761514,2.168e-24
2000.763122,3.054e-26
2000.782344,3.117e-26
2000.790897,1.177e-25
2000.805165,4.121e-24
2000.846056,2.0849999999999998e-24
2000.84766,3.977e-24
2000.929151,8.84e-25
2000.979313,4.475e-24
2000.985863,8.616e-25
2001.00345,2.117e-25
2001.004301,3.3050000000000004e-26
2001.011694,3.245e-26
2001.023095,4.313e-24
2001.034535,2.055e-25
2001.145917,4.833e-24
2001.153268,8.215000000000001e-25
2001.19112,4.652e-24
2001.2076,1.576e-25
2001.266622,1.037e-25
2001.2846,1.517e-25
2001.291,3.029e-25
2001.308241,5.191e-24
2001.311171,1.018e-25
2001.329546,1.137e-26
2001.351463,7.68e-25
2001.35495,4.989e-24
2001.371406,1.148e-26
2001.4199,2.426e-25
2001.430684,1.537e-25
2001.447307,1.494e-25
2001.462595,2.219e-24
2001.4629,1.173e-25
2001.463758,5.544e-24
2001.4945,1.141e-25
2001.51212,5.319e-24
2001.535703,2.652e-24
2001.542117,8.211000000000001e-25
2001.54302,2.137e-24
2001.5503,1.035e-25
2001.5784,1.007e-25
2001.591546,2.506e-24
2001.597298,8.008e-25
2001.614265,5.887e-24
2001.664405,5.638e-24
2001.758368,6.213e-24
2001.781005,8.925000000000001e-26
2001.81046,5.939e-24
2001.824819,8.763000000000001e-26
2001.8907,1.492e-25
2001.896997,6.517e-24
2001.9017,1.581e-25
2001.9079,1.328e-25
2001.9237,1.449e-25
2001.9379,1.291e-25
2001.94041,1.121e-24
2001.951216,6.215e-24
2001.9753,1.523e-25
2002.029414,6.791e-24
2002.085976,6.462e-24
2002.113774,1.05e-24
2002.148546,7.58e-25
2002.1551,3.235e-25
2002.156058,7.03e-24
2002.157113,2.247e-24
2002.202297,7.397e-25
2002.215203,6.671e-24
2002.23384,2.167e-24
2002.2591,1.671e-25
2002.265864,3.5450000000000003e-26
2002.266509,1.066e-26
2002.276547,7.225e-24
2002.277682,1.897e-26
2002.2823,2.4820000000000003e-25
2002.285438,3.62e-26
2002.28873,7.641000000000001e-26
2002.2912,1.622e-25
2002.2936,1.859e-25
2002.298262,1.882e-26
2002.3047,1.094e-25
2002.3282,1.803e-25
2002.331844,7.505e-26
2002.33856,6.836999999999999e-24
2002.3474,1.029e-25
2002.364417,1.207e-26
2002.391057,7.371e-24
2002.453618,1.042e-26
2002.455075,1.3650000000000002e-26
2002.456267,6.952e-24
2002.461885,2.967e-24
2002.499384,7.459e-24
2002.520996,2.793e-24
2002.538139,1.541e-26
2002.554796,2.284e-26
2002.568183,7.01e-24
2002.580815,1.174e-26
2002.5894,1.571e-25
2002.6013,2.062e-25
2002.601566,7.485e-24
2002.613285,1.74e-26
2002.619437,2.234e-26
2002.6355,1.998e-25
2002.6598,1.516e-25
2002.6724,2.273e-25
2002.674421,7.005e-24
2002.680029,1.962e-26
2002.697474,7.44e-24
2002.70315,1.3180000000000002e-26
2002.7088,2.199e-25
2002.718988,1.431e-24
2002.729366,3.72e-26
2002.737772,2.212e-26
2002.748448,6.9560000000000005e-25
2002.77495,6.93e-24
2002.785678,2.4930000000000003e-26
2002.787069,7.319e-24
2002.789802,6.508e-26
2002.800862,6.791e-25
2002.807959,4.126e-26
2002.8081,1.007e-25
2002.820911,1.476e-26
2002.82259,2.8080000000000003e-26
2002.832251,6.394000000000001e-26
2002.8451,2.255e-24
2002.845258,3.897e-26
2002.846811,3.157e-26
2002.855762,3.532e-26
2002.869856,6.781e-24
2002.870236,7.117e-24
2002.873144,1.344e-24
2002.918489,2.177e-24
2002.9322,2.4940000000000003e-25
2002.934285,1.6480000000000002e-26
2002.946871,6.826e-24
2002.959191,6.551e-24
2002.9687,2.411e-25
2003.016816,6.442e-24
2003.0277,2.721e-25
2003.04308,6.236e-24
2003.04364,1.833e-26
2003.0662,2.628e-25
2003.079871,5.958e-24
2003.118035,3.831e-25
2003.121684,5.832e-24
2003.135743,5.367e-24
2003.149398,2.031e-26
2003.149813,3.708e-25
2003.152733,3.08e-26
2003.177345,3.0310000000000005e-26
2003.183996,4.658e-24
2003.195264,5.334e-24
2003.196213,2.933e-25
2003.216019,2.843e-25
2003.216122,3.8010000000000006e-26
2003.223921,3.813e-24
2003.225843,3.7330000000000006e-26
2003.2497,2.954e-25
2003.252179,2.238e-26
2003.254271,2.805e-24
2003.264226,4.738e-24
2003.2706,1.549e-25
2003.272547,1.576e-24
2003.284228,5.516000000000001e-26
2003.2887,2.849e-25
2003.31538,4.351e-26
2003.322201,4.268e-26
2003.326044,5.421e-26
2003.329251,4.038e-24
2003.3383,1.496e-25
2003.341832,6.345e-25
2003.352821,2.45e-26
2003.3599,3.189e-25
2003.383423,3.29e-24
2003.391563,3.227e-24
2003.392992,6.199e-25
2003.4008,3.072e-25
2003.4348,1.246e-25
2003.446178,3.082e-24
2003.452545,2.654e-26
2003.453637,2.293e-24
2003.4769,1.167e-25
2003.48966,1.743e-24
2003.521536,1.22e-24
2003.526582,2.242e-24
2003.5518,3.425e-25
2003.553158,2.829e-26
2003.585,1.22e-25
2003.5937,3.2950000000000003e-25
2003.596944,2.167e-24
2003.628518,1.642e-24
2003.657486,2.9340000000000004e-26
2003.6692,3.657e-25
2003.7131,3.513e-25
2003.7235,1.144e-25
2003.730934,3.926e-26
2003.750697,4.0120000000000005e-26
2003.770227,2.888e-26
2003.772014,4.652e-26
2003.813226,4.5730000000000005e-26
2003.8369,3.884e-25
2003.8821,3.724e-25
2003.899949,2.5370000000000003e-26
2003.928708,5.754e-25
2003.9455,1.515e-25
2003.9558,4.099e-25
2003.97869,5.625000000000001e-25
2003.985444,4.88e-26
2004.0031,3.925e-25
2004.0105,1.466e-25
2004.010685,4.798e-26
2004.064717,1.614e-26
2004.1035,4.301e-25
2004.1526,4.11e-25
2004.19154,1.524e-26
2004.201584,2.2109999999999998e-24
2004.2133,1.4e-25
2004.2196,4.485e-25
2004.252854,2.05e-24
2004.253167,3.903e-26
2004.2602,1.307e-25
2004.264108,1.5010000000000002e-26
2004.269191,2.139e-24
2004.271,4.276e-25
2004.293805,3.838e-26
2004.2981,3.615e-24
2004.3504,4.646000000000001e-25
2004.3545,1.428e-25
2004.365017,3.368e-24
2004.379249,1.937e-24
2004.404,4.421e-25
2004.4605,4.78e-25
2004.48,1.343e-25
2004.509083,5.189e-25
2004.5168,4.537e-25
2004.557959,5.075e-25
2004.5762,4.884e-25
2004.614,1.471e-25
2004.6354,4.624e-25
2004.6766,1.425e-25
2004.6781,4.953e-25
2004.727696,3.26e-26
2004.7406,4.6750000000000005e-25
2004.767784,3.206e-26
2004.774967,7.594000000000001e-26
2004.7801,4.982000000000001e-25
2004.800338,7.460000000000001e-26
2004.8462,4.6870000000000005e-25
2004.870128,2.163e-24
2004.872,4.969000000000001e-25
2004.935217,2.095e-24
2004.9424,4.657000000000001e-25
2004.9609,4.91e-25
2004.985144,5.0270000000000005e-25
2005.008208,4.857e-25
2005.008865,2.3449999999999998e-24
2005.0361,4.582e-25
2005.0417,4.8e-25
2005.082968,4.653000000000001e-25
2005.1168,1.627e-25
2005.1176,4.638000000000001e-25
2005.1225,4.458e-25
2005.124916,2.22e-24
2005.130801,4.553e-25
2005.163666,4.11e-26
2005.183455,4.204e-26
2005.1852,6.3170000000000005e-25
2005.1863,4.422e-25
2005.195606,2.7090000000000005e-26
2005.2048,4.284e-25
2005.207155,3.938e-24
2005.218089,6.093e-25
2005.2316,1.535e-25
2005.235169,2.6650000000000005e-26
2005.2489,4.147e-25
2005.2573,1.5620000000000002e-25
2005.2761,1.418e-25
2005.278806,3.647e-24
2005.2813,4.058e-25
2005.3044,3.811e-25
2005.305,1.451e-25
2005.3366,1.374e-25
2005.3529,3.411e-25
2005.3532,3.779e-25
2005.3934,2.942e-25
2005.41633,1.272e-26
2005.4202,3.4440000000000004e-25
2005.4252,2.393e-25
2005.4465,1.748e-25
2005.4831,3.054e-25
2005.522961,1.1610000000000002e-25
2005.532233,2.1e-24
2005.5427,2.604e-25
2005.548364,1.139e-25
2005.587977,5.54e-26
2005.594317,5.429e-26
2005.595014,2.036e-24
2005.6008,2.092e-25
2005.650371,4.15e-25
2005.656906,2.24e-26
2005.6611,1.51e-25
2005.683451,4.922e-26
2005.693045,4.8310000000000006e-26
2005.695968,2.204e-26
2005.69722,4.062e-25
2005.757902,2.621e-24
2005.844855,6.317e-26
2005.865235,2.488e-24
2005.8722,1.813e-25
2005.905425,6.156e-26
2005.9319,1.358e-25
2005.9781,1.715e-25
2005.9903,1.317e-25
2006.0892,1.7230000000000002e-25
2006.109707,4.257e-24
2006.111604,1.844e-26
2006.1416,1.592e-25
2006.150186,1.815e-26
2006.186805,3.912e-24
2006.187919,2.024e-24
2006.211301,3.681e-25
2006.231345,1.743e-25
2006.248575,1.964e-24
2006.256804,1.71e-25
2006.257222,3.604e-25
2006.25781,1.2880000000000002e-26
2006.308163,1.269e-26
2006.342526,1.712e-26
2006.387641,2.5030000000000003e-26
2006.458771,2.465e-26
2006.50012,2.873e-24
2006.559708,1.51e-26
2006.569461,4.014e-26
2006.5813,1.291e-25
2006.589147,4.11e-26
2006.597831,1.4870000000000002e-26
2006.600009,2.734e-24
2006.621,1.983e-25
2006.6379,1.253e-25
2006.7192,1.881e-25
2006.765768,3.247e-25
2006.792258,7.951e-25
2006.810811,3.181e-25
2006.818706,7.656e-25
2006.837201,1.937e-24
2006.895898,1.881e-24
2006.902069,2.571e-25
2006.927654,2.52e-25
2007.001227,1.231e-26
2007.006103,4.568e-24
2007.03891,1.212e-26
2007.040324,1.551e-26
2007.040402,1.5260000000000002e-26
2007.0717,1.887e-25
2007.089481,4.159e-24
2007.1263,1.732e-25
2007.20712,2.505e-26
2007.208686,9.689e-25
2007.209202,2.463e-26
2007.2244,1.219e-25
2007.235636,3.099e-24
2007.243162,9.311e-25
2007.267514,2.3420000000000003e-26
2007.2792,1.185e-25
2007.313781,2.849e-25
2007.329099,2.955e-24
2007.357993,2.793e-25
2007.3632,2.135e-25
2007.396848,3.98e-26
2007.401018,3.912e-26
2007.4549,2.029e-25
2007.480097,1.841e-24
2007.536981,1.789e-24
2007.537039,3.725e-25
2007.542802,1.325e-26
2007.562844,3.648e-25
2007.610962,6.219e-26
2007.617264,6.109000000000001e-26
2007.643334,1.228e-26
2007.818977,2.133e-26
2007.820504,6.798e-26
2007.82659,6.653000000000001e-26
2007.849798,9.554e-26
2007.85535,2.4870000000000003e-25
2007.858246,9.379e-26
2007.8611,1.144e-25
2007.867152,2.1e-26
2007.896,4.871e-24
2007.898774,2.439e-25
2007.9144,1.113e-25
2007.9343,2.043e-25
2007.953672,3.576e-26
2007.96454,3.294e-24
2007.973241,3.6650000000000005e-26
2007.986634,4.383e-24
2007.9939,1.863e-25
2008.052402,3.147e-24
2008.099,2.266e-25
2008.112683,1.443e-25
2008.116622,1.738e-24
2008.123262,1.416e-25
2008.138086,5.3e-25
2008.138088,6.153e-26
2008.147593,6.035e-26
2008.164221,5.186e-25
2008.171824,1.6909999999999998e-24
2008.185,2.1580000000000003e-25
2008.192397,1.241e-26
2008.192859,3.2850000000000005e-26
2008.241597,1.331e-26
2008.263163,1.3010000000000002e-26
2008.26682,1.804e-25
2008.281588,1.223e-26
2008.390484,2.16e-25
2008.398069,2.142e-25
2008.410744,2.1e-25
2008.433161,2.118e-25
2008.4916,1.068e-25
2008.529233,4.0450000000000006e-26
2008.5433,1.039e-25
2008.598879,3.98e-26
2008.612079,1.179e-24
2008.612678,1.671e-25
2008.642116,1.131e-24
2008.686905,3.456e-24
2008.703696,3.1250000000000003e-25
2008.706939,7.405e-25
2008.718416,3.061e-25
2008.733523,7.239000000000001e-25
2008.746792,1.631e-24
2008.769846,3.308e-24
2008.77942,5.168e-24
2008.800431,1.588e-24
2008.8284,2.374e-25
2008.8734,2.195e-25
2008.878356,4.579e-24
2008.9094,2.267e-25
2008.911442,2.277e-26
2008.919194,1.866e-25
2008.937,1.983e-25
2008.961161,1.831e-25
2008.985099,1.4030000000000002e-25
2009.002635,2.128e-26
2009.026751,4.479e-25
2009.04194,1.362e-25
2009.04346,4.384e-25
2009.097961,4.764e-25
2009.121663,4.784e-26
2009.19183,1.3999999999999999e-24
2009.228457,1.339e-24
2009.245206,1.016e-24
2009.272368,9.92e-25
2009.31183,3.4660000000000004e-26
2009.321492,2.79e-26
2009.341509,2.859e-26
2009.356561,3.4170000000000004e-26
2009.364041,6.3070000000000005e-25
2009.364976,4.385e-25
2009.370621,1.521e-24
2009.38268,6.168e-25
2009.402791,3.583e-24
2009.422803,1.481e-24
2009.441491,1.604e-25
2009.481374,3.436e-24
2009.482782,1.574e-25
2009.5516,2.46e-25
2009.6282,2.353e-25
2009.656278,5.472e-24
2009.712141,8.723e-25
2009.732657,8.522e-25
2009.7498,2.3370000000000003e-25
2009.754359,1.368e-24
2009.764321,4.7429999999999996e-24
2009.782235,1.3339999999999999e-24
2009.8194,2.09e-25
2009.913079,8.484e-25
2009.957383,1.372e-25
2009.988125,1.409e-24
2009.998032,1.347e-25
2010.011322,8.003e-26
2010.017816,7.809e-26
2010.038947,1.373e-24
2010.05919,7.391e-26
2010.067528,1.185e-24
2010.08988,1.156e-24
2010.112249,3.676e-24
2010.13115,7.814e-25
2010.186949,3.53e-24
2010.2142,3.5690000000000003e-26
2010.23572,1.808e-24
2010.264458,1.761e-24
2010.2684,2.522e-25
2010.298568,3.3580000000000005e-26
2010.3411,2.417e-25
2010.426698,1.58e-24
2010.439061,1.655e-24
2010.450861,1.539e-24
2010.466885,1.167e-25
2010.473015,1.58e-24
2010.506921,1.146e-25
2010.526817,5.809e-24
2010.581603,7.397000000000001e-26
2010.591051,7.249000000000001e-26
2010.599316,1.298e-24
2010.614317,6.428e-26
2010.643162,4.866e-24
2010.648865,1.2659999999999999e-24
2010.6585,2.468e-25
2010.677876,1.746e-26
2010.682432,6.321000000000001e-26
2010.690453,2.3449999999999998e-24
2010.716425,1.2699999999999999e-24
2010.720215,2.281e-24
2010.720888,5.414e-26
2010.728165,1.2e-26
2010.7341,2.1780000000000003e-25
2010.776322,5.459e-26
2010.786253,2.067e-24
2010.812225,2.0119999999999998e-24
2010.815319,3.733e-24
2010.88654,3.591e-24
2010.900982,1.174e-24
2010.935841,2.077e-26
2010.970003,9.883e-26
2010.9793,2.561e-25
2011.009455,9.709e-26
2011.016085,1.262e-25
2011.022549,2.045e-26
2011.0485,2.458e-25
2011.119561,2.983e-24
2011.137577,1.92e-24
2011.142969,2.654e-24
2011.150523,2.897e-24
2011.170777,2.58e-24
2011.177047,1.828e-24
2011.204213,1.188e-24
2011.221597,1.7470000000000003e-26
2011.252569,1.16e-24
2011.255993,1.6910000000000003e-26
2011.392376,6.251e-24
2011.443287,5.172e-26
2011.466754,8.327e-26
2011.493844,3.343e-24
2011.505648,8.183000000000001e-26
2011.506976,4.899e-24
2011.510105,1.724e-24
2011.512045,3.756e-24
2011.522725,4.892e-26
2011.523545,3.244e-24
2011.523881,3.722e-24
2011.5364,2.584e-25
2011.556242,3.608e-24
2011.58013,3.618e-24
2011.6202,2.244e-25
2011.670239,1.598e-24
2011.6839,2.576e-25
2011.7499,2.477e-25
2011.802825,1.082e-24
2011.836125,4.129e-24
2011.850061,1.056e-24
2011.867818,3.998e-24
2011.904086,4.5519999999999996e-24
2011.938074,4.404e-24
2011.957143,6.981e-26
2011.981309,2.712e-25
2011.995504,6.863e-26
2012.01792,2.618e-25
2012.034817,2.625e-25
2012.064154,1.0380000000000002e-26
2012.079648,8.697e-26
2012.126571,8.566e-26
2012.158778,8.983000000000001e-26
2012.16732,4.997e-24
2012.168855,8.637e-26
2012.201152,4.829e-24
2012.202453,3.747e-24
2012.260692,5.4539999999999996e-24
2012.267699,3.614e-24
2012.267772,2.2129999999999998e-24
2012.295292,2.193e-24
2012.296571,5.264e-24
2012.306145,2.101e-24
2012.3827,2.571e-25
2012.395175,9.793e-25
2012.3964,1.119e-25
2012.4229,2.687e-25
2012.4288,1.091e-25
2012.436829,2.042e-24
2012.44119,5.825000000000001e-26
2012.441358,9.568e-25
2012.4459,2.474e-25
2012.479043,5.727000000000001e-26
2012.485204,5.924e-24
2012.5159,2.284e-25
2012.521379,5.711e-24
2012.59058,6.994e-26
2012.594063,6.398e-24
2012.63215,6.159e-24
2012.640915,1.004e-25
2012.666575,6.645000000000001e-26
2012.707456,9.869e-26
2012.787803,6.875e-24
2012.826598,6.608e-24
2012.863597,1.058e-26
2012.8817,1.187e-25
2012.886584,3.706e-24
2012.90442,7.344e-24
2012.918899,4.8360000000000005e-26
2012.945101,7.047e-24
2012.949249,3.579e-24
2012.956264,4.7570000000000007e-26
2012.981266,8.815e-25
2013.015643,8.506e-26
2013.02506,8.328000000000001e-26
2013.026456,8.617e-25
2013.0361,1.091e-25
2013.048491,2.513e-24
2013.072695,2.6659999999999998e-24
2013.073387,7.802e-24
2013.0751,2.543e-25
2013.091683,2.377e-24
2013.105,1.456e-25
2013.115174,7.474e-24
2013.1357,2.452e-25
2013.1374,1.416e-25
2013.191856,8.238e-24
2013.199602,2.492e-24
2013.235611,7.876999999999999e-24
2013.294,2.778e-25
2013.340442,8.648999999999999e-24
2013.362753,1.342e-25
2013.385716,8.252e-24
2013.390294,3.9960000000000006e-26
2013.3991,2.297e-25
2013.407653,1.32e-25
2013.427192,3.932e-26
2013.456338,9.022e-24
2013.503781,8.588e-24
2013.541048,1.068e-26
2013.545077,1.136e-26
2013.561129,7.892000000000001e-25
2013.564453,3.637e-24
2013.587649,9.351e-24
2013.605383,7.718e-25
2013.624762,3.5159999999999996e-24
2013.637074,8.879e-24
2013.645734,1.212e-26
2013.647881,8.884000000000001e-26
2013.650992,3.425e-26
2013.652561,1.057e-26
2013.673,1.499e-25
2013.683675,1.287e-26
2013.697723,9.626e-24
2013.721635,8.474000000000001e-26
2013.749123,3.2710000000000004e-26
2013.74966,9.114e-24
2013.755782,1.3740000000000002e-26
2013.7573,1.856e-25
2013.7622,2.4970000000000003e-25
2013.7898,1.802e-25
2013.801649,1.4570000000000002e-26
2013.8084,1.384e-25
2013.813848,9.841e-24
2013.8204,2.41e-25
2013.842769,3.131e-24
2013.851271,1.5550000000000002e-26
2013.855371,3.2860000000000003e-26
2013.868329,9.288e-24
2013.891822,3.234e-26
2013.915757,9.984e-24
2013.926395,1.644e-26
2013.946334,1.758e-26
2013.95787,2.937e-24
2013.973278,9.39e-24
2014.018,1.005e-23
2014.030581,1.9860000000000003e-26
2014.037764,1.853e-26
2014.0788,9.414e-24
2014.093032,2.832e-24
2014.110067,1.003e-23
2014.110851,2.243e-26
2014.134759,7.026e-25
2014.136586,2.6699999999999998e-24
2014.150467,2.083e-26
2014.1624,2.867e-25
2014.174702,9.352e-24
2014.178128,6.875000000000001e-25
2014.182015,2.533e-26
2014.198743,1.111e-26
2014.199129,9.917e-24
2014.212756,2.219e-26
2014.232878,7.826e-26
2014.236109,3.543e-24
2014.240577,2.178e-26
2014.246875,2.862e-26
2014.254188,2.3370000000000003e-26
2014.261265,9.527e-26
2014.268077,9.198e-24
2014.280129,9.705e-24
2014.2821,2.278e-25
2014.294259,3.429e-24
2014.30287,3.2370000000000004e-26
2014.307905,1.093e-26
2014.314167,2.69e-26
2014.326351,6.546e-26
2014.350188,2.648e-26
2014.350577,3.667e-26
2014.354126,8.946e-24
2014.3555,2.3180000000000003e-25
2014.356231,9.388e-24
2014.356354,2.6170000000000004e-26
2014.388257,4.1630000000000005e-26
2014.3883,2.249e-25
2014.394909,6.734000000000001e-26
2014.409526,1.4960000000000002e-26
2014.414881,4.7340000000000005e-26
2014.423674,6.101e-26
2014.425178,8.96e-24
2014.427933,5.387000000000001e-26
2014.432045,1.039e-26
2014.4361,8.591e-24
2014.4424,2.434e-25
2014.45224,2.926e-26
2014.4564,1.809e-25
2014.488101,8.418e-24
2014.4985,2.353e-25
2014.512044,8.13e-24
2014.543978,7.754e-24
2014.545456,3.263e-26
2014.576387,2.031e-25
2014.5771,1.679e-25
2014.583396,7.557e-24
2014.592915,6.963e-24
2014.60583,3.578e-24
2014.607097,1.542e-25
2014.607182,1.066e-25
2014.620118,1.997e-25
2014.634158,6.032e-24
2014.634352,3.63e-26
2014.649669,6.871e-24
2014.666981,4.9419999999999996e-24
2014.672018,1.515e-25
2014.679684,1.02e-25
2014.689778,3.654e-24
2014.699274,2.082e-24
2014.7022,6.223e-25
2014.711208,3.369e-24
2014.711741,6.067e-24
2014.72092,4.022e-26
2014.744732,6.091e-25
2014.766667,2.1910000000000003e-26
2014.770175,5.1409999999999996e-24
2014.802276,2.1570000000000003e-26
2014.805389,4.429e-26
2014.826587,4.085e-24
2014.840015,4.74e-25
2014.884177,2.885e-24
2014.889774,4.8270000000000005e-26
2014.890643,4.572e-25
2014.901546,3.426e-24
2014.9023,2.838e-25
2014.926749,3.15e-24
2014.9356,2.748e-25
2014.951895,1.524e-24
2014.957712,3.319e-24
2014.974837,2.957e-24
2014.976401,5.159e-26
2015.0213,2.9680000000000003e-25
2015.069894,5.291e-26
2015.118,2.355e-25
2015.122579,1.617e-26
2015.1586,2.232e-25
2015.1721,2.279e-25
2015.179046,4.917e-26
2015.202751,1.01e-26
2015.212921,1.7770000000000002e-26
2015.228137,1.59e-26
2015.2331,2.113e-25
2015.248133,1.7500000000000002e-26
2015.263428,5.482e-25
2015.305168,5.368e-25
2015.324818,3.3540000000000004e-26
2015.3419,1.971e-25
2015.362086,4.001e-24
2015.4,3.403e-25
2015.4341,3.2870000000000003e-25
2015.441901,9.286e-26
2015.451291,9.081e-26
2015.459322,3.778e-24
2015.46091,1.212e-25
2015.532985,1.164e-25
2015.560835,3.29e-24
2015.615171,3.1899999999999998e-24
2015.652899,1.434e-26
2015.68773,1.412e-26
2015.721222,3.012e-25
2015.764725,2.9670000000000003e-25
2015.7861,2.264e-25
2015.818513,4.804e-25
2015.8384,2.193e-25
2015.851,3.994e-25
2015.8595,4.706e-25
2015.8738,3.13e-25
2015.8864,3.848e-25
2015.910014,3.476e-24
2015.924483,2.292e-26
2015.959906,3.2469999999999998e-24
2016.0021,2.406e-25
2016.0211,2.1690000000000003e-25
2016.027213,2.253e-26
2016.076707,2.8610000000000004e-26
2016.086671,1.152e-26
2016.086982,2.931e-26
2016.1014,2.252e-25
2016.111724,4.39e-24
2016.121135,1.135e-26
2016.202045,4.157e-24
2016.202162,1.312e-25
2016.213938,3.138e-24
2016.2579,4.585e-25
2016.266582,3.046e-24
2016.274499,1.263e-25
2016.2948,4.404e-25
2016.31129,9.148e-26
2016.317295,9.416e-26
2016.331851,5.567e-26
2016.367404,4.188e-25
2016.407677,4.104e-25
2016.421912,5.458000000000001e-26
2016.4507,2.1620000000000003e-25
2016.5012,2.095e-25
2016.510995,2.3270000000000003e-25
2016.574246,2.284e-25
2016.601932,3.1640000000000003e-26
2016.623,5.146e-25
2016.6619,4.926e-25
2016.6947,1.196e-25
2016.702699,3.108e-26
2016.7412,1.12e-25
2016.7659,2.682e-25
2016.774134,3.791e-24
2016.795784,4.335000000000001e-25
2016.824891,1.355e-25
2016.828758,3.522e-24
2016.842432,4.326000000000001e-25
2016.854832,4.74e-24
2016.8572,2.52e-25
2016.860965,2.973e-24
2016.8617,1.735e-25
2016.8686,2.1680000000000003e-25
2016.8737,1.687e-25
2016.8742,1.365e-25
2016.8832,2.102e-25
2016.8839,1.328e-25
2016.8973,2.6570000000000003e-25
2016.89806,1.307e-25
2016.9023,1.055e-25
2016.9099,1.028e-25
2016.910203,3.632e-25
2016.912039,2.888e-24
2016.9146,2.574e-25
2016.93921,4.501e-24
2016.9486,5.638000000000001e-25
2016.9487,3.196e-25
2016.949796,3.561e-25
2016.9689,3.089e-25
2016.9899,5.376e-25
2017.0223,3.768e-25
2017.0456,3.634e-25
2017.1065,2.05e-25
2017.1163,4.3530000000000005e-25
2017.1429,4.187e-25
2017.152384,4.247e-26
2017.1555,1.9899999999999999e-25
2017.211796,2.7190000000000005e-26
2017.2279,4.923e-25
2017.2367,6.022e-25
2017.239307,2.667e-26
2017.254499,4.145e-26
2017.2581,4.72e-25
2017.2813,5.715e-25
2017.324045,1.339e-25
2017.3534,5.442e-25
2017.3874,5.2e-25
2017.398507,1.294e-25
2017.438442,8.416000000000001e-26
2017.446818,3.1340000000000003e-25
2017.446914,8.655000000000001e-26
2017.485764,3.074e-25
2017.4886,5.875e-25
2017.4893,6.256000000000001e-25
2017.501824,2.799e-24
2017.5214,2.934e-25
2017.527,5.588e-25
2017.5383,5.903e-25
2017.55144,2.721e-24
2017.568277,7.649999999999999e-25
2017.573576,5.536000000000001e-26
2017.591572,5.046e-24
2017.606,2.767e-25
2017.61654,7.35e-25
2017.6289,6.181e-25
2017.635113,4.303e-26
2017.669825,1.019e-25
2017.67079,4.803e-24
2017.6721,5.849e-25
2017.695639,1.269e-25
2017.7084,6.3070000000000005e-25
2017.714296,4.099e-24
2017.7604,1.933e-25
2017.7629,5.907e-25
2017.7694,6.32e-25
2017.771747,1.228e-25
2017.772314,3.784e-24
2017.8079,1.877e-25
2017.811761,1.131e-26
2017.8185,5.942000000000001e-25
2017.824769,1.1490000000000002e-26
2017.846474,5.307000000000001e-25
2017.854393,6.191e-25
2017.862053,9.518e-26
2017.86364,6.997000000000001e-26
2017.871375,9.294e-26
2017.8954,6.139e-25
2017.9055,6.259000000000001e-25
2017.936773,1.155e-25
2017.945576,6.719e-26
2017.9574,5.695e-25
2017.9618,5.836e-25
2017.977407,2.691e-25
2018.014766,1.119e-25
2018.015736,2.64e-25
2018.021223,8.562000000000001e-26
2018.0324,5.969000000000001e-25
2018.045595,1.012e-25
2018.0516,5.729e-25
2018.098,5.506e-25
2018.102895,8.289e-26
2018.1239,5.25e-25
2018.125551,9.814e-26
2018.136697,2.619e-24
2018.1457,5.43e-25
2018.1775,5.063e-25
2018.184953,2.548e-24
2018.2242,4.937e-25
2018.2408,4.629e-25
2018.265,4.559e-25
2018.2729,4.124e-25
2018.2736,3.162e-25
2018.3123,3.546e-25
2018.321166,8.271000000000001e-26
2018.321928,5.303e-24
2018.325597,8.483e-26
2018.3346,2.884e-25
2018.3384,4.122e-25
2018.3486,1.195e-25
2018.3504,2.116e-25
2018.35083,3.4520000000000003e-25
2018.3524,2.9920000000000003e-25
2018.3844,3.622e-25
2018.396628,5.059e-24
2018.4038,1.811e-25
2018.41235,3.386e-25
2018.4419,3.063e-25
2018.4499,1.76e-25
2018.4904,2.439e-25
2018.501811,2.298e-25
2018.539552,2.256e-25
2018.547,1.748e-25
2018.591986,4.387e-24
2018.655572,4.019e-24
2018.716241,1.5230000000000002e-26
2018.765397,2.435e-24
2018.77175,8.834e-25
2018.80195,8.693e-25
2018.811165,1.843e-25
2018.812385,2.371e-24
2018.817588,1.901e-25
2018.862235,2.758e-25
2018.971621,8.916e-26
2018.9844,1.51e-25
2019.0156,3.362e-25
2019.020273,1.954e-25
2019.0323,1.4e-25
2019.046125,5.511e-24
2019.0477,1.687e-25
2019.05745,1.918e-25
2019.059791,8.748000000000001e-26
2019.0894,3.188e-25
2019.0925,1.64e-25
2019.116832,5.2669999999999996e-24
2019.144,1.272e-25
2019.1591,1.194e-25
2019.19291,2.4910000000000003e-25
2019.3813,1.292e-25
2019.388231,2.251e-24
2019.4331,1.258e-25
2019.434029,2.193e-24
2019.457174,1.244e-26
2019.501838,4.655e-24
2019.532529,1.652e-25
2019.56917,1.623e-25
2019.570837,4.2229999999999996e-24
2019.642561,2.063e-26
2019.654794,1.224e-24
2019.6782,1.5610000000000002e-25
2019.686623,1.198e-24
2019.700481,7.123e-25
2019.7218,1.519e-25
2019.7576,3.53e-25
2019.763992,5.6649999999999996e-24
2019.827,3.357e-25
2019.831154,5.426e-24
2019.946442,6.408e-25
2020.004851,2.069e-24
2020.038952,1.391e-25
2020.049536,2.017e-24
2020.075077,1.367e-25
2020.124945,5.028e-25
2020.173444,1.154e-24
2020.184641,4.929e-25
2020.197347,3.427e-25
2020.201481,3.545e-25
2020.214732,3.2030000000000003e-26
2020.21993,1.104e-24
2020.242533,3.1390000000000004e-26
2020.277691,9.003000000000001e-26
2020.280745,6.522000000000001e-26
2020.285222,6.69e-26
2020.286777,8.768000000000001e-26
2020.3129,1.436e-25
2020.315493,1.581e-26
2020.3551,1.395e-25
2020.381101,4.893e-24
2020.457464,4.388e-24
2020.475926,5.768e-24
2020.478109,1.658e-24
2020.4855,3.665e-25
2020.510097,1.618e-24
2020.521719,1.248e-24
2020.539124,1.165e-25
2020.539912,5.534e-24
2020.541998,2.828e-26
2020.5511,3.494e-25
2020.574757,1.145e-25
2020.615771,1.8899999999999998e-24
2020.6269,1.573e-25
2020.6471,1.463e-25
2020.659406,1.844e-24
2020.718406,1.128e-24
2020.7586,1.681e-25
2020.8089,1.634e-25
2020.9298,1.314e-25
2020.9712,1.282e-25
2021.033608,9.711e-26
2021.068766,9.546e-26
2021.15304,1.776e-26
2021.1767,1.819e-25
2021.181485,5.819e-24
2021.219,3.767e-25
2021.22038,1.717e-24
2021.2273,1.664e-25
2021.242362,2.201e-24
2021.242619,5.591e-24
2021.263033,1.676e-24
2021.268846,5.103e-24
2021.274211,2.145e-24
2021.2811,3.5980000000000004e-25
2021.331073,1.848e-24
2021.353602,4.507e-24
2021.455196,4.0060000000000006e-26
2021.495282,1.68e-24
2021.521754,8.056000000000001e-26
2021.5563,1.196e-25
2021.556459,7.921000000000001e-26
2021.562828,1.407e-25
2021.5967,1.167e-25
2021.599143,5.714e-25
2021.600732,5.93e-25
2021.649628,1.38e-25
2021.819529,1.552e-24
2021.831873,7.193000000000001e-25
2021.861248,1.516e-24
2021.88142,5.82e-24
2021.88954,7.047e-25
2021.9315,3.835e-25
2021.939967,5.601e-24
2021.949245,2.8649999999999998e-24
2021.975069,1.875e-26
2021.98094,2.788e-24
2021.9907,3.669e-25
2022.00441,6.651000000000001e-26
2022.038675,6.542000000000001e-26
2022.0603,2.144e-25
2022.1093,2.081e-25
2022.13079,2.487e-24
2022.1342,1.865e-25
2022.141496,5.287e-24
2022.1587,1.083e-25
2022.1604,1.717e-25
2022.190702,4.131e-26
2022.195665,4.243e-26
2022.1982,1.057e-25
2022.23702,4.574e-24
2022.271929,2.2759999999999998e-24
2022.361263,5.919e-26
2022.412184,1.394e-24
2022.45303,1.363e-24
2022.480584,5.465000000000001e-26
2022.514433,5.376e-26
2022.57479,5.774e-24
2022.600736,3.655e-24
2022.630999,5.564e-24
2022.632375,3.551e-24
2022.659,3.869e-25
2022.662907,1.641e-24
2022.690229,7.629000000000001e-26
2022.698325,7.378000000000001e-26
2022.708298,1.561e-24
2022.7153,3.709e-25
2022.784848,1.911e-26
2022.922372,3.146e-24
2022.951539,4.4690000000000007e-26
2022.984977,4.398e-26
2022.999727,1.246e-24
2023.011471,5.457e-24
2023.017177,9.151e-25
2023.018416,8.789e-25
2023.039735,1.218e-24
2023.046259,2.897e-24
2023.120125,4.582e-24
2023.198965,4.571e-24
2023.216759,3.608e-26
2023.23071,4.433e-24
2023.24551,3.5330000000000006e-26
2023.263004,5.683e-24
2023.2771,2.09e-25
2023.277563,9.419e-26
2023.2861,2.679e-25
2023.317065,5.483e-24
2023.3326,1.876e-25
2023.334,2.595e-25
2023.3542,3.871e-25
2023.4082,3.717e-25
2023.415787,3.637e-26
2023.44884,3.58e-26
2023.470736,1.0079999999999999e-24
2023.525601,9.894e-25
2023.580468,1.108e-24
2023.583815,1.9030000000000003e-26
2023.619696,1.083e-24
2023.6661,2.123e-25
2023.7001,1.923e-25
2023.706123,3.809e-24
2023.746156,5.601e-24
2023.778216,5.42e-24
2023.816635,3.527e-24
2023.872148,5.6489999999999996e-24
2023.875184,2.947e-26
2023.907853,2.901e-26
2023.944242,5.552e-24
2023.996356,5.364e-24
2023.996396,4.512e-24
2024.051391,1.651e-26
2024.056988,1.7e-26
2024.0788,3.842e-25
2024.097468,2.1899999999999998e-25
2024.1303,3.695e-25
2024.156602,9.793e-25
2024.1623,1.249e-25
2024.183484,2.141e-25
2024.195071,9.584e-25
2024.207969,1.706e-25
2024.225891,2.3740000000000003e-26
2024.23237,2.3350000000000003e-26
2024.244589,6.721e-24
2024.27722,6.489e-24
2024.3103,1.116e-25
2024.327539,2.3760000000000003e-26
2024.359852,2.34e-26
2024.373953,1.865e-26
2024.4357,3.2780000000000004e-25
2024.452373,1.324e-24
2024.456772,1.2669999999999999e-24
2024.4825,3.168e-25
2024.483309,4.462e-24
2024.583127,4.153e-24
2024.621065,5.386e-24
2024.666259,3.814e-26
2024.670596,3.749e-26
2024.671362,5.209e-24
2024.680899,2.388e-26
2024.696576,7.894e-24
2024.72544,8.614e-25
2024.726645,5.966e-24
2024.730081,7.600999999999999e-24
2024.733344,2.333e-26
2024.7535,3.783e-25
2024.76321,8.433000000000001e-25
2024.775547,1.907e-26
2024.8033,3.644e-25
2024.807497,1.879e-26
2024.85949,4.26e-24
2024.969896,4.856e-25
2024.9773,1.658e-25
2025.018303,6.01e-26
2025.020828,5.905e-26
2025.043868,2.21e-24
2025.069474,9.11e-25
2025.077878,3.093e-26
2025.088984,2.088e-24
2025.091519,1.363e-24
2025.100799,5.469e-26
2025.1026,1.495e-25
2025.104429,9.07e-24
2025.13917,8.707e-24
2025.154823,1.806e-26
2025.177455,2.282e-26
2025.184015,4.101e-25
2025.216026,1.524e-26
2025.2228,2.317e-25
2025.247647,1.5010000000000002e-26
2025.252937,5.093e-24
2025.2669,2.051e-25
2025.2899,2.286e-25
2025.290153,5.188e-24
2025.290288,9.291e-26
2025.290403,7.537000000000001e-25
2025.291353,9.123e-26
2025.327481,7.382e-25
2025.338809,5.023e-24
2025.344048,4.761e-24
2025.3538,1.993e-25
2025.470428,1.019e-23
2025.4798,3.7e-25
2025.491072,1.383e-25
2025.4911,1.409e-25
2025.498844,1.1660000000000002e-26
2025.506841,9.743e-24
2025.5088,3.926e-25
2025.5272,3.568e-25
2025.5548,3.784e-25
2025.629389,2.058e-25
2025.63013,2.099e-25
2025.667614,3.423e-24
2025.670117,2.691e-24
2025.676838,3.327e-24
2025.677005,2.619e-24
2025.683234,4.277e-24
2025.686898,2.0789999999999998e-24
2025.691691,2.026e-24
2025.695006,4.149e-24
2025.712736,1.578e-24
2025.715709,1.539e-24
2025.716055,3.008e-25
2025.717118,3.07e-25
2025.719388,5.245e-24
2025.733893,5.0799999999999996e-24
2025.74116,1.177e-24
2025.742619,1.15e-24
2025.7598,2.074e-25
2025.760983,4.318000000000001e-25
2025.76198,4.41e-25
2025.764603,8.635e-25
2025.764882,8.441e-25
2025.774051,6.09e-25
2025.774597,6.225e-25
2025.777052,6.312e-24
2025.794455,6.0999999999999996e-24
2025.796793,1.117e-23
2025.798492,1.14e-26
2025.833718,1.4990000000000002e-26
2025.835417,1.064e-23
2025.847312,6.561000000000001e-25
2025.855827,7.447e-24
2025.8692,1.887e-25
2025.876287,7.179e-24
2025.883762,6.429e-25
2025.907621,1.814e-24
2025.915585,1.727e-24
2025.929096,1.734e-26
2025.954073,8.609e-24
2025.955995,4.964e-24
2025.977759,8.276e-24
2026.003089,4.811e-24
2026.017373,5.69e-24
2026.069089,9.741e-24
2026.080516,1.4670000000000002e-26
2026.085652,1.194e-23
2026.096203,9.334e-24
2026.101207,5.3399999999999996e-24
2026.127167,1.131e-23
2026.1295,3.591e-25
2026.132302,1.915e-26
2026.1757,3.4680000000000003e-25
2026.197335,1.078e-23
2026.210603,3.834e-26
2026.228143,1.029e-23
2026.230112,1.29e-26
2026.243373,3.776e-26
2026.326287,1.876e-26
2026.327778,1.2880000000000002e-26
2026.334665,1.164e-23
2026.339,1.241e-23
2026.369541,1.106e-23
2026.376428,1.666e-26
2026.384297,1.169e-23
2026.39701,2.433e-26
2026.4014,5.683e-25
2026.437211,5.57e-25
2026.463871,1.6520000000000003e-26
2026.476567,1.226e-23
2026.5054,4.596e-25
2026.516054,1.158e-23
2026.52875,2.133e-26
2026.529459,1.887e-24
2026.537318,2.39e-26
2026.5508,4.418e-25
2026.558663,1.252e-23
2026.567203,3.356e-25
2026.5734,2.4910000000000003e-25
2026.58614,1.843e-24
2026.598735,2.11e-26
2026.608952,1.169e-23
2026.612816,4.719e-24
2026.618372,1.255e-23
2026.630297,3.078e-26
2026.650293,4.024e-26
2026.65544,3.235e-25
2026.658515,4.577e-24
2026.663273,1.176e-23
2026.6698,2.284e-25
2026.682909,2.7150000000000003e-26
2026.694007,1.651e-26
2026.703323,3.9570000000000006e-26
2026.714702,3.045e-26
2026.727342,2.688e-26
2026.74623,1.221e-23
2026.755421,1.244e-23
2026.773493,6.243e-24
2026.803241,1.127e-23
2026.8037,2.42e-25
2026.806958,1.155e-23
2026.83477,3.8840000000000006e-26
2026.835038,3.439e-26
2026.844538,3.433e-26
2026.851233,5.881e-24
2026.858856,3.896e-26
2026.8626,2.064e-25
2026.8634,3.4630000000000003e-25
2026.883186,1.188e-23
2026.902968,1.141e-23
2026.9074,3.349e-25
2026.943274,1.089e-23
2026.944824,4.4160000000000006e-26
2026.9463,4.897e-25
2026.968956,5.042e-26
2026.969329,1.038e-23
2026.981547,4.802e-25
2026.981922,4.347e-26
2026.996076,1.139e-25
2026.997279,1.083e-23
2027.013441,4.898e-26
2027.021564,5.77e-26
2027.029626,1.011e-23
2027.041456,6.661000000000001e-26
2027.04936,1.055e-25
2027.064475,7.736e-26
2027.065165,9.055e-26
2027.069079,9.751e-24
2027.093288,9.264e-24
2027.109679,8.993e-24
2027.121535,5.492e-26
2027.125989,8.279e-24
2027.166069,7.152e-24
2027.170349,6.182000000000001e-26
2027.18246,8.112999999999999e-24
2027.189408,5.861e-24
2027.206797,4.362e-24
2027.207649,2.5379999999999998e-24
2027.2183,2.379e-25
2027.227806,7.105e-24
2027.254185,6.935000000000001e-26
2027.268211,4.457e-24
2027.284242,5.9699999999999996e-24
2027.2969,1.975e-25
2027.312339,7.772000000000001e-26
2027.312543,4.327e-24
2027.323128,2.827e-24
2027.3238,2.899e-25
2027.331257,4.7e-24
2027.368997,2.648e-24
2027.383988,2.368e-24
2027.385181,3.285e-24
2027.385837,8.624e-26
2027.396037,2.241e-24
2027.4111,2.675e-25
2027.4255,5.256e-25
2027.453446,1.705e-24
2027.454767,1.563e-26
2027.4555,9.348e-26
2027.4706,5.035e-25
2027.482,3.3160000000000003e-25
2027.489881,4.199e-25
2027.510127,2.893e-26
2027.523604,2.854e-26
2027.524532,4.119e-25
2027.5253,3.209e-25
2027.526434,6.745e-24
2027.542618,9.422e-26
2027.598888,6.373e-24
2027.665019,7.203e-26
2027.912508,4.184e-24
2027.954643,2.51e-24
2027.95565,4.066e-24
2028.008468,2.445e-24
2028.022621,3.582e-25
2028.056768,3.515e-25
2028.1496,3.2940000000000003e-25
2028.204504,1.47e-26
2028.228,3.057e-25
2028.2315,3.157e-25
2028.26899,7.186e-24
2028.2691,5.867e-25
2028.2725,3.059e-25
2028.3142,5.598000000000001e-25
2028.33697,6.81e-24
2028.4074,2.42e-25
2028.4899,1.926e-25
2028.492924,6.653000000000001e-26
2028.543007,6.544e-26
2028.55616,3.041e-25
2028.55816,3.904e-24
2028.589741,2.9850000000000003e-25
2028.600083,3.796e-24
2028.8107,2.9850000000000003e-25
2028.8514,2.894e-25
2028.8561,3.663e-25
2028.882318,2.954e-24
2028.899146,2.776e-24
2028.9291,3.417e-25
2028.95373,1.376e-26
2028.963568,5.068e-25
2029.011777,4.165e-25
2029.011796,7.563e-24
2029.0364,6.38e-25
2029.0627,2.369e-25
2029.075736,7.187e-24
2029.076493,2.569e-25
2029.0818,6.058e-25
2029.109626,2.523e-25
2029.1698,1.773e-25
2029.188425,8.059000000000001e-26
2029.189493,3.621e-24
2029.230402,3.524e-24
2029.231057,3.789e-26
2029.236466,3.0850000000000004e-26
2029.305754,3.27e-24
2029.35031,6.262e-26
2029.357666,3.179e-24
2029.357678,6.45e-26
2029.506898,3.4389999999999996e-24
2029.554895,3.187e-24
2029.5861,2.8070000000000003e-25
2029.600576,2.16e-25
2029.6243,2.725e-25
2029.633164,2.122e-25
2029.6588,1.169e-25
2029.68816,1.281e-26
2029.7116,4.013e-25
2029.7194,1.141e-25
2029.7274,6.747e-25
2029.740149,7.87e-24
2029.7739,6.369e-25
2029.7776,3.759e-25
2029.800706,7.497e-24
2029.826339,3.339e-24
2029.866135,3.2509999999999998e-24
2030.0292,2.363e-25
2030.108131,1.807e-25
2030.115,2.62e-25
2030.140328,1.776e-25
2030.1535,2.545e-25
2030.1573,1.59e-25
2030.207082,1.0790000000000002e-25
2030.253627,1.06e-25
2030.3424,6.92e-25
2030.3566,4.317000000000001e-25
2030.384861,1.785e-26
2030.3907,6.483e-25
2030.403239,3.53e-24
2030.4197,4.06e-25
2030.425823,3.287e-24
2030.427983,1.189e-26
2030.444015,3.061e-24
2030.474584,8.107e-24
2030.482956,2.983e-24
2030.531909,7.738999999999999e-24
2030.542298,4.09e-25
2030.582771,4.175e-24
2030.623499,1.505e-25
2030.63306,4.052e-24
2030.655161,1.4790000000000002e-25
2030.8174,2.397e-25
2030.842231,3.529e-25
2030.8814,6.857e-25
2030.9293,2.437e-25
2030.9326,6.364e-25
2030.9651,2.368e-25
2030.9787,1.313e-25
2031.030331,1.848e-25
2031.038053,1.908e-25
2031.073298,2.7899999999999998e-24
2031.111198,2.721e-24
2031.117744,1.247e-25
2031.146133,1.096e-26
2031.149071,1.226e-25
2031.187429,8.269e-24
2031.242159,7.91e-24
2031.260491,2.7380000000000005e-26
2031.2645,4.601e-25
2031.2782,7.536000000000001e-25
2031.3212,4.342000000000001e-25
2031.3245,1.234e-25
2031.3445,6.527e-25
2031.3451,1.205e-25
2031.347017,7.336e-25
2031.384735,1.019e-24
2031.3941,2.246e-25
2031.4004,5.98e-25
2031.4307,2.186e-25
2031.4585,1.311e-25
2031.4645,1.377e-25
2031.596312,8.842e-25
2031.600615,3.981e-24
2031.6135,1.622e-25
2031.625337,1.028e-25
2031.647852,1.1210000000000002e-26
2031.652732,3.633e-24
2031.656126,1.011e-25
2031.6711,1.582e-25
2031.676293,2.5299999999999998e-24
2031.713488,2.468e-24
2031.7314,5.913e-25
2031.785286,5.223e-24
2031.792112,1.714e-25
2031.7949,5.318000000000001e-25
2031.824,4.821e-25
2031.834133,5.058e-24
2031.834964,1.684e-25
2031.879203,1.009e-26
2031.8799,4.564e-25
2031.91592,8.361e-24
2031.9393,1.6450000000000002e-25
2031.947143,4.043e-24
2031.9576,1.603e-25
2031.967942,8.012e-24
2031.976936,3.717e-24
2031.986757,1.037e-26
2032.0414,5.0080000000000005e-25
2032.105532,8.438e-26
2032.112388,3.189e-26
2032.1178,4.381e-25
2032.136049,8.3e-26
2032.18631,3.5230000000000006e-26
2032.203391,3.5100000000000004e-26
2032.213982,1.743e-24
2032.2638,2.066e-25
2032.2724,3.813e-25
2032.2973,2.012e-25
2032.299656,2.281e-24
2032.335846,2.227e-24
2032.3733,3.185e-25
2032.37848,1.5309999999999999e-24
2032.4173,2.29e-25
2032.4497,2.14e-25
2032.4659,2.083e-25
2032.5254,1.331e-25
2032.5777,1.748e-25
2032.606537,6.893e-26
2032.6101,3.1460000000000003e-25
2032.611109,8.380999999999999e-24
2032.6365,6.782e-26
2032.6468,1.883e-25
2032.661153,8.045e-24
2032.673314,4.023e-25
2032.681201,4.163e-25
2032.6819,1.834e-25
2032.6953,4.583e-25
2032.7253,2.526e-25
2032.7709,3.924e-25
2032.7948,5.782e-25
2032.8135,5.0299999999999995e-25
2032.8498,5.13e-25
2032.8617,2.722e-25
2032.863,4.775e-25
2032.8762,2.6440000000000003e-25
2032.886518,2.045e-24
2032.9088,6.752e-25
2032.912952,6.397e-24
2032.922152,1.998e-24
2032.938679,3.361e-26
2032.9509,6.127e-25
2032.960518,6.1809999999999996e-24
2032.9777,1.756e-25
2032.9822,1.856e-25
2033.023212,2.535e-24
2033.0343,7.485e-25
2033.0674,6.895000000000001e-25
2033.071685,5.604000000000001e-26
2033.101444,5.516000000000001e-26
2033.158446,2.255e-24
2033.1664,7.969999999999999e-25
2033.1822,3.38e-25
2033.193,7.423e-25
2033.1952,3.28e-25
2033.248331,2.6680000000000003e-25
2033.2564,5.154e-25
2033.287487,2.62e-25
2033.2991,8.208000000000001e-25
2033.307,4.905e-25
2033.3209,7.711e-25
2033.337017,8.334e-24
2033.384675,8.013e-24
2033.4184,4.102e-25
2033.4254,8.211000000000001e-25
2033.4303,3.972e-25
2033.4435,7.764e-25
2033.4506,2.209e-25
2033.503076,1.103e-24
2033.5051,2.151e-25
2033.506113,1.824e-24
2033.514125,4.431e-24
2033.5376,7.996e-25
2033.540744,1.783e-24
2033.5529,7.6e-25
2033.553448,4.002e-24
2033.567594,4.536e-26
2033.568775,1.7640000000000003e-26
2033.571483,1.078e-24
2033.5781,4.862e-25
2033.5894,4.6980000000000005e-25
2033.5925,1.714e-25
2033.596768,4.4650000000000006e-26
2033.608731,4.378e-24
2033.6237,1.671e-25
2033.6271,7.593000000000001e-25
2033.6404,7.25e-25
2033.668148,3.907e-24
2033.6699,5.63e-25
2033.673428,2.068e-26
2033.6808,5.427e-25
2033.6852,7.037e-25
2033.6971,6.744e-25
2033.7025,6.37e-25
2033.7137,6.123e-25
2033.766451,3.394e-26
2033.838176,3.371e-24
2033.8719,1.542e-25
2033.9056,1.505e-25
2033.952802,3.031e-24
2033.965534,7.667e-24
2034.011318,8.223e-24
2034.011993,7.39e-24
2034.016374,3.653e-26
2034.045422,3.5970000000000005e-26
2034.05752,7.917999999999999e-24
2034.074838,1.618e-24
2034.10907,1.582e-24
2034.284036,7.399999999999998e-25
2034.291865,7.679e-25
2034.3639,5.283000000000001e-25
2034.4074,5.039e-25
2034.4947,2.234e-25
2034.4974,2.375e-25
2034.509056,2.9290000000000004e-26
2034.53747,2.8850000000000004e-26
2034.560407,3.3280000000000006e-26
2034.576932,4.068e-25
2034.612459,3.991e-25
2034.621076,4.226e-24
2034.6516,5.304000000000001e-25
2034.693464,1.428e-24
2034.6981,5.07e-25
2034.721303,3.836e-24
2034.726657,1.3969999999999999e-24
2034.729261,2.9390000000000004e-26
2034.739239,8.055999999999999e-24
2034.740983,2.833e-26
2034.783219,7.767e-24
2034.9184,1.39e-25
2034.939749,2.338e-26
2034.94291,8.985e-24
2034.9475,1.357e-25
2034.968128,2.3030000000000003e-26
2034.988464,8.634e-24
2035.0677,1.237e-25
2035.1002,1.209e-25
2035.103812,4.641e-24
2035.136647,2.95e-26
2035.155212,2.911e-26
2035.156736,4.075e-24
2035.1673,2.948e-25
2035.180088,3.1830000000000004e-26
2035.2186,2.868e-25
2035.241354,1.254e-24
2035.274321,1.227e-24
2035.382464,3.233e-26
2035.388037,7.833e-24
2035.431044,7.562e-24
2035.43492,5.087e-24
2035.523187,4.654e-24
2035.534339,4.567e-24
2035.606831,3.927e-24
2035.626061,4.137e-26
2035.630743,1.588e-24
2035.69692,1.552e-24
2035.779865,6.07e-25
2035.811882,5.95e-25
2035.837119,1.241e-26
2035.845062,1.029e-23
2035.862612,1.095e-24
2035.867836,1.217e-24
2035.875354,1.2669999999999999e-24
2035.889959,9.851e-24
2035.894463,1.0719999999999999e-24
2035.9212,5.359e-25
2035.9597,5.132e-25
2036.0067,5.275000000000001e-25
2036.015,2.702e-25
2036.0155,2.897e-25
2036.0502,5.062e-25
2036.124151,7.567e-24
2036.14184,3.084e-26
2036.164961,7.314e-24
2036.185951,5.93e-24
2036.245,1.104e-25
2036.266095,5.464e-24
2036.272,1.0790000000000002e-25
2036.386106,9.516e-25
2036.417927,9.322e-25
2036.475,1.158e-25
2036.669889,1.6350000000000002e-26
2036.672058,1.149e-23
2036.714849,4.639e-24
2036.716609,1.096e-23
2036.718778,1.2490000000000002e-26
2036.741094,7.258e-24
2036.762,3.855e-25
2036.781413,7.023e-24
2036.789546,3.873e-24
2036.8101,3.742e-25
2036.82702,6.619e-26
2036.859736,8.861e-25
2036.888393,8.679e-25
2036.973372,2.951e-26
2037.01202,6.751e-24
2037.014585,8.229000000000001e-25
2037.045167,8.064e-25
2037.083845,6.258e-24
2037.128584,1.145e-25
2037.140027,1.105e-25
2037.3187,5.086e-25
2037.3598,4.896e-25
2037.378186,4.532e-24
2037.424033,1.251e-23
2037.428121,2.134e-26
2037.430435,1.841e-24
2037.437362,1.923e-24
2037.46455,1.6160000000000002e-26
2037.468638,1.187e-23
2037.476233,3.613e-24
2037.4911,5.267e-25
2037.493554,6.92e-24
2037.509061,7.078e-25
2037.520269,1.032e-25
2037.525,5.061e-25
2037.53157,6.703e-24
2037.539842,6.939000000000001e-25
2037.5414,3.372e-25
2037.5436,3.112e-25
2037.654541,2.247e-24
2037.687874,2.7690000000000003e-26
2037.71786,2.195e-24
2037.719403,7.521e-24
2037.7494,1.682e-25
2037.78661,7.007e-24
2037.819719,1.2649999999999999e-24
2037.845194,1.238e-24
2037.8473,1.453e-25
2037.9329,2.114e-25
2038.0262,1.862e-25
2038.063257,2.071e-26
2038.07015,6.551e-24
2038.081467,2.04e-26
2038.101162,1.324e-23
2038.108189,6.352e-24
2038.112176,2.765e-26
2038.135342,2.0760000000000003e-26
2038.146356,1.248e-23
2038.150553,6.059e-25
2038.17992,5.943000000000001e-25
2038.2344,4.931e-25
2038.2794,4.776e-25
2038.343146,4.489e-24
2038.459197,3.292e-24
2038.533765,2.071e-25
2038.546823,2.63e-26
2038.574902,8.250999999999999e-24
2038.5839,4.762e-25
2038.610102,5.16e-25
2038.6232,4.598e-25
2038.635362,7.722999999999999e-24
2038.639937,5.062e-25
2038.663493,1.766e-24
2038.685987,1.726e-24
2038.703634,1.3589999999999998e-23
2038.722525,3.5640000000000004e-26
2038.731261,2.657e-26
2038.750152,1.271e-23
2038.84952,6.17e-24
2038.883691,1.578e-26
2038.885019,5.988e-24
2038.977742,2.606e-24
2038.983773,2.732e-24
2039.022529,1.559e-26
2039.079,5.0299999999999995e-25
2039.0792,3.743e-25
2039.085,3.404e-25
2039.1088,4.847e-25
2039.135448,4.516e-24
2039.199708,2.4350000000000003e-26
2039.215112,1.1770000000000002e-26
2039.221053,8.892999999999999e-24
2039.231609,1.349e-23
2039.239142,1.157e-26
2039.25234,3.3980000000000004e-26
2039.259778,4.581e-26
2039.271847,4.3740000000000005e-25
2039.279324,8.358e-24
2039.280509,1.248e-23
2039.281438,2.572e-24
2039.300033,4.293e-25
2039.3034,3.068e-25
2039.374678,5.769e-24
2039.3777,2.772e-25
2039.395212,2.411e-24
2039.410775,5.603e-24
2039.414948,2.353e-24
2039.425754,6.211e-25
2039.520274,2.8150000000000003e-25
2039.531312,2.715e-25
2039.5463,2.737e-25
2039.568808,3.1229999999999998e-24
2039.5857,6.165e-25
2039.6138,2.441e-25
2039.6277,5.958000000000001e-25
2039.628947,3.047e-24
2039.685158,1.285e-23
2039.68901,3.688e-25
2039.698437,4.365e-26
2039.717989,3.621e-25
2039.724772,5.899999999999999e-26
2039.738051,1.173e-23
2039.7982,4.338000000000001e-25
2039.8364,4.198e-25
2040.019513,3.215e-24
2040.036737,3.134e-24
2040.064152,1.166e-23
2040.069031,5.679000000000001e-26
2040.108907,2.304e-26
2040.118801,7.66e-26
2040.123681,1.042e-23
2040.128543,9.493e-24
2040.180541,8.952e-24
2040.194418,5.37e-24
2040.227599,5.22e-24
2040.362714,7.583e-26
2040.367994,9.912e-24
2040.379976,3.097e-25
2040.406997,3.041e-25
2040.43899,8.567e-24
2040.44427,1.011e-25
2040.515657,3.482e-24
2040.52046,3.669e-24
2040.541541,4.189e-24
2040.556525,4.078e-24
2040.575604,1.064e-25
2040.5872,3.941e-25
2040.594834,7.600999999999999e-24
2040.6327,3.943e-25
2040.643,3.509e-25
2040.6512,3.622e-25
2040.653946,4.96e-24
2040.676887,2.105e-26
2040.687774,6.182e-24
2040.688388,4.825e-24
2040.6896,9.966e-24
2040.69,4.6770000000000005e-25
2040.694166,1.634e-25
2040.707004,1.368e-25
2040.716,4.518e-25
2040.738201,4.67e-24
2040.741424,9.43e-24
2040.745455,2.585e-25
2040.770739,2.024e-25
2040.773661,2.54e-25
2040.8181,7.524000000000001e-25
2040.845307,2.819e-24
2040.8572,7.252000000000001e-25
2040.884784,3.277e-24
2040.885867,1.277e-25
2040.92334,6.321e-24
2040.92882,1.822e-25
2040.9573,3.849e-25
2040.960131,1.061e-26
2040.966997,5.3319999999999996e-24
2040.977305,1.047e-26
2040.979335,8.796000000000001e-26
2040.980038,5.183e-24
2040.9946,3.732e-25
2041.002686,9.099999999999998e-24
2041.02795,4.8689999999999996e-24
2041.061045,1.632e-24
2041.065423,1.597e-25
2041.071057,7.667e-24
2041.079963,6.522000000000001e-26
2041.093745,2.6610000000000004e-26
2041.094409,1.179e-25
2041.09529,1.143e-23
2041.135613,1.698e-25
2041.14466,1.006e-23
2041.159987,8.932000000000001e-26
2041.19133,5.038e-26
2041.201151,1.333e-23
2041.228089,2.6270000000000004e-26
2041.238568,1.203e-23
2041.248389,6.947000000000001e-26
2041.302178,6.63e-24
2041.311515,3.9820000000000005e-26
2041.313606,6.4329999999999996e-24
2041.317101,1.4759999999999998e-23
2041.346234,1.355e-23
2041.35182,5.493000000000001e-26
2041.3631,3.817e-25
2041.369046,4.26e-24
2041.4132,3.4740000000000003e-25
2041.425827,4.15e-24
2041.436285,3.1870000000000005e-26
2041.438348,1.5699999999999997e-23
2041.461423,1.4599999999999998e-23
2041.463486,4.3820000000000006e-26
2041.476642,2.15e-25
2041.502502,2.113e-25
2041.530936,4.565e-24
2041.554008,8.052e-24
2041.558947,1.617e-23
2041.559982,2.5640000000000003e-26
2041.561935,4.444e-24
2041.564186,7.797e-24
2041.576436,3.5060000000000003e-26
2041.577471,1.517e-23
2041.665294,1.989e-26
2041.672016,1.617e-23
2041.675893,2.0640000000000003e-26
2041.67799,1.041e-23
2041.683228,2.8020000000000004e-26
2041.687104,1.527e-23
2041.723304,9.877e-24
2041.730029,9.552e-24
2041.739355,9.229e-24
2041.769896,1.574e-23
2041.775865,2.229e-26
2041.776464,1.6570000000000002e-26
2041.778978,1.778e-25
2041.7815,4.665000000000001e-25
2041.782433,1.495e-23
2041.806489,1.748e-25
2041.83835,1.107e-23
2041.8396,4.343000000000001e-25
2041.844306,1.4939999999999998e-23
2041.84585,1.761e-26
2041.847261,1.067e-23
2041.853489,1.322e-26
2041.855033,1.426e-23
2041.882138,1.066e-26
2041.884307,1.378e-26
2041.886518,1.384e-23
2041.887547,1.253e-23
2041.896081,1.326e-23
2041.896522,1.204e-23
2041.898292,1.046e-26
2041.900627,5.553e-25
2041.906998,4.167e-24
2041.911081,5.3440000000000005e-25
2041.9348,8.957000000000001e-25
2041.940035,4.059e-24
2041.9712,8.605e-25
2042.0384,1.005e-25
2042.049897,4.419e-24
2042.053103,4.684e-24
2042.0561,3.328e-25
2042.0931,3.233e-25
2042.118023,1.7910000000000003e-26
2042.123158,1.069e-23
2042.170205,1.017e-23
2042.2046,3.909e-25
2042.2213,3.36e-25
2042.3291,4.24e-25
2042.3513,4.106e-25
2042.476082,1.41e-26
2042.497872,1.385e-26
2042.563765,1.464e-25
2042.588448,1.44e-25
2042.788977,1.199e-25
2042.815872,1.18e-25
2042.862094,3.794e-24
2042.8819,5.193e-25
2042.890996,3.698e-24
2042.9366,4.878e-25
2042.9398,1.039e-24
2042.9738,9.941e-25
2043.052054,5.697e-24
2043.0892,2.8060000000000003e-25
2043.105389,5.54e-24
2043.1262,2.731e-25
2043.132634,3.422e-24
2043.164488,3.339e-24
2043.170122,4.419e-26
2043.196326,4.814e-26
2043.202,4.861e-25
2043.2216,1.693e-26
2043.228487,1.097e-23
2043.240361,6.028e-25
2043.2405,4.489e-25
2043.268251,1.045e-23
2043.299821,4.36e-26
2043.486632,4.728e-25
2043.51938,1.103e-23
2043.521079,1.5010000000000002e-26
2043.562842,1.054e-23
2043.585844,5.3399999999999996e-24
2043.587031,5.704e-24
2043.643492,9.787e-26
2043.666967,9.629e-26
2043.774692,7.937e-26
2043.7965,3.584e-25
2043.801047,7.811e-26
2043.8235,2.886e-25
2043.8377,1.171e-24
2043.8695,1.116e-24
2043.8825,5.489e-25
2043.9356,5.195e-25
2044.0001,3.755e-25
2044.0188,3.643e-25
2044.0508,2.309e-25
2044.0881,2.251e-25
2044.191251,3.084e-24
2044.218095,3.01e-24
2044.245882,6.378e-26
2044.2652,9.562e-25
2044.274846,9.179e-25
2044.283355,1.428e-24
2044.329392,2.75e-24
2044.3335,1.389e-25
2044.3369,1.3220000000000002e-25
2044.360266,2.686e-24
2044.436501,1.16e-24
2044.615995,7.46e-24
2044.6331,1.284e-24
2044.6631,1.217e-24
2044.66587,7.242e-24
2044.718212,6.419000000000001e-26
2044.735189,5.155e-26
2044.740434,6.319e-26
2044.761082,5.076e-26
2044.777,5.55e-25
2044.783473,1.422e-26
2044.784094,6.109000000000001e-26
2044.785442,1.115e-23
2044.803325,2.3e-24
2044.820398,1.067e-23
2044.8296,5.283000000000001e-25
2044.875504,1.1e-23
2044.883501,1.237e-26
2044.916278,1.055e-23
2044.926177,1.937e-24
2044.9344,1.854e-25
2044.9723,1.81e-25
2045.0634,5.811e-25
2045.0934,5.424e-25
2045.106902,7.224000000000001e-26
2045.12709,6.632e-24
2045.12844,6.149e-24
2045.231821,7.124000000000001e-26
2045.3311,1.364e-24
2045.3596,1.284e-24
2045.4079,2.927e-25
2045.4559,1.986e-25
2045.495528,2.163e-24
2045.522091,2.454e-24
2045.525612,2.114e-24
2045.546878,2.398e-24
2045.5582,5.389e-25
2045.6113,5.155e-25
2045.669351,3.2860000000000003e-26
2045.678789,1.6180000000000002e-26
2045.694861,3.2370000000000004e-26
2045.698103,1.588e-26
2045.7063,3.251e-25
2045.7216,3.159e-25
2045.7332,1.453e-25
2045.7721,1.4199999999999999e-25
2045.790565,4.132e-26
2045.811474,4.069e-26
2045.9362,1.3999999999999999e-24
2045.9637,1.306e-24
2046.03983,6.455e-26
2046.060409,9.557e-24
2046.063182,3.345e-24
2046.106871,9.259e-24
2046.152,2.879e-24
2046.188375,1.063e-23
2046.202274,1.004e-26
2046.2185,5.038e-25
2046.227165,1.023e-23
2046.261588,5.511000000000001e-26
2046.266868,4.207e-24
2046.2729,4.84e-25
2046.353311,3.697e-24
2046.354317,1.098e-23
2046.35654,1.178e-26
2046.384956,1.055e-23
2046.44,1.112e-25
2046.4529,1.383e-24
2046.48,6.9245e-25
2046.5903,1.813e-25
2046.5917,1.715e-25
2046.608952,1.495e-24
2046.617529,1.431e-24
2046.629005,1.665e-24
2046.65848,1.63e-24
2046.664772,1.339e-26
2046.677542,7.354e-24
2046.682111,6.727e-24
2046.7502,4.547e-25
2046.8066,4.383e-25
2046.8428,1.261e-25
2046.858598,1.912e-24
2046.881301,1.87e-24
2046.8852,1.307e-24
2046.898591,1.1620000000000002e-25
2046.9127,1.188e-24
2046.9202,1.232e-25
2046.9468,6.617000000000001e-25
2046.9703,6.228e-25
2047.018613,1.145e-25
2047.0278,1.952e-25
2047.1458,3.966e-25
2047.2046,3.836e-25
2047.2262,1.68e-25
2047.2363,1.17e-24
2047.2657,1.039e-24
2047.2993,1.6390000000000002e-25
2047.386151,1.197e-23
2047.3976,3.349e-25
2047.429306,1.157e-23
2047.4435,2.1780000000000003e-25
2047.45,2.754e-25
2047.454437,9.979e-24
2047.4595,3.248e-25
2047.4621,2.681e-25
2047.491822,9.63e-24
2047.4989,2.741e-25
2047.5089,9.731e-25
2047.5125,2.121e-25
2047.5428,8.32e-25
2047.5642,2.6640000000000003e-25
2047.645316,6.115e-24
2047.650196,4.7230000000000006e-26
2047.7041,7.23e-25
2047.714893,5.5189999999999996e-24
2047.727475,1.256e-24
2047.7485,5.739e-25
2047.756514,1.23e-24
2047.8189,4.237e-25
2047.839226,5.862e-26
2047.854553,5.453e-24
2047.8967,2.702e-25
2047.915502,4.855e-24
2047.940467,1.051e-23
2047.967116,1.013e-23
2048.205015,1.459e-24
2048.225579,1.428e-24
2048.23693,2.292e-26
2048.241965,7.743e-24
2048.250765,6.946e-24
2048.540162,1.837e-25
2048.582359,1.376e-26
2048.595266,1.4629999999999998e-23
2048.635271,1.41e-23
2048.655193,1.809e-25
2048.669732,9.111e-24
2048.706201,8.814e-24
2048.788267,9.274e-25
2048.8021,2.106e-25
2048.8032,2.242e-25
2048.817041,9.092e-25
2048.819094,1.7640000000000003e-26
2048.835723,1.731e-26
2048.8517,7.242000000000001e-25
2048.8698,6.859e-25
2048.926414,2.169e-24
2048.933622,2.068e-24
2048.939166,7.87e-24
2048.952445,3.974e-26
2048.999683,7.229e-24
2049.2326,2.285e-25
2049.2415,2.227e-25
2049.426128,1.204e-26
2049.438039,1.152e-26
2049.548953,9.79e-24
2049.565775,1.091e-24
2049.571834,9.457e-24
2049.584125,1.069e-24
2049.654867,5.219000000000001e-26
2049.664688,7.619e-24
2049.680289,1.906e-26
2049.690814,1.744e-23
2049.709516,6.929e-24
2049.727869,1.6759999999999998e-23
2049.738393,1.2490000000000002e-26
2049.808378,6.711e-25
2049.82314,7.673999999999999e-24
2049.82743,4.028e-26
2049.829889,8.1e-24
2049.837053,6.585000000000001e-25
2049.837887,6.677e-24
2049.86587,7.852999999999999e-24
2050.027111,2.853e-25
2050.137078,2.8080000000000003e-25
2050.14547,9.336e-24
2050.166201,3.298e-26
2050.20092,8.685e-24
2050.6651,1.067e-25
2050.6678,1.002e-25
2050.668475,2.6030000000000003e-26
2050.67664,2.025e-23
2050.710989,1.938e-23
2050.719155,1.7040000000000002e-26
2050.777,7.66e-25
2050.784465,4.759e-25
2050.7907,7.292e-25
2050.8132,4.673000000000001e-25
2050.930115,7.017e-24
2050.945414,7.995e-25
2050.961458,7.84e-25
2050.9624,2.451e-25
2050.965992,6.817e-24
2050.9667,2.631e-25
2051.0542,1.859e-25
2051.0601,1.813e-25
2051.184354,8.891e-24
2051.203622,8.607e-24
2051.211882,2.955e-24
2051.217382,2.805e-24
2051.259664,1.041e-23
2051.2669,3.1190000000000004e-25
2051.287291,2.6990000000000005e-26
2051.312429,9.775e-24
2051.3181,2.436e-25
2051.355517,4.348000000000001e-25
2051.422782,7.035e-24
2051.439821,7.697000000000001e-26
2051.446998,5.7909999999999996e-24
2051.460374,4.276e-25
2051.489776,4.618e-26
2051.495362,9.717e-24
2051.52939,8.97e-24
2051.551353,3.511e-26
2051.557145,2.288e-23
2051.589071,2.179e-23
2051.594863,2.2980000000000003e-26
2051.712846,3.3070000000000003e-25
2051.741782,3.249e-25
2051.893097,1.8080000000000003e-26
2051.906842,1.7740000000000003e-26
2051.965195,5.9289999999999996e-24
2052.001313,5.769e-24
2052.159989,4.521e-26
2052.169587,4.344e-26
2052.276122,1.102e-23
2052.310302,2.173e-26
2052.327791,1.043e-23
2052.333681,4.6850000000000005e-26
2052.337036,2.51e-23
2052.348463,5.745e-25
2052.3621,5.639000000000001e-25
2052.366864,2.378e-23
2052.370219,3.068e-26
2052.45,1.165e-25
2052.4508,1.101e-25
2052.522125,6.496e-25
2052.589504,2.252e-25
2052.618747,2.214e-25
2052.621855,6.381e-25
2052.7215,7.859000000000001e-25
2052.7313,7.514000000000001e-25
2052.850584,7.883e-24
2052.866355,7.646e-24
2052.9144,1.4830000000000002e-25
2052.9173,1.448e-25
2052.929491,4.886e-24
2052.966158,4.762e-24
2053.0023,5.448e-25
2053.020315,6.197000000000001e-26
2053.021103,2.668e-23
2053.0325,4.62e-25
2053.040531,5.745e-24
2053.049214,2.511e-23
2053.050002,4.061e-26
2053.0675,2.694e-25
2053.0758,2.925e-25
2053.080111,1.876e-25
2053.084077,4.13e-24
2053.188428,1.116e-23
2053.228946,1.7180000000000002e-26
2053.240157,1.063e-23
2053.344766,4.068e-26
2053.346829,1.163e-23
2053.372935,1.086e-23
2053.410137,1.503e-25
2053.439684,1.4790000000000002e-25
2053.459612,3.809e-24
2053.463018,3.595e-24
2053.52444,9.502e-25
2053.614018,2.741e-23
2053.616025,8.152000000000001e-26
2053.619057,9.324e-25
2053.638863,5.347000000000001e-26
2053.64087,2.557e-23
2053.77932,4.05e-25
2053.790448,3.977e-25
2053.816964,3.9299999999999995e-24
2053.854438,3.836e-24
2053.989581,1.086e-23
2054.036301,1.331e-26
2054.04227,1.039e-23
2054.12016,2.711e-23
2054.125343,1.071e-25
2054.141161,7.035000000000001e-26
2054.146343,2.5e-23
2054.170374,9.827e-26
2054.199829,9.683e-26
2054.2288,1.172e-25
2054.2295,1.233e-25
2054.360822,1.359e-24
2054.45038,1.3319999999999999e-24
2054.543471,2.565e-23
2054.550747,6.831e-24
2054.552471,1.416e-25
2054.56081,9.309e-26
2054.563118,6.637e-24
2054.56981,2.328e-23
2054.621229,3.084e-24
2054.659666,3.016e-24
2054.666552,3.834e-24
2054.672191,1.017e-23
2054.6836,7.844000000000001e-25
2054.6902,7.526000000000001e-25
2054.725032,1.009e-26
2054.726576,9.769e-24
2054.7545,7.92e-25
2054.7745,6.998e-25
2054.795481,1.923e-24
2054.8115,1.1610000000000002e-25
2054.8116,1.135e-25
2054.844088,1.095e-25
2054.851106,1.052e-25
2054.867995,6.260000000000001e-26
2054.887308,2.299e-23
2054.894072,6.213000000000001e-26
2054.897179,1.7080000000000003e-26
2054.901142,1.253e-25
2054.90127,1.904e-25
2054.907854,1.676e-26
2054.915105,2.037e-23
2055.030598,1.899e-24
2055.1126,2.775e-25
2055.115192,1.859e-24
2055.126,3.062e-25
2055.15424,1.917e-23
2055.157029,2.655e-26
2055.158907,1.079e-26
2055.164697,1.752e-25
2055.175441,2.6530000000000003e-25
2055.185898,1.633e-23
2055.218714,1.327e-23
2055.219748,3.566e-26
2055.228697,9.195e-24
2055.23864,1.248e-23
2055.242086,2.623e-26
2055.242116,2.8010000000000003e-25
2055.250632,2.752e-25
2055.285402,8.863e-24
2055.335703,2.362e-24
2055.345534,1.432e-23
2055.352711,2.6560000000000003e-25
2055.374992,2.314e-24
2055.37948,3.989e-25
2055.386657,1.127e-23
2055.458694,8.552e-24
2055.462659,4.967000000000001e-25
2055.468827,3.863e-26
2055.516967,3.907e-26
2055.526055,7.132e-25
2055.53002,5.317e-24
2055.53415,2.589e-24
2055.613919,2.5299999999999998e-24
2055.6516,8.037e-24
2055.66401,4.663e-24
2055.664863,4.369e-24
2055.711168,7.771e-24
2055.87299,3.4389999999999996e-24
2055.900679,4.483e-26
2055.933714,6.802e-24
2055.948125,3.355e-24
2055.954382,1.7599999999999998e-24
2055.980678,4.427e-26
2055.993251,1.734e-24
2055.9958,1.211e-25
2055.996615,6.594e-24
2055.9976,1.268e-25
2056.049797,4.443e-24
2056.068401,5.5799999999999996e-24
2056.120539,4.327e-24
2056.135047,5.423e-24
2056.287038,5.7909999999999996e-24
2056.296102,5.635e-24
2056.312385,2.065e-25
2056.483221,7.402000000000001e-26
2056.489034,1.087e-24
2056.507037,1.2679999999999999e-24
2056.523,1.044e-24
2056.5367,9.451e-25
2056.558382,7.305000000000001e-26
2056.6617,7.631e-25
2056.6653,7.344e-25
2056.740567,1.901e-25
2056.746379,1.869e-25
2056.85044,9.057e-25
2056.908179,1.195e-25
2056.908796,9.058e-25
2056.978771,1.178e-25
2057.0932,2.635e-25
2057.110272,1.454e-23
2057.1138,2.9780000000000003e-25
2057.114148,3.107e-26
2057.125162,1.3769999999999998e-23
2057.133905,6.399999999999998e-25
2057.179801,1.935e-24
2057.18006,1.884e-25
2057.183766,3.4650000000000003e-25
2057.190945,6.3160000000000005e-25
2057.246412,1.857e-25
2057.286734,4.3640000000000005e-25
2057.304232,2.902e-25
2057.312695,1.1369999999999999e-24
2057.346004,4.301e-25
2057.347786,1.729e-26
2057.366756,2.86e-25
2057.475545,2.145e-25
2057.479704,2.058e-25
2057.7458,1.218e-25
2057.7484,1.271e-25
2057.817522,5.038e-24
2057.819786,5.426e-24
2057.828081,1.442e-26
2057.835509,1.415e-26
2058.060696,4.8079999999999996e-24
2058.066549,4.685e-24
2058.27784,1.266e-25
2058.280872,1.246e-25
2058.3051,1.289e-24
2058.3144,1.186e-24
2058.6536,7.248000000000001e-25
2058.6546,6.992e-25
2058.906152,6.13e-24
2058.913329,2.575e-25
2058.952909,4.781e-24
2059.0046,2.217e-25
2059.020485,1.539e-23
2059.027053,2.6910000000000003e-26
2059.031141,1.465e-23
2059.0367,2.608e-25
2059.4727,1.194e-25
2059.4757,1.2420000000000002e-25
2059.856436,8.283000000000001e-26
2059.856628,8.152000000000001e-26
2059.872009,3.911e-24
2059.874759,3.816e-24
2059.915965,5.494e-24
2059.922105,5.991e-24
2060.051814,3.681e-25
2060.052806,3.524e-25
2060.0972,1.515e-24
2060.1033,1.411e-24
2060.153388,1.159e-26
2060.198302,1.178e-26
2060.639026,1.0699999999999998e-23
2060.649483,1.962e-25
2060.6556,6.507e-25
2060.6569,6.728e-25
2060.666521,9.07e-24
2060.68299,1.0210000000000002e-26
2060.687001,1.002e-26
2060.8389,1.4820000000000002e-25
2060.8945,1.893e-25
2060.948088,1.5799999999999998e-23
2060.955101,1.5099999999999998e-23
2060.95727,2.3150000000000003e-26
2061.1707,1.141e-25
2061.1739,1.184e-25
2061.475407,5.241e-26
2061.47809,5.322000000000001e-26
2061.602017,1.298e-26
2061.644505,1.32e-26
2061.720136,3.047e-24
2061.72037,3.12e-24
2061.8949,1.71e-24
2061.8983,1.607e-24
2061.950689,1.436e-26
2061.955568,5.621e-24
2061.966709,6.2379999999999996e-24
2062.387273,1.555e-23
2062.401108,1.58e-25
2062.405397,1.373e-23
2062.568135,5.487e-25
2062.570662,5.748e-25
2062.6657,5.922000000000001e-25
2062.669,6.111e-25
2062.8342,1.065e-25
2062.8374,1.102e-25
2062.891566,1.578e-23
2062.895396,1.514e-23
2062.90334,1.9790000000000003e-26
2063.1083,1.112e-25
2063.1129,1.039e-25
2063.124177,1.346e-26
2063.164683,1.3690000000000003e-26
2063.601275,2.388e-24
2063.604361,2.442e-24
2063.6929,1.866e-24
2063.6944,1.764e-24
2063.932023,5.302e-24
2063.937303,2.205e-26
2063.950077,6.046e-24
2064.150277,2.049e-23
2064.162581,1.854e-23
2064.167616,1.312e-25
2064.2396,1.213e-25
2064.2468,1.143e-25
2064.3214,2.604e-25
2064.3944,5.57e-25
2064.4064,4.107e-25
2064.4418,7.006e-25
2064.4613,1.003e-25
2064.4786,8.075e-25
2064.5138,9.434e-25
2064.5891,1.0069999999999999e-24
2064.6187,1.132e-24
2064.6816,5.275000000000001e-25
2064.6868,5.434e-25
2064.712128,1.261e-26
2064.7309,1.15e-24
2064.751221,1.2820000000000002e-26
2064.7578,1.264e-24
2064.849148,1.535e-23
2064.850169,1.477e-23
2064.863532,1.6840000000000002e-26
2064.9076,1.234e-24
2064.9334,1.3359999999999999e-24
2065.023681,7.923e-25
2065.030147,8.331000000000001e-25
2065.1232,1.26e-24
2065.1487,1.349e-24
2065.2265,2.13e-25
2065.3205,1.287e-25
2065.3297,1.219e-25
2065.3817,1.235e-24
2065.4077,1.311e-24
2065.4857,1.876e-24
2065.4859,1.974e-24
2065.516068,1.836e-24
2065.521859,1.876e-24
2065.6877,1.169e-24
2065.7146,1.232e-24
2065.840851,4.435e-24
2065.860081,3.438e-26
2065.869731,5.298e-24
2065.925365,2.529e-23
2065.933595,2.327e-23
2065.946365,1.107e-25
2066.0458,1.069e-24
2066.0741,1.121e-24
2066.3559,1.328e-25
2066.358188,1.022e-26
2066.3669,1.264e-25
2066.397018,1.037e-26
2066.4607,9.486e-25
2066.4907,9.9e-25
2066.7,4.604e-25
2066.700968,3.0080000000000003e-26
2066.7066,4.735e-25
2066.7418,2.724e-25
2066.761497,3.1240000000000005e-26
2066.7945,4.034e-25
2066.817314,1.407e-23
2066.818785,1.458e-23
2066.835832,1.429e-26
2066.9371,8.179000000000001e-25
2066.9692,8.505e-25
2067.2664,1.938e-24
2067.2677,2.029e-24
2067.3516,1.337e-25
2067.3639,1.278e-25
2067.41767,1.0729999999999999e-24
2067.428597,1.134e-24
2067.461811,1.387e-24
2067.470146,1.416e-24
2067.4793,6.863e-25
2067.5136,7.115e-25
2067.565464,7.194000000000001e-26
2067.622972,7.477e-26
2067.67472,2.949e-24
2067.708834,2.971e-23
2067.714028,2.766e-23
2067.718755,5.536000000000001e-26
2067.725375,3.891e-24
2067.733679,9.397e-26
2068.0909,5.611000000000001e-25
2068.1277,5.802e-25
2068.2777,5.034e-25
2068.3068,6.25e-25
2068.3131,1.312e-25
2068.3266,1.26e-25
2068.529516,1.45e-25
2068.58445,1.51e-25
2068.7168,3.938e-25
2068.7247,4.043e-25
2068.7749,4.477e-25
2068.794449,1.309e-23
2068.798127,1.354e-23
2068.8144,4.618e-25
2068.81792,1.214e-26
2069.0301,1.9469999999999998e-24
2069.0323,2.032e-24
2069.2461,1.259e-25
2069.2604,1.212e-25
2069.379197,8.825e-25
2069.435317,1.029e-24
2069.446021,1.05e-24
2069.496234,3.354e-23
2069.499101,3.149e-23
2069.523513,8.638000000000001e-26
2069.525132,7.981000000000001e-26
2069.52717,1.6909999999999998e-24
2069.5331,3.488e-25
2069.5753,3.591e-25
2069.586216,2.596e-25
2069.639091,2.71e-25
2069.7338,7.446e-25
2069.748526,1.371e-24
2069.7514,8.654000000000001e-25
2069.764595,1.457e-24
2070.131758,1.07e-26
2070.141236,1.089e-26
2070.156,1.18e-25
2070.1709,1.139e-25
2070.3662,2.6580000000000003e-25
2070.4112,2.73e-25
2070.4426,1.017e-25
2070.7278,3.3040000000000003e-25
2070.728108,4.238e-25
2070.7366,3.386e-25
2070.7708,1.907e-24
2070.7736,1.984e-24
2070.778882,1.191e-23
2070.779518,4.439e-25
2070.784498,1.229e-23
2070.807147,1.041e-26
2071.0478,1.0820000000000002e-25
2071.0631,1.047e-25
2071.1171,9.922e-25
2071.1273,1.113e-24
2071.158804,5.395e-24
2071.16246,4.871e-25
2071.226436,1.113e-23
2071.233056,2.564e-25
2071.233372,7.433e-25
2071.237028,8.093e-24
2071.263909,4.122e-25
2071.27053,1.3819999999999998e-23
2071.2733,1.981e-25
2071.282514,3.656e-23
2071.283593,3.456e-23
2071.305077,1.601e-23
2071.314727,1.699e-25
2071.315697,6.752e-26
2071.3211,2.033e-25
2071.328429,2.77e-25
2071.338078,1.86e-23
2071.408535,1.991e-23
2071.421308,1.224e-25
2071.423862,2.016e-25
2071.433006,7.504e-25
2071.436635,2.233e-23
2071.445882,7.651e-25
2071.541404,2.271e-23
2071.551225,1.525e-25
2071.557424,9.147e-26
2071.567246,2.492e-23
2071.707304,2.434e-23
2071.712889,1.177e-25
2071.726722,6.953e-26
2071.732308,2.632e-23
2071.909948,2.485e-23
2071.912011,9.173e-26
2071.913774,2.104e-24
2071.932943,5.314e-26
2071.935006,2.658e-23
2071.947425,6.403e-25
2071.998061,6.738e-25
2072.014831,1.656e-24
2072.036964,1.773e-24
2072.058091,4.195e-24
2072.152316,7.18e-26
2072.153351,2.435e-23
2072.179089,2.583e-23
2072.180124,4.0560000000000005e-26
2072.2524,1.447e-25
2072.3029,1.4840000000000002e-25
2072.4313,1.236e-24
2072.4361,1.358e-24
2072.437948,5.628e-26
2072.441824,2.301e-23
2072.468722,2.425e-23
2072.472598,3.078e-26
2072.4825,1.8209999999999998e-24
2072.4855,1.8899999999999998e-24
2072.5268,1.038e-25
2072.70817,1.178e-26
2072.720765,1.1990000000000002e-26
2072.7282,2.718e-25
2072.7373,2.779e-25
2072.767591,1.06e-23
2072.773317,4.4120000000000005e-26
2072.774874,1.092e-23
2072.779885,2.104e-23
2072.808334,2.205e-23
2072.814902,2.3150000000000003e-26
2073.061879,3.673e-23
2073.062147,3.864e-23
2073.099865,5.669000000000001e-26
2073.1621,1.095e-25
2073.162932,3.46e-26
2073.172115,1.866e-23
2073.1755,1.121e-25
2073.202443,1.947e-23
2073.211626,1.722e-26
2073.23374,1.112e-26
2073.236326,9.03e-25
2073.258327,1.1320000000000002e-26
2073.287008,9.554e-25
2073.3,1.037e-25
2073.353,1.062e-25
2073.450988,5.378e-25
2073.456,1.458e-25
2073.465802,5.48e-25
2073.4676,1.495e-25
2073.584391,5.3889999999999996e-24
2073.588048,5.549e-25
2073.611192,2.721e-26
2073.622966,1.608e-23
2073.632083,7.912e-24
2073.655455,1.672e-23
2073.667229,1.265e-26
2073.6798,1.4649999999999999e-24
2073.6806,1.586e-24
2073.693381,1.253e-26
2073.748347,2.806e-26
2073.763726,2.923e-26
2073.8108,1.898e-25
2073.8208,1.947e-25
2074.122167,2.153e-26
2074.136551,1.348e-23
2074.1594,1.699e-24
2074.1625,1.757e-24
2074.171437,1.3979999999999998e-23
2074.215257,1.8879999999999998e-24
2074.2206,2.411e-25
2074.2293,2.4780000000000003e-25
2074.244779,2.042e-24
2074.587103,1.193e-24
2074.638844,1.271e-24
2074.6787,2.9910000000000003e-25
2074.6865,3.08e-25
2074.699355,1.7250000000000003e-26
2074.7129,2.194e-25
2074.716402,1.102e-23
2074.7206,2.229e-25
2074.753877,1.139e-23
2074.7572,9.248e-24
2074.765845,9.509e-24
2074.828034,3.79e-23
2074.829269,3.97e-23
2074.8642,1.786e-24
2074.8668,1.668e-24
2074.871783,4.712e-26
2075.124664,9.86e-24
2075.131284,3.254e-25
2075.150514,1.222e-23
2075.1779,3.626e-25
2075.1853,3.739e-25
2075.207813,1.515e-26
2075.216962,1.213e-26
2075.232613,1.236e-26
2075.242133,1.58e-26
2075.34545,1.4130000000000002e-26
2075.365243,8.785e-24
2075.405449,9.062e-24
2075.411691,1.191e-26
2075.437179,1.212e-26
2075.485118,3.79e-25
2075.501546,3.859e-25
2075.7104,4.29e-25
2075.7176,4.435e-25
2075.7965,1.547e-24
2075.7995,1.597e-24
2075.9911,1.948e-24
2075.992352,1.479e-24
2075.9965,1.834e-24
2076.046463,1.589e-24
2076.062127,1.201e-26
2076.084776,6.841e-24
2076.121921,6.818e-26
2076.127796,7.042e-24
2076.141639,7.104e-26
2076.2674,4.959000000000001e-25
2076.275,5.138e-25
2076.348467,2.0179999999999998e-24
2076.387396,2.2129999999999998e-24
2076.575977,3.806e-23
2076.577839,3.971e-23
2076.587331,1.452e-23
2076.59698,2.34e-25
2076.60226,1.686e-23
2076.625419,3.868e-26
2076.651,1.25e-25
2076.6764,1.737e-25
2076.74397,7.903e-24
2076.753544,8.111e-24
2076.8399,5.597000000000001e-25
2076.8485,5.814e-25
2076.849874,1.0880000000000002e-26
2076.875514,5.209e-24
2076.921365,5.353e-24
2077.056006,4.369e-26
2077.0662,2.064e-24
2077.0739,1.9549999999999998e-24
2077.091386,4.551e-26
2077.3894,1.377e-24
2077.3922,1.419e-24
2077.4187,6.167e-25
2077.4287,6.426e-25
2077.44508,1.712e-24
2077.503378,1.862e-24
2077.531043,2.627e-25
2077.548394,2.67e-25
2077.584668,1.1820000000000002e-26
2077.611241,1.203e-26
2077.662333,1.147e-26
2077.680989,1.168e-26
2077.707891,1.102e-26
2077.736679,3.882e-24
2077.785283,3.984e-24
2077.978768,1.929e-23
2077.986662,2.165e-23
2077.991541,1.833e-25
2077.9941,6.6320000000000005e-25
2078.0062,6.935000000000001e-25
2078.0947,2.129e-24
2078.1042,2.027e-24
2078.299644,3.723e-23
2078.301829,3.873e-23
2078.354741,3.127e-26
2078.412895,1.996e-24
2078.420267,1.348e-25
2078.444519,1.407e-25
2078.464565,2.232e-24
2078.5567,6.9570000000000005e-25
2078.5717,7.305e-25
2078.6126,1.35e-25
2078.6318,1.371e-25
2078.634099,1.393e-26
2078.666216,2.833e-24
2078.717311,2.907e-24
2078.723792,6.621e-24
2078.733193,6.767e-24
2078.76884,1.444e-26
2078.836258,5.475e-25
2078.838475,8.006e-25
2078.860138,8.17e-25
2078.86084,5.583e-25
2078.913791,3.662e-25
2078.91698,9.521e-26
2078.917509,1.144e-24
2078.9346,1.198e-24
2078.936418,1.169e-24
2078.937,1.233e-24
2078.938704,1.835e-24
2078.941419,3.731e-25
2078.953846,9.926e-26
2079.003929,2.029e-24
2079.069864,1.599e-24
2079.073403,2.397e-25
2079.0821,2.14e-24
2079.086214,1.635e-24
2079.0932,2.047e-24
2079.0975,7.108e-25
2079.104147,2.44e-25
2079.1161,7.503e-25
2079.291505,2.182e-24
2079.302519,2.398e-23
2079.305261,2.633e-23
2079.305519,2.234e-24
2079.316772,1.535e-25
2079.31854,1.497e-25
2079.350588,1.5620000000000002e-25
2079.577853,2.91e-24
2079.584227,1.79e-25
2079.589778,2.983e-24
2079.59603,1.779e-25
2079.6075,7.063e-25
2079.625609,3.126e-26
2079.6309,7.503e-25
2079.645049,9.617e-26
2079.661256,2.022e-24
2079.681502,9.792e-26
2079.71386,2.08e-24
2079.749568,1.06e-26
2079.777425,1.079e-26
2079.923749,3.789e-24
2079.933865,3.89e-24
2079.993181,3.552e-23
2079.99542,3.685e-23
2080.0342,2.101e-24
2080.0466,2.0159999999999998e-24
2080.053923,2.4840000000000003e-26
2080.063898,5.767000000000001e-26
2080.0786,6.803e-25
2080.096739,6.015e-26
2080.1081,7.285e-25
2080.323423,4.819e-24
2080.332039,4.954e-24
2080.406168,1.774e-24
2080.4294,1.019e-24
2080.4313,1.047e-24
2080.466823,1.787e-24
2080.476738,2.047e-24
2080.5033,6.3210000000000005e-25
2080.5156,1.03e-25
2080.5321,1.051e-25
2080.5407,6.842e-25
2080.543583,2.025e-24
2080.546576,3.566e-26
2080.560677,3.069e-23
2080.561989,2.836e-23
2080.581408,1.249e-25
2080.595156,3.622e-26
2080.639165,1.8169999999999998e-24
2080.646931,2.3390000000000003e-25
2080.675968,2.446e-25
2080.678561,9.904e-25
2080.692202,5.44e-24
2080.738742,3.762e-24
2080.770067,1.4619999999999999e-24
2080.770447,5.984e-24
2080.77791,6.162e-24
2080.778138,4.426e-25
2080.785874,1.765e-25
2080.82472,1.843e-25
2080.8745,5.619000000000001e-25
2080.9226,6.172e-25
2080.9569,2.013e-24
2080.9702,1.937e-24
2081.124312,2.11e-26
2081.174542,2.14e-26
2081.1855,4.706e-25
2081.2491,5.284000000000001e-25
2081.257725,7.256e-24
2081.264417,7.486e-24
2081.4291,3.5990000000000004e-25
2081.5172,4.185e-25
2081.5929,2.312e-25
2081.639974,1.2e-25
2081.651142,3.308e-23
2081.653198,3.423e-23
2081.665389,1.218e-25
2081.717533,1.933e-26
2081.7278,2.87e-25
2081.756322,3.45e-23
2081.760954,3.222e-23
2081.7741,1.591e-25
2081.777508,8.591e-24
2081.783853,8.882e-24
2081.783949,1.053e-25
2081.817122,9.905e-25
2081.8555,1.885e-24
2081.8695,1.8189999999999998e-24
2081.8718,8.489e-25
2081.8732,8.712000000000001e-25
2081.8761,2.917e-25
2081.879922,1.0099999999999999e-24
2081.8977,1.212e-25
2081.9616,2.086e-25
2081.9761,4.015e-25
2081.9924,3.4790000000000003e-25
2082.022257,1.512e-24
2082.0629,4.57e-25
2082.0937,4.869e-25
2082.119561,1.785e-24
2082.1645,5.394e-25
2082.2337,5.469e-25
2082.2948,5.95e-25
2082.312575,1.0820000000000002e-26
2082.321456,9.932e-24
2082.323045,1.321e-24
2082.327922,1.029e-23
2082.3981,5.81e-25
2082.426087,1.611e-24
2082.4529,6.245000000000001e-25
2082.5879,5.911e-25
2082.6385,6.293000000000001e-25
2082.644398,4.384e-24
2082.658231,2.925e-25
2082.66043,4.484e-24
2082.699638,3.064e-25
2082.7352,1.726e-24
2082.7497,1.668e-24
2082.8041,5.795e-25
2082.806105,3.687e-25
2082.840263,3.869e-25
2082.8518,6.125e-25
2082.874944,1.375e-26
2082.880752,1.121e-23
2082.887852,1.165e-23
2082.896264,3.757e-23
2082.903671,3.537e-23
2082.930444,8.905000000000001e-26
2082.972528,6.739e-25
2083.036443,6.862e-25
2083.0469,5.5e-25
2083.0927,5.781e-25
2083.2607,6.917000000000001e-25
2083.2617,7.092e-25
2083.268665,3.008e-23
2083.270341,3.107e-23
2083.317,5.07e-25
2083.340722,1.468e-26
2083.3614,5.305000000000001e-25
2083.4025,1.518e-25
2083.444027,1.73e-26
2083.446249,1.235e-23
2083.454551,1.287e-23
2083.592537,9.849e-25
2083.6005,1.545e-24
2083.6145,4.55e-25
2083.6154,1.496e-24
2083.6171,2.777e-25
2083.6582,4.741e-25
2083.693431,7.913000000000001e-26
2083.718215,8.045e-26
2083.732936,1.262e-24
2083.9396,3.9799999999999998e-25
2083.983,4.135e-25
2083.985134,3.976e-23
2083.994877,3.767e-23
2084.008662,1.329e-23
2084.010631,2.1570000000000003e-26
2084.016827,1.22e-26
2084.018796,1.389e-23
2084.025651,7.52e-26
2084.143412,6.514e-25
2084.166298,4.51e-25
2084.2149,2.052e-25
2084.231864,4.589e-25
2084.2925,3.4e-25
2084.321039,9.047e-25
2084.3359,3.522e-25
2084.3726,3.069e-25
2084.4552,1.353e-24
2084.4702,1.313e-24
2084.529983,4.448e-25
2084.558754,1.393e-23
2084.564546,1.5230000000000002e-26
2084.565641,2.67e-26
2084.571433,1.4629999999999998e-23
2084.574644,4.6760000000000005e-25
2084.575291,3.466e-24
2084.590626,3.547e-24
2084.5958,5.519e-25
2084.5964,5.6520000000000005e-25
2084.6731,2.837e-25
2084.7166,2.933e-25
2084.841615,2.674e-23
2084.842754,2.756e-23
2084.882674,2.106e-26
2084.884739,2.072e-26
2084.902439,5.381e-25
2084.919364,1.0820000000000002e-26
2084.942191,5.6690000000000005e-25
2085.028019,4.097e-23
2085.039722,3.901e-23
2085.074739,6.321000000000001e-26
2085.0811,2.317e-25
2085.087533,1.4239999999999998e-23
2085.090888,1.888e-26
2085.100229,3.287e-26
2085.103585,1.5019999999999998e-23
2085.115708,2.8020000000000003e-25
2085.125,2.39e-25
2085.1625,2.584e-25
2085.2907,3.4530000000000003e-25
2085.3022,1.16e-24
2085.3174,1.127e-24
2085.390698,2.9710000000000003e-25
2085.400653,4.585e-25
2085.457862,3.021e-25
2085.5162,1.852e-25
2085.5607,1.907e-25
2085.58642,1.415e-23
2085.587208,2.331e-26
2085.606057,4.0350000000000006e-26
2085.606844,1.501e-23
2085.8012,3.165e-25
2085.831177,3.3830000000000004e-26
2085.835047,3.326e-26
2085.8771,4.312e-25
2085.8775,4.414e-25
2085.9,3.967e-25
2085.9777,1.449e-25
2086.023,1.49e-25
2086.030328,4.115e-23
2086.043657,3.935e-23
2086.045371,2.877e-26
2086.047378,1.363e-23
2086.073451,1.457e-23
2086.075458,4.955e-26
2086.083169,5.274000000000001e-26
2086.1436,9.721e-25
2086.1588,9.462e-25
2086.36668,2.323e-23
2086.367174,2.391e-23
2086.397421,6.292000000000001e-25
2086.446192,6.6440000000000005e-25
2086.457801,3.5670000000000006e-26
2086.462983,1.267e-23
2086.465,1.111e-25
2086.479563,2.689e-24
2086.494756,2.75e-24
2086.496448,1.368e-23
2086.501631,6.11e-26
2086.5112,1.141e-25
2086.637196,1.928e-25
2086.705776,1.96e-25
2086.817403,4.473e-26
2086.826403,1.127e-23
2086.828408,5.328e-26
2086.83374,5.237000000000001e-26
2086.869859,1.233e-23
2086.878858,7.611000000000001e-26
2086.9189,3.649e-25
2086.940834,7.344e-25
2086.9806,7.981e-25
2086.986854,7.776e-25
2086.996,7.777e-25
2086.997634,4.035e-23
2087.0106,4.386e-25
2087.012288,3.871e-23
2087.056551,4.3620000000000006e-26
2087.1051,3.3e-25
2087.1056,3.377e-25
2087.117201,5.737000000000001e-26
2087.131164,9.452e-24
2087.188925,1.055e-23
2087.202888,9.654e-26
2087.2976,4.299e-25
2087.349067,7.672000000000001e-26
2087.3672,5.0240000000000005e-25
2087.370268,7.254e-24
2087.450661,8.342e-24
2087.471862,1.26e-25
2087.494291,1.963e-25
2087.498251,1.112e-25
2087.532196,4.698e-24
2087.561652,1.709e-24
2087.655688,5.703e-24
2087.670084,1.393e-25
2087.689634,1.704e-25
2087.709664,3.2509999999999998e-24
2087.786629,8.793000000000001e-26
2087.803668,5.896e-24
2087.8136,6.417e-25
2087.818815,2.384e-24
2087.8295,6.255000000000001e-25
2087.841204,2.028e-23
2087.841407,1.973e-23
2087.865828,8.233000000000001e-26
2087.872257,8.088e-26
2087.881656,4.135e-24
2087.886177,2.009e-25
2087.892171,6.215000000000001e-26
2087.89646,8.07e-24
2087.897058,1.233e-25
2087.910873,6.926e-24
2087.921236,1.904e-25
2087.927912,1.38e-25
2087.935491,3.864e-23
2087.951196,3.718e-23
2087.96684,1.252e-25
2087.976704,9.112e-24
2087.980994,1.004e-25
2088.000467,3.5690000000000003e-26
2088.005666,9.761e-24
2088.010701,4.632e-26
2088.066336,7.481000000000001e-26
2088.071371,1.076e-23
2088.135719,1.095e-23
2088.148489,3.5440000000000004e-26
2088.179831,5.648e-26
2088.192601,1.188e-23
2088.257165,8.34e-25
2088.2807,2.473e-25
2088.2818,2.533e-25
2088.288415,1.162e-23
2088.308066,2.745e-26
2088.311143,8.857e-25
2088.319944,4.272e-26
2088.339594,1.246e-23
2088.351758,2.047e-24
2088.366791,2.092e-24
2088.464718,1.181e-23
2088.486063,3.2110000000000006e-26
2088.49075,2.1350000000000003e-26
2088.512094,1.256e-23
2088.6423,5.055e-25
2088.6602,4.912e-25
2088.665255,1.157e-23
2088.677968,2.3790000000000003e-26
2088.6944,4.674000000000001e-25
2088.69736,1.659e-26
2088.710073,1.222e-23
2088.7164,5.432e-25
2088.7673,5.3450000000000005e-25
2088.7681,6.117e-25
2088.849241,3.616e-23
2088.865756,3.489e-23
2088.890478,1.098e-23
2088.895613,1.7250000000000003e-26
2088.920278,2.8860000000000003e-26
2088.926225,9.417e-25
2088.928464,1.283e-26
2088.933599,1.153e-23
2088.934268,1.248e-25
2088.94141,1.226e-25
2088.9795,1.003e-24
2089.139027,1.213e-26
2089.140726,1.012e-23
2089.161629,7.771e-26
2089.182775,1.058e-23
2089.215397,5.084e-25
2089.232405,7.889e-26
2089.263302,1.6839999999999998e-23
2089.26418,1.6399999999999998e-23
2089.344326,3.008e-24
2089.4043,1.813e-25
2089.4072,1.862e-25
2089.416243,9.075e-24
2089.457687,9.455e-24
2089.4658,3.902e-25
2089.5171,2.731e-25
2089.539922,5.5e-24
2089.717178,7.936e-24
2089.743821,3.308e-23
2089.758377,8.242999999999999e-24
2089.760934,3.199e-23
2089.820933,2.3030000000000003e-26
2090.024058,1.858e-25
2090.031516,1.823e-25
2090.043579,6.776e-24
2090.0614,6.513e-25
2090.084814,7.019e-24
2090.088247,3.4550000000000003e-25
2090.1008,7.17e-25
2090.106113,1.039e-24
2090.155608,4.08e-24
2090.166766,1.111e-24
2090.186381,1.5289999999999999e-24
2090.201128,1.561e-24
2090.2828,2.952e-25
2090.2897,2.863e-25
2090.299819,6.054e-24
2090.395377,5.6529999999999996e-24
2090.422546,4.8260000000000006e-26
2090.436877,5.843e-24
2090.4751,1.289e-25
2090.4831,1.343e-25
2090.494155,4.897e-26
2090.4985,5.601000000000001e-25
2090.5604,6.222e-25
2090.623585,2.96e-23
2090.632718,1.368e-23
2090.634123,1.334e-23
2090.641129,2.867e-23
2090.706798,1.814e-26
2090.772383,4.614e-24
2090.814334,4.759e-24
2090.863362,1.135e-24
2090.925359,1.219e-24
2091.058868,2.474e-25
2091.0915,2.1899999999999998e-25
2091.098448,5.104e-24
2091.101,2.14e-25
2091.125183,2.716e-25
2091.13255,2.6630000000000003e-25
2091.174265,3.686e-24
2091.216306,6.789e-24
2091.216828,3.796e-24
2091.3344,7.488e-25
2091.3645,8.117e-25
2091.492177,2.5900000000000002e-23
2091.510032,2.514e-23
2091.581523,1.4080000000000003e-26
2091.600548,2.883e-24
2091.643864,2.965e-24
2091.671884,2.9530000000000005e-26
2091.709382,1.885e-25
2091.743327,6.219e-24
2091.744293,2.996e-26
2091.833625,7.775e-24
2091.8901,1.593e-25
2091.9003,1.5610000000000002e-25
2091.941374,1.214e-24
2091.949394,1.089e-23
2091.950884,1.062e-23
2091.978024,1.121e-24
2091.992334,1.144e-24
2092.01076,1.311e-24
2092.050599,2.2109999999999998e-24
2092.094809,2.271e-24
2092.22747,3.9e-25
2092.234336,3.821e-25
2092.3378,6.365e-25
2092.352435,2.218e-23
2092.37056,2.156e-23
2092.3929,6.94e-25
2092.436009,1.336e-26
2092.447952,1.077e-26
2092.476634,1.398e-26
2092.523625,1.661e-24
2092.5366,8.307e-25
2092.5592,8.905e-25
2092.568891,1.705e-24
2092.6764,1.138e-25
2092.6868,1.115e-25
2092.75657,1.281e-24
2092.829546,1.392e-24
2092.833852,1.522e-25
2092.850891,7.137999999999999e-24
2092.902108,1.78e-26
2092.935446,8.563e-24
2092.975704,1.807e-26
2093.018669,1.225e-24
2093.065232,1.256e-24
2093.182483,3.925e-26
2093.206367,1.859e-23
2093.213803,8.249e-24
2093.213848,8.486e-24
2093.22327,1.271e-25
2093.224883,1.809e-23
2093.244472,8.383e-24
2093.307804,9.785e-24
2093.320786,5.502e-25
2093.326745,5.386e-25
2093.3333,1.133e-25
2093.3399,1.1630000000000002e-25
2093.340712,2.3e-26
2093.381389,2.404e-26
2093.476208,1.2940000000000002e-26
2093.534613,8.857e-25
2093.582965,9.081e-25
2093.6689,8.928e-25
2093.6854,9.491e-25
2093.721493,8.063e-25
2093.735232,8.222000000000001e-25
2093.760134,1.323e-24
2093.841321,1.447e-24
2094.009279,4.6510000000000005e-26
2094.055169,1.5249999999999998e-23
2094.070178,6.287000000000001e-25
2094.074899,1.483e-23
2094.103984,1.0490000000000002e-26
2094.121957,6.44e-25
2094.182077,1.074e-26
2094.1982,1.44e-25
2094.2079,1.4790000000000002e-25
2094.2182,6.913000000000001e-25
2094.2691,7.44e-25
2094.395255,7.629e-25
2094.399911,7.463e-25
2094.404656,5.341e-24
2094.427045,6.482e-24
2094.4838,3.63e-26
2094.523295,5.324e-26
2094.527657,3.7920000000000005e-26
2094.581304,1e-24
2094.609463,1.341e-24
2094.617166,1.075e-25
2094.621456,9.073e-24
2094.623936,4.381e-25
2094.656044,9.484e-26
2094.670006,1.053e-23
2094.688891,1.036e-23
2094.697051,1.478e-24
2094.699943,3.953e-25
2094.716713,1.185e-23
2094.7323,9.324e-25
2094.7436,9.848e-25
2094.88267,7.895e-24
2094.899294,1.226e-23
2094.982247,4.065e-24
2094.9992,1.796e-25
2095.0123,1.847e-25
2095.109041,9.159e-26
2095.194321,2.998e-25
2095.233677,2.949e-25
2095.411934,5.691e-25
2095.416025,5.388e-26
2095.425021,5.799e-25
2095.441473,1.04e-24
2095.444443,1.016e-24
2095.46056,5.63e-26
2095.55938,1.324e-24
2095.590277,4.853e-24
2095.606387,4.66e-24
2095.65729,1.475e-24
2095.69367,1.712e-26
2095.7279,9.483e-25
2095.731024,1.172e-26
2095.7339,2.199e-25
2095.7346,9.958e-25
2095.738555,9.647e-24
2095.7506,2.266e-25
2095.75299,9.397e-24
2095.779635,2.015e-25
2095.82434,2.026e-25
2096.014419,7.447e-26
2096.023418,1.255e-23
2096.05853,1.381e-23
2096.1463,7.212000000000001e-25
2096.1947,7.685e-25
2096.378073,1.331e-25
2096.4013,2.6410000000000003e-25
2096.419174,1.08e-23
2096.4219,2.727e-25
2096.424209,8.087000000000001e-26
2096.424421,1.273e-24
2096.424889,1.344e-25
2096.450721,1.393e-24
2096.451644,1.361e-24
2096.476664,1.199e-23
2096.509477,7.626000000000001e-26
2096.532904,1.436e-24
2096.557022,7.972e-26
2096.57224,7.44e-24
2096.587707,7.269e-24
2096.639679,2.7830000000000004e-26
2096.6568,9.407e-25
2096.6595,9.841e-25
2096.705049,3.562e-24
2096.717609,3.474e-24
2096.987732,8.637e-26
2097.0017,3.112e-25
2097.0264,3.219e-25
2097.035926,8.73e-26
2097.04492,3.94e-25
2097.057404,4.014e-25
2097.301136,6.009000000000001e-26
2097.306318,1.4369999999999998e-23
2097.332665,1.557e-23
2097.335182,1.18e-24
2097.399239,5.625e-24
2097.413712,1.79e-24
2097.414982,5.503e-24
2097.415174,1.835e-24
2097.455,1.203e-25
2097.458216,1.04e-25
2097.458566,1.352e-24
2097.4854,1.235e-25
2097.507017,1.088e-25
2097.5195,9.499999999999999e-25
2097.5204,9.115e-25
2097.5367,3.589e-25
2097.5658,3.722e-25
2097.606638,5.509e-26
2097.6484,1.534e-25
2097.655904,5.571000000000001e-26
2097.6797,1.576e-25
2097.772985,2.565e-24
2097.785168,2.509e-24
2097.8487,1.917e-25
2097.8812,1.973e-25
2098.0088,4.051e-25
2098.0427,4.213e-25
2098.0538,2.345e-25
2098.0876,2.418e-25
2098.1288,7.247000000000001e-25
2098.1759,7.664e-25
2098.201287,1.046e-24
2098.21816,4.169e-24
2098.232757,3.455e-26
2098.23401,4.083e-24
2098.250235,1.219e-23
2098.2613,2.81e-25
2098.263005,6.269e-26
2098.282922,3.4940000000000006e-26
2098.2968,2.903e-25
2098.301653,1.329e-23
2098.3161,8.972e-25
2098.3202,8.635e-25
2098.323919,2.315e-24
2098.328079,2.376e-24
2098.342815,1.223e-24
2098.4215,4.467e-25
2098.4605,4.662000000000001e-25
2098.4689,3.2940000000000003e-25
2098.5065,3.411e-25
2098.512357,1.375e-25
2098.517737,4.916e-26
2098.519744,1.587e-23
2098.539082,1.701e-23
2098.564142,1.44e-25
2098.616352,2.676e-25
2098.628703,2.726e-25
2098.6742,3.776e-25
2098.7144,3.921e-25
2098.7785,4.807e-25
2098.795752,1.812e-24
2098.808217,1.775e-24
2098.8233,5.038e-25
2098.864023,2.13e-26
2098.8747,4.229e-25
2098.914966,2.154e-26
2098.9181,4.405e-25
2099.027435,3.03e-24
2099.04335,2.97e-24
2099.0509,8.296e-25
2099.0581,8.006e-25
2099.0681,4.62e-25
2099.080309,8.688000000000001e-25
2099.0842,5.036e-25
2099.1154,4.831e-25
2099.1356,5.304000000000001e-25
2099.176776,2.9399999999999998e-24
2099.183918,3.022e-24
2099.247341,1.045e-24
2099.2521,4.917e-25
2099.3042,5.165e-25
2099.3428,5.122e-25
2099.402,5.428e-25
2099.4242,5.085e-25
2099.469152,1.771e-25
2099.4824,5.371e-25
2099.498354,1.292e-26
2099.522756,1.857e-25
2099.549978,1.3060000000000002e-26
2099.5583,5.036e-25
2099.5822,5.093e-25
2099.6271,5.378e-25
2099.6481,5.416e-25
2099.664572,1.699e-23
2099.66536,4.0450000000000006e-26
2099.678073,1.806e-23
2099.7239,4.916e-25
2099.7262,7.515000000000001e-25
2099.7343,4.755e-25
2099.7361,7.268000000000001e-25
2099.774999,1.256e-24
2099.787972,1.232e-24
2099.7999,5.275000000000001e-25
2099.8155,5.13e-25
2099.825411,2.161e-24
2099.841392,2.12e-24
2099.8467,4.535e-25
2099.8737,4.267e-25
2099.932365,6.543e-25
2099.9365,4.924e-25
2099.9477,3.942e-25
2099.968143,3.668e-24
2099.9718,4.668000000000001e-25
2099.9775,3.565e-25
2099.978527,3.775e-24
2100.0224,3.1330000000000003e-25
2100.0434,2.6480000000000003e-25
2100.0542,1.506e-25
2100.0575,4.35e-25
2100.0602,2.108e-25
2100.1007,3.977e-25
2100.120335,1.773e-25
2100.120536,1.316e-23
2100.135512,8.2e-25
2100.135948,1.816e-25
2100.140187,4.917e-26
2100.1636,3.542e-25
2100.168267,1.4159999999999998e-23
2100.173,7.029e-25
2100.2082,3.044e-25
2100.2199,7.39e-25
2100.259,2.473e-25
2100.3062,1.812e-25
2100.344,6.672e-25
2100.3564,6.467e-25
2100.3624,1.021e-25
2100.491915,2.227e-25
2100.548625,2.3380000000000003e-25
2100.610416,1.512e-24
2100.626486,1.484e-24
2100.695292,4.492e-24
2100.70916,4.63e-24
2100.712318,8.547e-25
2100.725886,8.39e-25
2100.741685,1.769e-23
2100.74504,3.3290000000000004e-26
2100.750175,1.868e-23
2100.772293,4.14e-25
2100.9071,5.809e-25
2100.9217,5.639000000000001e-25
2101.033046,5.535e-25
2101.065466,4.7030000000000007e-26
2101.068793,2.936e-26
2101.084522,7.399e-26
2101.094586,1.8010000000000002e-26
2101.100491,4.784e-26
2101.105884,2.985e-26
2101.118168,7.528000000000001e-26
2101.125671,1.143e-25
2101.137316,1.823e-26
2101.142715,1.085e-26
2101.158233,1.1630000000000002e-25
2101.165931,1.063e-26
2101.18841,1.733e-25
2101.220085,1.765e-25
2101.272025,2.579e-25
2101.302985,2.629e-25
2101.35692,5.3969999999999996e-24
2101.374501,5.572e-24
2101.375599,3.768e-25
2101.380818,1.039e-24
2101.397008,1.02e-24
2101.406021,3.843e-25
2101.4183,4.961000000000001e-25
2101.4349,4.823e-25
2101.450403,2.744e-25
2101.498012,5.402e-25
2101.509519,2.886e-25
2101.528117,5.512e-25
2101.565778,1.757e-25
2101.60921,5.71e-25
2101.623409,5.609000000000001e-25
2101.637951,7.598e-25
2101.668085,7.757e-25
2101.752054,1.794e-23
2101.756147,1.884e-23
2101.757847,2.732e-26
2101.793921,1.049e-24
2101.825018,1.069e-24
2101.8809,4.156e-25
2101.8992,4.047e-25
2101.926942,4.968000000000001e-25
2101.934638,2.6380000000000003e-25
2101.953077,6.355e-24
2101.964255,1.419e-24
2101.974607,6.576e-24
2102.026519,9.563e-25
2102.036308,1.3639999999999998e-23
2102.062339,3.861e-26
2102.081975,1.453e-23
2102.13506,7.002e-25
2102.147131,1.8839999999999998e-24
2102.151406,6.88e-25
2102.173322,1.926e-24
2102.2867,6.595000000000001e-25
2102.2985,3.418e-25
2102.3182,3.333e-25
2102.3341,6.899000000000001e-25
2102.340583,2.451e-24
2102.36844,2.515e-24
2102.447752,3.3150000000000003e-25
2102.467071,3.746e-25
2102.481909,3.681e-25
2102.485049,7.331e-24
2102.510259,3.494e-25
2102.510786,7.603e-24
2102.542526,3.126e-24
2102.571392,3.213e-24
2102.6172,2.6580000000000003e-25
2102.6748,2.758e-25
2102.6956,2.694e-25
2102.696797,1.7749999999999998e-23
2102.696966,1.857e-23
2102.704962,2.229e-26
2102.75077,3.907e-24
2102.780686,4.022e-24
2102.8586,3.834e-25
2102.871687,4.635000000000001e-25
2102.888225,4.557e-25
2102.955169,8.273e-24
2102.963043,4.783e-24
2102.983213,1.112e-26
2102.985424,8.604e-24
2102.994216,4.932e-24
2103.014,2.186e-25
2103.0356,2.137e-25
2103.177015,5.732e-24
2103.209737,5.923e-24
2103.3205,1.7e-25
2103.3424,1.665e-25
2103.3666,9.125e-24
2103.390319,6.722e-24
2103.401773,9.52e-24
2103.403254,3.936e-25
2103.403317,1.434e-26
2103.424955,6.961e-24
2103.4621,3.066e-25
2103.468822,4.157e-25
2103.573837,1.789e-23
2103.577212,1.716e-23
2103.587736,1.806e-26
2103.589361,3.013e-25
2103.5991,1.297e-25
2103.600578,7.707e-24
2103.606127,2.9640000000000003e-25
2103.6205,1.273e-25
2103.637569,8.002e-24
2103.6607,4.079e-25
2103.717114,1.042e-26
2103.723082,9.82e-24
2103.763715,1.028e-23
2103.769684,1.834e-26
2103.80542,8.632e-24
2103.837367,1.201e-26
2103.845311,8.989999999999999e-24
2104.002507,9.434e-24
2104.004262,1.362e-23
2104.017473,1.324e-26
2104.028684,1.029e-23
2104.036366,3.0160000000000005e-26
2104.043803,1.5650000000000002e-26
2104.045972,9.859e-24
2104.049062,1.4399999999999997e-23
2104.075539,1.083e-23
2104.08675,2.33e-26
2104.185454,1.164e-26
2104.189542,1.004e-23
2104.237444,1.054e-23
2104.241531,2.017e-26
2104.270059,1.6740000000000003e-26
2104.287548,1.047e-23
2104.2955,3.523e-25
2104.341725,1.107e-23
2104.353269,1.4790000000000002e-26
2104.359214,2.945e-26
2104.364283,1.039e-23
2104.379558,4.593e-25
2104.388215,1.687e-23
2104.394814,1.623e-23
2104.407721,1.449e-26
2104.417755,1.096e-23
2104.428769,2.577e-26
2104.448996,4.864e-25
2104.4617,4.424e-25
2104.4776,5.99e-25
2104.478513,2.114e-26
2104.503651,1.03e-23
2104.505639,1.872e-26
2104.52453,1.041e-23
2104.5262,6.24e-25
2104.566791,1.097e-23
2104.585125,1.105e-23
2104.591929,3.707e-26
2104.604016,3.269e-26
2104.639913,2.3690000000000003e-26
2104.645826,2.6750000000000005e-26
2104.668082,1.005e-23
2104.680545,9.729e-24
2104.738027,1.076e-23
2104.753004,3.01e-26
2104.755183,1.046e-23
2104.766197,4.1290000000000005e-26
2104.773774,3.41e-26
2104.78371,9.253e-26
2104.789901,4.6610000000000005e-26
2104.792618,9.283e-24
2104.821012,8.739e-24
2104.84072,3.868e-26
2104.861697,4.42e-26
2104.868614,8.14e-26
2104.875312,1.004e-23
2104.89537,8.079999999999999e-24
2104.895853,5.08e-26
2104.901138,6.908e-26
2104.902908,5.897e-26
2104.911298,9.511e-24
2104.914926,5.207e-26
2104.926394,7.315e-24
2104.958536,5.865000000000001e-26
2104.972129,6.439e-24
2104.974329,1.692e-24
2104.99463,5.451e-24
2104.996441,8.861e-24
2105.010697,3.107e-24
2105.013309,4.346e-24
2105.03973,8.096e-24
2105.05109,6.57e-26
2105.102078,7.206e-24
2105.104428,7.391e-26
2105.1198,3.996e-25
2105.141827,1.558e-23
2105.146215,6.186e-24
2105.15137,1.503e-23
2105.166717,1.152e-26
2105.178354,8.275000000000001e-26
2105.196007,5.018e-24
2105.237938,9.226e-26
2105.241537,3.6699999999999995e-24
2105.2623,4.819e-25
2105.294654,2.061e-24
2105.308177,1.008e-25
2105.32871,5.274e-25
2105.38362,1.039e-25
2105.402005,5.6e-25
2105.485273,8.563000000000001e-26
2105.83669,1.409e-23
2105.848923,1.363e-23
2105.9307,4.473e-25
2106.031562,1.313e-23
2106.0552,5.242e-25
2106.069548,2.3320000000000003e-26
2106.076435,1.3799999999999998e-23
2106.287058,5.957000000000001e-25
2106.364956,6.346e-25
2106.475145,1.25e-23
2106.489824,1.212e-23
2106.7415,4.946e-25
2106.7536,5.273e-25
2106.804,5.475e-25
2106.8521,5.6730000000000005e-25
2107.059872,1.088e-23
2107.076754,1.056e-23
2107.108973,1.2990000000000002e-26
2107.116782,1.278e-26
2107.22749,6.6220000000000005e-25
2107.285871,2.919e-25
2107.310274,7.08e-25
2107.403162,1.058e-26
2107.5305,5.409e-25
2107.576177,5.3199999999999996e-24
2107.593917,9.289e-24
2107.612743,9.032e-24
2107.6295,6.103e-25
2107.796814,7.675e-24
2108.080712,7.783e-24
2108.101182,7.579e-24
2108.125707,1.224e-23
2108.169456,1.7790000000000002e-26
2108.169951,7.241000000000001e-25
2108.171424,1.279e-23
2108.228629,2.428e-25
2108.258431,7.774e-25
2108.336,5.852e-25
2108.387527,2.0980000000000003e-26
2108.392825,2.0640000000000003e-26
2108.419248,6.1159999999999996e-24
2108.4261,6.518e-25
2108.503961,2.9350000000000003e-26
2108.524109,6.3999999999999995e-24
2108.545828,6.2419999999999996e-24
2108.601552,8.118e-24
2108.928486,5.163e-24
2108.950788,5.048e-24
2109.0975,6.272000000000001e-25
2109.099983,7.784e-25
2109.109629,1.914e-25
2109.1222,4.505e-25
2109.1749,4.662000000000001e-25
2109.1792,6.913000000000001e-25
2109.194781,8.397000000000001e-25
2109.251712,6.989999999999999e-24
2109.299437,4.074e-24
2109.320495,4.007e-24
2109.404498,8.755e-24
2109.4842,5.257e-25
2109.601478,3.3330000000000006e-26
2109.604152,3.277e-26
2109.659663,3.1229999999999998e-24
2109.660849,2.6699999999999998e-24
2109.9074,6.657e-25
2109.935981,2.4019999999999998e-24
2109.963403,1.546e-25
2109.97322,2.39e-24
2109.9833,7.275e-25
2110.027786,8.218000000000001e-25
2110.075574,7.882e-24
2110.129936,8.914e-25
2110.20671,9.49e-24
2110.232765,1.828e-24
2110.26622,1.796e-24
2110.294358,1.104e-23
2110.341577,1.149e-23
2110.343799,1.337e-26
2110.433327,4.142e-26
2110.511035,1.35e-24
2110.543741,1.325e-24
2110.6309,7.013e-25
2110.7001,7.607e-25
2110.748839,5.1190000000000005e-26
2110.748867,5.207e-26
2110.77825,9.783e-25
2110.794727,1.283e-25
2110.810771,9.6e-25
2110.88645,8.775e-24
2110.946142,8.507e-25
2111.000953,1.027e-23
2111.039549,6.9540000000000005e-25
2111.056732,9.287e-25
2111.072112,6.826e-25
2111.203561,1.08e-26
2111.258749,1.133e-26
2111.299393,4.852e-25
2111.332467,4.762e-25
2111.4586,7.315e-25
2111.5241,7.887000000000001e-25
2111.561657,3.323e-25
2111.5903,3.736e-25
2111.601451,3.199e-25
2111.62096,1.089e-25
2111.6457,3.857e-25
2111.697236,9.653e-24
2111.798993,1.106e-23
2111.826094,7.861000000000001e-26
2111.828867,8.001000000000001e-26
2111.829576,2.233e-25
2111.856658,2.188e-25
2111.859756,8.616e-25
2111.980315,9.479e-25
2112.105679,1.473e-25
2112.1282,7.585000000000001e-25
2112.134027,1.448e-25
2112.1876,8.135e-25
2112.226205,1.793e-26
2112.283461,1.879e-26
2112.421885,9.38e-26
2112.486582,1.051e-23
2112.517088,1.5670000000000002e-26
2112.537952,1.5910000000000003e-26
2112.545124,9.649e-24
2112.577605,1.185e-23
2112.594414,1.001e-23
2112.765206,8.512e-25
2112.836151,1.187e-25
2112.841688,1.209e-25
2112.897608,9.451e-25
2112.9922,7.786e-25
2113.0497,8.311000000000001e-25
2113.077045,2.527e-26
2113.09979,2.56e-26
2113.237311,8.197000000000001e-26
2113.248215,2.7580000000000005e-26
2113.29196,1.131e-23
2113.30776,2.889e-26
2113.374835,1.26e-23
2113.5859,7.958e-25
2113.6375,8.461e-25
2113.63801,4.003e-26
2113.648715,3.988e-26
2113.664212,8.162000000000001e-25
2113.780146,1.761e-25
2113.788447,1.795e-25
2113.81102,9.167e-25
2114.007012,7.209000000000001e-26
2114.05425,1.208e-23
2114.12932,1.3299999999999998e-23
2114.1643,3.012e-25
2114.197815,6.231e-26
2114.215964,6.334e-26
2114.2228,3.102e-25
2114.259893,4.013e-26
2114.3218,4.203e-26
2114.5106,8.043e-25
2114.554965,7.545000000000001e-25
2114.5619,8.521e-25
2114.65996,2.569e-25
2114.67101,2.619e-25
2114.719642,8.595e-25
2114.754293,9.527e-26
2114.773734,9.696e-26
2114.824087,6.404000000000001e-26
2114.863701,1.276e-23
2114.885331,8.181e-24
2114.933443,1.394e-23
2114.937191,8.461999999999999e-24
2114.9999,8.115e-25
2115.0448,8.57e-25
2115.268817,5.591000000000001e-26
2115.305293,1.431e-25
2115.32566,1.457e-25
2115.333306,5.859e-26
2115.3731,1.03e-25
2115.407,1.06e-25
2115.437342,6.6480000000000005e-25
2115.478056,3.681e-25
2115.491835,3.756e-25
2115.553775,5.692000000000001e-26
2115.588493,1.339e-23
2115.624854,7.714e-25
2115.651889,1.452e-23
2115.8124,1.16e-25
2115.8448,1.3e-25
2115.84871,2.111e-25
2115.8498,1.192e-25
2115.869999,2.151e-25
2115.8817,1.336e-25
2116.0163,8.08e-25
2116.0627,8.508e-25
2116.2075,1.447e-25
2116.237311,5.181e-25
2116.2476,1.488e-25
2116.253801,5.291000000000001e-25
2116.269188,7.522e-26
2116.2784,1.603e-25
2116.309379,5.479e-25
2116.3186,1.651e-25
2116.336395,7.887e-26
2116.3653,8.056e-25
2116.382503,3.058e-25
2116.386994,5.1030000000000007e-26
2116.4045,8.462e-25
2116.404805,3.1190000000000004e-25
2116.415163,1.391e-23
2116.475271,1.5e-23
2116.527146,6.517e-25
2116.5802,1.766e-25
2116.6234,1.819e-25
2116.6766,1.937e-25
2116.7204,1.998e-25
2116.8495,2.362e-25
2116.904722,4.3510000000000005e-25
2116.9114,2.428e-25
2116.928162,4.441e-25
2116.9299,2.113e-25
2116.940868,7.162e-25
2116.960057,7.321e-25
2116.9765,2.1810000000000003e-25
2117.0415,2.292e-25
2117.061669,4.556e-26
2117.086807,1.4369999999999998e-23
2117.0894,2.368e-25
2117.141155,1.5409999999999998e-23
2117.168382,4.08e-25
2117.2561,2.473e-25
2117.265468,9.825e-26
2117.3067,2.559e-25
2117.321779,6.733e-24
2117.335632,1.031e-25
2117.375,2.6540000000000003e-25
2117.376643,6.946e-24
2117.413518,6.077e-25
2117.4274,2.75e-25
2117.428343,5.0250000000000005e-25
2117.438245,6.209e-25
2117.5124,7.904000000000001e-25
2117.5548,8.281e-25
2117.5587,2.833e-25
2117.591991,9.722e-25
2117.6138,2.938e-25
2117.613885,9.947e-25
2117.6771,7.797e-25
2117.6788,3.004e-25
2117.7111,8.153000000000001e-25
2117.7362,3.1210000000000003e-25
2117.8372,3.168e-25
2117.8977,3.2970000000000003e-25
2117.907171,8.335000000000001e-25
2117.929825,4.1040000000000005e-26
2117.933347,8.523e-25
2117.948717,1.47e-23
2117.9541,3.32e-25
2118.001492,1.569e-23
2118.007879,2.543e-25
2118.0174,3.4610000000000003e-25
2118.0916,3.4570000000000003e-25
2118.1583,3.61e-25
2118.193953,1.295e-24
2118.2021,3.576e-25
2118.218579,1.327e-24
2118.254311,1.251e-25
2118.2722,3.742e-25
2118.3216,3.673e-25
2118.327635,1.315e-25
2118.331293,3.3020000000000003e-25
2118.384095,1.122e-24
2118.3959,3.852e-25
2118.411901,1.148e-24
2118.4234,3.745e-25
2118.5019,3.937e-25
2118.5272,3.788e-25
2118.528229,3.6650000000000005e-26
2118.545718,1.498e-23
2118.592715,1.592e-23
2118.6107,3.994e-25
2118.6187,3.8e-25
2118.7076,4.019e-25
2118.7081,3.779e-25
2118.749942,1.694e-24
2118.777354,1.737e-24
2118.7882,3.719e-25
2118.8031,4.009e-25
2118.810507,1.059e-25
2118.842858,1.482e-24
2118.8638,3.621e-25
2118.87249,1.519e-24
2118.8902,3.961e-25
2118.93,7.362e-25
2118.9316,3.482e-25
2118.9592,7.671e-25
2118.9739,3.875e-25
2118.9933,3.3e-25
2119.0019,7.534000000000001e-25
2119.0411,7.862000000000001e-25
2119.0476,3.074e-25
2119.0511,3.744e-25
2119.0947,2.8040000000000003e-25
2119.124,3.569e-25
2119.1333,2.4850000000000003e-25
2119.1625,2.119e-25
2119.1792,1.228e-25
2119.1796,1.702e-25
2119.1917,3.347e-25
2119.238244,1.558e-25
2119.242445,1.503e-25
2119.2552,3.075e-25
2119.262986,2.173e-24
2119.282181,1.921e-24
2119.293275,2.231e-24
2119.313858,1.971e-24
2119.3147,2.751e-25
2119.315008,1.64e-25
2119.3711,2.371e-25
2119.4257,1.927e-25
2119.455728,3.308e-26
2119.466742,1.508e-23
2119.4812,1.4050000000000002e-25
2119.513794,1.597e-23
2119.6501,1.805e-25
2119.70095,2.441e-24
2119.7157,1.852e-25
2119.734914,2.508e-24
2119.735909,2.7349999999999998e-24
2119.769208,2.812e-24
2119.860521,5.384e-24
2119.918763,5.541e-24
2119.94985,2.947e-26
2119.961061,1.518e-23
2120.001839,1.602e-23
2120.098213,3.043e-24
2120.1187,6.79e-25
2120.134741,3.131e-24
2120.1435,7.052e-25
2120.17129,3.373e-24
2120.207784,3.474e-24
2120.215413,1.9e-25
2120.295897,2.004e-25
2120.473174,3.716e-24
2120.4883,7.004e-25
2120.512586,3.83e-24
2120.525,7.285e-25
2120.571454,4.077e-24
2120.61139,4.206e-24
2120.825192,4.446e-24
2120.867863,4.59e-24
2120.938458,4.825e-24
2120.967703,2.66e-26
2120.971791,1.505e-23
2120.982165,4.987e-24
2121.014305,1.5849999999999998e-23
2121.153763,5.2059999999999996e-24
2121.18718,2.274e-25
2121.200143,5.386e-24
2121.2382,6.122e-25
2121.2588,6.341e-25
2121.271736,2.403e-25
2121.274097,5.587e-24
2121.322002,5.788e-24
2121.322199,2.36e-26
2121.328168,1.498e-23
2121.363495,1.573e-23
2121.458509,5.961e-24
2121.50915,6.183e-24
2121.57991,6.324e-24
2121.632571,6.569e-24
2121.739155,6.668e-24
2121.794747,6.937e-24
2121.857189,6.989e-24
2121.915335,7.282e-24
2121.948112,1.125e-26
2121.9754,6.355e-25
2121.995509,7.277e-24
2122.0101,6.59e-25
2122.05693,7.595e-24
2122.093855,1.274e-26
2122.106982,7.527999999999999e-24
2122.15256,2.673e-25
2122.171583,7.871e-24
2122.213346,1.442e-26
2122.22742,7.732e-24
2122.241569,2.831e-25
2122.277914,1.003e-26
2122.284,5.399e-25
2122.295827,8.101e-24
2122.3004,5.578e-25
2122.330097,7.884e-24
2122.342478,1.627e-26
2122.37673,1.128e-26
2122.402462,8.279e-24
2122.43474,7.976e-24
2122.454645,1.833e-26
2122.462541,1.268e-26
2122.466668,1.4629999999999998e-23
2122.468837,2.128e-26
2122.505554,1.5329999999999998e-23
2122.506673,4.187e-24
2122.511697,8.396999999999999e-24
2122.527078,8.003e-24
2122.545617,1.425e-26
2122.56861,4.301e-24
2122.5691,1.344e-25
2122.569707,2.0590000000000003e-26
2122.6081,3.216e-25
2122.609031,8.448e-24
2122.617251,7.958e-24
2122.618541,1.6e-26
2122.6387,1.376e-25
2122.640493,1.876e-26
2122.642037,1.441e-23
2122.67244,1.5069999999999998e-23
2122.673568,2.31e-26
2122.686006,1.7960000000000003e-26
2122.698158,7.836e-24
2122.704952,8.426e-24
2122.739742,4.629e-26
2122.744389,2.0180000000000003e-26
2122.774545,7.631e-24
2122.776586,2.585e-26
2122.792326,8.325e-24
2122.795304,2.2690000000000003e-26
2122.836025,4.634e-26
2122.836723,2.556e-26
2122.843124,7.340999999999999e-24
2122.86835,2.8850000000000004e-26
2122.8703,4.19e-25
2122.871943,2.889e-26
2122.876213,8.139e-24
2122.879255,4.18e-26
2122.888069,3.264e-26
2122.89337,3.6990000000000005e-26
2122.905777,6.96e-24
2122.953487,7.863e-24
2122.960978,6.488e-24
2122.964753,3.2220000000000004e-26
2123.009073,5.92e-24
2123.026441,7.492e-24
2123.048966,5.253e-24
2123.052223,3.5870000000000005e-26
2123.075562,1.42e-24
2123.079721,4.4829999999999996e-24
2123.094004,7.023e-24
2123.099022,3.603e-24
2123.102116,2.593e-24
2123.11224,3.088e-25
2123.136914,3.984e-26
2123.157282,6.45e-24
2123.206163,3.28e-25
2123.216304,5.767e-24
2123.218259,4.4120000000000005e-26
2123.2519,4.66e-25
2123.2643,4.806e-25
2123.272034,4.966e-24
2123.298005,4.86e-26
2123.325567,4.0319999999999996e-24
2123.3772,5.308e-26
2123.379205,2.937e-24
2123.437771,1.628e-24
2123.444,3.531e-25
2123.458384,5.702000000000001e-26
2123.4676,5.631000000000001e-25
2123.5007,5.825e-25
2123.545334,5.916000000000001e-26
2123.645297,5.645e-26
2123.6692,4.403e-25
2123.773592,4.144e-26
2123.897516,1.354e-23
2123.899727,1.4790000000000002e-26
2123.923356,1.41e-23
2123.954485,1.386e-23
2123.962428,1.6890000000000002e-26
2123.990472,1.446e-23
2124.065711,3.509e-25
2124.1388,3.939e-25
2124.1473,4.056e-25
2124.165072,3.737e-25
2124.2709,3.886e-25
2124.4663,4.6780000000000005e-25
2124.9421,3.265e-25
2124.9469,3.355e-25
2124.9693,4.874e-25
2125.0013,5.0299999999999995e-25
2125.013278,3.919e-25
2125.0884,4.256e-25
2125.089494,1.243e-23
2125.094903,1.154e-26
2125.11102,1.291e-23
2125.118707,4.189e-25
2125.2605,4.988000000000001e-25
2125.264275,3.17e-24
2125.330167,3.25e-24
2125.438696,1.281e-23
2125.452059,1.329e-26
2125.472388,1.332e-23
2125.6605,2.6530000000000003e-25
2125.6615,2.723e-25
2125.8975,4.627e-25
2125.954667,4.304e-25
2126.0511,5.312000000000001e-25
2126.066903,4.618e-25
2126.075242,1.765e-25
2126.213111,1.116e-23
2126.230498,1.156e-23
2126.2906,2.1680000000000003e-25
2126.2932,2.114e-25
2126.4856,4.121e-25
2126.5169,4.244e-25
2126.532612,6.528e-24
2126.6989,4.993000000000001e-25
2126.773272,8.508e-24
2126.8343,1.695e-25
2126.8375,5.639000000000001e-25
2126.8403,1.655e-25
2126.889963,4.644000000000001e-25
2126.92313,1.156e-23
2126.941647,1.035e-26
2126.955043,1.199e-23
2127.009903,5.0040000000000005e-25
2127.031351,1.61e-25
2127.263956,9.802e-24
2127.277331,1.013e-23
2127.2935,1.301e-25
2127.3027,1.272e-25
2127.367172,7.117e-24
2127.4932,5.3450000000000005e-25
2127.574532,8.87e-24
2127.6194,5.958000000000001e-25
2127.818975,4.917e-25
2127.927167,1.356e-25
2127.947708,5.3260000000000005e-25
2128.022,3.406e-25
2128.0528,3.501e-25
2128.136209,2.3389999999999998e-24
2128.193259,7.778e-24
2128.206261,2.395e-24
2128.238249,8.432e-24
2128.247713,8.696e-24
2128.2805,5.677e-25
2128.373479,9.355e-24
2128.3962,6.263000000000001e-25
2128.412013,1.019e-23
2128.442599,1.053e-23
2128.741635,5.101e-25
2128.790594,1.142e-25
2128.880507,5.559e-25
2129.010361,8.457e-24
2129.0615,5.9830000000000005e-25
2129.132985,7.109e-24
2129.138629,7.318e-24
2129.1683,6.544e-25
2129.169257,9.903e-24
2129.5842,2.751e-25
2129.615,2.8220000000000003e-25
2129.632957,9.721e-26
2129.657721,5.174e-25
2129.808423,5.679e-25
2129.819307,9.134e-24
2129.8355,6.261000000000001e-25
2129.909988,8.768e-24
2129.9346,6.796e-25
2129.93965,9.047e-24
2129.946035,5.876e-24
2129.947947,6.0389999999999996e-24
2129.961191,1.048e-23
2130.249242,1.437e-26
2130.265141,1.4600000000000002e-26
2130.298813,1.129e-26
2130.317607,1.147e-26
2130.4598,8.379000000000001e-26
2130.566996,5.113e-25
2130.604,6.502e-25
2130.620697,9.79e-24
2130.67446,4.89e-24
2130.676182,4.764e-24
2130.6964,7.016e-25
2130.731692,5.6610000000000005e-25
2130.748732,1.105e-23
2131.04027,1.818e-26
2131.060273,1.848e-26
2131.070856,2.294e-26
2131.088655,2.3320000000000003e-26
2131.124173,1.685e-24
2131.1786,2.1710000000000003e-25
2131.198538,1.722e-24
2131.2094,2.225e-25
2131.274363,7.298e-26
2131.317868,3.887e-24
2131.323116,3.792e-24
2131.3649,6.706e-25
2131.415086,1.041e-23
2131.422127,7.374e-24
2131.433587,1.326e-26
2131.451223,7.592999999999999e-24
2131.4513,7.197000000000001e-25
2131.469063,4.901e-25
2131.506845,1.392e-26
2131.531644,1.161e-23
2131.650587,5.483e-25
2131.759329,2.878e-26
2131.780625,2.9250000000000003e-26
2131.85256,3.5980000000000004e-26
2131.872246,3.659e-26
2131.878721,3.035e-24
2131.887377,2.964e-24
2132.078287,6.409000000000001e-26
2132.1215,6.869e-25
2132.202543,1.1e-23
2132.2027,7.338e-25
2132.309425,1.213e-23
2132.358337,2.328e-24
2132.363353,4.522e-25
2132.370266,2.2759999999999998e-24
2132.448558,1.9810000000000003e-26
2132.455243,4.4750000000000005e-26
2132.477922,4.5520000000000007e-26
2132.524618,2.08e-26
2132.565523,5.125e-25
2132.596308,5.547e-26
2132.617884,5.644000000000001e-26
2132.758689,1.755e-24
2132.773745,1.717e-24
2132.8117,1.675e-25
2132.8425,1.713e-25
2132.8689,6.989e-25
2132.873222,5.665e-26
2132.9453,7.435e-25
2132.953938,6.061e-24
2132.982766,6.229e-24
2132.983695,1.153e-23
2133.082302,1.301e-24
2133.082321,1.26e-23
2133.100327,1.274e-24
2133.127388,6.839000000000001e-26
2133.151541,6.96e-26
2133.24895,3.972e-25
2133.303884,8.402000000000001e-26
2133.311177,6.435e-26
2133.327365,8.553000000000001e-26
2133.332152,9.486e-25
2133.352973,9.296e-25
2133.361304,6.485e-26
2133.457738,2.819e-26
2133.477095,4.577e-25
2133.492052,1.004e-25
2133.511579,6.802e-25
2133.519916,9.954e-26
2133.535005,6.671e-25
2133.536791,2.96e-26
2133.601934,1.528e-25
2133.6143,7.064e-25
2133.62422,4.799e-25
2133.632551,1.504e-25
2133.650036,4.709e-25
2133.659178,5.0310000000000006e-26
2133.665003,2.275e-25
2133.673973,3.331e-25
2133.6865,7.487e-25
2133.694676,2.236e-25
2133.701911,3.271e-25
2133.757914,1.199e-23
2133.775252,1.027e-25
2133.800977,1.046e-25
2133.849385,1.302e-23
2133.976901,1.25e-25
2134.002321,1.274e-25
2134.124341,3.257e-25
2134.228708,1.185e-24
2134.307493,1.209e-24
2134.3473,7.094e-25
2134.386235,3.836e-25
2134.398431,1.515e-25
2134.4156,7.494e-25
2134.425832,1.544e-25
2134.438022,4.4840000000000006e-26
2134.461215,3.858e-26
2134.4904,1.263e-25
2134.511364,4.868e-24
2134.5201,1.285e-25
2134.526562,1.239e-23
2134.540081,4.994e-24
2134.543474,4.0510000000000005e-26
2134.611807,1.337e-23
2134.616812,1.828e-25
2134.64422,1.863e-25
2134.682054,4.971e-26
2134.683682,4.044e-26
2134.720535,3.0860000000000003e-26
2134.725077,5.764e-26
2134.754361,5.229000000000001e-26
2134.75991,4.272e-26
2134.783404,2.1910000000000003e-26
2134.794677,6.041000000000001e-26
2134.802153,3.2760000000000004e-26
2134.822218,6.33e-26
2134.863428,1.432e-26
2134.872244,2.341e-26
2134.890135,6.615000000000001e-26
2134.961867,1.542e-26
2134.982807,6.608000000000001e-26
2134.98678,2.407e-25
2134.996623,2.195e-25
2135.025814,2.239e-25
2135.049921,6.887000000000001e-26
2135.0825,7.079e-25
2135.1475,7.456e-25
2135.208007,4.005e-26
2135.215882,6.572000000000001e-26
2135.224912,2.625e-25
2135.254377,2.678e-25
2135.282948,6.836000000000001e-26
2135.287624,1.271e-23
2135.294476,2.922e-25
2135.367342,1.3639999999999998e-23
2135.458925,5.1100000000000005e-26
2135.53005,6.242e-26
2135.544628,5.371e-26
2135.569616,3.1240000000000003e-25
2135.597714,6.483e-26
2135.60072,3.188e-25
2135.7997,7.02e-25
2135.802356,3.702e-25
2135.830706,1.4850000000000002e-25
2135.833965,3.78e-25
2135.8613,7.375e-25
2135.933417,5.67e-26
2135.972712,3.5840000000000003e-26
2136.002204,5.885e-26
2136.044346,1.296e-23
2136.0629,1.025e-25
2136.100767,3.822e-24
2136.11728,4.3670000000000005e-25
2136.119203,1.384e-23
2136.128853,3.907e-24
2136.150435,4.459e-25
2136.1964,1.106e-25
2136.204575,1.884e-25
2136.2522,1.137e-25
2136.350163,5.127e-25
2136.3827,1.219e-25
2136.384027,5.239e-25
2136.433611,4.9280000000000006e-26
2136.4405,1.255e-25
2136.450909,6.585000000000001e-26
2136.503848,5.1240000000000005e-26
2136.5263,6.919000000000001e-25
2136.540323,6.928e-26
2136.5584,1.338e-25
2136.5851,7.253000000000001e-25
2136.6184,1.378e-25
2136.639557,5.9920000000000005e-25
2136.642542,6.116e-26
2136.674918,6.125e-25
2136.72733,3.2080000000000003e-26
2136.731,1.46e-25
2136.791867,1.312e-23
2136.7934,1.505e-25
2136.862297,1.396e-23
2136.869234,6.9710000000000005e-25
2136.8948,1.584e-25
2136.905489,7.128e-25
2136.9597,1.635e-25
2137.021269,1.061e-26
2137.03823,4.078e-26
2137.0543,1.71e-25
2137.109521,4.2840000000000006e-26
2137.122,1.767e-25
2137.122107,8.321000000000001e-26
2137.136451,8.071e-25
2137.174193,8.258e-25
2137.2063,1.836e-25
2137.2255,6.779e-25
2137.2767,1.899e-25
2137.2814,7.091e-25
2137.3531,1.958e-25
2137.360361,9.301e-25
2137.399172,9.522e-25
2137.4266,2.029e-25
2137.437129,8.283000000000001e-26
2137.449264,8.151000000000001e-25
2137.479337,2.873e-26
2137.493,2.076e-25
2137.530556,8.726000000000001e-26
2137.532532,8.31e-25
2137.537347,1.32e-23
2137.5699,2.155e-25
2137.603885,1.399e-23
2137.608018,1.067e-24
2137.6273,2.1899999999999998e-25
2137.648344,1.093e-24
2137.694674,1.019e-24
2137.7079,2.275e-25
2137.715257,2.8310000000000005e-26
2137.728898,2.9319999999999998e-24
2137.7552,2.293e-25
2137.794251,1.982e-24
2137.82424,1.218e-24
2137.825576,3.4450000000000006e-26
2137.8396,2.386e-25
2137.865803,1.248e-24
2137.8773,2.385e-25
2137.9458,6.603000000000001e-25
2137.966,2.4870000000000003e-25
2137.993,2.465e-25
2137.9994,6.893000000000001e-25
2138.054357,1.384e-24
2138.0865,2.574e-25
2138.097499,1.419e-24
2138.1029,2.528e-25
2138.2015,2.6460000000000003e-25
2138.2065,2.573e-25
2138.218275,2.5710000000000004e-26
2138.261479,1.564e-24
2138.270458,1.32e-23
2138.3041,2.596e-25
2138.306033,1.605e-24
2138.3109,2.699e-25
2138.333333,1.394e-23
2138.3954,2.598e-25
2138.4149,2.732e-25
2138.417596,1.019e-25
2138.475597,1.7599999999999998e-24
2138.4805,2.573e-25
2138.5134,2.74e-25
2138.515378,1.076e-25
2138.521829,1.807e-24
2138.5593,2.52e-25
2138.575578,2.648e-26
2138.6067,2.722e-25
2138.6237,6.394e-25
2138.6316,2.438e-25
2138.657902,2.668e-26
2138.67261,1.97e-24
2138.6746,6.663e-25
2138.6949,2.677e-25
2138.6971,2.3260000000000003e-25
2138.72044,2.024e-24
2138.7552,2.083e-25
2138.778,2.6e-25
2138.8067,2e-25
2138.8495,1.785e-25
2138.8563,2.49e-25
2138.871891,2.194e-24
2138.8829,1.531e-25
2138.9046,1.235e-25
2138.921538,2.256e-24
2138.93,2.346e-25
2138.959042,2.3e-26
2138.9994,2.1650000000000003e-25
2139.005692,1.311e-23
2139.058094,2.431e-24
2139.0651,1.943e-25
2139.065405,1.381e-23
2139.109546,2.502e-24
2139.1278,1.677e-25
2139.1888,1.363e-25
2139.243406,2.6799999999999998e-24
2139.296856,2.76e-24
2139.3409,6.156e-25
2139.39,6.404e-25
2139.392278,1.23e-25
2139.402854,2.199e-24
2139.41833,2.9399999999999998e-24
2139.438409,2.241e-24
2139.473824,3.03e-24
2139.494806,1.3e-25
2139.527244,1.967e-26
2139.590311,3.207e-24
2139.611978,1.993e-26
2139.648033,3.308e-24
2139.68117,2.054e-26
2139.722934,1.295e-23
2139.753659,3.479e-24
2139.779516,1.361e-23
2139.813709,3.593e-24
2139.91277,3.754e-24
2139.975342,3.881e-24
2139.993,5.894e-25
2140.0396,6.123e-25
2140.064362,4.0279999999999996e-24
2140.129606,4.169e-24
2140.210932,4.297e-24
2140.279071,4.452e-24
2140.350663,4.5559999999999996e-24
2140.361165,1.456e-25
2140.41252,1.833e-26
2140.421905,4.727e-24
2140.449444,1.271e-23
2140.468886,1.542e-25
2140.484914,4.801e-24
2140.503443,1.332e-23
2140.559527,4.988e-24
2140.604649,1.417e-26
2140.612722,5.027e-24
2140.690989,5.231e-24
2140.692914,1.437e-26
2140.7119,5.61e-25
2140.734786,5.2299999999999995e-24
2140.7571,5.818e-25
2140.784295,5.49e-25
2140.817047,5.4499999999999996e-24
2140.850618,5.402e-24
2140.872066,5.591e-25
2140.937254,5.64e-24
2140.960546,5.54e-24
2141.03328,1.065e-26
2141.052007,5.7949999999999996e-24
2141.064324,5.638e-24
2141.115816,1.631e-26
2141.130007,1.611e-24
2141.148593,1.241e-23
2141.155933,1.1990000000000002e-26
2141.161132,5.9089999999999996e-24
2141.162075,5.69e-24
2141.166161,1.644e-24
2141.194942,1.009e-26
2141.199823,1.298e-23
2141.253656,5.691e-24
2141.26094,1.131e-26
2141.264851,5.977e-24
2141.27313,2.326e-26
2141.273678,1.346e-26
2141.31874,1.2660000000000002e-26
2141.32422,1.692e-25
2141.3321,5.312000000000001e-25
2141.339063,5.637e-24
2141.363136,5.993e-24
2141.367693,1.4160000000000002e-26
2141.3748,5.503e-25
2141.376024,2.55e-26
2141.386857,1.5060000000000002e-26
2141.406916,1.5840000000000002e-26
2141.418165,5.5229999999999996e-24
2141.428078,2.412e-26
2141.435124,1.771e-26
2141.437653,1.797e-25
2141.449741,2.197e-26
2141.450402,1.977e-26
2141.456141,5.953e-24
2141.490852,5.3439999999999996e-24
2141.495603,1.6820000000000002e-26
2141.543933,5.85e-24
2141.556918,5.098e-24
2141.600262,1.872e-26
2141.616091,4.78e-24
2141.626667,5.68e-24
2141.667943,4.387e-24
2141.701158,2.077e-26
2141.7045,5.439e-24
2141.711814,3.915e-24
2141.746601,3.359e-24
2141.762398,1.07e-24
2141.770321,2.711e-24
2141.777664,5.121e-24
2141.778936,1.956e-24
2141.798779,2.297e-26
2141.840247,1.4500000000000002e-26
2141.846469,4.723e-24
2141.868663,1.204e-23
2141.893725,2.528e-26
2141.905468,1.002e-26
2141.911366,4.237e-24
2141.917799,1.257e-23
2141.973047,3.656e-24
2141.986839,2.766e-26
2142.032635,2.969e-24
2142.059,5.0010000000000005e-25
2142.079288,3e-26
2142.092136,2.157e-24
2142.1008,5.174e-25
2142.155607,1.186e-24
2142.172778,3.21e-26
2142.269907,3.3540000000000004e-26
2142.281412,1.933e-25
2142.374877,3.352e-26
2142.401157,2.059e-25
2142.495049,3.038e-26
2142.521613,1.284e-26
2142.546504,1.162e-23
2142.593096,1.21e-23
2142.6392,4.6840000000000005e-25
2142.644875,2.084e-26
2142.6784,4.841e-25
2142.917915,1.154e-24
2142.955806,1.177e-24
2143.2012,3.194e-25
2143.232688,2.17e-25
2143.242612,1.137e-26
2143.263453,1.114e-23
2143.308396,1.159e-23
2143.35945,2.3180000000000003e-25
2143.3826,4.3620000000000005e-25
2143.4214,4.504e-25
2143.4796,3.928e-25
2143.897624,1.002e-26
2143.9122,4.042e-25
2143.915503,1.063e-23
2143.9481,4.17e-25
2143.958004,1.104e-23
2144.0298,3.424e-25
2144.177984,2.394e-25
2144.231354,3.624e-25
2144.2749,4.097e-25
2144.3126,2.566e-25
2144.323616,3.687e-25
2144.634005,1.009e-23
2144.675291,1.046e-23
2144.6832,3.724e-25
2144.7193,3.837e-25
2144.774212,8.073e-25
2144.814397,8.225000000000001e-25
2144.85,3.68e-25
2145.0676,4.3e-25
2145.117217,2.592e-25
2145.1488,3.415e-25
2145.1817,3.516e-25
2145.254172,9.52e-24
2145.260684,2.791e-25
2145.293005,9.862e-24
2145.445587,1.063e-25
2145.6617,3.943e-25
2145.8569,4.521e-25
2145.9614,3.104e-25
2145.980621,8.933e-24
2145.9953,3.203e-25
2146.018693,9.242e-24
2146.050276,2.753e-25
2146.071131,6.596e-24
2146.2038,2.9780000000000003e-25
2146.328064,8.114e-24
2146.3461,2.8270000000000003e-25
2146.3761,2.905e-25
2146.409524,1.016e-25
2146.4655,4.205e-25
2146.560828,8.343e-24
2146.596319,8.623e-24
2146.6423,4.747e-25
2146.706472,5.519e-25
2146.749379,5.618000000000001e-25
2146.898792,7.006e-24
2146.97701,2.863e-25
2147.125636,8.382e-24
2147.142073,3.115e-25
2147.2186,2.55e-25
2147.2501,2.619e-25
2147.262,4.458e-25
2147.303752,7.744e-24
2147.315639,8.941e-26
2147.33898,7.994e-24
2147.4235,4.97e-25
2147.5012,2.291e-25
2147.5284,2.352e-25
2147.535332,1.218e-26
2147.637813,1.332e-26
2147.718551,7.461e-24
2147.787205,2.347e-25
2147.833494,7.158e-24
2147.865891,7.383e-24
2147.883914,2.386e-25
2147.89722,2.91e-25
2147.920195,8.717e-24
2148.051,4.487e-25
2148.075661,3.187e-25
2148.187899,7.757000000000001e-26
2148.2,5.184e-25
2148.4552,2.045e-25
2148.4848,2.098e-25
2148.530142,7.925e-24
2148.604021,6.573e-24
2148.6103,1.82e-25
2148.6348,1.866e-25
2148.636721,6.773e-24
2148.711205,9.084e-24
2148.722053,3.686e-25
2148.768061,3.749e-25
2148.810625,2.879e-25
2148.8342,4.919e-25
2148.9717,5.38e-25
2149.004777,3.179e-25
2149.037214,6.741000000000001e-26
2149.069888,6.016e-24
2149.099374,6.193e-24
2149.121598,2.1250000000000003e-26
2149.212857,2.2980000000000003e-26
2149.334074,8.380999999999999e-24
2149.498178,9.46e-24
2149.6105,5.117e-25
2149.6698,1.417e-25
2149.6729,1.608e-25
2149.6916,1.451e-25
2149.7008,1.6480000000000002e-25
2149.716829,2.76e-25
2149.7384,5.556e-25
2149.869395,5.89e-26
2149.88225,5.465e-24
2149.9127,5.622e-24
2149.929709,3.077e-25
2150.130806,8.815e-24
2150.267399,4.953e-24
2150.28074,9.826e-24
2150.294104,5.091e-24
2150.3805,5.288000000000001e-25
2150.465165,1.219e-26
2150.492741,1.2380000000000002e-26
2150.4999,5.706e-25
2150.615248,2.545e-25
2150.6753,1.0820000000000002e-25
2150.687862,5.176000000000001e-26
2150.6944,1.107e-25
2150.715781,3.381e-26
2150.798545,3.625e-26
2150.80698,1.537e-26
2150.827939,2.406e-25
2150.835196,1.5620000000000002e-26
2150.850862,2.871e-25
2150.8731,1.2390000000000002e-25
2150.877389,2.445e-25
2150.8995,1.268e-25
2150.920681,9.218e-24
2151.05861,1.017e-23
2151.139486,4.452e-24
2151.1441,5.431e-25
2151.167933,4.573e-24
2151.172086,1.931e-26
2151.201287,1.962e-26
2151.2561,5.829e-25
2151.423084,3.996e-24
2151.447092,4.102e-24
2151.447916,1.492e-25
2151.494771,4.571e-26
2151.50499,2.231e-25
2151.505236,2.414e-26
2151.535157,2.4540000000000003e-26
2151.549,1.516e-25
2151.703946,9.579e-24
2151.768824,2.555e-25
2151.831578,1.048e-23
2151.853496,3.005e-26
2151.884402,3.0560000000000004e-26
2151.9016,5.542e-25
2151.933515,1.3500000000000002e-26
2152.007,5.921000000000001e-25
2152.026384,1.419e-26
2152.176993,3.725e-26
2152.208695,3.789e-26
2152.291549,4.054e-26
2152.32562,4.975e-26
2152.377021,3.554e-24
2152.384615,1.824e-25
2152.401933,5.296e-26
2152.403691,3.645e-24
2152.480774,9.895e-24
2152.5095,4.5960000000000006e-26
2152.533664,3.161e-24
2152.542202,4.676e-26
2152.555021,3.24e-24
2152.599476,1.074e-23
2152.6529,5.621000000000001e-25
2152.684494,2.129e-25
2152.7524,5.9790000000000005e-25
2152.822602,5.647000000000001e-26
2152.856173,5.747000000000001e-26
2152.941046,1.875e-26
2153.030564,1.535e-25
2153.037551,1.971e-26
2153.079184,3.6070000000000005e-26
2153.083767,1.558e-25
2153.140224,6.907000000000001e-26
2153.174821,7.031e-26
2153.251295,1.016e-23
2153.251626,1.341e-25
2153.362178,1.096e-23
2153.3981,5.6640000000000005e-25
2153.442385,8.411000000000001e-26
2153.477923,8.565000000000001e-26
2153.4922,6.004e-25
2153.595539,2.452e-24
2153.596417,2.781e-24
2153.599315,1.608e-25
2153.614256,2.51e-24
2153.62152,2.849e-24
2153.745804,1.02e-25
2153.782408,1.039e-25
2153.858368,3.2160000000000005e-26
2153.94295,2.514e-26
2153.959119,6.832000000000001e-26
2154.015593,1.036e-23
2154.030577,7.23e-26
2154.036635,1.231e-25
2154.043358,2.645e-26
2154.074256,1.254e-25
2154.101242,8.222000000000001e-26
2154.119568,1.112e-23
2154.1371,5.6730000000000005e-25
2154.2265,5.9940000000000005e-25
2154.326389,1.4790000000000002e-25
2154.365128,1.507e-25
2154.515787,1.023e-25
2154.604819,1.865e-24
2154.605621,1.769e-25
2154.620877,1.907e-24
2154.629623,2.8710000000000004e-26
2154.645457,1.803e-25
2154.773744,1.051e-23
2154.799524,2.133e-24
2154.823259,2.183e-24
2154.8702,5.65e-25
2154.87157,1.123e-23
2154.882135,2.106e-25
2154.922795,3.3590000000000004e-26
2154.923153,2.148e-25
2154.939215,3.274e-26
2154.9551,5.952000000000001e-25
2155.043825,3.4470000000000003e-26
2155.149594,2.4960000000000003e-25
2155.191795,2.547e-25
2155.208943,9.327e-26
2155.314304,9.469e-26
2155.335653,9.567e-26
2155.392888,9.709e-26
2155.393301,2.565e-26
2155.413201,2.945e-25
2155.438692,4.4220000000000005e-26
2155.456661,3.007e-25
2155.525767,1.059e-23
2155.557365,1.391e-24
2155.570722,1.421e-24
2155.597,5.592e-25
2155.618083,1.127e-23
2155.624401,8.817000000000001e-26
2155.668784,3.4590000000000003e-25
2155.6779,5.875e-25
2155.692293,9.285e-26
2155.713524,3.532e-25
2155.919748,4.044e-25
2155.929824,4.155e-26
2155.96584,4.131e-25
2155.988497,1.604e-24
2156.011056,1.64e-24
2156.038973,4.38e-26
2156.149725,2.2930000000000003e-26
2156.163404,4.705e-25
2156.210883,4.809e-25
2156.271732,1.061e-23
2156.3179,5.502e-25
2156.35908,1.125e-23
2156.3951,5.768e-25
2156.401936,5.449e-25
2156.448868,1.018e-24
2156.450876,5.572e-25
2156.459461,1.04e-24
2156.633651,6.281000000000001e-25
2156.684102,6.426e-25
2156.859921,7.205000000000001e-25
2156.899046,2.048e-26
2156.911962,7.376e-25
2156.914758,5.155e-26
2157.011592,1.057e-23
2157.028825,5.441e-26
2157.0324,5.384e-25
2157.079707,8.226000000000001e-25
2157.094433,1.117e-23
2157.1062,5.631000000000001e-25
2157.133401,8.425000000000001e-25
2157.165,1.019e-25
2157.165815,1.183e-24
2157.187384,1.208e-24
2157.247,1.051e-25
2157.274929,7.314e-25
2157.282683,7.461e-25
2157.293853,9.346e-25
2157.3182,1.099e-25
2157.329523,1.075e-25
2157.349288,9.578e-25
2157.394911,1.127e-25
2157.4035,1.134e-25
2157.4655,1.178e-25
2157.501739,1.057e-24
2157.5543,1.218e-25
2157.558995,1.084e-24
2157.6069,1.257e-25
2157.641527,1.829e-26
2157.6995,1.3e-25
2157.703873,1.189e-24
2157.7411,5.237e-25
2157.7425,1.331e-25
2157.745453,1.047e-23
2157.748076,5.831e-26
2157.763048,1.22e-24
2157.809587,5.914e-26
2157.8117,5.466e-25
2157.824189,1.103e-23
2157.8392,1.379e-25
2157.8722,1.4010000000000002e-25
2157.893993,6.261000000000001e-26
2157.899898,1.3309999999999999e-24
2157.961091,1.366e-24
2157.9733,1.454e-25
2157.996,1.466e-25
2158.01341,6.620000000000001e-26
2158.031178,5.156e-25
2158.036007,5.256e-25
2158.090111,1.482e-24
2158.102,1.523e-25
2158.1139,1.522e-25
2158.153438,1.523e-24
2158.2252,1.584e-25
2158.2259,1.569e-25
2158.274316,1.642e-24
2158.332,1.605e-25
2158.334294,8.557e-25
2158.339897,1.6889999999999998e-24
2158.3431,1.636e-25
2158.35505,8.73e-25
2158.377138,1.631e-26
2158.4321,1.629e-25
2158.4432,5.065e-25
2158.452683,1.81e-24
2158.4556,1.677e-25
2158.473164,1.031e-23
2158.5109,5.279000000000001e-25
2158.520655,1.862e-24
2158.5261,1.6390000000000002e-25
2158.548138,1.083e-23
2158.563,1.706e-25
2158.6141,1.631e-25
2158.625108,1.984e-24
2158.6651,1.7190000000000002e-25
2158.695617,2.044e-24
2158.6958,1.607e-25
2158.713397,3.568e-25
2158.715213,3.635e-25
2158.7622,1.716e-25
2158.7711,1.5630000000000002e-25
2158.791686,2.164e-24
2158.8398,1.499e-25
2158.8543,1.695e-25
2158.864899,2.231e-24
2158.867498,7.459e-26
2158.9017,1.413e-25
2158.9415,1.654e-25
2158.952364,2.347e-24
2158.9561,1.303e-25
2158.992758,7.901000000000001e-26
2159.0025,1.168e-25
2159.0241,1.591e-25
2159.028462,2.421e-24
2159.0397,1.006e-25
2159.065198,5.734e-26
2159.082252,1.2430000000000002e-25
2159.1023,1.505e-25
2159.10621,1.4520000000000003e-26
2159.107192,2.531e-24
2159.1397,4.872e-25
2159.146026,1.298e-25
2159.174719,5.817e-26
2159.1765,1.393e-25
2159.18638,2.614e-24
2159.194949,1.009e-23
2159.2047,5.068e-25
2159.247,1.254e-25
2159.256145,2.713e-24
2159.266468,1.058e-23
2159.3146,1.085e-25
2159.316376,2.468e-25
2159.317656,2.425e-25
2159.338648,2.805e-24
2159.399244,2.892e-24
2159.48532,2.9929999999999998e-24
2159.497098,6.069e-25
2159.51721,6.187e-25
2159.536474,3.063e-24
2159.626409,3.174e-24
2159.66784,3.224e-24
2159.761961,3.346e-24
2159.793324,3.371e-24
2159.828466,1.291e-26
2159.8292,4.661000000000001e-25
2159.835235,8.72e-26
2159.836007,1.6460000000000002e-25
2159.840458,1.618e-25
2159.8916,4.841e-25
2159.892004,3.503e-24
2159.910456,9.827e-24
2159.912916,3.501e-24
2159.966907,9.259e-26
2159.978781,1.028e-23
2160.016581,3.643e-24
2160.02659,3.609e-24
2160.134317,3.692e-24
2160.135735,3.761e-24
2160.236053,3.745e-24
2160.249516,3.855e-24
2160.250529,1.147e-26
2160.271181,1.0790000000000002e-25
2160.27173,3.4760000000000004e-26
2160.278866,1.061e-25
2160.331741,3.766e-24
2160.337724,3.5230000000000006e-26
2160.356835,1.3450000000000002e-26
2160.357981,3.918e-24
2160.414892,1.3210000000000002e-26
2160.421303,3.75e-24
2160.435765,1.0210000000000002e-26
2160.442175,1.2320000000000002e-26
2160.447461,1.1270000000000002e-26
2160.461198,3.948e-24
2160.504634,3.693e-24
2160.5135,4.434e-25
2160.544463,1.145e-26
2160.559248,3.939e-24
2160.5735,4.599e-25
2160.581592,3.593e-24
2160.619655,6.946e-26
2160.620164,9.515e-24
2160.630613,6.835e-26
2160.651977,3.445e-24
2160.652231,3.89e-24
2160.65775,4.221e-25
2160.664965,1.016e-26
2160.677361,4.3e-25
2160.685536,9.934e-24
2160.715508,3.246e-24
2160.740273,3.794e-24
2160.77177,2.994e-24
2160.778594,1.128e-26
2160.797159,1.001e-25
2160.820135,2.684e-24
2160.823538,3.648e-24
2160.85959,2.311e-24
2160.879946,4.3960000000000006e-26
2160.888382,1.871e-24
2160.889042,1.246e-26
2160.889844,1.367e-25
2160.894198,4.3280000000000006e-26
2160.896208,7.384e-25
2160.902242,3.449e-24
2160.90314,1.352e-24
2160.935899,1.066e-25
2160.952751,1.424e-25
2160.976686,3.1919999999999998e-24
2160.996844,1.37e-26
2161.0473,2.872e-24
2161.1027,1.497e-26
2161.114728,2.483e-24
2161.179997,2.0179999999999998e-24
2161.19,4.195e-25
2161.20755,1.622e-26
2161.24487,1.4629999999999999e-24
2161.2477,4.345000000000001e-25
2161.25352,1.014e-26
2161.312692,1.737e-26
2161.312732,8.01e-25
2161.323351,9.162e-24
2161.385968,9.548e-24
2161.419975,1.828e-26
2161.532143,1.871e-26
2161.653486,1.819e-26
2161.75321,1.129e-25
2161.791175,1.5910000000000003e-26
2161.82014,2.879e-25
2161.839312,2.93e-25
2161.8621,3.948e-25
2161.899787,1.206e-25
2161.9177,4.085e-25
2161.958411,1.046e-26
2162.020982,8.774e-24
2162.081042,9.129e-24
2162.5253,3.696e-25
2162.5788,3.819e-25
2162.703316,1.25e-25
2162.711664,8.358e-24
2162.758839,1.434e-25
2162.769316,8.683e-24
2162.821501,1.49e-25
2162.858633,1.3399999999999999e-25
2162.98853,1.926e-25
2163.006973,1.958e-25
2163.011109,3.469e-26
2163.12465,3.518e-26
2163.1852,3.4410000000000004e-25
2163.2369,3.552e-25
2163.397241,7.919e-24
2163.452656,8.216e-24
2163.647383,1.359e-25
2163.812515,1.461e-25
2163.8345,3.188e-25
2163.8843,3.2870000000000003e-25
2164.075152,7.464e-24
2164.128436,7.733e-24
2164.167551,1.264e-25
2164.179206,1.259e-25
2164.2276,2.751e-25
2164.4825,2.937e-25
2164.5184,3.257e-25
2164.5307,3.026e-25
2164.585291,1.448e-25
2164.694892,1.44e-25
2164.748748,6.999e-24
2164.757816,1.492e-25
2164.761528,1.5640000000000002e-25
2164.800057,7.242e-24
2165.0501,2.907e-25
2165.1171,2.692e-25
2165.1636,2.771e-25
2165.263079,6.219e-26
2165.3106,3.378e-25
2165.362203,8.13e-26
2165.386657,8.237e-26
2165.413521,6.528e-24
2165.46292,6.747e-24
2165.516883,1.509e-25
2165.705797,1.6390000000000002e-25
2165.7536,2.455e-25
2165.7986,2.524e-25
2165.8648,3.076e-25
2166.055249,5.7949999999999996e-24
2166.075295,6.058e-24
2166.0997,3.515e-25
2166.122941,6.2539999999999996e-24
2166.230875,6.088e-26
2166.325282,6.866e-24
2166.3725,2.227e-25
2166.4159,2.288e-25
2166.44195,1.537e-25
2166.577843,5.1290000000000005e-26
2166.601296,5.206000000000001e-26
2166.645478,1.68e-25
2166.6716,3.248e-25
2166.702676,1.384e-25
2166.726424,5.593e-24
2166.766233,1.432e-25
2166.772335,5.768e-24
2166.876553,6.054e-24
2166.8852,3.659e-25
2166.998,2.01e-25
2167.04,2.064e-25
2167.040662,2.067e-26
2167.11891,7.039e-24
2167.143975,5.512e-26
2167.158065,2.095e-26
2167.360209,1.523e-25
2167.376664,5.1369999999999996e-24
2167.421014,5.294e-24
2167.4711,3.415e-25
2167.580784,1.677e-25
2167.5998,1.805e-25
2167.6404,1.853e-25
2167.6667,3.803e-25
2167.690281,6.336e-24
2167.90908,7.244e-24
2168.013462,4.695e-24
2168.022856,4.887e-26
2168.056214,4.834e-24
2168.2152,1.612e-25
2168.2545,1.654e-25
2168.2635,3.574e-25
2168.271265,1.461e-25
2168.4439,3.941e-25
2168.496346,6.619e-24
2168.511997,1.623e-25
2168.652638,4.269e-24
2168.694,4.392e-24
2168.69541,7.46e-24
2168.785874,1.278e-25
2168.7982,1.433e-25
2168.8362,1.469e-25
2168.85023,1.32e-25
2168.877695,4.3130000000000006e-26
2169.0492,3.72e-25
2169.174547,1.347e-25
2169.2165,4.067e-25
2169.274177,3.863e-24
2169.29511,6.89e-24
2169.314044,3.9709999999999996e-24
2169.4047,1.268e-25
2169.439513,1.513e-25
2169.4415,1.299e-25
2169.477535,7.673999999999999e-24
2169.714241,3.81e-26
2169.8284,3.851e-25
2169.903011,3.478e-24
2169.941645,3.5729999999999996e-24
2169.9666,1.116e-25
2169.9843,4.18e-25
2170.0021,1.142e-25
2170.069206,1.18e-25
2170.086915,7.141e-24
2170.255163,7.875e-24
2170.3639,1.343e-25
2170.508048,3.1169999999999998e-24
2170.536024,3.3730000000000004e-26
2170.545258,3.199e-24
2170.6013,3.963e-25
2170.7472,4.276e-25
2170.800352,1.217e-26
2170.837662,1.237e-26
2170.87203,7.364e-24
2170.947635,1.133e-25
2170.953908,9.623e-26
2171.012214,1.171e-25
2171.028067,8.052e-24
2171.127595,2.779e-24
2171.135537,1.5230000000000002e-26
2171.147436,1.214e-26
2171.163725,2.85e-24
2171.17379,1.5470000000000003e-26
2171.268525,1.23e-26
2171.286007,1.114e-25
2171.345347,2.994e-26
2171.368,4.055e-25
2171.465241,1.8960000000000003e-26
2171.504472,1.927e-26
2171.5051,4.3520000000000005e-25
2171.650656,7.554e-24
2171.714481,2.465e-24
2171.749226,2.527e-24
2171.788447,2.351e-26
2171.796071,8.201999999999999e-24
2171.826419,7.055000000000001e-26
2171.828676,2.39e-26
2172.106011,2.902e-26
2172.1286,4.125e-25
2172.143781,2.663e-26
2172.147273,2.951e-26
2172.207166,8.361000000000001e-26
2172.2577,4.405e-25
2172.326233,2.177e-24
2172.360052,2.23e-24
2172.417261,3.566e-26
2172.422944,7.707e-24
2172.459581,3.628e-26
2172.559034,8.317e-24
2172.586373,1.18e-26
2172.682666,4.306e-26
2172.700436,1.2430000000000002e-26
2172.722765,4.3630000000000005e-26
2172.76618,4.44e-26
2172.8831,4.171e-25
2172.892801,1.913e-24
2172.92524,1.959e-24
2172.932435,2.372e-26
2173.0052,4.437e-25
2173.022088,5.314e-26
2173.06663,5.409e-26
2173.129606,5.268e-26
2173.150989,6.640000000000001e-26
2173.189006,7.821e-24
2173.250566,3.123e-26
2173.253576,1.002e-25
2173.315604,6.444000000000001e-26
2173.316843,8.394e-24
2173.361312,6.562000000000001e-26
2173.498807,1.673e-24
2173.514202,1.749e-26
2173.530484,1.712e-24
2173.588436,1.549e-26
2173.603037,7.779e-26
2173.6315,4.193e-25
2173.649948,7.923000000000001e-26
2173.707131,1.632e-26
2173.712115,2.116e-26
2173.7473,4.445e-25
2173.88463,9.349e-26
2173.932787,9.525e-26
2173.948926,7.892e-24
2174.042236,1.456e-24
2174.057397,2.243e-26
2174.069406,8.431e-24
2174.072502,1.489e-24
2174.160213,1.118e-25
2174.209659,1.14e-25
2174.3741,4.193e-25
2174.429942,1.332e-25
2174.480726,1.358e-25
2174.483422,1.888e-26
2174.484,4.427e-25
2174.584861,1.98e-26
2174.645255,1.261e-24
2174.674939,1.289e-24
2174.693717,1.579e-25
2174.702768,7.919e-24
2174.708553,2.088e-26
2174.745887,1.61e-25
2174.816646,8.426e-24
2174.951638,1.863e-25
2175.005249,1.901e-25
2175.1106,4.167e-25
2175.161909,1.087e-24
2175.190109,1.111e-24
2175.203647,2.188e-25
2175.2154,4.389e-25
2175.24681,1.685e-26
2175.258758,2.234e-25
2175.44981,2.559e-25
2175.450576,7.903e-24
2175.501401,8.071e-26
2175.506481,2.613e-25
2175.558496,8.378e-24
2175.574766,8.284e-26
2175.575625,2.472e-26
2175.690096,2.9770000000000003e-25
2175.704723,2.61e-26
2175.748394,3.042e-25
2175.765577,9.329e-25
2175.793401,9.528e-25
2175.8413,4.118e-25
2175.924546,3.4480000000000003e-25
2175.9412,4.326000000000001e-25
2175.984543,3.524e-25
2176.002628,1.503e-26
2176.153149,3.975e-25
2176.192385,7.843e-24
2176.214921,4.064e-25
2176.25082,7.969e-25
2176.277042,8.135e-25
2176.294898,8.287e-24
2176.375931,4.559e-25
2176.439561,4.664000000000001e-25
2176.560697,3.019e-26
2176.566,4.046e-25
2176.592887,5.205e-25
2176.658465,5.3280000000000005e-25
2176.6615,4.241e-25
2176.695666,3.1930000000000004e-26
2176.751149,1.34e-26
2176.804038,5.913e-25
2176.859854,6.772e-25
2176.871661,6.056e-25
2176.885939,6.911000000000001e-25
2176.92822,7.741e-24
2177.009382,6.684e-25
2177.025801,8.156e-24
2177.079156,6.849e-25
2177.208934,7.518000000000001e-25
2177.280972,7.708e-25
2177.2847,3.954e-25
2177.307831,5.731e-25
2177.332142,5.846e-25
2177.3762,4.136e-25
2177.402694,8.413000000000001e-25
2177.477123,8.632000000000001e-25
2177.492586,1.1930000000000002e-26
2177.540044,3.615e-26
2177.590673,9.367e-25
2177.658094,7.598e-24
2177.667628,9.617e-25
2177.681413,3.829e-26
2177.75116,7.985e-24
2177.772872,1.037e-24
2177.852504,1.066e-24
2177.901079,6.469000000000001e-26
2177.928257,4.825e-25
2177.949297,1.143e-24
2177.952715,4.92e-25
2177.975412,6.624e-26
2177.9975,3.842e-25
2178.031769,1.175e-24
2178.0852,4.011e-25
2178.119947,1.252e-24
2178.205443,1.289e-24
2178.227111,1.061e-26
2178.284825,1.365e-24
2178.331647,4.046e-25
2178.354097,4.124e-25
2178.373544,1.405e-24
2178.38202,7.418e-24
2178.443929,1.479e-24
2178.470932,7.777e-24
2178.513622,4.2460000000000005e-26
2178.536094,1.524e-24
2178.597255,1.5929999999999999e-24
2178.661996,4.507e-26
2178.693115,1.644e-24
2178.7044,3.714e-25
2178.744798,1.707e-24
2178.7886,3.87e-25
2178.844631,1.762e-24
2178.886548,1.8169999999999998e-24
2178.971069,3.375e-25
2178.990666,1.878e-24
2178.994003,3.4390000000000004e-25
2179.022493,1.921e-24
2179.099999,7.204e-24
2179.13125,1.988e-24
2179.152617,2.019e-24
2179.185078,7.535999999999999e-24
2179.266413,2.092e-24
2179.276896,2.107e-24
2179.320806,2.8040000000000003e-25
2179.341426,2.856e-25
2179.395302,2.183e-24
2179.396189,2.186e-24
2179.4054,3.57e-25
2179.48138,4.896e-26
2179.4863,3.714e-25
2179.507798,2.244e-24
2179.52062,2.267e-24
2179.614333,2.287e-24
2179.637459,5.209000000000001e-26
2179.639749,2.334e-24
2179.714847,2.311e-24
2179.753632,2.384e-24
2179.809255,2.312e-24
2179.812036,6.958e-24
2179.862331,2.413e-24
2179.893564,7.264e-24
2179.89745,2.288e-24
2179.965925,2.418e-24
2179.979288,2.237e-24
2179.988694,2.317e-25
2180.010201,2.359e-25
2180.054571,2.154e-24
2180.06451,2.398e-24
2180.1003,3.413e-25
2180.123026,2.04e-24
2180.158207,2.349e-24
2180.1782,3.546e-25
2180.18426,1.889e-24
2180.237687,1.7e-24
2180.247175,2.268e-24
2180.273652,1.908e-25
2180.282393,1.469e-24
2180.292458,1.942e-25
2180.316846,1.192e-24
2180.33162,2.152e-24
2180.33824,8.619e-25
2180.340662,4.7030000000000005e-25
2180.378231,5.019e-26
2180.411829,1.998e-24
2180.443255,5.542e-26
2180.45443,5.1330000000000006e-26
2180.488205,1.803e-24
2180.518123,6.685e-24
2180.561342,1.562e-24
2180.596351,6.966999999999999e-24
2180.607852,5.913000000000001e-26
2180.632165,1.2699999999999999e-24
2180.702212,9.206e-25
2180.774299,5.0260000000000005e-25
2180.7893,3.246e-25
2180.8643,3.367e-25
2180.981675,1.5620000000000002e-25
2181.001851,1.589e-25
2181.188328,1.275e-25
2181.205319,1.297e-25
2181.21826,6.389e-24
2181.293412,6.647e-24
2181.39917,6.158e-26
2181.4723,3.07e-25
2181.5446,3.181e-25
2181.573237,6.592000000000001e-26
2181.912428,6.075e-24
2181.95071,1.034e-25
2181.969647,1.051e-25
2181.984705,6.31e-24
2182.062754,8.362e-26
2182.077914,8.502000000000001e-26
2182.1493,2.889e-25
2182.2191,2.9890000000000003e-25
2182.349026,6.713000000000001e-26
2182.533689,7.212000000000001e-26
2182.600631,5.746e-24
2182.670214,5.96e-24
2182.8202,2.705e-25
2182.8876,2.795e-25
2182.894623,5.387000000000001e-26
2182.896667,6.718000000000001e-26
2182.90792,5.474e-26
2182.914458,6.828e-26
2182.93179,3.779e-26
2183.01015,3.86e-26
2183.282835,5.406e-24
2183.2927,7.171000000000001e-26
2183.349887,5.601e-24
2183.4851,2.519e-25
2183.489304,7.737000000000001e-26
2183.5502,2.6e-25
2183.681388,3.409e-26
2183.692776,3.4620000000000003e-26
2183.820602,4.287e-26
2183.837339,4.355e-26
2183.959056,5.062e-24
2184.023725,5.237e-24
2184.1439,2.3320000000000003e-25
2184.2069,2.406e-25
2184.230032,7.494e-26
2184.440203,8.126e-26
2184.629233,4.715e-24
2184.691654,4.8729999999999996e-24
2184.7964,2.15e-25
2184.8575,2.216e-25
2185.160815,7.645e-26
2185.293412,4.369e-24
2185.353707,4.511e-24
2185.386543,8.337e-26
2185.393961,3.4890000000000006e-26
2185.4424,1.967e-25
2185.4973,1.5999999999999998e-25
2185.5171,2.105e-25
2185.559742,2.765e-26
2185.640424,2.8210000000000005e-26
2185.8164,2.427e-25
2185.951487,4.029e-24
2186.009766,4.156e-24
2186.0831,1.8e-25
2186.084767,7.585e-26
2186.1405,1.851e-25
2186.328529,8.329000000000001e-26
2186.3331,2.203e-25
2186.349643,4.538e-24
2186.362636,3.4520000000000003e-26
2186.603557,3.697e-24
2186.6047,2.5060000000000003e-25
2186.629663,5.235e-24
2186.659925,3.81e-24
2186.7169,1.633e-25
2186.7724,1.678e-25
2187.001505,7.283e-26
2187.1416,2.305e-25
2187.1647,4.684e-24
2187.24944,3.375e-24
2187.266436,8.063e-26
2187.279913,3.1830000000000004e-26
2187.303988,3.475e-24
2187.345,1.475e-25
2187.3894,2.59e-25
2187.3989,1.515e-25
2187.419115,5.331e-24
2187.889331,3.067e-24
2187.910486,6.717e-26
2187.942148,3.155e-24
2187.9427,2.407e-25
2187.9661,1.326e-25
2187.97242,4.838e-24
2188.0184,1.361e-25
2188.16328,2.8660000000000004e-26
2188.1703,2.675e-25
2188.200646,7.51e-26
2188.204772,5.439e-24
2188.259607,1.968e-26
2188.342729,2.006e-26
2188.522917,2.773e-24
2188.57408,2.85e-24
2188.5816,1.187e-25
2188.6325,1.217e-25
2188.7366,2.5040000000000003e-25
2188.77282,4.989e-24
2188.810916,5.88e-26
2188.9469,2.756e-25
2188.986341,5.547e-24
2189.02206,2.5590000000000003e-26
2189.131694,6.655000000000001e-26
2189.150558,2.495e-24
2189.1898,1.056e-25
2189.200144,2.562e-24
2189.2392,1.0820000000000002e-25
2189.5236,2.593e-25
2189.566172,5.128e-24
2189.701576,4.7910000000000007e-26
2189.719,2.832e-25
2189.76354,5.6489999999999996e-24
2189.771727,2.234e-24
2189.819799,2.293e-24
2189.861779,2.28e-26
2190.060372,5.507e-26
2190.304,2.672e-25
2190.352741,5.25e-24
2190.387055,1.99e-24
2190.433682,2.042e-24
2190.4864,2.898e-25
2190.536134,5.737e-24
2190.580494,3.5050000000000004e-26
2190.685953,2.03e-26
2190.98789,4.112e-26
2190.995666,1.765e-24
2191.028576,1.3650000000000002e-26
2191.040899,1.809e-24
2191.078,2.739e-25
2191.114267,1.39e-26
2191.132739,5.351e-24
2191.147934,1.123e-26
2191.195103,1.141e-26
2191.249,2.953e-25
2191.303936,5.807e-24
2191.444216,2.133e-26
2191.46897,1.393e-26
2191.496944,1.8080000000000003e-26
2191.517263,1.415e-26
2191.598626,1.558e-24
2191.642529,1.5959999999999999e-24
2191.784157,1.719e-26
2191.833607,1.7480000000000002e-26
2191.8457,2.793e-25
2191.906333,5.429e-24
2191.916216,2.572e-26
2192.0065,2.996e-25
2192.066798,5.8559999999999996e-24
2192.093488,2.1130000000000003e-26
2192.144133,2.149e-26
2192.194514,1.368e-24
2192.237125,1.4009999999999999e-24
2192.296399,1.612e-26
2192.396981,2.586e-26
2192.44886,2.63e-26
2192.6071,2.834e-25
2192.67365,5.48e-24
2192.694634,3.15e-26
2192.747787,3.205e-26
2192.7589,3.025e-25
2192.785071,1.196e-24
2192.824598,5.8799999999999995e-24
2192.826453,1.224e-24
2192.848797,1.0820000000000002e-26
2192.98646,3.8210000000000005e-26
2193.040932,3.888e-26
2193.085508,1.4380000000000002e-26
2193.272462,4.613e-26
2193.328298,4.696e-26
2193.3624,2.858e-25
2193.368037,1.041e-24
2193.408215,1.065e-24
2193.434788,5.504e-24
2193.5061,3.039e-25
2193.552649,5.544e-26
2193.577239,5.878e-24
2193.609899,5.646e-26
2193.827025,6.633000000000001e-26
2193.865151,1.2820000000000002e-26
2193.885742,6.757e-26
2193.946185,9.013e-25
2193.985222,9.214e-25
2194.095599,7.9e-26
2194.1116,2.867e-25
2194.155838,8.05e-26
2194.189822,5.499e-24
2194.2479,3.038e-25
2194.275327,1.131e-26
2194.324639,5.85e-24
2194.358375,9.365e-26
2194.417952,1.194e-26
2194.420196,9.547e-26
2194.515988,7.769e-25
2194.553895,7.939e-25
2194.615361,1.105e-25
2194.635994,1.1430000000000002e-26
2194.678827,1.127e-25
2194.8547,2.86e-25
2194.866561,1.298e-25
2194.931741,1.3240000000000002e-25
2194.938811,5.4659999999999996e-24
2194.9844,3.021e-25
2195.066728,5.794e-24
2195.081759,6.666e-25
2195.111982,1.517e-25
2195.118607,6.808e-25
2195.178949,1.549e-25
2195.267726,1.387e-26
2195.351629,1.766e-25
2195.398547,1.019e-26
2195.416654,1.466e-26
2195.42046,1.803e-25
2195.585507,2.045e-25
2195.5918,2.837e-25
2195.638101,5.692e-25
2195.656287,2.089e-25
2195.673881,5.811e-25
2195.681797,5.4049999999999996e-24
2195.7154,2.9880000000000003e-25
2195.803448,5.711e-24
2195.81362,2.356e-25
2195.88644,2.408e-25
2196.035974,2.703e-25
2196.110931,2.763e-25
2196.191586,4.839e-25
2196.22638,4.938e-25
2196.25257,3.085e-25
2196.254345,1.666e-26
2196.3229,2.8e-25
2196.329771,3.1550000000000003e-25
2196.41013,1.7650000000000002e-26
2196.418815,5.317e-24
2196.441,2.941e-25
2196.463414,3.503e-25
2196.534748,5.601e-24
2196.542973,3.586e-25
2196.668507,3.959e-25
2196.734096,4.094e-25
2196.750548,4.054e-25
2196.767874,4.176e-25
2196.867851,4.451e-25
2196.952509,4.561e-25
2197.0479,2.748e-25
2197.061447,4.979000000000001e-25
2197.14887,5.105e-25
2197.14989,5.203e-24
2197.1609,2.879e-25
2197.23514,1.9640000000000003e-26
2197.249296,5.54e-25
2197.260582,5.467e-24
2197.275461,3.4480000000000003e-25
2197.308322,3.516e-25
2197.339646,5.684e-25
2197.398415,2.084e-26
2197.431396,6.133e-25
2197.524849,6.296000000000001e-25
2197.607745,6.752e-25
2197.704496,6.936000000000001e-25
2197.767,2.682e-25
2197.778341,7.392e-25
2197.803672,2.891e-25
2197.835556,2.947e-25
2197.875039,5.065e-24
2197.8752,2.8040000000000003e-25
2197.878604,7.6e-25
2197.943176,8.048e-25
2197.98091,5.31e-24
2198.04719,8.281e-25
2198.102244,8.712000000000001e-25
2198.210057,2.271e-26
2198.210272,8.971000000000001e-25
2198.255536,9.375e-25
2198.333185,2.413e-25
2198.364218,2.458e-25
2198.367873,9.662e-25
2198.38155,2.4150000000000003e-26
2198.403038,1.003e-24
2198.48,2.603e-25
2198.520014,1.034e-24
2198.544734,1.066e-24
2198.5839,2.717e-25
2198.594277,4.906e-24
2198.666721,1.0999999999999998e-24
2198.680604,1.125e-24
2198.695695,5.132e-24
2198.808023,1.163e-24
2198.810622,1.179e-24
2198.846506,2.004e-25
2198.876593,2.041e-25
2198.934757,1.228e-24
2198.943952,1.22e-24
2199.052967,1.2679999999999999e-24
2199.074545,1.272e-24
2199.165201,1.299e-24
2199.17903,2.578e-26
2199.187,2.513e-25
2199.199846,1.315e-24
2199.271396,1.318e-24
2199.2869,2.619e-25
2199.307612,4.727e-24
2199.319906,1.349e-24
2199.359583,2.7490000000000004e-26
2199.364567,1.657e-25
2199.371467,1.325e-24
2199.393869,1.688e-25
2199.404905,4.9339999999999996e-24
2199.434787,1.371e-24
2199.465308,1.317e-24
2199.544563,1.38e-24
2199.552776,1.293e-24
2199.633683,1.251e-24
2199.649328,1.374e-24
2199.707767,1.189e-24
2199.749197,1.351e-24
2199.774663,1.106e-24
2199.833834,9.983e-25
2199.844322,1.31e-24
2199.862252,1.365e-25
2199.884464,8.653e-25
2199.888,2.414e-25
2199.890624,1.389e-25
2199.925225,7.036e-25
2199.934901,1.247e-24
2199.953785,5.096e-25
2199.965531,2.779e-25
2199.9841,2.511e-25
2200.015048,4.531e-24
2200.0212,1.162e-24
2200.103594,1.051e-24
2200.108506,4.722e-24
2200.14198,2.872e-26
2200.182626,9.127e-25
2200.25912,7.433e-25
2200.332576,3.0710000000000004e-26
2200.334408,5.388e-25
2200.369431,1.118e-25
2200.397085,1.138e-25
2200.410828,2.937e-25
2200.5829,2.306e-25
2200.6755,2.394e-25
2200.716587,4.321e-24
2200.806472,4.4949999999999996e-24
2200.850531,9.123e-26
2200.877262,9.281e-26
2201.098809,3.1380000000000005e-26
2201.2718,2.191e-25
2201.300604,3.3670000000000006e-26
2201.347614,7.409e-26
2201.3611,2.273e-25
2201.373699,7.535e-26
2201.412229,4.1e-24
2201.498773,4.259e-24
2201.7651,1.004e-26
2201.810935,5.991000000000001e-26
2201.836087,6.091e-26
2201.9546,2.072e-25
2202.0408,2.146e-25
2202.049393,3.3590000000000004e-26
2202.101969,3.871e-24
2202.185384,4.015e-24
2202.26376,3.619e-26
2202.29898,4.8220000000000005e-26
2202.323565,4.901e-26
2202.543881,1.145e-26
2202.60312,1.196e-26
2202.6314,1.949e-25
2202.7146,2.016e-25
2202.743014,3.864e-26
2202.766641,3.926e-26
2202.785804,3.636e-24
2202.86628,3.767e-24
2202.993574,3.517e-26
2203.222161,3.8070000000000005e-26
2203.223416,3.082e-26
2203.246565,3.131e-26
2203.302,1.823e-25
2203.357327,1.3180000000000002e-26
2203.3825,1.884e-25
2203.41092,1.3740000000000002e-26
2203.463727,3.398e-24
2203.541436,3.5159999999999996e-24
2203.646274,2.448e-26
2203.668422,2.487e-26
2203.931147,3.5930000000000004e-26
2203.9665,1.697e-25
2204.0444,1.751e-25
2204.135728,3.16e-24
2204.145329,1.4650000000000002e-26
2204.175961,3.91e-26
2204.19405,1.5230000000000002e-26
2204.210828,3.266e-24
2204.6249,1.571e-25
2204.7003,1.621e-25
2204.801801,2.925e-24
2204.861842,3.57e-26
2204.874434,3.019e-24
2204.913984,1.573e-26
2204.95853,1.632e-26
2205.125358,3.908e-26
2205.277,1.448e-25
2205.3502,1.491e-25
2205.461933,2.693e-24
2205.532231,2.778e-24
2205.669828,1.636e-26
2205.70964,1.862e-26
2205.71084,1.6940000000000002e-26
2205.785293,3.43e-26
2205.923,1.328e-25
2205.994,1.366e-25
2206.070615,3.784e-26
2206.116114,2.468e-24
2206.184197,2.543e-24
2206.419826,1.649e-26
2206.457901,1.705e-26
2206.5628,1.211e-25
2206.6316,1.245e-25
2206.676778,1.849e-26
2206.700991,3.165e-26
2206.764331,2.251e-24
2206.824681,3.212e-24
2206.830308,2.317e-24
2206.9087,1.452e-25
2207.012093,3.5230000000000006e-26
2207.111467,3.633e-24
2207.171335,1.612e-26
2207.1963,1.099e-25
2207.207039,1.663e-26
2207.2125,1.6410000000000002e-25
2207.2632,1.129e-25
2207.406572,2.042e-24
2207.470546,2.101e-24
2207.595756,1.724e-26
2207.608203,2.77e-26
2207.633308,3.283e-24
2207.7181,1.508e-25
2207.8886,1.019e-25
2207.896439,3.676e-24
2207.932063,1.5280000000000002e-26
2207.950293,3.118e-26
2207.965931,1.575e-26
2207.9967,1.687e-25
2208.042822,1.845e-24
2208.104886,1.896e-24
2208.434794,3.355e-24
2208.481533,1.5690000000000003e-26
2208.505831,2.255e-26
2208.5203,1.5640000000000002e-25
2208.673068,1.658e-24
2208.677311,3.721e-24
2208.709992,1.407e-26
2208.733311,1.703e-24
2208.742537,1.448e-26
2208.7769,1.733e-25
2208.88594,2.5740000000000003e-26
2209.229195,3.422e-24
2209.297293,1.483e-24
2209.3153,1.619e-25
2209.342562,1.412e-26
2209.355793,1.522e-24
2209.392146,1.6470000000000003e-26
2209.453856,3.763e-24
2209.513291,1.258e-26
2209.545002,1.293e-26
2209.5529,1.779e-25
2209.820126,1.914e-26
2209.915486,1.32e-24
2209.972319,1.354e-24
2210.016722,3.48e-24
2210.1033,1.67e-25
2210.184054,1.2660000000000002e-26
2210.225849,3.798e-24
2210.26423,9.999999999999999e-27
2210.3244,1.82e-25
2210.350204,1.092e-26
2210.381542,1.1210000000000002e-26
2210.527624,1.17e-24
2210.582859,1.199e-24
2210.75457,1.19e-26
2210.797581,3.526e-24
2210.8845,1.714e-25
2210.9931,3.822e-24
2211.009435,1.1320000000000002e-26
2211.0912,1.857e-25
2211.133701,1.032e-24
2211.187403,1.057e-24
2211.571943,3.558e-24
2211.6591,1.751e-25
2211.733685,9.055e-25
2211.747154,1.176e-26
2211.755455,3.834e-24
2211.785914,9.271e-25
2211.805698,1.195e-26
2211.821058,1.011e-26
2211.8532,1.887e-25
2212.052691,1.439e-26
2212.11261,1.463e-26
2212.327582,7.911000000000001e-25
2212.339945,3.574e-24
2212.352407,1.753e-26
2212.378394,8.095e-25
2212.413748,1.783e-26
2212.4272,1.781e-25
2212.512786,3.832e-24
2212.61,1.909e-25
2212.646308,2.126e-26
2212.709121,2.163e-26
2212.915342,6.879000000000001e-25
2212.934395,2.5670000000000003e-26
2212.96479,7.035e-25
2212.998733,2.6130000000000003e-26
2213.101692,3.5729999999999996e-24
2213.189,1.803e-25
2213.216672,3.0860000000000003e-26
2213.264991,3.814e-24
2213.282593,3.141e-26
2213.3617,1.923e-25
2213.493143,3.692e-26
2213.49699,5.954000000000001e-25
2213.545123,6.086e-25
2213.560706,3.759e-26
2213.763811,4.3970000000000005e-26
2213.83308,4.4790000000000006e-26
2213.85727,3.555e-24
2213.9444,1.814e-25
2214.011982,3.7799999999999996e-24
2214.028679,5.212e-26
2214.072454,5.129e-25
2214.099723,5.311e-26
2214.108,1.928e-25
2214.119318,5.241e-25
2214.287751,6.15e-26
2214.360642,6.269e-26
2214.541027,7.223e-26
2214.606743,3.521e-24
2214.615845,7.366e-26
2214.641785,4.398e-25
2214.687425,4.492e-25
2214.6935,1.816e-25
2214.753688,3.73e-24
2214.788513,8.443e-26
2214.8489,1.923e-25
2214.86534,8.613000000000001e-26
2215.030208,9.823e-26
2215.109135,1.002e-25
2215.204875,3.754e-25
2215.24933,3.833e-25
2215.266116,1.137e-25
2215.347239,1.1610000000000002e-25
2215.350164,3.469e-24
2215.4364,1.808e-25
2215.490046,3.664e-24
2215.496238,1.31e-25
2215.579662,1.338e-25
2215.5844,1.909e-25
2215.720575,1.503e-25
2215.76182,3.19e-25
2215.80513,3.255e-25
2215.806412,1.535e-25
2215.939128,1.714e-25
2216.027499,1.753e-25
2216.087572,3.402e-24
2216.151897,1.946e-25
2216.173,1.792e-25
2216.221004,3.582e-24
2216.242934,1.991e-25
2216.312456,2.698e-25
2216.3143,1.886e-25
2216.354655,2.752e-25
2216.358881,2.198e-25
2216.452726,2.25e-25
2216.560078,2.47e-25
2216.656889,2.529e-25
2216.755488,2.762e-25
2216.818999,3.319e-24
2216.855432,2.8290000000000003e-25
2216.856949,2.272e-25
2216.870735,1.004e-26
2216.898073,2.316e-25
2216.9035,1.766e-25
2216.945105,3.071e-25
2216.946515,3.486e-24
2217.0385,1.854e-25
2217.04837,3.1480000000000003e-25
2217.055446,1.067e-26
2217.128927,3.397e-25
2217.235715,3.484e-25
2217.306946,3.736e-25
2217.395044,1.904e-25
2217.417483,3.835e-25
2217.435124,1.94e-25
2217.479156,4.086e-25
2217.544468,3.222e-24
2217.59369,4.197e-25
2217.6277,1.73e-25
2217.645546,4.444e-25
2217.666538,3.376e-24
2217.757,1.813e-25
2217.764352,4.568e-25
2217.806106,4.804e-25
2217.848409,1.142e-26
2217.92702,1.588e-25
2217.929489,4.942e-25
2217.960821,5.162e-25
2217.966087,1.618e-25
2218.042584,1.2160000000000002e-26
2218.089123,5.314000000000001e-25
2218.109672,5.511e-25
2218.243276,5.678e-25
2218.252638,5.845e-25
2218.263999,3.112e-24
2218.3457,1.687e-25
2218.381037,3.254e-24
2218.389692,6.156e-25
2218.391977,6.027e-25
2218.452484,1.3190000000000002e-25
2218.4697,1.763e-25
2218.490565,1.344e-25
2218.5208,6.437e-25
2218.535256,6.354e-25
2218.645921,6.678e-25
2218.673149,6.6499999999999995e-25
2218.765004,6.871e-25
2218.805697,6.907000000000001e-25
2218.819945,1.274e-26
2218.877985,7.006e-25
2218.932951,7.115e-25
2218.971881,1.091e-25
2218.977604,2.9909999999999998e-24
2218.984781,7.073e-25
2219.009006,1.111e-25
2219.02458,1.3600000000000002e-26
2219.054968,7.263000000000001e-25
2219.0574,1.636e-25
2219.08529,7.062e-25
2219.089978,3.122e-24
2219.171821,7.341e-25
2219.1765,1.707e-25
2219.179375,6.9620000000000005e-25
2219.266856,6.763e-25
2219.283599,7.339e-25
2219.347492,6.454e-25
2219.390412,7.246000000000001e-25
2219.420944,6.022e-25
2219.484617,8.977000000000001e-26
2219.486729,5.457e-25
2219.492404,7.048e-25
2219.520808,9.138e-26
2219.544122,4.743e-25
2219.589759,6.735e-25
2219.591982,3.866e-25
2219.628374,2.8040000000000003e-25
2219.649674,1.529e-25
2219.682728,6.294000000000001e-25
2219.685294,2.86e-24
2219.763,1.579e-25
2219.771652,5.711e-25
2219.785247,1.3940000000000002e-26
2219.793331,2.98e-24
2219.857021,4.97e-25
2219.8775,1.6440000000000002e-25
2219.939565,4.055e-25
2219.991382,7.356e-26
2220.001508,1.493e-26
2220.02043,2.942e-25
2220.026667,7.485000000000001e-26
2220.101554,1.603e-25
2220.387074,2.722e-24
2220.4622,1.516e-25
2220.491068,2.831e-24
2220.491282,6e-26
2220.525679,6.104000000000001e-26
2220.5725,1.575e-25
2220.744192,1.4940000000000002e-26
2220.973458,1.607e-26
2220.985369,4.873e-26
2221.018908,4.956e-26
2221.082949,2.577e-24
2221.1552,1.446e-25
2221.183163,2.677e-24
2221.2615,1.502e-25
2221.472316,3.94e-26
2221.505006,4.005e-26
2221.696628,1.566e-26
2221.772919,2.428e-24
2221.8418,1.374e-25
2221.869592,2.518e-24
2221.940545,1.6910000000000003e-26
2221.9445,1.424e-25
2221.953693,3.171e-26
2221.985567,3.2230000000000003e-26
2222.427552,2.541e-26
2222.456985,2.277e-24
2222.458614,2.582e-26
2222.5222,1.298e-25
2222.550331,2.358e-24
2222.6213,1.344e-25
2222.642357,1.602e-26
2222.896205,2.027e-26
2222.902914,1.7380000000000002e-26
2222.926489,2.0590000000000003e-26
2223.135143,2.124e-24
2223.1962,1.221e-25
2223.225358,2.198e-24
2223.2921,1.262e-25
2223.356822,1.61e-26
2223.386326,1.6350000000000002e-26
2223.581124,1.592e-26
2223.807391,1.973e-24
2223.860756,1.7380000000000002e-26
2223.8638,1.141e-25
2223.894652,2.038e-24
2223.9566,1.179e-25
2224.473724,1.8229999999999998e-24
2224.512582,1.531e-26
2224.5251,1.062e-25
2224.558194,1.881e-24
2224.615,1.096e-25
2224.814319,1.683e-26
2225.134135,1.676e-24
2225.215962,1.728e-24
2225.2671,1.014e-25
2225.436261,1.4130000000000002e-26
2225.76394,1.566e-26
2225.788618,1.534e-24
2225.867939,1.58e-24
2226.351493,1.236e-26
2226.437164,1.3969999999999999e-24
2226.514104,1.438e-24
2226.710081,1.3840000000000002e-26
2227.079766,1.2659999999999999e-24
2227.154441,1.302e-24
2227.257298,1.006e-26
2227.359611,2.074e-24
2227.649765,2.31e-24
2227.653404,1.14e-26
2227.716414,1.142e-24
2227.788932,1.174e-24
2228.161363,2.102e-24
2228.347099,1.025e-24
2228.417558,1.053e-24
2228.4298,2.323e-24
2228.5575,1.016e-25
2228.956126,2.128e-24
2228.97181,9.16e-25
2229.040302,9.4e-25
2229.205424,2.334e-24
2229.3371,1.04e-25
2229.590538,8.147e-25
2229.657147,8.354e-25
2229.743958,2.1499999999999998e-24
2229.976461,2.342e-24
2230.1123,1.063e-25
2230.203269,7.211000000000001e-25
2230.268076,7.39e-25
2230.525019,2.166e-24
2230.742733,2.3449999999999998e-24
2230.809995,6.353e-25
2230.873073,6.508e-25
2230.8829,1.084e-25
2231.29947,2.175e-24
2231.410702,5.572e-25
2231.4205,1.019e-25
2231.472121,5.703e-25
2231.504087,2.3409999999999998e-24
2231.6486,1.102e-25
2232.005378,4.863e-25
2232.065203,4.976000000000001e-25
2232.067445,2.174e-24
2232.184111,1.113e-26
2232.1949,1.039e-25
2232.254687,1.131e-26
2232.260394,2.329e-24
2232.4093,1.117e-25
2232.477718,1.3430000000000002e-26
2232.549974,1.366e-26
2232.594013,4.226e-25
2232.652303,4.321000000000001e-25
2232.76543,1.614e-26
2232.829055,2.164e-24
2232.839429,1.6430000000000002e-26
2232.9625,1.054e-25
2233.011547,2.309e-24
2233.047248,1.932e-26
2233.123057,1.966e-26
2233.1647,1.128e-25
2233.176592,3.654e-25
2233.233405,3.735e-25
2233.323174,2.3e-26
2233.400865,2.3420000000000003e-26
2233.584389,2.145e-24
2233.593208,2.726e-26
2233.672859,2.7770000000000005e-26
2233.7235,1.064e-25
2233.753104,3.1460000000000003e-25
2233.757458,2.279e-24
2233.808493,3.214e-25
2233.857354,3.2170000000000004e-26
2233.9148,1.134e-25
2233.939045,3.277e-26
2234.11561,3.7770000000000006e-26
2234.19943,3.849e-26
2234.323536,2.696e-25
2234.333518,2.116e-24
2234.367979,4.414e-26
2234.377551,2.753e-25
2234.454021,4.501e-26
2234.4779,1.069e-25
2234.498049,2.241e-24
2234.61446,5.1340000000000005e-26
2234.6593,1.135e-25
2234.702826,5.236e-26
2234.855053,5.943000000000001e-26
2234.887874,2.3e-25
2234.940562,2.347e-25
2234.945852,6.064000000000001e-26
2235.076497,2.078e-24
2235.089759,6.845e-26
2235.183107,6.987000000000001e-26
2235.2256,1.069e-25
2235.233258,2.194e-24
2235.318577,7.846000000000001e-26
2235.3981,1.13e-25
2235.4146,8.012000000000001e-26
2235.446107,1.953e-25
2235.497512,1.992e-25
2235.541504,8.948000000000001e-26
2235.64034,9.141e-26
2235.75854,1.015e-25
2235.813373,2.031e-24
2235.860337,1.038e-25
2235.963029,2.138e-24
2235.9668,1.062e-25
2235.969682,1.146e-25
2235.99822,1.65e-25
2236.048384,1.683e-25
2236.0746,1.172e-25
2236.1311,1.121e-25
2236.174925,1.287e-25
2236.28314,1.317e-25
2236.374267,1.438e-25
2236.48597,1.472e-25
2236.544179,1.976e-24
2236.544201,1.389e-25
2236.5677,1.598e-25
2236.593164,1.416e-25
2236.683102,1.636e-25
2236.687314,2.075e-24
2236.7014,1.052e-25
2236.755218,1.765e-25
2236.8583,1.106e-25
2236.874548,1.809e-25
2236.936813,1.94e-25
2237.060326,1.989e-25
2237.084035,1.1630000000000002e-25
2237.112474,2.119e-25
2237.131834,1.186e-25
2237.24045,2.1740000000000003e-25
2237.268945,1.913e-24
2237.282188,2.301e-25
2237.406072,2.004e-24
2237.414939,2.363e-25
2237.4293,1.035e-25
2237.44594,2.4840000000000003e-25
2237.5795,1.086e-25
2237.583813,2.552e-25
2237.603712,2.6640000000000003e-25
2237.617713,9.701e-26
2237.664382,9.883e-26
2237.747096,2.739e-25
2237.75548,2.838e-25
2237.901219,3.002e-25
2237.904812,2.92e-25
2237.987691,1.843e-24
2238.040893,3.1530000000000003e-25
2238.056992,3.092e-25
2238.119263,1.926e-24
2238.145215,8.053e-26
2238.1507,1.013e-25
2238.174464,3.2860000000000003e-25
2238.190789,8.201e-26
2238.203669,3.25e-25
2238.2945,1.06e-25
2238.30188,3.396e-25
2238.344885,3.39e-25
2238.42308,3.4780000000000003e-25
2238.480686,3.507e-25
2238.537986,3.526e-25
2238.611128,3.595e-25
2238.646497,3.535e-25
2238.666536,6.655000000000001e-26
2238.700435,1.767e-24
2238.711046,6.776000000000001e-26
2238.736281,3.648e-25
2238.748487,3.5e-25
2238.826856,1.843e-24
2238.843788,3.413e-25
2238.856228,3.662e-25
2238.932176,3.269e-25
2238.971074,3.629e-25
2239.0034,1.031e-25
2239.013345,3.062e-25
2239.080953,3.543e-25
2239.086863,2.783e-25
2239.152093,2.427e-25
2239.181653,5.475e-26
2239.186037,3.398e-25
2239.208059,1.982e-25
2239.225129,5.573e-26
2239.25316,1.44e-25
2239.284537,7.860000000000001e-26
2239.286556,3.185e-25
2239.38282,2.899e-25
2239.40719,1.686e-24
2239.475267,2.529e-25
2239.528818,1.7559999999999998e-24
2239.564536,2.067e-25
2239.651608,1.502e-25
2239.690565,4.4850000000000005e-26
2239.733036,4.5630000000000005e-26
2239.738088,8.189e-26
2240.107965,1.5999999999999999e-24
2240.193243,3.657e-26
2240.225124,1.664e-24
2240.234736,3.72e-26
2240.689694,2.9690000000000003e-26
2240.730234,3.019e-26
2240.802767,1.512e-24
2240.915745,1.57e-24
2241.179881,2.399e-26
2241.219492,2.439e-26
2241.4916,1.422e-24
2241.600659,1.475e-24
2241.66382,1.93e-26
2241.702526,1.962e-26
2242.141461,1.546e-26
2242.174465,1.3309999999999999e-24
2242.179284,1.571e-26
2242.279843,1.378e-24
2242.612839,1.233e-26
2242.6498,1.253e-26
2242.851364,1.24e-24
2242.953276,1.282e-24
2243.522296,1.149e-24
2243.620938,1.187e-24
2244.187257,1.06e-24
2244.282809,1.094e-24
2244.846245,9.732e-25
2244.938871,1.003e-24
2245.499255,8.893e-25
2245.589106,9.159e-25
2246.146282,8.087e-25
2246.233497,8.323000000000001e-25
2246.787321,7.319999999999999e-25
2246.872028,7.527000000000001e-25
2247.422363,6.595000000000001e-25
2247.504682,6.776e-25
2247.846152,1.23e-24
2248.051403,5.914000000000001e-25
2248.131442,6.071e-25
2248.136049,1.352e-24
2248.640307,1.237e-24
2248.674433,5.278000000000001e-25
2248.752295,5.415e-25
2248.910473,1.352e-24
2249.291444,4.6890000000000005e-25
2249.367224,4.807e-25
2249.42757,1.242e-24
2249.680143,1.349e-24
2249.902429,4.146e-25
2249.976215,4.248e-25
2250.207982,1.244e-24
2250.444925,1.344e-24
2250.507378,3.649e-25
2250.579252,3.736e-25
2250.981657,1.243e-24
2251.106283,3.197e-25
2251.176322,3.272e-25
2251.204683,1.3359999999999999e-24
2251.699133,2.788e-25
2251.748715,1.237e-24
2251.76741,2.852e-25
2251.959294,1.323e-24
2252.285921,2.42e-25
2252.352503,2.474e-25
2252.50926,1.226e-24
2252.67918,1.133e-26
2252.708654,1.307e-24
2252.764456,1.153e-26
2252.866635,2.091e-25
2252.931585,2.137e-25
2252.957726,1.3430000000000002e-26
2253.045131,1.3670000000000002e-26
2253.230208,1.5840000000000002e-26
2253.263382,1.2099999999999999e-24
2253.319831,1.6130000000000003e-26
2253.441267,1.7980000000000002e-25
2253.452671,1.285e-24
2253.496624,1.859e-26
2253.504644,1.837e-25
2253.588562,1.894e-26
2253.756975,2.172e-26
2253.851332,2.214e-26
2254.009805,1.54e-25
2254.011151,1.19e-24
2254.01126,2.526e-26
2254.071667,1.572e-25
2254.108147,2.575e-26
2254.191271,1.259e-24
2254.259479,2.923e-26
2254.359014,2.98e-26
2254.501628,3.365e-26
2254.572241,1.312e-25
2254.603942,3.433e-26
2254.632639,1.3399999999999999e-25
2254.737708,3.8550000000000006e-26
2254.752627,1.164e-24
2254.84294,3.9340000000000005e-26
2254.924387,1.229e-24
2254.967714,4.395e-26
2255.076015,4.487e-26
2255.128564,1.114e-25
2255.187548,1.136e-25
2255.191644,4.984e-26
2255.303177,5.09e-26
2255.409494,5.622e-26
2255.487855,1.135e-24
2255.524438,5.745000000000001e-26
2255.621259,6.309e-26
2255.651963,1.194e-24
2255.678764,9.407e-26
2255.73638,9.592e-26
2255.739807,6.449000000000001e-26
2255.826932,7.041e-26
2255.949297,7.202000000000001e-26
2256.026507,7.815000000000001e-26
2256.152921,7.998e-26
2256.216874,1.0999999999999998e-24
2256.219974,8.626000000000001e-26
2256.22283,7.91e-26
2256.279124,8.063e-26
2256.350693,8.832000000000001e-26
2256.373951,1.155e-24
2256.407323,9.466e-26
2256.542629,9.698e-26
2256.588541,1.033e-25
2256.728746,1.058e-25
2256.760753,6.621e-26
2256.763612,1.12e-25
2256.815766,6.747e-26
2256.909064,1.148e-25
2256.932518,1.206e-25
2256.939714,1.062e-24
2257.083604,1.238e-25
2257.090306,1.112e-24
2257.095237,1.291e-25
2257.251743,1.371e-25
2257.252392,1.3250000000000002e-25
2257.292521,5.518000000000001e-26
2257.346293,5.62e-26
2257.402003,1.447e-25
2257.415456,1.409e-25
2257.545978,1.514e-25
2257.572828,1.488e-25
2257.656399,1.021e-24
2257.683619,1.571e-25
2257.724547,1.558e-25
2257.800991,1.067e-24
2257.814869,1.616e-25
2257.818126,4.5780000000000005e-26
2257.870659,1.619e-25
2257.870694,4.6610000000000005e-26
2257.939654,1.6460000000000002e-25
2258.011216,1.666e-25
2258.057879,1.657e-25
2258.146283,1.698e-25
2258.169428,1.6470000000000002e-25
2258.274146,1.612e-25
2258.27594,1.711e-25
2258.337556,3.781e-26
2258.366949,9.763e-25
2258.371829,1.55e-25
2258.388956,3.849e-26
2258.400284,1.702e-25
2258.462203,1.457e-25
2258.50597,1.018e-24
2258.51944,1.668e-25
2258.544883,1.329e-25
2258.619319,1.1620000000000002e-25
2258.633565,1.605e-25
2258.684679,9.517e-26
2258.739644,6.928e-26
2258.742868,1.51e-25
2258.781951,3.785e-26
2258.847628,1.378e-25
2258.850802,3.1090000000000005e-26
2258.901067,3.1640000000000003e-26
2258.948234,1.206e-25
2259.045241,9.877e-26
2259.071377,9.293e-25
2259.139483,7.188e-26
2259.205214,9.676e-25
2259.232284,3.9230000000000006e-26
2259.357853,2.5450000000000003e-26
2259.407016,2.589e-26
2259.769695,8.805e-25
2259.8587,2.0740000000000003e-26
2259.898694,9.152e-25
2259.906791,2.109e-26
2260.353332,1.683e-26
2260.400381,1.7110000000000002e-26
2260.461912,8.303e-25
2260.586384,8.617e-25
2260.841741,1.359e-26
2260.887774,1.3820000000000002e-26
2261.148034,7.792e-25
2261.26826,8.076e-25
2261.323916,1.093e-26
2261.368961,1.111e-26
2261.828064,7.278e-25
2261.9443,7.534000000000001e-25
2262.502004,6.767e-25
2262.614482,6.996e-25
2263.169855,6.261000000000001e-25
2263.278786,6.466e-25
2263.831616,5.766e-25
2263.937194,5.949000000000001e-25
2264.487285,5.286000000000001e-25
2264.589688,5.448e-25
2265.136859,4.823e-25
2265.236251,4.966000000000001e-25
2265.780335,4.3799999999999995e-25
2265.876865,4.506e-25
2266.417707,3.959e-25
2266.511515,4.069e-25
2267.048972,3.562e-25
2267.140185,3.659e-25
2267.674122,3.19e-25
2267.762861,3.274e-25
2268.196334,6.729e-25
2268.293152,2.843e-25
2268.379527,2.916e-25
2268.482088,7.326e-25
2268.906056,2.523e-25
2268.981856,6.717e-25
2268.990169,2.586e-25
2269.24995,7.277e-25
2269.512826,2.228e-25
2269.594774,2.282e-25
2269.76052,6.694e-25
2270.01266,7.217000000000001e-25
2270.113454,1.959e-25
2270.193327,2.006e-25
2270.532333,6.654e-25
2270.707934,1.714e-25
2270.770128,7.14e-25
2270.785815,1.754e-25
2271.296258,1.493e-25
2271.297368,6.593000000000001e-25
2271.372225,1.527e-25
2271.522251,7.044e-25
2271.878417,1.295e-25
2271.952544,1.3240000000000002e-25
2272.05571,6.509e-25
2272.268934,6.928000000000001e-25
2272.454403,1.118e-25
2272.526759,1.142e-25
2272.807437,6.402e-25
2272.900467,1.009e-26
2273.001936,1.027e-26
2273.010095,6.79e-25
2273.024208,9.607e-26
2273.094858,9.811e-26
2273.165975,1.172e-26
2273.270154,1.194e-26
2273.425152,1.356e-26
2273.53217,1.381e-26
2273.552616,6.272000000000001e-25
2273.587823,8.219e-26
2273.656828,8.39e-26
2273.677996,1.5600000000000002e-26
2273.745658,6.6310000000000005e-25
2273.787993,1.5910000000000003e-26
2273.924504,1.7860000000000003e-26
2274.037631,1.822e-26
2274.14524,6.999e-26
2274.164672,2.0350000000000003e-26
2274.212658,7.141000000000001e-26
2274.281093,2.0760000000000003e-26
2274.291302,6.118e-25
2274.398497,2.306e-26
2274.475559,6.449e-25
2274.518389,2.3540000000000003e-26
2274.625974,2.599e-26
2274.69645,5.934e-26
2274.749531,2.654e-26
2274.762335,6.052000000000001e-26
2274.847095,2.9140000000000005e-26
2274.974529,2.9770000000000005e-26
2275.023542,5.943000000000001e-25
2275.061855,3.249e-26
2275.193396,3.321e-26
2275.199742,6.248000000000001e-25
2275.241445,5.008e-26
2275.270245,3.6020000000000005e-26
2275.305847,5.106e-26
2275.406146,3.683e-26
2275.472253,3.971e-26
2275.612794,4.062e-26
2275.667868,4.351e-26
2275.749374,5.747e-25
2275.780215,4.208e-26
2275.813356,4.453e-26
2275.843184,4.288e-26
2275.857075,4.7380000000000006e-26
2275.918159,6.027e-25
2276.007852,4.852e-26
2276.039855,5.126e-26
2276.196303,5.252000000000001e-26
2276.216189,5.51e-26
2276.312753,3.5200000000000004e-26
2276.374334,3.586e-26
2276.378731,5.649000000000001e-26
2276.38605,5.881000000000001e-26
2276.468828,5.533e-25
2276.549408,6.230000000000001e-26
2276.555166,6.033e-26
2276.630766,5.79e-25
2276.706226,6.549e-26
2276.725636,6.395e-26
2276.839049,2.931e-26
2276.856459,6.826000000000001e-26
2276.89018,6.727e-26
2276.899285,2.985e-26
2277.000052,7.050000000000001e-26
2277.04884,7.016e-26
2277.136937,7.208e-26
2277.18193,5.302000000000001e-25
2277.201665,7.251000000000001e-26
2277.267028,7.287000000000001e-26
2277.337524,5.538e-25
2277.348717,7.419e-26
2277.359094,2.43e-26
2277.390217,7.271e-26
2277.418027,2.4740000000000003e-26
2277.490068,7.505e-26
2277.506364,7.147e-26
2277.615287,6.897000000000001e-26
2277.625811,7.495000000000001e-26
2277.71674,6.506e-26
2277.756057,7.372000000000001e-26
2277.810388,5.954000000000001e-26
2277.87288,2.006e-26
2277.880951,7.119e-26
2277.888699,5.059e-25
2277.895756,5.222e-26
2277.93055,2.041e-26
2277.972144,4.288e-26
2278.000681,6.719e-26
2278.038399,5.274e-25
2278.038467,3.128e-26
2278.092935,1.712e-26
2278.115495,6.152000000000001e-26
2278.225733,5.397e-26
2278.331874,4.433e-26
2278.380399,1.6480000000000002e-26
2278.434623,3.233e-26
2278.436841,1.6770000000000002e-26
2278.535066,1.7670000000000002e-26
2278.589151,4.804e-25
2278.73336,5e-25
2278.881642,1.348e-26
2278.936892,1.371e-26
2279.283298,4.542e-25
2279.376601,1.098e-26
2279.422378,4.719e-25
2279.430692,1.116e-26
2279.971149,4.273e-25
2280.105426,4.433e-25
2280.652711,4.003e-25
2280.782482,4.147e-25
2281.327989,3.731e-25
2281.453521,3.861e-25
2281.996986,3.4630000000000003e-25
2282.118524,3.579e-25
2282.659703,3.199e-25
2282.77747,3.3020000000000003e-25
2283.31614,2.941e-25
2283.430341,3.033e-25
2283.966296,2.691e-25
2284.077118,2.773e-25
2284.610169,2.452e-25
2284.717784,2.524e-25
2285.247756,2.223e-25
2285.352324,2.286e-25
2285.879053,2.007e-25
2285.980721,2.062e-25
2286.504055,1.803e-25
2286.60296,1.851e-25
2287.122759,1.612e-25
2287.219026,1.654e-25
2287.735157,1.435e-25
2287.828905,1.472e-25
2288.341246,1.272e-25
2288.361324,3.413e-25
2288.432583,1.303e-25
2288.638742,3.684e-25
2288.941017,1.122e-25
2289.030045,1.149e-25
2289.136822,3.384e-25
2289.398754,3.638e-25
2289.534465,9.853e-26
2289.62128,1.009e-25
2289.905414,3.347e-25
2289.980234,5.92e-26
2289.981448,5.822e-26
2290.121582,8.613000000000001e-26
2290.153149,3.584e-25
2290.206274,8.811000000000001e-26
2290.667071,3.3020000000000003e-25
2290.702363,7.495000000000001e-26
2290.785013,7.664000000000001e-26
2290.901874,3.522e-25
2291.276798,6.493e-26
2291.278908,6.881e-26
2291.284358,6.928e-26
2291.306081,5.905e-26
2291.314451,6.093e-26
2291.357487,6.636e-26
2291.421827,3.247e-25
2291.422701,5.227e-26
2291.422706,5.313e-26
2291.644861,3.4510000000000003e-25
2291.844881,5.599000000000001e-26
2291.923681,5.72e-26
2292.169736,3.182e-25
2292.382039,3.371e-25
2292.406604,4.8070000000000005e-26
2292.456401,9.361e-26
2292.457439,9.202e-26
2292.483585,4.9080000000000007e-26
2292.864485,7.293e-26
2292.865021,7.171000000000001e-26
2292.910849,3.106e-25
2292.96196,4.108e-26
2293.037186,4.193e-26
2293.113345,3.2810000000000004e-25
2293.406072,1.008e-26
2293.464572,5.517e-26
2293.473243,5.524e-26
2293.51094,3.4960000000000003e-26
2293.532534,1.028e-26
2293.584474,3.566e-26
2293.645213,3.021e-25
2293.646511,1.135e-26
2293.675621,1.165e-25
2293.676119,1.146e-25
2293.726025,9.659e-26
2293.732804,9.364e-26
2293.776845,1.158e-26
2293.838211,8.315e-26
2293.838223,8.456000000000001e-26
2293.838717,3.181e-25
2293.880235,1.2710000000000002e-26
2294.014667,1.298e-26
2294.053537,2.961e-26
2294.107236,1.4160000000000002e-26
2294.125435,3.019e-26
2294.246013,1.446e-26
2294.327504,1.5670000000000002e-26
2294.372871,2.925e-25
2294.470899,1.6010000000000002e-26
2294.5122,6.968000000000001e-26
2294.512338,6.851000000000001e-26
2294.541028,1.7250000000000003e-26
2294.558105,3.073e-25
2294.589742,2.497e-26
2294.66006,2.5450000000000003e-26
2294.689339,1.763e-26
2294.747794,1.887e-26
2294.901352,1.929e-26
2294.905914,1.455e-25
2294.906803,1.43e-25
2294.947785,2.051e-26
2295.093856,2.82e-25
2295.106958,2.0980000000000003e-26
2295.119548,2.0960000000000003e-26
2295.140982,2.214e-26
2295.188338,2.136e-26
2295.27146,2.956e-25
2295.285554,1.141e-25
2295.286006,1.122e-25
2295.30618,2.266e-26
2295.327361,2.373e-26
2295.499043,2.43e-26
2295.506893,2.5250000000000003e-26
2295.642946,1.7520000000000003e-26
2295.679545,2.6660000000000004e-26
2295.685577,2.5870000000000005e-26
2295.710257,1.7840000000000002e-26
2295.808197,2.708e-25
2295.845276,2.79e-26
2295.865815,2.733e-26
2295.870189,8.684e-26
2295.876636,8.653000000000001e-26
2295.978742,2.832e-25
2296.004034,2.8940000000000005e-26
2296.039799,2.862e-26
2296.093314,1.808e-25
2296.094205,1.776e-25
2296.112687,1.505e-25
2296.113025,1.4790000000000002e-25
2296.155757,2.971e-26
2296.159929,1.4570000000000002e-26
2296.207574,2.97e-26
2296.225807,1.4840000000000002e-26
2296.232146,1.3e-25
2296.232167,1.3220000000000002e-25
2296.300368,3.015e-26
2296.369197,3.0510000000000004e-26
2296.437769,3.0210000000000005e-26
2296.515919,2.588e-25
2296.524735,3.098e-26
2296.567835,2.981e-26
2296.670489,1.207e-26
2296.674271,3.106e-26
2296.679911,2.702e-25
2296.690404,2.887e-26
2296.734978,1.229e-26
2296.805263,2.733e-26
2296.817907,3.0660000000000004e-26
2296.912119,2.51e-26
2296.924647,6.081e-26
2296.92675,6.185000000000001e-26
2296.926773,1.086e-25
2296.926781,1.067e-25
2296.955773,2.9720000000000005e-26
2297.010569,2.2080000000000003e-26
2297.088036,2.814e-26
2297.100026,1.819e-26
2297.179605,1.33e-26
2297.214914,2.585e-26
2297.217039,2.463e-25
2297.237759,1.013e-26
2297.328753,2.225e-25
2297.329491,2.184e-25
2297.336702,2.275e-26
2297.374935,2.566e-25
2297.45381,1.8740000000000003e-26
2297.566827,1.3690000000000003e-26
2297.681761,1.756e-25
2297.682138,1.7250000000000002e-25
2297.911574,2.3340000000000003e-25
2298.063782,2.427e-25
2298.086964,7.583e-26
2298.088901,7.716e-26
2298.265338,1.334e-25
2298.265382,1.357e-25
2298.474567,2.264e-25
2298.474782,2.306e-25
2298.491072,2.746e-25
2298.492004,2.695e-25
2298.599535,2.201e-25
2298.604582,1.996e-25
2298.604613,2.032e-25
2298.746425,2.286e-25
2298.862603,5.0260000000000006e-26
2298.865677,5.1140000000000006e-26
2298.9412,1.037e-25
2298.9418,1.061e-25
2299.280933,2.067e-25
2299.291426,9.397e-26
2299.293664,9.564e-26
2299.318064,1.633e-25
2299.318201,1.663e-25
2299.422836,2.143e-25
2299.724895,3.343e-25
2299.725484,3.28e-25
2299.7899,1.092e-25
2299.7903,1.068e-25
2299.955772,1.932e-25
2299.962,1.246e-25
2299.9633,1.215e-25
2300.053124,2.6550000000000003e-25
2300.053453,2.606e-25
2300.053757,6.221e-26
2300.056975,6.332e-26
2300.092993,2.001e-25
2300.448352,1.1610000000000002e-25
2300.45048,1.182e-25
2300.624059,1.797e-25
2300.630633,2.02e-25
2300.631297,2.057e-25
2300.756872,1.859e-25
2300.812261,3.407e-25
2300.812651,3.4720000000000003e-25
2300.863665,4.096e-25
2300.864597,4.018e-25
2300.955579,3.011e-25
2300.955624,3.067e-25
2301.1844,1.394e-25
2301.1852,1.428e-25
2301.237243,7.668e-26
2301.24059,7.807000000000001e-26
2301.285797,1.665e-25
2301.414452,1.72e-25
2301.4459,1.155e-25
2301.4476,1.13e-25
2301.636912,1.426e-25
2301.639301,1.453e-25
2301.685852,2.455e-25
2301.68615,2.5010000000000003e-25
2301.940987,1.535e-25
2301.9933,1.474e-25
2301.994,1.424e-25
2302.065714,1.584e-25
2302.094334,4.937e-25
2302.094776,4.841e-25
2302.1723,1.627e-25
2302.1726,1.667e-25
2302.2984,1.302e-25
2302.2992,1.271e-25
2302.399671,3.944e-25
2302.399994,3.869e-25
2302.416465,9.408e-26
2302.419963,9.582e-26
2302.589629,1.409e-25
2302.710639,1.453e-25
2302.787164,1.746e-25
2302.789489,1.779e-25
2302.972475,3.004e-25
2302.973401,3.062e-25
2303.126149,5.038e-25
2303.126622,5.137e-25
2303.1636,1.005e-25
2303.1648,1.03e-25
2303.209658,6.005e-25
2303.210649,5.886e-25
2303.231723,1.287e-25
2303.285184,4.46e-25
2303.285246,4.547e-25
2303.34921,1.326e-25
2303.4006,1.841e-25
2303.4015,1.887e-25
2303.588467,1.149e-25
2303.592105,1.171e-25
2303.6515,1.502e-25
2303.6516,1.539e-25
2303.736705,5.59e-26
2303.741491,5.692000000000001e-26
2303.867266,1.171e-25
2303.960729,2.126e-25
2303.963285,2.1660000000000003e-25
2303.981408,1.205e-25
2304.029832,3.624e-25
2304.030305,3.695e-25
2304.1738,1.954e-25
2304.1741,1.906e-25
2304.3083,1.158e-25
2304.31,1.187e-25
2304.3569,2.135e-25
2304.3576,2.1899999999999998e-25
2304.437083,7.165e-25
2304.437378,7.022e-25
2304.496257,1.06e-25
2304.5032,1.7250000000000002e-25
2304.5038,1.682e-25
2304.607217,1.09e-25
2304.721404,5.758e-25
2304.721806,5.645000000000001e-25
2304.755784,1.398e-25
2304.759579,1.425e-25
2304.901312,6.824000000000001e-26
2304.906274,6.951e-26
2305.103282,2.578e-25
2305.105815,2.628e-25
2305.118691,9.553e-26
2305.226623,9.814e-26
2305.290814,4.391e-25
2305.291929,4.479e-25
2305.3606,1.326e-25
2305.3621,1.359e-25
2305.416479,7.318e-25
2305.417,7.468e-25
2305.528496,8.651e-25
2305.529747,8.471e-25
2305.5899,2.388e-25
2305.5908,2.45e-25
2305.59342,6.489e-25
2305.593505,6.6210000000000005e-25
2305.734564,8.571e-26
2305.8304,1.958e-25
2305.8312,2.01e-25
2305.839609,8.798000000000001e-26
2305.916224,1.692e-25
2305.92017,1.7250000000000002e-25
2306.060189,8.294e-26
2306.065331,8.452000000000001e-26
2306.262557,3.111e-25
2306.265298,3.173e-25
2306.3313,2.541e-25
2306.3316,2.475e-25
2306.343872,7.654000000000001e-26
2306.349723,5.253e-25
2306.350387,5.361e-25
2306.44616,7.852e-26
2306.4844,1.513e-25
2306.4865,1.552e-25
2306.5152,2.752e-25
2306.5161,2.8250000000000003e-25
2306.6855,2.242e-25
2306.6859,2.184e-25
2306.753162,1.022e-24
2306.753314,1.001e-24
2306.94661,6.805e-26
2307.018247,8.257e-25
2307.018937,8.09e-25
2307.046263,6.976e-26
2307.07165,2.04e-25
2307.075762,2.08e-25
2307.213281,1.004e-25
2307.218597,1.023e-25
2307.396589,3.738e-25
2307.39934,3.814e-25
2307.5324,1.715e-25
2307.5342,1.761e-25
2307.542772,6.023e-26
2307.585598,6.3030000000000005e-25
2307.586883,6.434e-25
2307.639904,6.17e-26
2307.683505,1.044e-24
2307.684057,1.067e-24
2307.7491,1.002e-25
2307.7522,3.04e-25
2307.7533,3.1240000000000003e-25
2307.7638,1.034e-25
2307.819939,1.225e-24
2307.822199,1.197e-24
2307.88028,9.269e-25
2307.880394,9.466e-25
2307.9846,2.507e-25
2307.9856,2.577e-25
2308.132352,5.306e-26
2308.220459,2.447e-25
2308.224734,2.4970000000000003e-25
2308.227069,5.433000000000001e-26
2308.360686,1.208e-25
2308.366114,1.233e-25
2308.37165,1.611e-25
2308.4665,3.1480000000000003e-25
2308.4704,2.565e-25
2308.542121,4.47e-25
2308.545067,4.562e-25
2308.56261,5.332000000000001e-26
2308.569821,5.434e-26
2308.636174,1.7260000000000002e-25
2308.6366,1.938e-25
2308.6389,1.991e-25
2308.64528,7.479e-25
2308.646147,7.637e-25
2308.6471,3.48e-25
2308.6482,3.58e-25
2308.715343,4.654e-26
2308.807744,4.7620000000000006e-26
2308.8296,1.121e-25
2308.8451,2.859e-25
2308.8453,1.97e-25
2309.042605,1.432e-24
2309.042615,1.4009999999999999e-24
2309.135322,1.586e-25
2309.289707,1.162e-24
2309.291434,1.1389999999999999e-24
2309.29174,4.064e-26
2309.364001,2.923e-25
2309.368453,2.9840000000000003e-25
2309.381918,4.156e-26
2309.386654,1.694e-25
2309.501861,1.449e-25
2309.507837,1.4790000000000002e-25
2309.666964,5.322000000000001e-25
2309.669949,5.434e-25
2309.679,2.1770000000000003e-25
2309.6812,2.237e-25
2309.701633,6.418e-26
2309.709101,6.543e-26
2309.856769,8.884e-25
2309.858225,9.077e-25
2309.861534,3.532e-26
2309.862041,7.753000000000001e-26
2309.8878,3.799e-25
2309.8889,3.91e-25
2309.891947,1.558e-25
2309.8986,1.248e-25
2309.9154,1.292e-25
2309.927455,1.4629999999999999e-24
2309.928029,1.496e-24
2309.949576,3.61e-26
2310.083902,1.704e-24
2310.096002,1.589e-24
2310.114,3.1490000000000003e-25
2310.1152,3.241e-25
2310.13097,1.658e-25
2310.145716,1.2999999999999998e-24
2310.14587,1.329e-24
2310.42472,3.0560000000000004e-26
2310.501117,3.4760000000000003e-25
2310.505746,3.55e-25
2310.510707,3.123e-26
2310.5775,4.063e-25
2310.5777,3.944e-25
2310.63773,1.73e-25
2310.641458,1.526e-25
2310.643792,1.766e-25
2310.7528,4.319000000000001e-25
2310.7539,4.451e-25
2310.7646,2.435e-25
2310.7673,2.5060000000000003e-25
2310.799182,6.3060000000000005e-25
2310.802353,6.442e-25
2310.835038,7.689000000000001e-26
2310.842772,7.843000000000001e-26
2310.869104,1.619e-25
2310.916295,1.045e-24
2310.917377,1.068e-24
2310.9661,1.381e-25
2310.98129,2.633e-26
2310.9813,3.47e-25
2310.9814,3.574e-25
2310.9841,1.433e-25
2311.065299,2.689e-26
2311.305321,1.927e-24
2311.305452,1.972e-24
2311.383855,1.49e-25
2311.527754,1.537e-24
2311.531236,2.258e-26
2311.539343,1.575e-24
2311.601017,1.576e-25
2311.613339,2.305e-26
2311.632773,4.114e-25
2311.637591,4.203e-25
2311.761715,7.383000000000001e-26
2311.767678,2.056e-25
2311.773946,2.099e-25
2311.8004,2.708e-25
2311.803,2.789e-25
2311.91429,7.438e-25
2311.917528,7.602e-25
2311.962817,9.171e-26
2311.970831,9.358e-26
2311.9966,4.658000000000001e-25
2311.9979,4.802e-25
2312.0238,1.52e-25
2312.0431,1.578e-25
2312.074551,1.928e-26
2312.104265,1.23e-24
2312.105896,1.258e-24
2312.119158,1.449e-25
2312.14852,2.0139999999999998e-24
2312.149109,2.061e-24
2312.154817,1.967e-26
2312.2185,3.879e-25
2312.22,3.998e-25
2312.312146,2.225e-24
2312.3204,2.328e-24
2312.326664,1.529e-25
2312.389633,1.789e-24
2312.389838,1.831e-24
2312.61,1.076e-25
2312.611227,1.639e-26
2312.6184,1.116e-25
2312.6668,4.99e-25
2312.6669,4.836e-25
2312.68972,1.671e-26
2312.758143,4.848e-25
2312.763154,4.955000000000001e-25
2312.8326,5.259e-25
2312.8337,5.429e-25
2312.847397,1.4050000000000002e-25
2312.8685,3e-25
2312.8714,3.091e-25
2312.891818,2.432e-25
2312.898316,2.4840000000000003e-25
2313.033528,8.732000000000001e-25
2313.036948,8.929e-25
2313.045997,1.478e-25
2313.0786,1.664e-25
2313.084964,1.089e-25
2313.09327,1.112e-25
2313.0936,4.242e-25
2313.094,4.3780000000000005e-25
2313.0993,1.732e-25
2313.141257,1.387e-26
2313.1626,1.434e-24
2313.163888,1.467e-24
2313.218037,1.414e-26
2313.54148,2.604e-24
2313.54175,2.6659999999999998e-24
2313.568601,1.356e-25
2313.664633,1.168e-26
2313.6683,1.205e-25
2313.6762,1.24e-25
2313.739757,1.191e-26
2313.75897,1.423e-25
2313.76271,2.137e-24
2313.771461,2.139e-24
2313.877904,5.685e-25
2313.883119,5.813e-25
2313.8966,3.3040000000000003e-25
2313.8996,3.409e-25
2314.010134,2.863e-25
2314.016879,2.925e-25
2314.0787,5.6e-25
2314.0801,5.785e-25
2314.1248,1.809e-25
2314.138454,1.02e-24
2314.141966,1.044e-24
2314.1471,1.888e-25
2314.201473,1.287e-25
2314.210084,1.314e-25
2314.282797,1.304e-25
2314.2984,4.6830000000000005e-25
2314.3001,4.837e-25
2314.328018,1.671e-24
2314.329772,1.71e-24
2314.346854,2.721e-24
2314.347457,2.787e-24
2314.459908,5.156e-26
2314.465544,1.365e-25
2314.470411,5.263e-26
2314.493107,1.905e-24
2314.529538,3.1249999999999998e-24
2314.592684,1.145e-24
2314.611874,2.417e-24
2314.612145,2.4749999999999998e-24
2314.645447,1.023e-26
2314.7196,1.331e-25
2314.7279,1.372e-25
2314.7332,6.004e-25
2314.7333,5.807e-25
2314.830185,1.076e-26
2314.830611,1.047e-26
2314.8869,6.279000000000001e-25
2314.888,6.495e-25
2314.948,3.621e-25
2314.9513,3.74e-25
2314.990008,1.248e-25
2314.991478,6.6370000000000005e-25
2314.996903,6.789e-25
2315.007522,1.12e-26
2315.023298,1.101e-26
2315.122637,3.355e-25
2315.129642,3.43e-25
2315.165678,1.304e-25
2315.167,1.956e-25
2315.177402,1.155e-26
2315.1816,5.082e-25
2315.1823,5.254e-25
2315.191,2.046e-25
2315.209296,1.148e-26
2315.24497,1.187e-24
2315.248666,1.215e-24
2315.312337,1.514e-25
2315.321268,1.546e-25
2315.339755,1.1770000000000002e-26
2315.384063,1.931e-24
2315.38567,1.978e-24
2315.388656,1.184e-26
2315.494495,1.184e-26
2315.561439,1.207e-26
2315.567056,6.087000000000001e-26
2315.577936,6.215000000000001e-26
2315.641513,1.172e-26
2315.690253,1.19e-25
2315.727721,1.214e-26
2315.751145,3.454e-24
2315.751552,3.541e-24
2315.7646,1.464e-25
2315.7733,1.509e-25
2315.780666,1.14e-26
2315.859339,1.2410000000000002e-25
2315.887592,1.203e-26
2315.898924,1.098e-24
2315.911769,1.083e-26
2315.961574,2.848e-24
2315.9676,3.948e-25
2315.9711,4.081e-25
2315.998501,1.8209999999999998e-24
2316.041167,1.1710000000000002e-26
2316.09933,7.711e-25
2316.104978,7.893000000000001e-25
2316.1342,6.599000000000001e-25
2316.1357,6.832e-25
2316.188592,1.113e-26
2316.2016,2.102e-25
2316.2274,2.206e-25
2316.229311,3.913e-25
2316.23659,4.002e-25
2316.330058,1.025e-26
2316.339346,1.374e-24
2316.343159,1.407e-24
2316.3535,5.539e-25
2316.3555,5.733e-25
2316.38355,1.13e-25
2316.41755,1.772e-25
2316.426818,1.812e-25
2316.522573,3.607e-24
2316.523189,3.6989999999999996e-24
2316.527955,2.228e-24
2316.530027,2.283e-24
2316.546495,1.176e-25
2316.66877,7.153000000000001e-26
2316.680045,7.306e-26
2316.711498,4.119e-24
2316.712005,4.012e-24
2316.7768,7.077e-25
2316.7769,6.828e-25
2316.8035,1.601e-25
2316.812216,3.202e-24
2316.81257,3.284e-24
2316.8126,1.652e-25
2316.9162,7.347e-25
2316.9173,7.616e-25
2317.0031,4.282e-25
2317.0066,4.426e-25
2317.069912,1.068e-25
2317.201062,8.917e-25
2317.206941,9.132e-25
2317.227115,1.11e-25
2317.2315,2.244e-25
2317.2448,5.958000000000001e-25
2317.2458,6.175e-25
2317.2593,2.363e-25
2317.330158,4.543e-25
2317.337726,4.649000000000001e-25
2317.433339,1.583e-24
2317.437342,1.622e-24
2317.517105,2.065e-25
2317.526727,2.112e-25
2317.580583,2.552e-24
2317.582442,2.617e-24
2317.749349,1.005e-25
2317.765044,8.365e-26
2317.776735,8.549000000000001e-26
2317.8361,1.743e-25
2317.8457,1.7990000000000002e-25
2317.901173,1.043e-25
2317.934372,4.497e-24
2317.934917,4.616e-24
2318.0134,4.619e-25
2318.0176,4.785e-25
2318.135974,3.725e-24
2318.135979,3.819e-24
2318.1632,7.617e-25
2318.1648,7.906000000000001e-25
2318.2542,2.38e-25
2318.2843,2.515e-25
2318.296986,1.026e-24
2318.30311,1.052e-24
2318.384,6.414e-25
2318.3862,6.656e-25
2318.421869,9.415e-26
2318.425165,5.249e-25
2318.433038,5.375e-25
2318.516862,1.815e-24
2318.521007,1.861e-24
2318.568643,9.758e-26
2318.610996,2.396e-25
2318.620991,2.451e-25
2318.675761,4.693e-24
2318.676391,4.819e-24
2318.703996,2.915e-24
2318.706288,2.9909999999999998e-24
2318.7976,7.856000000000001e-25
2318.7977,8.165000000000001e-25
2318.855871,9.737e-26
2318.8624,1.885e-25
2318.866013,5.1899999999999996e-24
2318.866547,5.331e-24
2318.868,9.956e-26
2318.8727,1.95e-25
2318.921,8.416e-25
2318.9221,8.747e-25
2318.990363,4.1619999999999996e-24
2318.990822,4.274e-24
2319.0336,4.955000000000001e-25
2319.0381,5.141e-25
2319.087479,8.782000000000001e-26
2319.229502,9.09e-26
2319.2718,2.507e-25
2319.2827,6.834e-25
2319.2841,7.102e-25
2319.3044,2.6610000000000003e-25
2319.386833,1.176e-24
2319.393211,1.2049999999999999e-24
2319.514331,6.036e-25
2319.522526,6.184e-25
2319.598484,2.071e-24
2319.60283,2.125e-24
2319.699217,2.765e-25
2319.709606,2.831e-25
2319.746182,8.155000000000001e-26
2319.752088,3.308e-24
2319.754232,3.397e-24
2319.8826,2.029e-25
2319.883728,8.431000000000001e-26
2319.8934,2.101e-25
2319.941244,1.128e-25
2319.953835,1.154e-25
2320.034,5.287000000000001e-25
2320.0387,5.492e-25
2320.091221,5.746e-24
2320.091902,5.906e-24
2320.1656,8.604e-25
2320.1674,8.957000000000001e-25
2320.266,1.022e-25
2320.2827,2.622e-25
2320.28594,4.779e-24
2320.28702,4.911e-24
2320.3181,2.796e-25
2320.3896,7.266000000000001e-25
2320.3922,7.562000000000001e-25
2320.397982,7.539000000000001e-26
2320.470806,1.3399999999999999e-24
2320.477455,1.375e-24
2320.531301,7.785000000000001e-26
2320.597646,6.908000000000001e-25
2320.606182,7.082e-25
2320.670902,2.351e-24
2320.675417,2.414e-24
2320.78176,3.177e-25
2320.792566,3.254e-25
2320.7955,8.836e-25
2320.7957,9.213e-25
2320.80647,5.989e-24
2320.807116,6.158e-24
2320.856058,3.741e-24
2320.858603,3.844e-24
2320.8968,2.152e-25
2320.9015,9.429999999999999e-25
2320.9027,9.831e-25
2320.9079,2.251e-25
2320.994183,6.583e-24
2320.995022,6.771e-24
2321.021155,1.3e-25
2321.034236,1.331e-25
2321.0396,5.608000000000001e-25
2321.042879,6.938e-26
2321.0447,5.835e-25
2321.145946,5.305e-24
2321.146536,5.455e-24
2321.1722,7.157e-26
2321.2703,1.051e-25
2321.2779,1.096e-25
2321.288,2.724e-25
2321.2948,7.661e-25
2321.2966,7.986e-25
2321.3265,2.919e-25
2321.548726,1.521e-24
2321.555659,1.561e-24
2321.675106,7.868000000000001e-25
2321.680873,6.357e-26
2321.684003,8.07e-25
2321.740264,2.657e-24
2321.744995,2.73e-24
2321.806407,6.55e-26
2321.85862,3.632e-25
2321.869867,3.723e-25
2321.898528,4.205e-24
2321.900983,4.324e-24
2321.904,2.31e-25
2321.9163,2.398e-25
2322.0293,5.914000000000001e-25
2322.0347,6.163e-25
2322.095598,1.492e-25
2322.109197,1.528e-25
2322.1416,9.503e-25
2322.1436,9.929e-25
2322.221753,7.204e-24
2322.22257,7.416e-24
2322.2757,1.119e-25
2322.2836,1.169e-25
2322.2869,2.8050000000000003e-25
2322.311964,5.798000000000001e-26
2322.3289,3.026e-25
2322.3412,1.069e-25
2322.361464,5.394e-26
2322.3706,8.043e-25
2322.3735,8.399000000000001e-25
2322.377283,5.52e-26
2322.411497,6.014e-24
2322.412945,6.19e-24
2322.4197,1.037e-25
2322.433905,5.969000000000001e-26
2322.620721,1.717e-24
2322.627957,1.764e-24
2322.746702,8.917e-25
2322.755983,9.153e-25
2322.7704,9.705e-25
2322.7708,1.015e-24
2322.801371,2.988e-24
2322.806301,3.072e-24
2322.8583,1.032e-24
2322.8594,1.081e-24
2322.9054,2.444e-25
2322.914727,7.493e-24
2322.915395,7.718e-24
2322.9185,2.54e-25
2322.92979,4.132e-25
2322.93615,5.264000000000001e-26
2322.941505,4.238e-25
2322.984053,4.708e-24
2322.986882,4.846e-24
2323.0208,6.199e-25
2323.0266,6.471e-25
2323.054675,5.415000000000001e-26
2323.096338,8.191e-24
2323.09733,8.437999999999999e-24
2323.164566,1.704e-25
2323.178715,1.746e-25
2323.2387,1.187e-25
2323.2747,1.184e-25
2323.278531,6.627e-24
2323.27928,6.826e-24
2323.2801,2.865e-25
2323.2806,8.384e-25
2323.283,8.773e-25
2323.2831,1.24e-25
2323.3196,1.148e-25
2323.3259,3.115e-25
2323.425467,6.177000000000001e-26
2323.441911,6.325e-26
2323.553426,4.759e-26
2323.668703,4.891e-26
2323.686673,1.928e-24
2323.694229,1.983e-24
2323.812431,1.0059999999999999e-24
2323.82212,1.033e-24
2323.858552,3.343e-24
2323.863721,3.44e-24
2323.9005,2.569e-25
2323.9144,2.674e-25
2323.995263,4.6780000000000005e-25
2323.9994,6.457e-25
2324.0057,6.754e-25
2324.007477,4.801e-25
2324.019871,5.241e-24
2324.022668,5.398e-24
2324.0911,1.025e-24
2324.0932,1.0749999999999999e-24
2324.1325,1.313e-25
2324.163791,4.282e-26
2324.216,1.263e-25
2324.228052,1.936e-25
2324.242785,1.985e-25
2324.2669,2.9e-25
2324.2675,1.245e-25
2324.275972,4.3970000000000005e-26
2324.2763,1.307e-25
2324.3172,3.18e-25
2324.326025,8.857e-24
2324.3268,8.688000000000001e-25
2324.326981,9.133e-24
2324.3302,9.111e-25
2324.484262,7.040000000000001e-26
2324.50137,7.213e-26
2324.512665,7.42e-24
2324.514358,7.65e-24
2324.7224,1.04e-24
2324.7229,1.093e-24
2324.746659,2.155e-24
2324.754557,2.218e-24
2324.76724,3.8360000000000005e-26
2324.7915,1.103e-24
2324.7926,1.159e-24
2324.872282,1.128e-24
2324.876468,3.936e-26
2324.882407,1.16e-24
2324.8892,2.684e-25
2324.9042,2.7990000000000003e-25
2324.908177,3.721e-24
2324.913577,3.832e-24
2324.9771,6.683e-25
2324.9839,7.004e-25
2325.000536,9.189e-24
2325.00123,9.482e-24
2325.0236,1.444e-25
2325.055032,5.27e-25
2325.067777,5.412e-25
2325.087888,5.809e-24
2325.091039,5.988e-24
2325.1098,1.382e-25
2325.172839,9.993e-24
2325.173926,1.031e-23
2325.2399,8.944e-25
2325.2429,9.401e-25
2325.2478,2.909e-25
2325.2539,1.301e-25
2325.2632,1.37e-25
2325.286048,2.188e-25
2325.301404,2.245e-25
2325.3031,3.222e-25
2325.363767,3.4210000000000005e-26
2325.387632,8.112999999999999e-24
2325.388574,8.371e-24
2325.470174,3.508e-26
2325.537842,7.984000000000001e-26
2325.555657,8.185000000000001e-26
2325.800602,2.397e-24
2325.808864,2.4689999999999998e-24
2325.8717,2.785e-25
2325.8878,2.909e-25
2325.9114,1.581e-25
2325.926251,1.26e-24
2325.936842,1.296e-24
2325.9443,6.87e-25
2325.9516,7.218000000000001e-25
2325.95323,4.121e-24
2325.953368,3.0370000000000004e-26
2325.958898,4.248e-24
2326.0004,1.504e-25
2326.0142,1.077e-24
2326.0165,1.1359999999999999e-24
2326.057078,3.112e-26
2326.10909,5.906e-25
2326.116098,6.401e-24
2326.119273,6.605e-24
2326.122404,6.07e-25
2326.2225,2.886e-25
2326.2339,1.35e-25
2326.2438,1.426e-25
2326.2581,9.142e-25
2326.2621,9.634e-25
2326.2835,3.238e-25
2326.338546,2.461e-25
2326.354568,2.527e-25
2326.404094,1.067e-23
2326.405191,1.103e-23
2326.536038,2.684e-26
2326.586198,9.008e-26
2326.589456,8.971e-24
2326.59137,9.267e-24
2326.604769,9.241e-26
2326.637165,2.7490000000000004e-26
2326.6513,1.083e-24
2326.652,1.144e-24
2326.7012,1.147e-24
2326.7023,1.213e-24
2326.7963,1.7210000000000002e-25
2326.8478,2.871e-25
2326.848547,2.652e-24
2326.857198,2.734e-24
2326.8652,3.005e-25
2326.8883,1.627e-25
2326.9085,7.014e-25
2326.9165,7.386e-25
2326.974329,1.3989999999999999e-24
2326.98542,1.441e-24
2326.991231,4.54e-24
2326.99717,4.685e-24
2327.063883,1.104e-23
2327.064612,1.141e-23
2327.111769,2.3620000000000003e-26
2327.15743,6.586000000000001e-25
2327.167471,7.021e-24
2327.170989,7.252e-24
2327.171352,6.774e-25
2327.1724,9.282e-25
2327.1762,9.81e-25
2327.191,2.832e-25
2327.2076,1.39e-25
2327.210421,2.417e-26
2327.2181,1.475e-25
2327.224145,1.195e-23
2327.225296,1.236e-23
2327.2586,3.224e-25
2327.38554,2.754e-25
2327.402274,2.83e-25
2327.47273,9.725e-24
2327.473902,1.006e-23
2327.629322,1.011e-25
2327.648701,1.038e-25
2327.678,1.863e-25
2327.680556,2.0690000000000003e-26
2327.7731,1.748e-25
2327.776833,2.116e-26
2327.8176,2.937e-25
2327.8365,3.081e-25
2327.8637,7.106e-25
2327.8725,7.506e-25
2327.890439,2.919e-24
2327.899509,3.012e-24
2327.9107,1.101e-24
2327.9133,1.169e-24
2328.01651,1.546e-24
2328.024188,4.976e-24
2328.028137,1.5939999999999999e-24
2328.030433,5.14e-24
2328.1532,2.743e-25
2328.1646,9.347e-25
2328.1693,9.91e-25
2328.1747,1.423e-25
2328.1861,1.515e-25
2328.1872,7.657e-24
2328.190799,7.917999999999999e-24
2328.200044,7.306e-25
2328.214619,7.521000000000001e-25
2328.2285,3.18e-25
2328.242392,1.804e-26
2328.336389,1.845e-26
2328.413836,7.094e-26
2328.42702,3.066e-25
2328.444519,3.1530000000000003e-25
2328.456013,1.26e-23
2328.457254,1.305e-23
2328.5566,2.005e-25
2328.557,1.095e-24
2328.558,1.165e-24
2328.5876,1.158e-24
2328.5887,1.233e-24
2328.641874,1.062e-23
2328.644016,1.1e-23
2328.655,1.867e-25
2328.660475,7.555e-26
2328.667205,1.129e-25
2328.68745,1.16e-25
2328.781,2.9830000000000003e-25
2328.79727,1.566e-26
2328.8016,3.1350000000000003e-25
2328.8147,7.144e-25
2328.8243,7.569000000000001e-25
2328.889075,1.6010000000000002e-26
2328.926303,3.196e-24
2328.935824,3.301e-24
2329.050446,5.425e-24
2329.052785,1.7e-24
2329.05701,5.609e-24
2329.064991,1.7539999999999998e-24
2329.0779,9.344e-25
2329.0827,9.939e-25
2329.104738,1.298e-23
2329.10551,1.3459999999999998e-23
2329.1091,2.619e-25
2329.1354,1.444e-25
2329.1478,1.546e-25
2329.163416,6.94e-26
2329.1933,3.104e-25
2329.222705,8.309e-24
2329.226647,8.602e-24
2329.236924,8.062e-25
2329.250732,1.399e-23
2329.251925,1.451e-23
2329.252203,8.307e-25
2329.345184,1.354e-26
2329.39929,7.369e-26
2329.432,2.144e-25
2329.43488,1.383e-26
2329.462978,3.395e-25
2329.4813,3.495e-25
2329.5333,1.141e-23
2329.5339,1.977e-25
2329.534745,1.183e-23
2329.699839,1.254e-25
2329.721014,1.29e-25
2329.738,3.003e-25
2329.7578,7.122e-25
2329.7605,3.166e-25
2329.7684,7.572000000000001e-25
2329.7808,1.092e-24
2329.7837,1.168e-24
2329.886125,1.165e-26
2329.905701,6.771000000000001e-26
2329.956103,3.481e-24
2329.96611,3.599e-24
2329.97379,1.189e-26
2330.046,9.254e-25
2330.0517,9.889e-25
2330.0584,2.46e-25
2330.071321,5.883e-24
2330.07824,6.089e-24
2330.083147,1.859e-24
2330.0895,1.453e-25
2330.095979,1.919e-24
2330.1031,1.5650000000000002e-25
2330.131295,7.17e-26
2330.1531,2.997e-25
2330.233171,8.965e-24
2330.237254,9.292e-24
2330.268061,8.848e-25
2330.284102,9.126e-25
2330.3043,2.279e-25
2330.4099,2.08e-25
2330.4394,1.0709999999999999e-24
2330.4408,1.149e-24
2330.4506,1.132e-24
2330.4517,1.217e-24
2330.481825,1.457e-23
2330.483217,1.5119999999999998e-23
2330.493406,3.74e-25
2330.505793,1.018e-26
2330.512615,3.853e-25
2330.640586,6.586e-26
2330.669913,1.231e-23
2330.672308,1.278e-23
2330.6886,2.998e-25
2330.6956,7.036e-25
2330.7074,7.509e-25
2330.7133,3.169e-25
2330.727213,1.386e-25
2330.749392,1.426e-25
2330.856509,6.955000000000001e-26
2330.9563,9.087e-25
2330.9623,9.749e-25
2330.979845,3.77e-24
2330.990381,3.9019999999999996e-24
2331.001,2.267e-25
2331.0369,1.45e-25
2331.052,1.571e-25
2331.085736,6.344e-24
2331.093034,6.5749999999999996e-24
2331.107587,2.021e-24
2331.1082,2.858e-25
2331.121098,2.089e-24
2331.123059,1.4939999999999998e-23
2331.123883,1.552e-23
2331.1733,2.405e-25
2331.253057,1.604e-23
2331.253492,9.622e-24
2331.254275,1.667e-23
2331.257929,9.987e-24
2331.2829,2.1690000000000003e-25
2331.293448,9.659e-25
2331.310312,9.973e-25
2331.368039,6.385e-26
2331.518293,4.097e-25
2331.538463,4.225e-25
2331.568836,1.31e-23
2331.570602,1.361e-23
2331.574919,6.725e-26
2331.6243,1.045e-24
2331.6262,6.881000000000001e-25
2331.6276,1.128e-24
2331.6326,2.9630000000000003e-25
2331.6395,7.378e-25
2331.6601,3.1420000000000003e-25
2331.749317,1.523e-25
2331.77258,1.5680000000000002e-25
2331.9023,8.824e-25
2331.9095,9.522e-25
2331.9366,2.041e-25
2331.9776,1.432e-25
2331.9947,1.5650000000000002e-25
2331.997505,4.0599999999999995e-24
2332.008617,4.208e-24
2332.0392,2.518e-25
2332.0587,2.689e-25
2332.088052,6.168e-26
2332.094527,6.803e-24
2332.102245,7.06e-24
2332.126095,2.185e-24
2332.140346,2.262e-24
2332.1531,2.242e-25
2332.254009,1.027e-23
2332.258652,1.067e-23
2332.286501,6.481e-26
2332.2901,1.064e-24
2332.2912,1.158e-24
2332.2984,1.0059999999999999e-24
2332.3003,1.093e-24
2332.313073,1.049e-24
2332.330834,1.084e-24
2332.481568,1.648e-23
2332.483119,1.7149999999999998e-23
2332.53763,4.463e-25
2332.551,6.656e-25
2332.558842,4.607e-25
2332.5659,7.173e-25
2332.57,2.897e-25
2332.6007,3.082e-25
2332.673559,1.3949999999999998e-23
2332.676245,1.453e-23
2332.766141,1.664e-25
2332.790579,1.715e-25
2332.800632,5.936000000000001e-26
2332.8073,8.479e-25
2332.8152,9.207e-25
2332.8646,1.785e-25
2332.9018,2.614e-25
2332.9115,1.4e-25
2332.931,1.542e-25
2332.971319,5.308e-26
2332.991225,6.223000000000001e-26
2332.998596,5.466e-26
2333.0052,2.4910000000000003e-25
2333.00908,4.348e-24
2333.0202,2.293e-25
2333.020821,4.513e-24
2333.097014,7.252e-24
2333.105188,7.537e-24
2333.118788,1.68e-23
2333.119681,1.751e-23
2333.138662,2.35e-24
2333.153721,2.435e-24
2333.231528,1.7979999999999998e-23
2333.232758,1.875e-23
2333.259734,1.089e-23
2333.264759,1.134e-23
2333.326927,1.132e-24
2333.345666,1.171e-24
2333.4411,9.574e-25
2333.445,1.049e-24
2333.4688,6.358e-25
2333.4859,6.892000000000001e-25
2333.5008,2.7970000000000003e-25
2333.505792,5.691e-26
2333.5354,2.9870000000000003e-25
2333.551404,4.835e-25
2333.573753,4.996000000000001e-25
2333.578873,1.469e-23
2333.58102,1.532e-23
2333.68906,5.953000000000001e-26
2333.7332,8.038e-25
2333.7426,8.791e-25
2333.7611,2.686e-25
2333.777672,1.808e-25
2333.7846,1.507e-25
2333.803387,1.866e-25
2333.8384,1.352e-25
2333.8611,1.503e-25
2333.8845,2.3180000000000003e-25
2333.9479,2.268e-25
2333.977457,5.78e-26
2334.006132,5.958000000000001e-26
2334.014549,4.629e-24
2334.026983,4.811e-24
2334.093707,7.687e-24
2334.102387,8.001e-24
2334.1059,9.55e-25
2334.107,1.056e-24
2334.1339,9.004e-25
2334.1365,9.946e-25
2334.145278,2.512e-24
2334.161224,2.6069999999999998e-24
2334.203544,5.434e-26
2334.249707,1.149e-23
2334.255015,1.198e-23
2334.334999,1.215e-24
2334.354808,1.259e-24
2334.379974,5.673e-26
2334.3802,5.9860000000000005e-25
2334.4001,6.533e-25
2334.4247,2.6630000000000003e-25
2334.455267,1.821e-23
2334.45699,1.903e-23
2334.4642,2.856e-25
2334.559605,5.206e-25
2334.583195,5.387e-25
2334.6172,2.73e-25
2334.6309,7.51e-25
2334.6417,8.286e-25
2334.652789,1.545e-23
2334.655818,1.614e-23
2334.6953,1.212e-25
2334.7459,2.312e-25
2334.7582,1.287e-25
2334.783899,1.953e-25
2334.785,1.447e-25
2334.811007,2.018e-25
2334.8876,2.022e-25
2334.8939,5.1670000000000006e-26
2334.978643,6.257e-26
2335.008841,6.456e-26
2335.013904,4.899e-24
2335.027102,5.0999999999999995e-24
2335.063939,5.384e-26
2335.084189,8.098e-24
2335.091863,1.844e-23
2335.092843,1.93e-23
2335.093427,8.443e-24
2335.14593,2.669e-24
2335.162853,2.774e-24
2335.186478,1.969e-23
2335.187713,2.06e-23
2335.231,8.305e-25
2335.2359,9.281e-25
2335.24133,1.204e-23
2335.247067,1.258e-23
2335.2847,5.539e-25
2335.3082,6.093e-25
2335.337276,1.296e-24
2335.3416,2.49e-25
2335.358262,1.344e-24
2335.3872,2.685e-25
2335.47,2.732e-25
2335.5381,6.89e-25
2335.5512,7.682e-25
2335.562219,5.573e-25
2335.56301,1.608e-23
2335.56561,1.683e-23
2335.576871,4.892e-26
2335.587171,5.774e-25
2335.6044,2.268e-25
2335.6706,1.204e-25
2335.703,1.371e-25
2335.740926,5.09e-26
2335.784805,2.097e-25
2335.81344,2.1690000000000003e-25
2335.8251,1.757e-25
2335.8978,8.047e-25
2335.8989,9.13e-25
2335.9454,7.549000000000001e-25
2335.9493,8.556e-25
2335.974862,6.733000000000001e-26
2336.006724,6.954e-26
2336.007126,5.152e-24
2336.021172,5.373e-24
2336.068756,8.477e-24
2336.078617,8.856e-24
2336.140605,2.818e-24
2336.158611,2.934e-24
2336.1822,5.0160000000000005e-25
2336.2106,5.571e-25
2336.220255,1.254e-23
2336.226369,1.313e-23
2336.251,2.281e-25
2336.252467,4.613e-26
2336.3047,2.472e-25
2336.3194,2.681e-25
2336.333743,1.373e-24
2336.35603,1.427e-24
2336.402935,1.965e-23
2336.404847,2.061e-23
2336.410909,4.7920000000000006e-26
2336.4263,6.185e-25
2336.4423,6.987e-25
2336.4603,2.18e-25
2336.559231,5.929000000000001e-25
2336.5753,1.102e-25
2336.585684,6.151e-25
2336.607565,1.669e-23
2336.611012,1.751e-23
2336.6151,1.275e-25
2336.7621,1.4810000000000002e-25
2336.780376,2.237e-25
2336.810688,2.317e-25
2336.920694,4.331e-26
2336.966097,7.199000000000001e-26
2336.9937,6.664e-25
2336.994201,5.384e-24
2336.999784,7.445000000000001e-26
2337.0004,7.689e-25
2337.009192,5.624e-24
2337.042208,1.974e-23
2337.043299,2.075e-23
2337.047161,8.817e-24
2337.057717,9.229e-24
2337.0722,4.416e-25
2337.073863,4.492e-26
2337.1074,4.963000000000001e-25
2337.11816,2.102e-23
2337.119392,2.21e-23
2337.129289,2.957e-24
2337.148499,3.083e-24
2337.1526,2.03e-25
2337.1656,2.56e-25
2337.198176,1.298e-23
2337.204795,1.362e-23
2337.2169,2.213e-25
2337.3136,2.037e-25
2337.3158,5.394e-25
2337.324386,1.447e-24
2337.3361,6.194e-25
2337.348116,1.506e-24
2337.520919,1.7149999999999998e-23
2337.5219,1.155e-25
2337.524065,1.803e-23
2337.550623,6.267000000000001e-25
2337.578737,6.511e-25
2337.581559,4.049e-26
2337.6654,6.184e-25
2337.6667,7.327e-25
2337.7009,1.196e-25
2337.729765,4.194e-26
2337.7323,5.735e-25
2337.7389,6.778e-25
2337.770595,2.372e-25
2337.802758,2.46e-25
2337.952331,7.647000000000001e-26
2337.9537,3.741e-25
2337.975107,5.5879999999999996e-24
2337.988028,7.919000000000001e-26
2337.991161,5.85e-24
2337.9991,4.262e-25
2338.0081,2.3430000000000003e-25
2338.019562,9.109e-24
2338.030903,9.556e-24
2338.0453,1.737e-25
2338.111964,3.082e-24
2338.1244,1.907e-25
2338.132523,3.22e-24
2338.1646,1.83e-25
2338.165629,1.334e-23
2338.172747,1.4029999999999998e-23
2338.1914,4.52e-25
2338.2184,5.303000000000001e-25
2338.235066,3.769e-26
2338.309186,1.514e-24
2338.324572,2.065e-23
2338.3267,2.177e-23
2338.334526,1.578e-24
2338.378592,3.898e-26
2338.424,1.007e-25
2338.536377,6.58e-25
2338.537836,1.755e-23
2338.541808,1.851e-23
2338.566337,6.848e-25
2338.7278,4.6950000000000005e-25
2338.7389,5.738e-25
2338.755439,2.4970000000000003e-25
2338.789656,2.594e-25
2338.825,2.9830000000000003e-25
2338.8461,2.005e-25
2338.881218,3.492e-26
2338.8867,3.4570000000000003e-25
2338.9274,1.397e-25
2338.933541,8.069000000000001e-26
2338.949825,5.759e-24
2338.96708,6.0429999999999996e-24
2338.969739,2.055e-23
2338.970975,2.173e-23
2338.971462,8.368000000000001e-26
2338.985814,9.344e-24
2338.998044,9.827e-24
2339.0137,1.541e-25
2339.020325,3.608e-26
2339.026729,2.185e-23
2339.027958,2.31e-23
2339.0281,1.544e-25
2339.061,3.564e-25
2339.088612,3.1899999999999998e-24
2339.0995,4.3e-25
2339.110688,3.339e-24
2339.130157,1.361e-23
2339.1379,1.435e-23
2339.288121,1.573e-24
2339.315266,1.643e-24
2339.4085,4.024e-25
2339.4098,5.216e-25
2339.452344,1.779e-23
2339.456169,1.882e-23
2339.4919,3.611e-25
2339.5064,4.642000000000001e-25
2339.516469,6.86e-25
2339.520015,3.2220000000000004e-26
2339.548494,7.152e-25
2339.654942,3.3250000000000003e-26
2339.6766,1.517e-25
2339.6809,2.135e-25
2339.734886,2.611e-25
2339.771391,2.717e-25
2339.7719,2.523e-25
2339.7948,1.005e-25
2339.8604,1.147e-25
2339.909704,8.454000000000001e-26
2339.9138,2.519e-25
2339.918331,5.892e-24
2339.9299,1.118e-25
2339.936953,6.198e-24
2339.94599,9.514e-24
2339.950095,8.78e-26
2339.959235,1.003e-23
2339.9752,3.158e-25
2340.059208,3.277e-24
2340.083004,3.438e-24
2340.085786,1.379e-23
2340.094196,1.458e-23
2340.151459,2.96e-26
2340.220159,2.11e-23
2340.222542,2.239e-23
2340.261166,1.622e-24
2340.282426,3.0510000000000004e-26
2340.29035,1.698e-24
2340.4257,2.439e-25
2340.443532,1.7929999999999998e-23
2340.448185,1.903e-23
2340.4539,3.413e-25
2340.490873,7.1e-25
2340.5035,1.17e-25
2340.52522,7.417e-25
2340.6599,1.408e-25
2340.708908,2.71e-25
2340.7293,1.365e-25
2340.747976,2.8250000000000003e-25
2340.775548,2.707e-26
2340.8538,1.7980000000000002e-25
2340.874361,2.076e-23
2340.875793,2.211e-23
2340.880595,5.981e-24
2340.880791,8.791000000000001e-26
2340.9,9.611e-24
2340.900786,6.309e-24
2340.902758,2.7880000000000004e-26
2340.912251,2.204e-23
2340.913478,2.347e-23
2340.914393,1.017e-23
2340.923941,9.146e-26
2341.023724,3.34e-24
2341.037143,1.3849999999999998e-23
2341.046365,1.47e-23
2341.049484,3.514e-24
2341.1267,1.593e-25
2341.1281,2.869e-25
2341.228291,1.66e-24
2341.2592,2.009e-25
2341.25979,1.742e-24
2341.357102,1.79e-23
2341.361799,1.906e-23
2341.392281,2.4640000000000003e-26
2341.459557,7.29e-25
2341.49653,7.632e-25
2341.515922,2.536e-26
2341.677471,2.791e-25
2341.719428,2.915e-25
2341.836583,6.02e-24
2341.846768,9.069e-26
2341.847864,9.628e-24
2341.85859,6.371e-24
2341.863755,1.022e-23
2341.893016,9.453e-26
2341.980647,1.3799999999999998e-23
2341.982125,3.376e-24
2341.990786,1.47e-23
2342.001654,2.234e-26
2342.010145,3.562e-24
2342.089659,2.09e-23
2342.092357,2.235e-23
2342.1219,2.297e-26
2342.189458,1.684e-24
2342.223609,1.772e-24
2342.324552,1.773e-23
2342.33013,1.897e-23
2342.422481,7.422e-25
2342.462446,7.789e-25
2342.603666,2.016e-26
2342.640536,2.849e-25
2342.68577,2.9830000000000003e-25
2342.720677,2.071e-26
2342.752936,5.706e-26
2342.755962,2.028e-23
2342.757669,2.179e-23
2342.759676,5.338e-26
2342.774704,2.152e-23
2342.77593,2.312e-23
2342.786255,6.005e-24
2342.789515,9.557e-24
2342.80697,1.018e-23
2342.807595,9.276e-26
2342.810384,6.377e-24
2342.857344,9.688e-26
2342.865,1.114e-25
2342.918962,1.362e-23
2342.930213,1.458e-23
2342.934367,3.381e-24
2342.965012,3.579e-24
2342.9786,2.013e-25
2343.144621,1.6929999999999998e-24
2343.181832,1.787e-24
2343.1937,1.012e-25
2343.198311,1.811e-26
2343.2277,1.216e-25
2343.235058,1.739e-23
2343.24093,1.869e-23
2343.2678,1.146e-25
2343.2725,1.494e-25
2343.2963,1.379e-25
2343.3022,1.901e-25
2343.312237,1.859e-26
2343.3216,1.711e-25
2343.3297,2.548e-25
2343.3366,2.3210000000000003e-25
2343.35,3.736e-25
2343.379597,7.488e-25
2343.422998,7.88e-25
2343.598052,2.882e-25
2343.647031,3.025e-25
2343.6561,1.589e-25
2343.6724,1.102e-25
2343.724929,9.391e-24
2343.729558,5.93e-24
2343.7303,1.097e-25
2343.7359,1.277e-25
2343.744303,1.005e-23
2343.756191,6.324e-24
2343.763221,9.399e-26
2343.785586,1.62e-26
2343.7865,1.26e-25
2343.7929,1.492e-25
2343.816953,9.84e-26
2343.8364,1.458e-25
2343.8438,1.763e-25
2343.850063,1.331e-23
2343.86263,1.431e-23
2343.8797,1.706e-25
2343.880394,3.353e-24
2343.8885,2.115e-25
2343.896566,1.6620000000000002e-26
2343.914118,3.562e-24
2343.9163,2.026e-25
2343.91647,6.215000000000001e-26
2343.9272,2.596e-25
2343.933009,1.996e-23
2343.936121,2.157e-23
2343.9458,2.468e-25
2343.9599,3.2890000000000003e-25
2343.9665,3.178e-25
2343.9872,4.3770000000000005e-25
2344.09372,1.685e-24
2344.134496,1.785e-24
2344.180749,1.688e-23
2344.187648,1.825e-23
2344.215818,5.236e-26
2344.330843,7.478e-25
2344.365486,1.442e-26
2344.378222,7.894000000000001e-25
2344.47365,1.4790000000000002e-26
2344.549957,2.886e-25
2344.5843,1.98e-25
2344.595796,7.345000000000001e-26
2344.603248,3.038e-25
2344.613982,2.02e-23
2344.614412,1.903e-23
2344.615215,2.197e-23
2344.616525,2.07e-23
2344.621707,6.873e-26
2344.6347,1.14e-25
2344.654032,9.126e-24
2344.6546,1.222e-25
2344.666439,5.7909999999999996e-24
2344.675735,9.821e-24
2344.696051,6.205e-24
2344.713586,9.428e-26
2344.771881,9.895e-26
2344.7747,1.024e-25
2344.775354,1.286e-23
2344.7815,1.268e-25
2344.7869,1.579e-25
2344.789541,1.391e-23
2344.7915,1.977e-25
2344.7965,2.4880000000000003e-25
2344.8027,3.177e-25
2344.820132,3.288e-24
2344.83,4.041e-25
2344.857509,3.5079999999999996e-24
2344.8849,2.064e-25
2344.8909,1.076e-25
2344.8925,1.6480000000000002e-25
2344.8937,1.3250000000000002e-25
2344.938004,1.279e-26
2345.036675,1.659e-24
2345.043473,1.31e-26
2345.08165,1.763e-24
2345.086085,1.62e-23
2345.09365,1.7619999999999998e-23
2345.128369,5.914e-26
2345.276138,7.384e-25
2345.3098,3.995e-25
2345.3114,2.7970000000000003e-25
2345.328171,7.822e-25
2345.4244,1.014e-25
2345.4802,3.344e-25
2345.4891,1.033e-25
2345.496171,2.858e-25
2345.5014,1.164e-25
2345.5023,2.399e-25
2345.503137,1.129e-26
2345.554475,3.017e-25
2345.5584,1.179e-25
2345.5721,1.341e-25
2345.576751,8.757e-24
2345.595819,5.506e-24
2345.601317,9.481e-24
2345.606023,1.155e-26
2345.6212,1.35e-25
2345.630017,6.016e-24
2345.6366,1.554e-25
2345.65861,9.349e-26
2345.6773,1.555e-25
2345.693745,1.227e-23
2345.6949,1.813e-25
2345.709935,1.336e-23
2345.72218,9.841e-26
2345.7264,1.81e-25
2345.741036,8.014000000000001e-26
2345.7472,2.138e-25
2345.750107,1.825e-23
2345.753479,3.1839999999999998e-24
2345.753806,2.001e-23
2345.7683,2.133e-25
2345.7936,2.558e-25
2345.795249,3.413e-24
2345.8018,2.576e-25
2345.8259,1.759e-25
2345.8346,3.1210000000000003e-25
2345.9289,1.359e-25
2345.973384,1.612e-24
2346.011872,1.534e-23
2346.020796,1.683e-23
2346.023363,1.721e-24
2346.06041,6.722e-26
2346.161286,1.015e-26
2346.2093,4.537e-25
2346.215378,7.199000000000001e-25
2346.2225,3.535e-25
2346.272912,7.656e-25
2346.298579,5.1340000000000005e-26
2346.415139,9.569e-26
2346.429912,1.809e-23
2346.431159,2.0000000000000002e-23
2346.43659,2.792e-25
2346.449536,1.701e-23
2346.452296,1.882e-23
2346.461296,8.946e-26
2346.492961,8.279e-24
2346.500778,2.9590000000000003e-25
2346.520243,5.306e-24
2346.521116,9.03e-24
2346.558169,5.753e-24
2346.598192,9.149e-26
2346.60585,1.153e-23
2346.624594,1.266e-23
2346.6567,3.077e-25
2346.667916,9.663e-26
2346.680294,3.037e-24
2346.7042,2.468e-25
2346.727428,3.275e-24
2346.735067,5.09e-26
2346.7859,1.014e-25
2346.8379,1.187e-25
2346.884,1.4020000000000002e-25
2346.8877,1.078e-25
2346.9037,1.543e-24
2346.909976,1.431e-23
2346.920197,1.5849999999999998e-23
2346.9233,1.245e-25
2346.9247,1.677e-25
2346.9368,6.117e-25
2346.9386,4.984000000000001e-25
2346.9498,1.432e-25
2346.959727,1.656e-24
2346.9607,2.033e-25
2346.967435,7.636000000000001e-26
2347.1399,5.55e-25
2347.1471,4.544e-25
2347.148419,6.912000000000001e-25
2347.212542,7.386e-25
2347.2872,1.368e-25
2347.371074,2.688e-25
2347.402487,7.689999999999999e-24
2347.4088,1.152e-25
2347.43524,8.461e-24
2347.43702,4.952e-24
2347.442253,2.86e-25
2347.4751,4.165e-25
2347.480628,5.411e-24
2347.5031,3.4610000000000003e-25
2347.511053,1.065e-23
2347.532197,8.818e-26
2347.533122,1.181e-23
2347.540371,1.051e-25
2347.540779,1.579e-23
2347.545406,1.7669999999999998e-23
2347.600373,2.845e-24
2347.60918,9.348e-26
2347.654178,3.09e-24
2347.657377,5.75e-26
2347.696268,6.787e-26
2347.735821,6.532000000000001e-26
2347.7981,6.557000000000001e-25
2347.8049,5.55e-25
2347.817427,1.311e-23
2347.827421,1.451e-24
2347.829764,1.47e-23
2347.884414,8.739000000000001e-26
2347.890878,1.567e-24
2348.07506,6.518e-25
2348.0941,1.022e-25
2348.1152,2.439e-25
2348.1332,1.17e-25
2348.147192,7.003e-25
2348.1812,2.077e-25
2348.210752,1.278e-25
2348.222256,1.521e-23
2348.223525,1.726e-23
2348.261056,1.423e-23
2348.264966,1.6159999999999998e-23
2348.278928,1.192e-25
2348.2818,5.106e-25
2348.29943,2.54e-25
2348.3005,4.3580000000000005e-25
2348.305046,6.986e-24
2348.343856,7.772e-24
2348.346598,4.52e-24
2348.379027,2.717e-25
2348.397575,4.986e-24
2348.409419,9.614e-24
2348.435971,1.08e-23
2348.460444,8.343000000000001e-26
2348.513411,2.6069999999999998e-24
2348.5365,7.929e-25
2348.5384,6.861e-25
2348.546093,8.884000000000001e-26
2348.57569,2.8549999999999998e-24
2348.576694,6.506e-26
2348.706165,1.174e-23
2348.721101,1.336e-23
2348.744245,1.3339999999999999e-24
2348.7718,7.332e-25
2348.7756,6.356e-25
2348.785798,1.004e-25
2348.817007,1.451e-24
2348.9291,3.322e-25
2348.971,2.876e-25
2348.978219,8.905000000000001e-26
2348.995012,6.007e-25
2349.014263,8.532000000000001e-26
2349.077051,6.497e-25
2349.0853,5.927000000000001e-25
2349.0987,5.165e-25
2349.200166,6.164e-24
2349.221385,2.346e-25
2349.247236,6.954e-24
2349.248501,4.006e-24
2349.300342,8.432e-24
2349.304659,1.262e-23
2349.309299,4.473e-24
2349.310992,1.461e-23
2349.311281,2.524e-25
2349.315282,1.423e-25
2349.333183,9.634e-24
2349.3577,8.199000000000001e-25
2349.3625,7.235000000000001e-25
2349.382677,7.712000000000001e-26
2349.418926,2.319e-24
2349.478828,8.255000000000001e-26
2349.49226,2.565e-24
2349.494079,7.372000000000001e-26
2349.596161,1.02e-23
2349.615144,1.185e-23
2349.653712,1.19e-24
2349.69142,1.1630000000000002e-25
2349.7332,4.072e-25
2349.738406,1.306e-24
2349.7623,3.58e-25
2349.8747,6.6460000000000005e-25
2349.885,5.886e-25
2349.907843,5.372e-25
2349.9115,1.386e-25
2349.917,1.065e-25
2349.982372,1.794e-25
2349.990719,1.166e-23
2349.992022,1.3819999999999998e-23
2350.002398,5.857e-25
2350.048342,1.078e-23
2350.054684,1.279e-23
2350.075885,1.66e-25
2350.086995,5.218e-24
2350.1083,9.376e-25
2350.1104,8.382e-25
2350.136539,2.102e-25
2350.141884,3.406e-24
2350.143276,1.1610000000000002e-25
2350.145841,5.998e-24
2350.175778,1.107e-25
2350.183133,7.096e-24
2350.216274,3.863e-24
2350.225284,8.293e-24
2350.239278,2.277e-25
2350.298531,6.914000000000001e-26
2350.316113,1.977e-24
2350.3779,8.718000000000001e-25
2350.3805,7.802e-25
2350.404359,2.218e-24
2350.407626,7.448000000000001e-26
2350.411634,8.349000000000001e-26
2350.472632,8.507e-24
2350.497682,1.016e-23
2350.5293,4.711e-25
2350.5507,4.198e-25
2350.555074,1.017e-24
2350.589405,1.359e-25
2350.655524,1.13e-24
2350.668,7.26e-25
2350.676,6.514e-25
2350.7323,1.79e-25
2350.7725,1.4030000000000002e-25
2350.812871,4.604e-25
2350.874485,6.875e-26
2350.8887,9.453e-25
2350.89037,6.671000000000001e-26
2350.8928,8.553e-25
2350.923654,5.071e-25
2350.963825,4.142e-24
2351.025149,2.714e-24
2351.040515,4.886e-24
2351.040622,8.838e-24
2351.044276,1.804e-25
2351.050963,1.089e-23
2351.056016,5.599e-24
2351.068002,2.056e-25
2351.0684,1.217e-25
2351.113008,6.759e-24
2351.119333,3.145e-24
2351.163406,1.972e-25
2351.190542,1.509e-25
2351.203525,1.58e-24
2351.207456,5.939e-26
2351.219476,1.429e-25
2351.31278,1.804e-24
2351.3182,5.255e-25
2351.332775,9.39e-26
2351.332842,6.447000000000001e-26
2351.3345,4.735e-25
2351.343436,6.641e-24
2351.379018,8.271e-24
2351.382757,5.1e-26
2351.4396,7.784e-25
2351.4464,7.057e-25
2351.44704,8.149e-25
2351.491189,1.604e-25
2351.5603,2.061e-25
2351.569097,9.191e-25
2351.611,1.061e-25
2351.6199,1.6470000000000002e-25
2351.6515,1.042e-24
2351.6538,9.507e-25
2351.664777,9.499e-26
2351.67797,9.195e-26
2351.708958,3.694e-25
2351.729686,2.8030000000000003e-25
2351.734957,7.568e-24
2351.736306,9.81e-24
2351.808881,6.727e-24
2351.822335,8.783e-24
2351.8265,1.491e-25
2351.826715,2.921e-24
2351.84149,4.122e-25
2351.856281,2.536e-25
2351.89489,1.921e-24
2351.914622,3.923e-24
2351.932954,3.585e-24
2351.943604,1.449e-25
2351.9585,9.698e-25
2351.9606,8.854e-25
2351.998098,4.986e-24
2352.02006,2.298e-24
2352.078265,1.122e-24
2352.084268,1.602e-25
2352.1001,5.711e-25
2352.113,5.194e-25
2352.119344,1.96e-25
2352.144685,1.84e-25
2352.198325,4.589e-24
2352.218961,1.314e-24
2352.2257,8.203000000000001e-25
2352.2312,7.501e-25
2352.254676,6.135e-24
2352.255013,5.231e-26
2352.26419,1.024e-25
2352.327167,5.795e-25
2352.335866,5.251e-26
2352.351341,6.538e-26
2352.35299,6.363000000000001e-26
2352.358374,1.295e-25
2352.369087,1.25e-25
2352.3906,2.227e-25
2352.3913,1.031e-24
2352.3951,9.482e-25
2352.396759,1.891e-25
2352.414,1.457e-25
2352.4463,1.044e-25
2352.4616,1.819e-25
2352.4764,1.3230000000000002e-25
2352.480405,6.676e-25
2352.517792,5.353e-26
2352.520408,5.496000000000001e-26
2352.5817,1.748e-25
2352.594052,2.631e-25
2352.66409,1.538e-24
2352.741485,4.474e-24
2352.742311,1.017e-24
2352.74353,2.041e-24
2352.757031,2.9890000000000003e-25
2352.767575,6.5139999999999996e-24
2352.807156,3.402e-25
2352.82219,9.176e-26
2352.82317,8.914000000000001e-26
2352.827091,2.021e-24
2352.832799,1.033e-25
2352.8754,6.084e-25
2352.884938,2.8569999999999998e-24
2352.8859,5.577e-25
2352.887983,7.548000000000001e-26
2352.890181,7.764e-26
2352.921848,1.28e-24
2352.929191,2.555e-25
2352.933566,5.959000000000001e-25
2352.950913,2.372e-25
2352.960083,5.7e-26
2352.96154,5.847e-26
2352.962031,1.745e-25
2352.970497,1.679e-25
2352.9774,8.543e-25
2352.9824,7.869000000000001e-25
2353.002846,1.1590000000000002e-25
2353.020115,2.317e-24
2353.125787,7.261000000000001e-25
2353.132528,3.597e-24
2353.1655,1.104e-24
2353.168,1.022e-24
2353.19019,3.086e-25
2353.19253,6.798e-26
2353.194268,6.979e-26
2353.2071,1.786e-25
2353.2175,1.315e-25
2353.220759,9.699e-26
2353.221,2.317e-25
2353.24856,1.05e-25
2353.250469,1.0820000000000002e-25
2353.2531,1.631e-25
2353.254722,1.271e-25
2353.255125,1.232e-25
2353.2986,1.931e-25
2353.323147,2.073e-25
2353.3334,1.987e-25
2353.391881,3.668e-25
2353.396417,8.079000000000001e-26
2353.398105,8.301000000000001e-26
2353.452333,5.9770000000000005e-25
2353.454582,2.988e-24
2353.455989,5.379e-24
2353.464012,1.4040000000000002e-25
2353.482947,2.3250000000000003e-25
2353.489405,2.229e-25
2353.504988,2.015e-24
2353.5134,1.026e-24
2353.5154,9.504e-25
2353.574837,3.921e-24
2353.596367,1.442e-25
2353.598102,1.49e-25
2353.612231,9.571e-26
2353.614151,9.842e-26
2353.619736,3.37e-25
2353.637806,3.081e-25
2353.642198,4.6810000000000005e-25
2353.6439,6.377e-25
2353.651686,1.682e-25
2353.651789,1.739e-25
2353.6527,5.885e-25
2353.672321,1.635e-25
2353.708581,5.517e-26
2353.7594,8.771e-25
2353.7636,8.129e-25
2353.807763,1.13e-25
2353.809696,1.1630000000000002e-25
2353.849785,5.722000000000001e-26
2353.852749,5.869e-26
2353.8654,1.076e-24
2353.869,1.002e-24
2353.920852,6.319e-26
2353.928535,3.068e-25
2353.928718,1.957e-25
2353.93038,2.026e-25
2353.933226,2.928e-25
2353.9807,1.573e-25
2353.9918,2.06e-25
2354.008432,1.33e-25
2354.010565,1.37e-25
2354.015232,2.268e-25
2354.015789,2.351e-25
2354.027,1.892e-25
2354.0501,2.348e-25
2354.074264,6.82e-26
2354.077382,7.001e-26
2354.081,2.202e-25
2354.1314,1.996e-25
2354.190749,4.549e-25
2354.194303,1.56e-25
2354.196497,1.609e-25
2354.205119,4.065e-25
2354.243365,2.623e-25
2354.245046,2.723e-25
2354.292226,8.102000000000001e-26
2354.295497,8.323000000000001e-26
2354.306203,4.017e-25
2354.309355,3.813e-25
2354.34773,3.025e-25
2354.348705,3.1450000000000003e-25
2354.380864,1.824e-25
2354.383243,1.883e-25
2354.4064,6.595000000000001e-25
2354.4138,6.122e-25
2354.4882,8.94e-25
2354.4923,8.33e-25
2354.503353,1.08e-25
2354.504262,9.594e-26
2354.507697,9.864e-26
2354.51518,1.118e-25
2354.522483,1.457e-25
2354.527824,7.903000000000001e-26
2354.532204,1.513e-25
2354.53846,3.4790000000000003e-25
2354.540243,3.624e-25
2354.542,8.165000000000001e-26
2354.556162,2.127e-25
2354.558642,2.199e-25
2354.578189,1.943e-25
2354.586068,2.024e-25
2354.602328,5.707000000000001e-26
2354.619064,5.885e-26
2354.623145,5.233e-25
2354.624966,4.934e-25
2354.642092,6.429e-25
2354.6496,1.127e-24
2354.650768,3.992e-25
2354.652144,4.165e-25
2354.6523,1.054e-24
2354.65267,5.535e-25
2354.663079,2.563e-25
2354.669391,2.681e-25
2354.709923,1.132e-25
2354.713526,1.165e-25
2354.729318,2.472e-25
2354.731981,2.559e-25
2354.7367,1.81e-25
2354.7688,2.284e-25
2354.769627,3.349e-25
2354.774654,3.52e-25
2354.7965,2.11e-25
2354.81251,4.57e-25
2354.814476,4.778e-25
2354.8242,2.392e-25
2354.8772,2.3340000000000003e-25
2354.88616,6.804e-25
2354.886829,6.362e-25
2354.890402,4.344000000000001e-25
2354.893421,2.866e-25
2354.894425,4.593e-25
2354.896219,2.97e-25
2354.909536,1.332e-25
2354.913319,1.372e-25
2354.925601,5.22e-25
2354.927382,5.471e-25
2354.9603,2.02e-25
2354.973716,9.984e-25
2354.980281,7.997e-25
2355.018271,5.607000000000001e-25
2355.021565,5.971000000000001e-25
2355.0425,1.044e-24
2355.0444,9.768e-25
2355.053635,3.3130000000000003e-25
2355.056624,3.4380000000000004e-25
2355.064339,5.952000000000001e-25
2355.066569,6.253000000000001e-25
2355.10116,8.208000000000001e-25
2355.10151,8.875e-25
2355.102854,1.5620000000000002e-25
2355.106823,1.611e-25
2355.120068,1.2e-25
2355.14657,7.225000000000001e-25
2355.149411,7.769e-25
2355.158734,8.298e-25
2355.1618,6.74e-25
2355.1682,6.288000000000001e-25
2355.173195,6.774e-25
2355.175407,7.137e-25
2355.185738,1.963e-24
2355.187429,1.276e-24
2355.206126,3.819e-25
2355.209284,3.97e-25
2355.253099,1.543e-25
2355.269241,9.341e-25
2355.269472,5.684000000000001e-26
2355.2699,8.988e-25
2355.27191,1.017e-24
2355.2733,8.414e-25
2355.273504,1.066e-24
2355.273798,5.832e-26
2355.274803,1.17e-24
2355.287663,1.417e-24
2355.290051,1.827e-25
2355.293036,7.699999999999998e-25
2355.294218,1.885e-25
2355.295619,8.138e-25
2355.295944,3.542e-24
2355.3108,1.084e-24
2355.3143,1.019e-24
2355.331657,6.204e-25
2355.35369,4.392e-25
2355.357057,4.573e-25
2355.375133,9.931e-25
2355.380925,1.221e-24
2355.382953,1.341e-24
2355.383735,1.354e-24
2355.39427,8.743e-25
2355.396965,9.272e-25
2355.40864,1.406e-24
2355.410929,1.579e-24
2355.416257,1.625e-25
2355.422533,5.627e-26
2355.424873,5.838e-25
2355.439757,6.703000000000001e-26
2355.470994,2.129e-25
2355.47537,2.2e-25
2355.477007,1.631e-24
2355.480364,1.862e-24
2355.481648,6.751000000000001e-26
2355.4857,2.021e-25
2355.486178,6.932000000000001e-26
2355.494299,5.038e-25
2355.49787,5.256e-25
2355.497915,9.92e-25
2355.500957,1.056e-24
2355.510482,1.913e-24
2355.514019,2.229e-24
2355.528965,6.571000000000001e-25
2355.5385,2.463e-25
2355.53947,7.923e-25
2355.553575,2.2759999999999998e-24
2355.558177,2.7309999999999998e-24
2355.5608,2.288e-25
2355.5626,2.555e-25
2355.58184,2.764e-24
2355.587509,3.459e-24
2355.589334,1.125e-24
2355.592603,1.2029999999999999e-24
2355.606876,3.446e-24
2355.614691,4.622e-24
2355.621963,4.375e-24
2355.629387,5.766e-25
2355.633195,6.028e-25
2355.634689,6.787e-24
2355.645772,2.475e-25
2355.650369,2.561e-25
2355.678467,1.277e-24
2355.682111,1.372e-24
2355.687749,7.992000000000001e-26
2355.692493,8.213000000000001e-26
2355.7019,2.288e-25
2355.729592,8.344000000000001e-26
2355.743209,4.053e-25
2355.751349,4.715e-25
2355.75794,6.586000000000001e-25
2355.758722,1.45e-24
2355.761994,6.9e-25
2355.762713,1.568e-24
2355.764931,5.407e-25
2355.7856,2.012e-25
2355.80531,1.687e-25
2355.814315,2.868e-25
2355.819147,2.9720000000000003e-25
2355.834316,1.65e-24
2355.838769,1.796e-24
2355.843856,1.422e-25
2355.880649,7.509e-25
2355.884161,6.718000000000001e-26
2355.884979,7.886000000000001e-25
2355.88777,9.43e-26
2355.89274,9.7e-26
2355.902616,1.881e-24
2355.907577,2.065e-24
2355.9117,6.816e-25
2355.9173,6.387e-25
2355.924995,3.606e-25
2355.965161,2.154e-24
2355.970762,2.389e-24
2355.9721,9.005000000000001e-25
2355.9757,8.463e-25
2355.976664,3.3150000000000003e-25
2355.981746,3.44e-25
2355.98691,2.965e-24
2355.98916,1.482e-24
2355.9916,1.05e-25
2355.997035,8.547e-25
2356.001661,9.001000000000001e-25
2356.021042,2.481e-24
2356.027421,2.785e-24
2356.042308,3.535e-25
2356.059102,3.939e-25
2356.070684,2.879e-24
2356.078071,3.283e-24
2356.081714,1.109e-25
2356.086921,1.142e-25
2356.1031,1.112e-24
2356.106,1.049e-24
2356.107408,9.715e-25
2356.11234,1.026e-24
2356.113773,3.376e-24
2356.122507,3.931e-24
2356.132783,3.821e-25
2356.138133,3.971e-25
2356.150253,4.018e-24
2356.16092,4.813e-24
2356.179677,4.8769999999999996e-24
2356.193425,6.095e-24
2356.20058,6.052e-24
2356.211557,1.103e-24
2356.216988,1.169e-24
2356.220438,8.142e-24
2356.2281,2.201e-25
2356.269579,1.301e-25
2356.275038,1.3399999999999999e-25
2356.282688,4.394e-25
2356.288327,4.574e-25
2356.296,2.688e-25
2356.3013,2.602e-25
2356.309603,1.252e-24
2356.315404,1.3319999999999999e-24
2356.3196,2.427e-25
2356.347279,2.422e-25
2356.401459,1.42e-24
2356.401664,2.712e-25
2356.40773,1.517e-24
2356.42173,2.9670000000000003e-25
2356.42636,5.041e-25
2356.427012,7.366e-26
2356.43231,5.257e-25
2356.451366,1.52e-25
2356.457091,1.569e-25
2356.457303,1.016e-25
2356.487162,1.611e-24
2356.493979,1.73e-24
2356.509143,5.268e-26
2356.5239,2.215e-25
2356.529245,1.257e-25
2356.5455,1.027e-24
2356.5474,9.682e-25
2356.563802,5.769e-25
2356.566673,1.829e-24
2356.57009,6.029e-25
2356.574126,1.977e-24
2356.6075,1.978e-25
2356.627074,1.772e-25
2356.633082,1.83e-25
2356.639988,2.0809999999999998e-24
2356.648193,2.264e-24
2356.6541,6.829e-25
2356.6591,6.425e-25
2356.677809,2.101e-25
2356.695003,6.59e-25
2356.701659,6.902000000000001e-25
2356.707077,2.374e-24
2356.716185,2.604e-24
2356.7272,1.059e-24
2356.7308,1.002e-24
2356.7576,8.89e-25
2356.7605,8.386e-25
2356.767909,2.719e-24
2356.7755,1.153e-25
2356.778127,3.012e-24
2356.796703,2.059e-25
2356.803011,2.129e-25
2356.81996,7.513000000000001e-25
2356.822427,3.131e-24
2356.827019,7.888000000000001e-25
2356.82912,2.104e-25
2356.832,1.01e-25
2356.834047,3.511e-24
2356.841174,3.627e-25
2356.852485,2.273e-25
2356.870536,3.6339999999999996e-24
2356.883999,4.139e-24
2356.906845,3.701e-24
2356.912055,4.262e-24
2356.927215,5.59e-26
2356.928075,4.955e-24
2356.933687,5.743e-26
2356.938663,8.552e-25
2356.946168,9.003000000000001e-25
2356.946571,5.071e-24
2356.960251,2.386e-25
2356.964,2.349e-25
2356.966454,6.067e-24
2356.966882,2.471e-25
2356.970103,2.221e-24
2356.972823,6.137e-24
2356.999548,7.683e-24
2357.0243,2.79e-25
2357.051107,9.721e-25
2357.0572,2.702e-25
2357.059105,1.026e-24
2357.0724,2.531e-25
2357.109182,1.3230000000000002e-25
2357.117719,2.757e-25
2357.121763,6.597000000000001e-26
2357.124694,2.86e-25
2357.12852,6.782e-26
2357.157282,1.104e-24
2357.165832,1.17e-24
2357.222624,6.267e-26
2357.257181,1.253e-24
2357.26635,1.3319999999999999e-24
2357.269105,3.178e-25
2357.276451,3.3010000000000003e-25
2357.31039,7.759e-26
2357.317446,7.985e-26
2357.324248,1.64e-25
2357.330988,5.184000000000001e-26
2357.343,2.125e-25
2357.350811,1.421e-24
2357.350923,1.755e-25
2357.360663,1.518e-24
2357.3917,6.782e-25
2357.3962,6.403e-25
2357.414408,3.654e-25
2357.422154,3.801e-25
2357.4259,1.921e-25
2357.429,8.779999999999999e-25
2357.4323,8.309e-25
2357.437171,1.5909999999999999e-24
2357.448777,1.731e-24
2357.455722,7.952e-26
2357.493094,9.098e-26
2357.500468,9.373e-26
2357.518921,1.831e-24
2357.5253,1.068e-24
2357.5284,1.013e-24
2357.530702,1.977e-24
2357.5517,1.233e-25
2357.553625,4.19e-25
2357.561806,4.3680000000000005e-25
2357.593542,2.084e-24
2357.6005,1.095e-25
2357.606453,2.265e-24
2357.625092,1.168e-25
2357.643014,7.428e-24
2357.644629,5.199e-24
2357.648285,3.714e-25
2357.661743,2.377e-24
2357.669876,1.064e-25
2357.676051,2.6049999999999998e-24
2357.677588,1.097e-25
2357.686755,4.796e-25
2357.6935,2.464e-25
2357.695409,5.0090000000000005e-25
2357.723476,2.723e-24
2357.739533,3.013e-24
2357.7474,2.863e-25
2357.753716,2.9890000000000003e-25
2357.77864,3.136e-24
2357.796955,3.513e-24
2357.801115,6.248e-24
2357.8064,2.768e-25
2357.813795,5.477e-25
2357.8193,2.603e-25
2357.821077,4.457e-24
2357.822966,5.733e-25
2357.827048,3.639e-24
2357.840736,1.24e-25
2357.848416,4.141e-24
2357.848807,1.28e-25
2357.868303,4.267e-24
2357.886468,1.278e-25
2357.894099,4.957e-24
2357.901352,5.0679999999999996e-24
2357.916453,1.357e-25
2357.918417,1.293e-25
2357.934398,6.071e-24
2357.934741,6.243000000000001e-25
2357.944482,6.551e-25
2357.986866,6.567000000000001e-26
2358.005674,1.441e-25
2358.014128,1.489e-25
2358.0221,9.799e-25
2358.0241,9.297e-25
2358.049588,7.105e-25
2358.059961,7.475e-25
2358.1146,1.0059999999999999e-24
2358.116852,3.3089999999999996e-24
2358.1183,9.575e-25
2358.1208,6.683e-25
2358.1249,6.329e-25
2358.158331,8.075e-25
2358.1592,2.019e-25
2358.164689,1.669e-25
2358.169408,8.521e-25
2358.173553,1.7280000000000002e-25
2358.208723,2.506e-24
2358.223,8.525e-25
2358.2255,8.09e-25
2358.241,1.847e-25
2358.260962,9.169e-25
2358.272831,9.707e-25
2358.31778,1.929e-25
2358.3206,1.293e-25
2358.327085,2e-25
2358.35747,1.04e-24
2358.3632,1.1610000000000002e-25
2358.370238,1.106e-24
2358.4168,2.548e-25
2358.44784,1.18e-24
2358.46164,1.259e-24
2358.464946,2.224e-25
2358.465,2.906e-25
2358.474726,2.308e-25
2358.506953,2.308e-25
2358.515017,9.928e-26
2358.532055,1.339e-24
2358.534333,8.415e-24
2358.546534,6.542e-24
2358.547052,1.436e-24
2358.548301,1.048e-25
2358.5489,2.8020000000000003e-25
2358.5599,2.6430000000000003e-25
2358.606186,2.556e-25
2358.610086,1.521e-24
2358.616481,2.6580000000000003e-25
2358.626494,1.64e-24
2358.681892,1.73e-24
2358.699994,1.879e-24
2358.726568,6.09e-26
2358.741497,2.932e-25
2358.747411,1.973e-24
2358.752352,3.054e-25
2358.752979,5.384e-26
2358.762297,5.543000000000001e-26
2358.767595,2.1599999999999998e-24
2358.799772,1.436e-25
2358.80654,2.26e-24
2358.829358,2.498e-24
2358.8466,6.534e-25
2358.8504,6.205e-25
2358.8586,8.317000000000001e-25
2358.859099,2.602e-24
2358.8617,7.913000000000001e-25
2358.870878,3.356e-25
2358.882343,3.502e-25
2358.885387,2.912e-24
2358.904724,3.019e-24
2358.9157,9.978e-25
2358.919,9.51e-25
2358.923613,6.294e-26
2358.93334,6.486e-26
2358.935863,3.433e-24
2358.942547,3.536e-24
2358.947524,5.764e-24
2358.9723,1.904e-25
2358.98115,4.11e-24
2358.990391,4.588e-24
2358.994323,3.832e-25
2359.00646,4.009e-25
2359.0528,1.76e-25
2359.0823,1.336e-25
2359.088524,7.336e-26
2359.098687,7.569000000000001e-26
2359.111829,4.3690000000000005e-25
2359.1198,1.21e-25
2359.124707,4.581e-25
2359.1338,2.599e-25
2359.1771,2.92e-25
2359.179357,5.189000000000001e-26
2359.208908,7.669000000000001e-26
2359.223389,4.972000000000001e-25
2359.237091,5.227e-25
2359.245471,8.059000000000001e-26
2359.247713,8.525000000000001e-26
2359.258341,8.807000000000001e-26
2359.272805,1.132e-23
2359.274531,9.228e-24
2359.281152,2.097e-25
2359.2849,2.8060000000000003e-25
2359.2944,2.6560000000000003e-25
2359.328995,5.6510000000000005e-25
2359.34362,5.959000000000001e-25
2359.401177,9.88e-26
2359.412306,1.022e-25
2359.428637,6.416e-25
2359.434678,1.889e-25
2359.444305,6.788e-25
2359.462222,1.033e-23
2359.468624,8.453e-24
2359.4719,9.103e-25
2359.4728,9.327e-25
2359.474,8.68e-25
2359.4765,8.91e-25
2359.522299,7.28e-25
2359.528925,2.593e-24
2359.539156,7.731e-25
2359.548916,1.142e-25
2359.560584,1.183e-25
2359.5622,6.346e-25
2359.5657,6.041e-25
2359.609962,8.259e-25
2359.628192,8.807e-25
2359.636727,2.151e-24
2359.649895,1.317e-25
2359.6664,7.949e-25
2359.6687,7.581000000000001e-25
2359.690929,1.316e-25
2359.691598,9.371e-25
2359.703179,1.365e-25
2359.711432,1.004e-24
2359.766668,7.78e-24
2359.767164,1.064e-24
2359.7824,1.783e-25
2359.788907,1.147e-24
2359.791978,6.4409999999999996e-24
2359.827212,1.513e-25
2359.836599,1.211e-24
2359.8369,1.362e-25
2359.840094,1.572e-25
2359.8447,2.619e-25
2359.86066,1.314e-24
2359.8613,1.663e-25
2359.8702,1.245e-25
2359.8837,2.907e-25
2359.899804,1.381e-24
2359.926754,1.511e-24
2359.956609,1.582e-24
2359.957764,1.736e-25
2359.966897,5.882e-26
2359.971334,1.807e-25
2359.987289,1.747e-24
2360.00669,1.8209999999999998e-24
2360.006707,6.157000000000001e-26
2360.0143,2.784e-25
2360.0226,2.6420000000000003e-25
2360.042436,2.036e-24
2360.049339,2.111e-24
2360.079488,6.842000000000001e-26
2360.08258,1.986e-25
2360.09252,2.401e-24
2360.096904,2.072e-25
2360.116255,1.532e-25
2360.126878,1.209e-23
2360.133294,1.023e-23
2360.201656,2.269e-25
2360.21681,2.372e-25
2360.2608,7.674e-25
2360.2639,7.335e-25
2360.2737,9.1e-25
2360.2765,6.119e-25
2360.2773,8.711e-25
2360.2798,5.838e-25
2360.314985,2.587e-25
2360.331059,2.71e-25
2360.356246,4.604e-24
2360.415308,3.89e-24
2360.422559,2.944e-25
2360.439659,3.093e-25
2360.479254,1.157e-25
2360.524366,3.346e-25
2360.542621,3.526e-25
2360.5493,2.612e-25
2360.574514,9.511e-24
2360.5844,1.372e-25
2360.5846,2.869e-25
2360.5893,1.66e-25
2360.591425,8.103e-24
2360.6142,1.264e-25
2360.620392,3.799e-25
2360.639958,4.016e-25
2360.642047,5.054e-26
2360.6667,1.56e-25
2360.710617,4.311e-25
2360.731686,4.574e-25
2360.7371,2.739e-25
2360.7444,2.606e-25
2360.769654,5.652000000000001e-26
2360.783538,5.850000000000001e-26
2360.795013,4.891e-25
2360.8015,8.439e-25
2360.8054,8.092e-25
2360.817826,5.211e-25
2360.873538,5.55e-25
2360.875709,1.461e-23
2360.877563,1.265e-23
2360.887213,1.4050000000000002e-25
2360.8946,8.246e-25
2360.8967,7.894000000000001e-25
2360.89841,5.942000000000001e-25
2360.905044,6.515000000000001e-26
2360.919614,6.753000000000001e-26
2360.941918,6.961e-26
2360.946134,6.3030000000000005e-25
2360.973479,6.787e-25
2360.9781,5.864e-25
2360.9813,5.607000000000001e-25
2361.012707,7.171e-25
2361.034963,7.492e-26
2361.043094,7.773e-25
2361.050277,7.778000000000001e-26
2361.073103,8.18e-25
2361.078159,1.304e-25
2361.088,7.223000000000001e-25
2361.0902,6.917000000000001e-25
2361.096031,1.361e-23
2361.09936,1.18e-23
2361.107349,8.938e-25
2361.127041,9.366e-25
2361.138911,1.813e-24
2361.159406,8.594e-26
2361.166402,1.034e-24
2361.17042,6.252e-24
2361.173949,1.078e-24
2361.175534,8.938000000000001e-26
2361.20801,5.3889999999999996e-24
2361.220531,1.2049999999999999e-24
2361.2478,2.579e-25
2361.255304,1.578e-24
2361.278369,9.836e-26
2361.2798,2.8090000000000003e-25
2361.29539,1.025e-25
2361.299605,1.008e-25
2361.3251,1.369e-25
2361.3518,1.269e-25
2361.379238,1.101e-23
2361.391327,9.588e-24
2361.391846,1.124e-25
2361.3932,1.533e-25
2361.409853,1.173e-25
2361.4534,2.672e-25
2361.4599,2.548e-25
2361.4688,1.453e-25
2361.499826,1.281e-25
2361.518931,1.341e-25
2361.5989,8.115e-25
2361.602301,1.458e-25
2361.6028,7.794e-25
2361.622634,1.53e-25
2361.6355,6.912000000000001e-25
2361.6385,6.63e-25
2361.6816,5.581e-25
2361.6846,5.3470000000000005e-25
2361.690714,1.501e-23
2361.691122,1.092e-25
2361.695412,1.3249999999999998e-23
2361.699255,1.657e-25
2361.720975,1.744e-25
2361.781557,6.542000000000001e-26
2361.790668,1.882e-25
2361.813971,1.987e-25
2361.876514,2.135e-25
2361.901643,2.263e-25
2361.9402,2.524e-25
2361.956754,2.423e-25
2361.961575,3.2569999999999998e-24
2361.9691,2.727e-25
2361.975294,7.638e-24
2361.98402,2.578e-25
2362.001324,6.698999999999999e-24
2362.031333,2.749e-25
2362.031911,2.8549999999999998e-24
2362.0589,1.354e-25
2362.061141,2.94e-25
2362.0829,1.262e-25
2362.100166,3.1220000000000003e-25
2362.1006,7.467e-25
2362.103205,8.765e-26
2362.1046,7.184e-25
2362.133064,3.358e-25
2362.163116,3.552e-25
2362.1632,2.588e-25
2362.1691,2.474e-25
2362.170192,1.231e-23
2362.179481,1.09e-23
2362.1938,1.41e-25
2362.199875,3.846e-25
2362.219946,4.051e-25
2362.261712,4.423e-25
2362.2678,1.343e-25
2362.270197,4.637000000000001e-25
2362.2897,7.294e-25
2362.292,7.007e-25
2362.318813,5.116e-25
2362.3686,5.283000000000001e-25
2362.3715,5.07e-25
2362.451112,1.719e-23
2362.453112,1.537e-23
2362.465886,1.011e-25
2362.4881,6.406e-25
2362.4901,6.156e-25
2362.605033,5.959000000000001e-26
2362.624273,5.126e-26
2362.6263,2.449e-25
2362.645983,5.359e-26
2362.6526,2.629e-25
2362.692685,9.496e-26
2362.704444,1.613e-23
2362.706648,1.444e-23
2362.720066,5.835000000000001e-26
2362.743191,6.116e-26
2362.77156,4.441e-24
2362.772309,8.814e-24
2362.7859,1.329e-25
2362.791384,7.84e-24
2362.8076,1.245e-25
2362.810667,6.633000000000001e-26
2362.818767,3.936e-24
2362.835398,6.973000000000001e-26
2362.8665,2.4890000000000003e-25
2362.8718,2.383e-25
2362.8912,7.081e-25
2362.8953,6.822e-25
2362.896052,7.532e-26
2362.906649,1.134e-24
2362.90744,7.648e-26
2362.922624,7.944000000000001e-26
2362.964899,1.342e-23
2362.972137,1.204e-23
2362.976185,8.547000000000001e-26
2362.9823,6.083e-25
2362.9853,5.853e-25
2362.9914,1.289e-25
2363.004895,9.048e-26
2363.027344,1.016e-24
2363.051015,9.697e-26
2363.0621,4.968000000000001e-25
2363.0636,1.235e-25
2363.0648,4.776e-25
2363.082248,1.031e-25
2363.12047,1.1e-25
2363.154735,1.175e-25
2363.18443,1.25e-25
2363.222432,1.343e-25
2363.226542,1.719e-23
2363.230578,1.556e-23
2363.235612,8.098e-26
2363.2427,1.422e-25
2363.285458,1.538e-25
2363.294919,1.621e-25
2363.3063,2.357e-25
2363.3303,2.517e-25
2363.34401,1.769e-25
2363.3699,6.468e-25
2363.374,6.238000000000001e-25
2363.415888,5.353e-26
2363.5061,1.294e-25
2363.5258,1.217e-25
2363.562212,9.804e-24
2363.5633,2.377e-25
2363.5681,2.281e-25
2363.572206,5.426e-24
2363.576785,8.823e-24
2363.605968,4.861e-24
2363.6569,6.3090000000000005e-25
2363.6594,6.08e-25
2363.689803,6.675000000000001e-26
2363.722456,2.05e-24
2363.7336,4.65e-25
2363.7363,4.476e-25
2363.738341,1.435e-23
2363.744453,1.3e-23
2363.7857,1.171e-25
2363.800461,1.842e-24
2363.8562,1.128e-25
2363.8665,5.551e-25
2363.8684,5.35e-25
2363.9801,2.251e-25
2363.998371,1.9e-23
2364.000537,1.734e-23
2364.002,2.392e-25
2364.016557,7.54e-26
2364.1504,6.054e-25
2364.1546,5.847e-25
2364.2196,1.25e-25
2364.2375,1.181e-25
2364.2536,2.257e-25
2364.258,2.1680000000000003e-25
2364.280364,7.117e-26
2364.287659,1.7879999999999998e-23
2364.289364,1.633e-23
2364.3011,5.238e-25
2364.3042,5.055e-25
2364.345218,1.062e-23
2364.356724,9.654e-24
2364.364938,6.2459999999999996e-24
2364.390169,5.65e-24
2364.4182,4.321000000000001e-25
2364.4207,4.167e-25
2364.483635,5.854e-26
2364.525918,1.509e-23
2364.526038,2.8019999999999998e-24
2364.530873,1.379e-23
2364.577,1.059e-25
2364.580538,2.5339999999999998e-24
2364.6094,5.489e-25
2364.6136,5.307000000000001e-25
2364.6458,1.024e-25
2364.6478,2.135e-25
2364.6677,2.258e-25
2364.734395,1.86e-23
2364.738165,1.712e-23
2364.750935,6.134e-26
2364.791226,6.3180000000000005e-25
2364.913706,5.778e-25
2364.9263,1.199e-25
2364.9374,2.129e-25
2364.9414,2.048e-25
2364.9427,1.138e-25
2364.9956,5.3410000000000005e-25
2364.9983,5.159e-25
2365.0726,3.997e-25
2365.0757,3.863e-25
2365.121752,1.128e-23
2365.131082,1.034e-23
2365.150457,6.921e-24
2365.16994,6.314e-24
2365.223,4.705e-25
2365.2249,4.546e-25
2365.244702,5.125e-26
2365.279771,1.566e-23
2365.284316,1.4419999999999998e-23
2365.3092,2.011e-25
2365.320214,3.422e-24
2365.3274,2.119e-25
2365.360232,3.116e-24
2365.3764,5.073e-25
2365.3809,4.911e-25
2365.516822,2.002e-23
2365.519171,1.853e-23
2365.53859,5.721e-26
2365.5917,4.417e-25
2365.5949,4.272e-25
2365.602289,1.147e-24
2365.6147,1.996e-25
2365.6189,1.906e-25
2365.6264,1.145e-25
2365.6414,1.088e-25
2365.685559,1.049e-24
2365.7497,3.678e-25
2365.7523,3.554e-25
2365.8187,4.567e-25
2365.8231,4.424e-25
2365.841841,5.413000000000001e-26
2365.845555,1.886e-23
2365.847024,1.747e-23
2365.891547,1.179e-23
2365.899293,1.088e-23
2365.929139,7.466e-24
2365.944578,6.859999999999999e-24
2365.9644,1.881e-25
2365.9811,1.976e-25
2366.063272,1.605e-23
2366.066981,1.487e-23
2366.106286,3.9299999999999995e-24
2366.136718,3.603e-24
2366.21416,1.927e-23
2366.217843,1.794e-23
2366.2855,1.861e-25
2366.289,1.796e-25
2366.3055,4.429e-25
2366.3083,4.288e-25
2366.3198,1.085e-25
2366.3337,1.034e-25
2366.3867,3.372e-25
2366.3894,3.261e-25
2366.401965,1.569e-24
2366.462114,1.44e-24
2366.5574,3.903e-25
2366.5592,3.779e-25
2366.5696,4.171e-25
2366.5743,4.045e-25
2366.6134,1.749e-25
2366.6286,1.831e-25
2366.655283,1.216e-23
2366.661836,1.128e-23
2366.701203,7.889e-24
2366.7137,7.295e-24
2366.743076,3.113e-25
2366.794641,1.628e-23
2366.798341,1.517e-23
2366.8539,3.6499999999999998e-25
2366.8571,3.537e-25
2366.86584,2.889e-25
2366.884929,4.341e-24
2366.908687,4.004e-24
2366.9497,1.7260000000000002e-25
2366.9531,1.666e-25
2366.998,3.727e-25
2367.0025,3.617e-25
2367.00579,2.029e-23
2367.0066,1.022e-25
2367.008342,1.897e-23
2367.0574,3.064e-25
2367.0599,2.9680000000000003e-25
2367.192594,1.914e-24
2367.237838,1.765e-24
2367.2562,1.615e-25
2367.2702,1.686e-25
2367.377911,1.912e-23
2367.379274,1.7879999999999998e-23
2367.412084,1.238e-23
2367.417738,1.155e-23
2367.466788,8.199999999999999e-24
2367.477084,7.624e-24
2367.54932,5.6580000000000005e-25
2367.577595,1.636e-23
2367.580548,1.531e-23
2367.5858,3.5980000000000004e-25
2367.5887,3.489e-25
2367.6075,1.591e-25
2367.6107,1.538e-25
2367.636131,5.247e-25
2367.656527,4.663e-24
2367.665672,1.925e-23
2367.669363,1.808e-23
2367.6747,2.782e-25
2367.675443,4.324e-24
2367.6774,2.696e-25
2367.7303,3.366e-25
2367.7351,3.269e-25
2367.8691,3.171e-25
2367.8709,3.076e-25
2367.8927,1.4830000000000002e-25
2367.9054,1.545e-25
2367.975329,2.193e-24
2368.010377,2.032e-24
2368.0874,2.9570000000000004e-25
2368.0908,2.871e-25
2368.1469,2.9850000000000003e-25
2368.1516,2.902e-25
2368.163347,1.248e-23
2368.168288,1.1699999999999998e-23
2368.225974,8.406e-24
2368.234589,7.852999999999999e-24
2368.2588,1.458e-25
2368.2618,1.412e-25
2368.282911,1.6289999999999998e-23
2368.286135,1.531e-23
2368.3412,2.5010000000000003e-25
2368.3436,2.426e-25
2368.344946,7.736e-25
2368.409373,7.188e-25
2368.42131,4.905e-24
2368.43585,4.508e-24
2368.464609,1.989e-23
2368.467382,1.875e-23
2368.5231,1.352e-25
2368.5348,1.407e-25
2368.714612,1.338e-25
2368.750798,2.414e-24
2368.778567,2.247e-24
2368.836978,1.255e-25
2368.8399,2.78e-25
2368.8409,2.269e-25
2368.8588,2.6650000000000003e-25
2368.8638,2.594e-25
2368.884454,1.872e-23
2368.885785,1.765e-23
2368.9036,1.331e-25
2368.9064,1.289e-25
2368.907136,1.247e-23
2368.911539,1.173e-23
2368.9368,2.249e-25
2368.9395,2.185e-25
2368.97883,8.515e-24
2368.986133,7.989e-24
2369.069384,1.609e-23
2369.071837,1.517e-23
2369.088754,1.863e-23
2369.092507,1.7619999999999998e-23
2369.13189,9.419999999999999e-25
2369.1471,1.228e-25
2369.1576,2.524e-25
2369.1577,1.275e-25
2369.1594,2.453e-25
2369.179423,5.073e-24
2369.18133,8.779e-25
2369.192162,4.748e-24
2369.2655,2.348e-25
2369.2703,2.286e-25
2369.2921,2.35e-25
2369.2955,2.285e-25
2369.516719,2.43e-25
2369.519368,2.583e-24
2369.541768,2.415e-24
2369.5418,1.207e-25
2369.5445,1.171e-25
2369.6014,2.001e-25
2369.6038,1.944e-25
2369.606092,2.277e-25
2369.646219,1.234e-23
2369.650163,1.165e-23
2369.725421,8.533e-24
2369.731645,8.037e-24
2369.744459,1.578e-23
2369.747413,1.493e-23
2369.765,1.108e-25
2369.7748,1.148e-25
2369.892645,1.893e-23
2369.895654,1.795e-23
2369.911162,1.076e-24
2369.930962,5.174e-24
2369.941553,4.862e-24
2369.950052,1.0059999999999999e-24
2369.9559,2.074e-25
2369.9611,2.021e-25
2370.0564,2.242e-25
2370.0597,2.1820000000000003e-25
2370.1729,1.784e-25
2370.1736,1.09e-25
2370.1756,1.735e-25
2370.1761,1.058e-25
2370.281263,2.706e-24
2370.299602,2.539e-24
2370.308953,3.3160000000000003e-25
2370.3537,1.813e-25
2370.3586,1.767e-25
2370.364877,1.779e-23
2370.366223,1.688e-23
2370.37683,1.211e-23
2370.376851,3.111e-25
2370.380446,1.147e-23
2370.3852,1.029e-25
2370.4221,1.97e-25
2370.424,1.917e-25
2370.465573,8.473e-24
2370.4676,1.833e-25
2370.471101,8.006e-24
2370.4712,1.785e-25
2370.483221,1.753e-23
2370.487072,1.667e-23
2370.53905,1.534e-23
2370.541146,1.456e-23
2370.67599,5.213e-24
2370.683332,1.181e-24
2370.684906,4.916e-24
2370.714516,1.108e-24
2370.8383,1.569e-25
2370.8406,1.527e-25
2371.0224,1.584e-25
2371.0276,1.546e-25
2371.036629,2.786e-24
2371.051831,2.623e-24
2371.092918,4.026e-25
2371.104075,1.18e-23
2371.107377,1.121e-23
2371.14597,3.784e-25
2371.179124,1.483e-23
2371.181934,1.4109999999999998e-23
2371.199608,8.339e-24
2371.204443,7.903e-24
2371.245,1.7210000000000002e-25
2371.2486,1.677e-25
2371.289318,1.753e-23
2371.292578,1.6709999999999998e-23
2371.3828,1.388e-25
2371.3855,1.352e-25
2371.4112,1.375e-25
2371.414553,5.197e-24
2371.4163,1.342e-25
2371.422134,4.917e-24
2371.448746,1.258e-24
2371.45874,8.849000000000001e-26
2371.474139,1.184e-24
2371.550263,8.365e-26
2371.6139,1.4040000000000002e-25
2371.6176,1.368e-25
2371.6618,1.507e-25
2371.6638,1.469e-25
2371.78556,2.827e-24
2371.7983,2.671e-24
2371.818843,1.644e-23
2371.820237,1.568e-23
2371.821204,1.142e-23
2371.824311,1.087e-23
2371.848896,1.6059999999999998e-23
2371.852866,1.535e-23
2371.869491,4.583e-25
2371.911829,4.318000000000001e-25
2371.927405,8.141e-24
2371.931695,7.736e-24
2371.986914,1.422e-23
2371.98874,1.3559999999999998e-23
2372.052,1.207e-25
2372.0543,1.176e-25
2372.0596,1.188e-25
2372.0651,1.16e-25
2372.146682,5.132e-24
2372.153186,4.8689999999999996e-24
2372.20762,1.312e-24
2372.228562,1.238e-24
2372.248671,1.204e-25
2372.319677,1.138e-25
2372.4019,1.297e-25
2372.4061,1.252e-25
2372.4383,1.025e-25
2372.4435,1.002e-25
2372.528122,2.835e-24
2372.537063,1.097e-23
2372.538899,2.686e-24
2372.539935,1.047e-23
2372.5663,1.059e-25
2372.5691,1.033e-25
2372.586728,1.358e-23
2372.589474,1.298e-23
2372.639185,5.0060000000000005e-25
2372.648929,7.887e-24
2372.652775,7.513e-24
2372.654134,1.584e-23
2372.657656,1.516e-23
2372.673538,4.728e-25
2372.7304,1.056e-25
2372.7346,1.03e-25
2372.872401,5.023e-24
2372.8761,1.131e-25
2372.878028,4.778e-24
2372.8782,1.104e-25
2372.960098,1.344e-24
2372.977553,1.272e-24
2373.030799,1.455e-25
2373.087222,1.378e-25
2373.185605,1.4369999999999998e-23
2373.189709,1.378e-23
2373.240251,1.047e-23
2373.243023,1.001e-23
2373.245985,1.4809999999999998e-23
2373.247451,1.418e-23
2373.264358,2.812e-24
2373.273553,2.671e-24
2373.364286,7.587e-24
2373.367765,7.243e-24
2373.40232,5.309000000000001e-25
2373.413197,1.285e-23
2373.414805,1.2299999999999998e-23
2373.43057,5.0270000000000005e-25
2373.591725,4.8769999999999996e-24
2373.596633,4.649e-24
2373.706275,1.357e-24
2373.720957,1.288e-24
2373.805883,1.6490000000000002e-25
2373.851548,1.5630000000000002e-25
2373.945319,9.928e-24
2373.947897,9.51e-24
2373.967079,1.213e-23
2373.969813,1.163e-23
2373.986709,1.397e-23
2373.990499,1.342e-23
2373.994298,2.762e-24
2374.002205,2.631e-24
2374.073348,7.247e-24
2374.076525,6.933e-24
2374.159102,5.507e-25
2374.182591,5.227e-25
2374.304668,4.699e-24
2374.30898,4.489e-24
2374.446216,1.353e-24
2374.458665,1.288e-24
2374.493182,1.256e-23
2374.497433,1.209e-23
2374.574381,1.791e-25
2374.611883,1.702e-25
2374.633933,9.357e-24
2374.636482,8.979e-24
2374.645906,1.303e-23
2374.647464,1.252e-23
2374.717965,2.69e-24
2374.724812,2.567e-24
2374.77631,6.877999999999999e-24
2374.779233,6.592e-24
2374.81799,1.133e-23
2374.819421,1.089e-23
2374.909667,5.612000000000001e-25
2374.92938,5.3390000000000005e-25
2375.011239,4.4949999999999996e-24
2375.015056,4.303e-24
2375.179966,1.3349999999999999e-24
2375.190597,1.273e-24
2375.286789,1.205e-23
2375.290848,1.161e-23
2375.319975,1.058e-23
2375.322734,1.018e-23
2375.328992,8.766e-24
2375.331361,8.425e-24
2375.336587,1.889e-25
2375.367752,1.7980000000000002e-25
2375.435371,2.598e-24
2375.441342,2.484e-24
2375.472914,6.486e-24
2375.475627,6.227e-24
2375.65411,5.636000000000001e-25
2375.670787,5.373e-25
2375.711444,4.271e-24
2375.714848,4.096e-24
2375.771473,1.075e-23
2375.77588,1.036e-23
2375.907558,1.304e-24
2375.916693,1.247e-24
2376.002183,8.165e-24
2376.004589,7.859999999999999e-24
2376.01818,1.12e-23
2376.019849,1.079e-23
2376.092694,1.947e-25
2376.118849,1.857e-25
2376.146526,2.49e-24
2376.151768,2.386e-24
2376.163521,6.079e-24
2376.166054,5.846e-24
2376.201246,9.762e-24
2376.202528,9.408e-24
2376.392496,5.589e-25
2376.405288,4.031e-24
2376.406701,5.34e-25
2376.408345,3.872e-24
2376.44869,5.107e-26
2376.554263,1.017e-23
2376.558588,9.823e-24
2376.629012,1.263e-24
2376.636909,1.209e-24
2376.645213,9.019e-24
2376.648023,8.703e-24
2376.688241,7.562e-24
2376.690458,7.289e-24
2376.842831,1.972e-25
2376.847655,5.664e-24
2376.850041,5.4539999999999996e-24
2376.851437,2.369e-24
2376.856068,2.2739999999999998e-24
2376.864965,1.884e-25
2377.020337,8.996e-24
2377.024906,8.697999999999999e-24
2377.092777,3.781e-24
2377.095543,3.637e-24
2377.124872,5.482e-25
2377.137044,5.247e-25
2377.211928,5.343e-26
2377.246275,5.111e-26
2377.344345,1.213e-24
2377.344916,6.965e-24
2377.347232,6.722e-24
2377.351209,1.163e-24
2377.36235,9.421e-24
2377.364147,9.101e-24
2377.525955,5.247e-24
2377.528212,5.059e-24
2377.550106,2.239e-24
2377.554224,2.152e-24
2377.562761,8.227e-24
2377.563921,7.948e-24
2377.587091,1.967e-25
2377.605956,1.883e-25
2377.77391,3.524e-24
2377.77643,3.395e-24
2377.789162,8.408e-24
2377.793746,8.139e-24
2377.851268,5.3240000000000005e-25
2377.861755,5.104e-25
2377.942583,7.527999999999999e-24
2377.945464,7.281e-24
2377.969409,5.465000000000001e-26
2377.998536,5.235e-26
2378.023245,6.379e-24
2378.025347,6.164e-24
2378.053566,1.156e-24
2378.059562,1.111e-24
2378.19759,4.832e-24
2378.199744,4.666e-24
2378.239643,7.378e-24
2378.242535,2.102e-24
2378.244379,7.149e-24
2378.246219,2.024e-24
2378.325536,1.938e-25
2378.341715,1.858e-25
2378.448694,3.266e-24
2378.451008,3.151e-24
2378.571708,5.124e-25
2378.580788,4.921e-25
2378.662025,5.812e-24
2378.664292,5.623e-24
2378.677932,7.754999999999999e-24
2378.679872,7.508e-24
2378.721258,5.487e-26
2378.746147,5.264000000000001e-26
2378.756682,1.094e-24
2378.761946,1.052e-24
2378.863646,4.4259999999999996e-24
2378.865705,4.279e-24
2378.902179,6.786e-24
2378.903242,6.57e-24
2378.928723,1.961e-24
2378.932041,1.8899999999999998e-24
2378.991654,6.811e-24
2378.996484,6.606e-24
2379.058213,1.888e-25
2379.072163,1.813e-25
2379.117122,3.009e-24
2379.119262,2.907e-24
2379.211875,6.153e-24
2379.214841,5.963e-24
2379.286208,4.891e-25
2379.294103,4.704e-25
2379.334202,5.2669999999999996e-24
2379.336214,5.101e-24
2379.429277,5.932e-24
2379.434184,5.758e-24
2379.453695,1.028e-24
2379.45834,9.903e-25
2379.46756,5.427e-26
2379.488969,5.214000000000001e-26
2379.522731,4.0319999999999996e-24
2379.524721,3.9019999999999996e-24
2379.608669,1.818e-24
2379.611676,1.755e-24
2379.779206,2.757e-24
2379.7812,2.6659999999999998e-24
2379.785154,1.821e-25
2379.79724,1.751e-25
2379.953386,4.749e-24
2379.955632,4.604e-24
2379.964411,6.253e-24
2379.966512,6.066e-24
2379.994778,4.633e-25
2380.001672,4.462e-25
2380.144607,9.593e-25
2380.148725,9.256e-25
2380.162008,5.41e-24
2380.16707,5.256e-24
2380.176629,3.654e-24
2380.178547,3.5399999999999995e-24
2380.20838,5.299000000000001e-26
2380.219003,5.481e-24
2380.219995,5.317e-24
2380.2269,5.098000000000001e-26
2380.282372,1.676e-24
2380.285114,1.62e-24
2380.434931,2.512e-24
2380.436802,2.432e-24
2380.452878,4.928e-24
2380.45594,4.785e-24
2380.506383,1.74e-25
2380.516898,1.676e-25
2380.589137,4.676e-24
2380.594217,4.546e-24
2380.621332,4.259e-24
2380.623265,4.133e-24
2380.697425,4.3560000000000005e-25
2380.703468,4.201e-25
2380.82309,3.293e-24
2380.824964,3.193e-24
2380.829418,8.898e-25
2380.833087,8.596e-25
2380.94376,5.115e-26
2380.949827,1.536e-24
2380.952345,1.486e-24
2381.084318,2.2759999999999998e-24
2381.086086,2.206e-24
2381.218855,3.801e-24
2381.221103,3.691e-24
2381.221251,4.941e-24
2381.221915,1.6490000000000002e-25
2381.223528,4.801e-24
2381.231099,1.59e-25
2381.300572,4.215e-24
2381.305859,4.1009999999999996e-24
2381.394153,4.067e-25
2381.39947,3.927e-25
2381.464948,2.953e-24
2381.466764,2.866e-24
2381.508126,8.203000000000001e-25
2381.511411,7.934e-25
2381.512621,4.338e-24
2381.513567,4.216e-24
2381.611031,1.3999999999999999e-24
2381.613359,1.356e-24
2381.665376,3.869e-24
2381.668553,3.763e-24
2381.719133,3.616e-24
2381.724389,3.521e-24
2381.727336,2.052e-24
2381.729019,1.99e-24
2381.884867,3.375e-24
2381.88673,3.28e-24
2381.931761,1.551e-25
2381.939812,1.497e-25
2382.084964,3.772e-25
2382.089659,3.647e-25
2382.098679,2.634e-24
2382.10047,2.559e-24
2382.180729,7.518000000000001e-25
2382.183685,7.278e-25
2382.26598,1.2689999999999999e-24
2382.268146,1.23e-24
2382.364026,1.84e-24
2382.365638,1.786e-24
2382.407739,3.222e-24
2382.413284,3.139e-24
2382.447893,3.828e-24
2382.450364,3.725e-24
2382.458274,2.982e-24
2382.46054,2.901e-24
2382.63593,1.447e-25
2382.64301,1.3990000000000002e-25
2382.728652,2.338e-24
2382.730394,2.273e-24
2382.769857,3.4770000000000003e-25
2382.774018,3.365e-25
2382.782332,3.365e-24
2382.783259,3.275e-24
2382.81919,2.744e-24
2382.824624,2.676e-24
2382.847222,6.85e-25
2382.84912,2.979e-24
2382.849897,6.6380000000000005e-25
2382.85247,2.901e-24
2382.91467,1.143e-24
2382.916699,1.11e-24
2382.99433,1.642e-24
2382.995886,1.5949999999999999e-24
2383.125057,2.622e-24
2383.126851,2.552e-24
2383.334425,1.341e-25
2383.340671,1.298e-25
2383.349507,2.065e-24
2383.351242,2.009e-24
2383.448831,3.185e-25
2383.452532,3.086e-25
2383.483908,2.418e-24
2383.490128,2.358e-24
2383.507602,6.206e-25
2383.510036,6.02e-25
2383.557095,1.025e-24
2383.559009,9.958e-25
2383.618321,1.457e-24
2383.619831,1.417e-24
2383.64377,2.908e-24
2383.64645,2.834e-24
2383.671468,2.294e-24
2383.673767,2.235e-24
2383.889246,2.044e-24
2383.894858,1.995e-24
2383.967803,1.815e-24
2383.969492,1.767e-24
2384.003529,2.25e-24
2384.007491,2.194e-24
2384.027248,1.235e-25
2384.027388,2.56e-24
2384.028322,2.495e-24
2384.032774,1.196e-25
2384.121884,2.9e-25
2384.125188,2.8120000000000003e-25
2384.161865,5.591e-25
2384.164091,5.429e-25
2384.193252,9.144e-25
2384.195068,8.889e-25
2384.235902,1.286e-24
2384.237376,1.252e-24
2384.342156,1.997e-24
2384.343877,1.9469999999999998e-24
2384.49649,9.909e-25
2384.529466,1.781e-24
2384.575585,1.587e-24
2384.577284,1.546e-24
2384.596067,7.479e-25
2384.7144,1.13e-25
2384.719304,1.095e-25
2384.789011,2.625e-25
2384.791973,2.548e-25
2384.808308,2.168e-24
2384.810004,5.0110000000000005e-25
2384.811215,2.115e-24
2384.812054,4.869e-25
2384.823134,8.114e-25
2384.824869,7.893000000000001e-25
2384.847194,1.131e-24
2384.848641,1.101e-24
2384.858258,1.731e-24
2384.860592,1.688e-24
2384.929249,1.495e-24
2384.935039,1.4609999999999999e-24
2385.069117,7.248000000000001e-25
2385.13342,1.629e-24
2385.168694,9.441e-25
2385.182475,1.381e-24
2385.184125,1.346e-24
2385.247022,1.91e-24
2385.247989,1.863e-24
2385.39588,1.027e-25
2385.400244,9.966e-26
2385.446737,7.163e-25
2385.448404,6.9730000000000005e-25
2385.45021,2.363e-25
2385.452015,4.466e-25
2385.452036,9.885e-25
2385.452876,2.296e-25
2385.453464,9.632e-25
2385.453914,4.343000000000001e-25
2385.536424,1.492e-24
2385.538058,1.456e-24
2385.544766,1.289e-24
2385.562215,1.213e-24
2385.776928,1.196e-24
2385.778603,1.166e-24
2385.939158,1.0739999999999999e-24
2385.940948,1.586e-24
2385.944096,1.549e-24
2385.945128,1.05e-24
2386.018316,1.281e-24
2386.020813,1.251e-24
2386.050629,8.601e-25
2386.052043,8.386e-25
2386.064055,6.292000000000001e-25
2386.065667,6.129e-25
2386.071685,9.279e-26
2386.07558,9.013e-26
2386.087893,3.96e-25
2386.089663,3.854e-25
2386.105475,2.115e-25
2386.107886,2.057e-25
2386.214943,1.17e-24
2386.23007,1.186e-24
2386.372754,1.03e-24
2386.374375,1.0059999999999999e-24
2386.440478,1.3979999999999999e-24
2386.4415,1.365e-24
2386.530127,9.157e-25
2386.538532,8.95e-25
2386.642713,7.447e-25
2386.64412,7.266000000000001e-25
2386.675081,5.499e-25
2386.676649,5.3599999999999995e-25
2386.707998,1.094e-24
2386.709625,1.069e-24
2386.71763,3.493e-25
2386.719292,3.402e-25
2386.741812,8.335e-26
2386.745299,8.103e-26
2386.754802,1.883e-25
2386.756992,1.832e-25
2386.918943,7.574000000000001e-25
2386.925092,7.414e-25
2386.95355,8.838e-25
2386.955213,8.631e-25
2387.041155,1.1379999999999999e-24
2387.044559,1.113e-24
2387.15173,9.308e-25
2387.154221,9.099e-25
2387.22861,6.418e-25
2387.230014,6.265000000000001e-25
2387.279813,4.782e-25
2387.281345,4.665000000000001e-25
2387.291186,8.66e-25
2387.297263,8.48e-25
2387.341222,3.066e-25
2387.342792,2.9880000000000003e-25
2387.398185,1.668e-25
2387.400184,1.624e-25
2387.406259,7.444e-26
2387.40939,7.243e-26
2387.485834,6.392e-25
2387.493438,6.258000000000001e-25
2387.538745,7.545000000000001e-25
2387.540342,7.372e-25
2387.607028,1.004e-24
2387.608127,9.815e-25
2387.80791,5.504e-25
2387.809318,5.376e-25
2387.857265,7.874000000000001e-25
2387.858781,7.699999999999998e-25
2387.868582,5.249e-25
2387.87491,5.142e-25
2387.87824,4.139e-25
2387.879745,4.04e-25
2387.958662,2.677e-25
2387.960156,2.61e-25
2388.035618,1.469e-25
2388.037453,1.431e-25
2388.065019,6.612e-26
2388.06784,6.437000000000001e-26
2388.105471,6.409e-25
2388.107129,6.266000000000001e-25
2388.10844,8.022e-25
2388.112111,7.852000000000001e-25
2388.25804,6.6380000000000005e-25
2388.260598,6.494e-25
2388.329548,6.079e-25
2388.334835,5.953000000000001e-25
2388.381118,4.6980000000000005e-25
2388.382531,4.592e-25
2388.412174,4.384e-25
2388.419599,4.296e-25
2388.470363,3.565e-25
2388.471848,3.481e-25
2388.569944,2.3260000000000003e-25
2388.571374,2.27e-25
2388.667096,1.287e-25
2388.668789,1.255e-25
2388.680568,5.42e-25
2388.682146,5.302000000000001e-25
2388.71809,5.840000000000001e-26
2388.72064,5.69e-26
2388.745987,7.073e-25
2388.747183,6.924000000000001e-25
2388.788061,3.573e-25
2388.794569,3.503e-25
2388.947602,3.992e-25
2388.949028,3.903e-25
2388.984256,5.562e-25
2388.985683,5.445e-25
2389.056168,3.056e-25
2389.057639,2.9850000000000003e-25
2389.142378,5.552e-25
2389.146326,5.439e-25
2389.175061,2.011e-25
2389.17644,1.963e-25
2389.232716,4.562e-25
2389.234375,4.464e-25
2389.292612,1.122e-25
2389.294185,1.095e-25
2389.309498,2.954e-25
2389.316896,2.897e-25
2389.337088,4.647000000000001e-25
2389.337498,4.188e-25
2389.339721,4.55e-25
2389.342631,4.104e-25
2389.365464,5.13e-26
2389.367779,5.0020000000000005e-26
2389.508134,3.376e-25
2389.50957,3.3020000000000003e-25
2389.635659,2.606e-25
2389.637121,2.548e-25
2389.677375,2.391e-25
2389.684061,2.345e-25
2389.774008,1.73e-25
2389.775344,1.69e-25
2389.798363,3.822e-25
2389.799922,3.742e-25
2389.856712,4.893e-25
2389.858024,4.794e-25
2389.91216,9.733e-26
2389.91363,9.501e-26
2390.061761,2.841e-25
2390.063216,2.781e-25
2390.089082,3.858e-25
2390.090421,3.779e-25
2390.142628,3.773e-25
2390.146858,3.7e-25
2390.178395,1.956e-25
2390.185803,1.92e-25
2390.208818,2.213e-25
2390.210276,2.1640000000000003e-25
2390.315361,2.833e-25
2390.320512,2.779e-25
2390.335319,3.187e-25
2390.336983,3.1210000000000003e-25
2390.366777,1.4810000000000002e-25
2390.368081,1.448e-25
2390.388652,3.194e-25
2390.391367,3.1310000000000003e-25
2390.525735,8.4e-26
2390.527117,8.204e-26
2390.536528,1.572e-25
2390.543392,1.543e-25
2390.609639,2.38e-25
2390.611108,2.3310000000000003e-25
2390.775655,1.87e-25
2390.777111,1.83e-25
2390.892287,2.6460000000000003e-25
2390.893828,2.593e-25
2390.93861,3.323e-25
2390.940054,3.258e-25
2390.953362,1.262e-25
2390.954642,1.234e-25
2391.020279,1.272e-25
2391.027647,1.249e-25
2391.108954,2.519e-25
2391.113468,2.472e-25
2391.133328,7.213e-26
2391.134638,7.049e-26
2391.150355,1.985e-25
2391.15185,1.945e-25
2391.171752,2.627e-25
2391.173004,2.576e-25
2391.263114,1.883e-25
2391.268356,1.848e-25
2391.336145,1.573e-25
2391.337602,1.54e-25
2391.365533,1.016e-25
2391.372573,9.976e-26
2391.412512,2.156e-25
2391.413326,2.185e-25
2391.414998,2.142e-25
2391.415312,2.115e-25
2391.533756,1.07e-25
2391.535019,1.047e-25
2391.685611,1.6480000000000002e-25
2391.687122,1.615e-25
2391.734935,6.164e-26
2391.736184,6.027000000000001e-26
2391.840317,8.096e-26
2391.847285,7.958000000000001e-26
2391.890305,1.317e-25
2391.891762,1.29e-25
2391.962518,1.7980000000000002e-25
2391.964038,1.763e-25
2391.991121,2.216e-25
2391.992712,2.1740000000000003e-25
2392.041236,1.652e-25
2392.046031,1.622e-25
2392.107954,9.031e-26
2392.109206,8.84e-26
2392.164418,6.451e-26
2392.171631,6.34e-26
2392.180687,1.23e-25
2392.186055,1.208e-25
2392.213351,1.362e-25
2392.214894,1.335e-25
2392.23217,1.757e-25
2392.233337,1.7240000000000002e-25
2392.330548,5.241e-26
2392.331747,5.1280000000000006e-26
2392.408449,1.43e-25
2392.411336,1.4030000000000002e-25
2392.4381,1.097e-25
2392.439547,1.075e-25
2392.466799,1.471e-25
2392.46848,1.443e-25
2392.675949,7.586000000000001e-26
2392.677196,7.428000000000001e-26
2392.736033,1.12e-25
2392.737592,1.099e-25
2392.93948,1.065e-25
2392.94456,1.046e-25
2392.979562,9.101e-26
2392.98089,8.914000000000001e-26
2393.009247,1.2e-25
2393.010745,1.177e-25
2393.013721,1.451e-25
2393.015475,1.425e-25
2393.068005,7.893000000000001e-26
2393.073523,7.756e-26
2393.237734,6.342e-26
2393.23898,6.213000000000001e-26
2393.250712,9.175e-26
2393.252309,9.001e-26
2393.270126,1.154e-25
2393.271215,1.133e-25
2393.37624,9.313e-26
2393.379226,9.146e-26
2393.495823,9.724e-26
2393.497516,9.546e-26
2393.51464,7.514e-26
2393.516322,7.365000000000001e-26
2393.760886,7.480000000000001e-26
2393.762498,7.341e-26
2393.793302,5.277000000000001e-26
2393.794553,5.172e-26
2393.803821,6.743000000000001e-26
2393.809278,6.627e-26
2394.005911,9.333e-26
2394.007842,9.169e-26
2394.032683,7.860000000000001e-26
2394.034156,7.719000000000001e-26
2394.043383,6.176e-26
2394.044994,6.058e-26
2394.262399,6.071e-26
2394.264054,5.96e-26
2394.285291,7.446000000000001e-26
2394.286312,7.315000000000001e-26
2394.315586,5.959000000000001e-26
2394.318775,5.856e-26
2394.500518,6.311000000000001e-26
2394.502222,6.2e-26
2394.565717,5.053e-26
2394.967214,5.895e-26
2394.969334,5.795000000000001e-26
2395.033042,5.058e-26
2457.951424,5.072e-26
2459.168881,5.037e-26
2459.202936,5.509e-26
2459.270186,5.364e-26
2460.332036,5.1520000000000007e-26
2460.442698,5.951000000000001e-26
2460.511287,5.791e-26
2461.482655,5.234000000000001e-26
2461.569535,5.043e-26
2461.670697,6.394000000000001e-26
2461.740693,6.217e-26
2462.62073,5.282000000000001e-26
2462.709684,5.081e-26
2462.886919,6.832000000000001e-26
2462.958396,6.637e-26
2463.746255,5.294000000000001e-26
2463.837343,5.083e-26
2464.091353,7.26e-26
2464.164385,7.045000000000001e-26
2464.432669,5.539e-26
2464.492121,5.407e-26
2464.859225,5.268e-26
2464.952491,5.049e-26
2465.283985,7.671e-26
2465.358655,7.437e-26
2465.700211,6.147000000000001e-26
2465.760738,5.998e-26
2465.959642,5.204000000000001e-26
2466.464802,8.06e-26
2466.541195,7.806e-26
2466.956559,6.787e-26
2467.018217,6.618000000000001e-26
2467.047511,5.1030000000000007e-26
2467.633793,8.42e-26
2467.711998,8.145000000000001e-26
2468.201698,7.457e-26
2468.264546,7.266e-26
2468.790945,8.745e-26
2468.871056,8.449000000000001e-26
2469.435614,8.151e-26
2469.499714,7.937e-26
2469.936245,9.029e-26
2470.018359,8.712e-26
2470.658293,8.865000000000001e-26
2470.723712,8.625000000000001e-26
2471.069682,9.268e-26
2471.153899,8.93e-26
2471.869718,9.591e-26
2471.936528,9.324e-26
2472.191246,9.456e-26
2472.277667,9.097e-26
2472.684554,5.565e-26
2472.738819,5.438000000000001e-26
2473.069894,1.032e-25
2473.138154,1.003e-25
2473.300926,9.59e-26
2473.38965,9.209e-26
2473.958284,6.281000000000001e-26
2474.013475,6.135000000000001e-26
2474.258756,1.105e-25
2474.32858,1.073e-25
2474.398715,9.665e-26
2474.489836,9.265e-26
2475.22134,7.055000000000001e-26
2475.277506,6.888e-26
2475.436337,1.178e-25
2475.484606,9.682e-26
2475.507796,1.141e-25
2475.578207,9.261e-26
2476.473696,7.887e-26
2476.53089,7.695000000000001e-26
2476.558597,9.637e-26
2476.602608,1.248e-25
2476.65474,9.198e-26
2476.675795,1.208e-25
2477.620693,9.533e-26
2477.715327,8.775e-26
2477.719404,9.075e-26
2477.757553,1.315e-25
2477.773605,8.556e-26
2477.832568,1.272e-25
2478.670907,9.369e-26
2478.772152,8.894000000000001e-26
2478.901159,1.379e-25
2478.946211,9.716e-26
2478.978106,1.332e-25
2479.005633,9.467e-26
2479.709268,9.15e-26
2479.812914,8.658000000000001e-26
2480.03341,1.438e-25
2480.112402,1.387e-25
2480.166323,1.071e-25
2480.226953,1.042e-25
2480.735827,8.879000000000001e-26
2480.841578,8.37e-26
2481.154293,1.491e-25
2481.235448,1.437e-25
2481.375641,1.174e-25
2481.437548,1.142e-25
2481.750679,8.562000000000001e-26
2481.857959,8.036000000000001e-26
2482.263794,1.539e-25
2482.347237,1.48e-25
2482.574144,1.281e-25
2482.637401,1.245e-25
2482.73031,5.205e-26
2482.753991,8.205000000000001e-26
2482.779955,5.09e-26
2482.861739,7.662000000000001e-26
2483.361898,1.579e-25
2483.447759,1.517e-25
2483.746065,7.816e-26
2483.761811,1.391e-25
2483.826496,1.351e-25
2483.852329,7.254000000000001e-26
2484.003321,5.957e-26
2484.053806,5.822e-26
2484.448594,1.612e-25
2484.537005,1.545e-25
2484.727471,7.404e-26
2484.828558,6.818e-26
2484.938621,1.503e-25
2485.004819,1.459e-25
2485.265886,6.788e-26
2485.317254,6.630000000000001e-26
2485.523869,1.636e-25
2485.614966,1.5650000000000002e-25
2486.104553,1.617e-25
2486.172356,1.5670000000000002e-25
2486.517992,7.699000000000001e-26
2486.570292,7.516000000000001e-26
2486.587714,1.652e-25
2486.681626,1.577e-25
2487.259577,1.73e-25
2487.329094,1.676e-25
2487.640122,1.659e-25
2487.736967,1.579e-25
2487.759622,8.693000000000001e-26
2487.812903,8.481e-26
2488.40371,1.842e-25
2488.47502,1.782e-25
2488.681094,1.657e-25
2488.780962,1.573e-25
2488.99076,9.77e-26
2489.045077,9.526e-26
2489.536892,1.952e-25
2489.610124,1.886e-25
2489.710637,1.6470000000000002e-25
2489.813569,1.5590000000000002e-25
2490.21139,1.093e-25
2490.266799,1.065e-25
2490.659119,2.059e-25
2490.728772,1.628e-25
2490.734395,1.987e-25
2490.834721,1.536e-25
2491.421494,1.217e-25
2491.478059,1.185e-25
2491.735549,1.602e-25
2491.770371,2.16e-25
2491.84431,1.505e-25
2491.847823,2.082e-25
2492.621057,1.35e-25
2492.678844,1.313e-25
2492.731058,1.569e-25
2492.842145,1.466e-25
2492.870629,2.256e-25
2492.950399,2.17e-25
2493.715471,1.531e-25
2493.810061,1.49e-25
2493.827881,1.422e-25
2493.869143,1.448e-25
2493.959874,2.3440000000000003e-25
2494.042115,2.252e-25
2494.689116,1.488e-25
2494.800845,1.371e-25
2494.98849,1.636e-25
2495.038088,2.424e-25
2495.048945,1.59e-25
2495.122962,2.3240000000000003e-25
2495.652648,1.443e-25
2495.759603,1.316e-25
2495.880718,5.047e-26
2496.105253,2.4940000000000003e-25
2496.156326,1.789e-25
2496.192933,2.387e-25
2496.218238,1.736e-25
2497.132454,5.844e-26
2497.161352,2.555e-25
2497.179516,5.709000000000001e-26
2497.252018,2.439e-25
2497.313552,1.948e-25
2497.377014,1.888e-25
2498.206369,2.604e-25
2498.300207,2.48e-25
2498.373767,6.74e-26
2498.421662,6.581e-26
2498.460152,2.11e-25
2498.52526,2.044e-25
2499.240291,2.6420000000000003e-25
2499.337485,2.51e-25
2499.596106,2.276e-25
2499.604718,7.723e-26
2499.653725,7.546000000000001e-26
2499.66297,2.202e-25
2500.263109,2.669e-25
2500.363831,2.528e-25
2500.721398,2.443e-25
2500.790135,2.361e-25
2500.826337,8.843e-26
2500.876109,8.624e-26
2501.274823,2.685e-25
2501.379208,2.534e-25
2501.836009,2.611e-25
2501.906747,2.52e-25
2502.037349,1.006e-25
2502.088146,9.805e-26
2502.275445,2.69e-25
2502.383561,2.528e-25
2502.939921,2.778e-25
2503.012799,2.677e-25
2503.238238,1.14e-25
2503.265013,2.685e-25
2503.290108,1.11e-25
2503.376785,2.511e-25
2504.033114,2.941e-25
2504.108284,2.831e-25
2504.243608,2.672e-25
2504.358692,2.4840000000000003e-25
2504.42887,1.285e-25
2504.481883,1.251e-25
2505.115569,3.101e-25
2505.193198,2.9790000000000003e-25
2505.211399,2.6520000000000003e-25
2505.328915,2.448e-25
2505.609282,1.443e-25
2505.663507,1.4030000000000002e-25
2506.168734,2.629e-25
2506.187268,3.254e-25
2506.267536,3.1210000000000003e-25
2506.286692,2.403e-25
2506.779422,1.613e-25
2506.834934,1.5670000000000002e-25
2507.116355,2.606e-25
2507.230261,2.351e-25
2507.248188,3.4e-25
2507.331294,3.254e-25
2507.939285,1.795e-25
2507.996166,1.742e-25
2508.298311,3.536e-25
2508.384469,3.377e-25
2509.088836,1.988e-25
2509.147176,1.928e-25
2509.337616,3.662e-25
2509.427059,3.489e-25
2510.22806,2.192e-25
2510.287955,2.124e-25
2510.312653,5.0650000000000006e-26
2510.366082,3.777e-25
2510.459058,3.589e-25
2510.633914,5.468000000000001e-26
2510.718232,5.26e-26
2510.944024,5.868000000000001e-26
2511.031188,5.636e-26
2511.242999,6.260000000000001e-26
2511.333221,6.001000000000001e-26
2511.356929,2.407e-25
2511.383691,3.879e-25
2511.418486,2.3290000000000003e-25
2511.480462,3.675e-25
2511.530775,6.634e-26
2511.624339,6.347e-26
2511.807342,6.983000000000001e-26
2511.904553,6.668000000000001e-26
2512.072672,7.299000000000001e-26
2512.173878,6.953e-26
2512.326734,7.572e-26
2512.390426,3.968e-25
2512.432334,7.194000000000001e-26
2512.475422,2.63e-25
2512.49126,3.747e-25
2512.538758,2.542e-25
2512.569494,7.791e-26
2512.679948,7.382000000000001e-26
2512.800911,7.947e-26
2512.916756,7.506000000000001e-26
2513.020936,8.028e-26
2513.142802,7.556000000000001e-26
2513.229512,8.024000000000001e-26
2513.231432,5.742000000000001e-26
2513.275941,5.603e-26
2513.358148,7.521000000000001e-26
2513.386277,4.045e-25
2513.426566,7.921000000000001e-26
2513.491429,3.804e-25
2513.562872,7.391e-26
2513.583516,2.862e-25
2513.612009,7.709000000000001e-26
2513.648757,2.763e-25
2513.757079,7.155e-26
2513.785725,7.373000000000001e-26
2513.940915,6.801000000000001e-26
2513.947561,6.9e-26
2514.097308,6.275000000000001e-26
2514.114578,6.318000000000001e-26
2514.234671,5.48e-26
2514.278355,5.696e-26
2514.371244,4.11e-25
2514.433663,6.754000000000001e-26
2514.479097,6.586e-26
2514.480926,3.846e-25
2514.681186,3.1e-25
2514.748474,2.9880000000000003e-25
2515.345351,4.163e-25
2515.459665,3.875e-25
2515.625939,7.904e-26
2515.672354,7.702000000000001e-26
2515.768409,3.343e-25
2515.837899,3.217e-25
2516.308663,4.209e-25
2516.427471,3.89e-25
2516.808445,9.203e-26
2516.84516,3.588e-25
2516.855898,8.961e-26
2516.917023,3.4480000000000003e-25
2517.261337,4.249e-25
2517.38397,3.892e-25
2517.911414,3.835e-25
2517.980984,1.066e-25
2517.98584,3.679e-25
2518.029542,1.037e-25
2518.203727,4.291e-25
2518.328313,3.884e-25
2518.621936,5.522e-26
2518.682567,5.368e-26
2518.967146,4.081e-25
2519.02137,6.231e-26
2519.044345,3.907e-25
2519.083369,6.052000000000001e-26
2519.136664,4.343000000000001e-25
2519.143644,1.229e-25
2519.193374,1.195e-25
2519.258325,3.864e-25
2519.410062,6.996e-26
2519.473516,6.789000000000001e-26
2519.787999,7.815000000000001e-26
2519.853003,7.578000000000001e-26
2520.012329,4.323000000000001e-25
2520.092534,4.13e-25
2520.155168,8.686000000000001e-26
2520.221827,8.414000000000001e-26
2520.296306,1.41e-25
2520.347286,1.369e-25
2520.511558,9.605e-26
2520.579984,9.293e-26
2520.857154,1.056e-25
2520.927474,1.021e-25
2521.046936,4.56e-25
2521.130407,4.346000000000001e-25
2521.191944,1.156e-25
2521.264294,1.116e-25
2521.438997,1.609e-25
2521.491311,1.5610000000000002e-25
2521.515912,1.257e-25
2521.590447,1.212e-25
2521.829044,1.36e-25
2521.905933,1.309e-25
2522.070938,4.79e-25
2522.131322,1.463e-25
2522.157963,4.553e-25
2522.210753,1.4060000000000002e-25
2522.422729,1.5640000000000002e-25
2522.504917,1.501e-25
2522.571647,1.827e-25
2522.625385,1.77e-25
2522.703245,1.662e-25
2522.788429,1.592e-25
2522.97285,1.754e-25
2523.061299,1.677e-25
2523.084307,5.01e-25
2523.175203,4.748e-25
2523.23152,1.84e-25
2523.323542,1.755e-25
2523.479228,1.916e-25
2523.575175,1.823e-25
2523.694254,2.063e-25
2523.715944,1.98e-25
2523.749526,1.997e-25
2523.816222,1.879e-25
2523.941631,2.029e-25
2524.046711,1.921e-25
2524.087013,5.22e-25
2524.15625,2.062e-25
2524.18213,4.931e-25
2524.266682,1.945e-25
2524.359749,2.076e-25
2524.476186,1.951e-25
2524.552067,2.067e-25
2524.675287,1.935e-25
2524.733128,2.034e-25
2524.806757,2.3190000000000003e-25
2524.863656,2.243e-25
2524.864073,1.894e-25
2524.902834,1.973e-25
2525.042661,1.827e-25
2525.061061,1.881e-25
2525.079029,5.418e-25
2525.178744,5.098e-25
2525.207636,1.756e-25
2525.211213,1.731e-25
2525.342325,1.593e-25
2525.369954,1.603e-25
2525.46479,1.389e-25
2525.519217,1.441e-25
2525.574522,1.137e-25
2525.659501,1.2410000000000002e-25
2525.670707,8.309000000000001e-26
2525.791615,1.001e-25
2525.909149,2.594e-25
2525.91696,7.176000000000001e-26
2525.967807,2.5050000000000003e-25
2526.060327,5.604000000000001e-25
2526.165037,5.248e-25
2527.001386,2.887e-25
2527.030889,5.779e-25
2527.061937,2.784e-25
2527.140988,5.382e-25
2527.907421,5.038e-26
2527.990713,5.943000000000001e-25
2528.083443,3.196e-25
2528.106535,5.499e-25
2528.146039,3.078e-25
2528.358987,5.854e-26
2528.408518,5.712000000000001e-26
2528.799997,6.771000000000001e-26
2528.850436,6.603000000000001e-26
2528.939838,6.102e-25
2529.061531,5.599000000000001e-25
2529.155283,3.521e-25
2529.220092,3.385e-25
2529.230994,7.795000000000001e-26
2529.282403,7.596000000000001e-26
2529.651425,8.932000000000001e-26
2529.703844,8.697e-26
2529.878389,6.262000000000001e-25
2530.005616,5.684e-25
2530.061824,1.018e-25
2530.115353,9.908e-26
2530.216879,3.86e-25
2530.284087,3.704e-25
2530.461553,1.156e-25
2530.516191,1.124e-25
2530.806704,6.434e-25
2530.850677,1.303e-25
2530.906726,1.268e-25
2530.937865,5.753e-25
2531.23023,1.467e-25
2531.268195,4.21e-25
2531.287369,1.424e-25
2531.338013,4.033e-25
2531.598945,1.64e-25
2531.65746,1.591e-25
2531.725688,6.6420000000000005e-25
2531.855581,5.804e-25
2531.957306,1.825e-25
2532.017279,1.768e-25
2532.090429,5.816e-26
2532.133385,5.662000000000001e-26
2532.305186,2.02e-25
2532.309199,4.57e-25
2532.366723,1.955e-25
2532.381863,4.3670000000000005e-25
2532.642627,2.224e-25
2532.705835,2.15e-25
2532.969578,2.436e-25
2533.034581,2.352e-25
2533.233933,7.166000000000001e-26
2533.278021,6.969e-26
2533.286039,2.6530000000000003e-25
2533.339855,4.936e-25
2533.352969,2.559e-25
2533.415633,4.706e-25
2533.591977,2.875e-25
2533.660984,2.769e-25
2533.887379,3.097e-25
2533.958629,2.9780000000000003e-25
2534.172219,3.3170000000000003e-25
2534.245899,3.185e-25
2534.360128,5.305000000000001e-25
2534.370483,8.742e-26
2534.415727,8.491e-26
2534.439322,5.044e-25
2534.446477,3.531e-25
2534.522794,3.385e-25
2534.710126,3.736e-25
2534.789317,3.574e-25
2534.963141,3.928e-25
2535.045475,3.75e-25
2535.205494,4.101e-25
2535.291276,3.907e-25
2535.369979,5.6740000000000005e-25
2535.437153,4.253e-25
2535.452932,5.379e-25
2535.495437,1.057e-25
2535.526735,4.041e-25
2535.541959,1.025e-25
2535.658083,4.3770000000000005e-25
2535.751872,4.147e-25
2535.868244,4.468e-25
2535.966716,4.221e-25
2536.067588,4.522e-25
2536.171302,4.257e-25
2536.25606,4.534e-25
2536.365683,4.251e-25
2536.369369,6.041e-25
2536.433592,4.498e-25
2536.45647,5.707e-25
2536.549925,4.198e-25
2536.600101,4.409e-25
2536.612219,1.266e-25
2536.660077,1.226e-25
2536.724119,4.093e-25
2536.755478,4.261e-25
2536.888392,3.932e-25
2536.899583,4.05e-25
2537.032227,3.769e-25
2537.04292,3.711e-25
2537.153143,3.411e-25
2537.187956,3.423e-25
2537.261943,2.9690000000000003e-25
2537.323875,3.066e-25
2537.35803,2.43e-25
2537.358255,6.402e-25
2537.44042,1.777e-25
2537.449947,6.025e-25
2537.451266,2.634e-25
2537.507343,9.84e-26
2537.5711,2.119e-25
2537.685138,1.515e-25
2537.718181,1.503e-25
2537.767498,1.455e-25
2537.797014,8.122000000000001e-26
2538.336593,6.756e-25
2538.433376,6.3299999999999995e-25
2538.815199,1.77e-25
2538.866069,1.711e-25
2539.008254,5.708e-26
2539.04911,5.581000000000001e-26
2539.304335,7.101e-25
2539.40677,6.617000000000001e-25
2539.475721,6.726000000000001e-26
2539.517248,6.574e-26
2539.901819,2.069e-25
2539.935408,7.890000000000001e-26
2539.954378,1.997e-25
2539.977609,7.708e-26
2540.261438,7.436e-25
2540.370135,6.886000000000001e-25
2540.38383,9.214e-26
2540.426762,8.995000000000001e-26
2540.82372,1.071e-25
2540.867401,1.045e-25
2540.97901,2.398e-25
2541.033388,2.311e-25
2541.207866,7.765e-25
2541.252838,1.2390000000000002e-25
2541.297324,1.208e-25
2541.323451,7.134e-25
2541.672901,1.427e-25
2541.718222,1.39e-25
2542.046004,2.759e-25
2542.082499,1.635e-25
2542.102361,2.6540000000000003e-25
2542.128711,1.593e-25
2542.143611,8.092e-25
2542.266622,7.36e-25
2542.48268,1.865e-25
2542.529826,1.815e-25
2542.872573,2.118e-25
2542.920714,2.06e-25
2543.068743,8.431000000000001e-25
2543.103261,3.1510000000000003e-25
2543.161767,3.026e-25
2543.199339,7.566000000000001e-25
2543.252797,2.393e-25
2543.301987,2.3250000000000003e-25
2543.622822,2.69e-25
2543.673131,2.612e-25
2543.939193,5.0610000000000005e-26
2543.949373,5.178e-26
2543.983,3.01e-25
2543.983545,8.802e-25
2544.034494,2.919e-25
2544.120642,7.749e-25
2544.150385,3.573e-25
2544.211242,3.424e-25
2544.333013,3.35e-25
2544.385774,3.247e-25
2544.673047,3.711e-25
2544.727158,3.593e-25
2544.888956,9.253e-25
2545.002914,4.089e-25
2545.027167,7.895000000000001e-25
2545.05847,3.954e-25
2545.187567,4.022e-25
2545.250996,3.846e-25
2545.322702,4.482e-25
2545.379806,4.33e-25
2545.632299,4.887e-25
2545.691065,4.715e-25
2545.740997,5.870000000000001e-26
2545.748751,6.01e-26
2545.931733,5.3e-25
2545.992289,5.106e-25
2546.214603,4.496e-25
2546.220937,5.716e-25
2546.280862,4.288e-25
2546.283425,5.499e-25
2546.499912,6.13e-25
2546.5645,5.887e-25
2546.768598,6.536e-25
2546.835446,6.268000000000001e-25
2547.02699,6.927000000000001e-25
2547.096307,6.6310000000000005e-25
2547.154481,5.306e-26
2547.231546,4.992000000000001e-25
2547.275041,7.296e-25
2547.300928,4.748e-25
2547.347056,6.97e-25
2547.370843,5.0460000000000005e-26
2547.512725,7.635e-25
2547.559376,6.587000000000001e-26
2547.564545,6.751000000000001e-26
2547.587699,7.278e-25
2547.740004,7.937e-25
2547.818235,7.547000000000001e-25
2547.871483,6.529e-26
2547.956841,8.193000000000001e-25
2548.038675,7.77e-25
2548.065839,6.216e-26
2548.163193,8.394e-25
2548.238282,5.505e-25
2548.24903,7.937e-25
2548.311125,5.22e-25
2548.359015,8.532e-25
2548.449327,8.04e-25
2548.544252,8.597e-25
2548.576032,7.665e-26
2548.639597,8.071e-25
2548.718841,8.583e-25
2548.752569,7.306e-26
2548.819889,8.022e-25
2548.882708,8.478e-25
2548.99027,7.886000000000001e-25
2549.03576,8.277e-25
2549.150832,7.654e-25
2549.177879,7.969999999999999e-25
2549.234798,6.031e-25
2549.268565,8.684e-26
2549.301708,7.319999999999999e-25
2549.308909,7.548000000000001e-25
2549.311494,5.7e-25
2549.396825,7.123000000000001e-26
2549.39927,7.309000000000001e-26
2549.42864,7.002e-25
2549.430381,8.289e-26
2549.443088,6.878000000000001e-25
2549.536773,6.3230000000000005e-25
2549.575251,6.3190000000000005e-25
2549.632865,5.494e-25
2549.69862,5.638000000000001e-25
2549.716218,4.496e-25
2549.785645,3.2950000000000003e-25
2549.813878,4.825e-25
2549.838908,1.835e-25
2549.922196,3.871e-25
2549.949386,9.568e-26
2550.025799,2.761e-25
2550.09884,9.147e-26
2550.129623,1.476e-25
2550.221012,6.566000000000001e-25
2550.30202,6.18e-25
2550.618715,1.031e-25
2550.706908,5.527e-26
2550.740212,5.412e-26
2550.757645,9.868e-26
2551.19688,7.103e-25
2551.198066,5.081e-26
2551.251392,6.602000000000001e-26
2551.254867,7.583e-26
2551.255266,7.381e-26
2551.276713,1.089e-25
2551.282734,6.656e-25
2551.284469,6.461e-26
2551.406578,1.045e-25
2551.661245,7.849e-26
2551.695537,7.679000000000001e-26
2551.807216,5.893000000000001e-26
2551.821315,5.798000000000001e-26
2551.923503,1.133e-25
2552.045483,1.088e-25
2552.162326,7.639999999999999e-25
2552.169686,9.291e-26
2552.195574,5.460000000000001e-26
2552.203974,9.085e-26
2552.210488,5.569000000000001e-26
2552.253653,7.121e-25
2552.313196,6.901e-26
2552.354708,6.687e-26
2552.559181,1.1610000000000002e-25
2552.578425,1.095e-25
2552.613804,1.07e-25
2552.625091,7.115e-26
2552.636714,6.997000000000001e-26
2552.674243,1.117e-25
2553.055171,1.284e-25
2553.090736,1.254e-25
2553.117281,8.171000000000001e-25
2553.132593,7.481000000000001e-26
2553.135939,7.271e-26
2553.183823,1.175e-25
2553.21482,7.568000000000001e-25
2553.292767,1.132e-25
2553.372102,9.147e-26
2553.415406,8.847000000000001e-26
2553.458402,1.499e-25
2553.494977,1.464e-25
2553.797488,1.177e-25
2553.900987,1.134e-25
2553.90682,1.743e-25
2553.94375,1.701e-25
2554.061662,8.696000000000001e-25
2554.166275,7.993e-25
2554.301068,2.016e-25
2554.338965,1.966e-25
2554.339728,7.492e-26
2554.35488,7.641000000000001e-26
2554.400227,1.166e-25
2554.458476,1.18e-25
2554.498851,1.125e-25
2554.503037,1.139e-25
2554.723722,2.3220000000000003e-25
2554.762125,2.263e-25
2554.789526,8.854000000000001e-26
2554.803287,8.707e-26
2554.992081,1.144e-25
2554.995387,9.215e-25
2555.032917,6.936e-26
2555.039291,6.73e-26
2555.086317,1.105e-25
2555.106264,2.6610000000000003e-25
2555.108058,8.39e-25
2555.145628,2.592e-25
2555.474702,1.054e-25
2555.485535,1.036e-25
2555.505065,3.036e-25
2555.507254,1.494e-25
2555.545076,2.955e-25
2555.553728,1.439e-25
2555.573087,1.112e-25
2555.663354,1.076e-25
2555.873787,3.4470000000000003e-25
2555.914785,3.352e-25
2555.91838,9.737e-25
2556.040158,8.756000000000001e-25
2556.143274,1.073e-25
2556.229935,1.039e-25
2556.250124,3.895e-25
2556.291908,3.785e-25
2556.415674,1.003e-25
2556.431465,1.024e-25
2556.568173,1.854e-25
2556.603401,4.379e-25
2556.616293,1.783e-25
2556.646229,4.253e-25
2556.70267,1.027e-25
2556.786042,9.952e-26
2556.830615,1.028e-24
2556.955431,5.932e-26
2556.95825,4.901e-25
2556.962382,9.088e-25
2556.964899,5.743e-26
2557.00201,4.754e-25
2557.205472,7.017e-26
2557.251297,9.753e-26
2557.29484,5.457e-25
2557.331659,9.462e-26
2557.339734,5.289000000000001e-25
2557.469452,6.578000000000001e-26
2557.603417,2.266e-25
2557.62886,6.045e-25
2557.653681,2.1730000000000003e-25
2557.674843,5.854e-25
2557.732253,1.088e-24
2557.740966,1.304e-25
2557.754423,1.281e-25
2557.78918,9.199e-26
2557.866777,8.932000000000001e-26
2557.873826,9.378e-25
2557.947821,6.664e-25
2557.961772,1.035e-25
2557.995061,6.446e-25
2558.189047,9.712e-26
2558.261428,7.308e-25
2558.275136,1.53e-25
2558.285158,1.503e-25
2558.309935,7.06e-25
2558.316332,8.617000000000001e-26
2558.391383,8.374000000000001e-26
2558.427895,1.311e-25
2558.444315,1.338e-25
2558.562041,7.972e-25
2558.611969,7.693e-25
2558.62417,1.162e-24
2558.641096,2.725e-25
2558.693445,2.608e-25
2558.703974,1.382e-25
2558.770297,9.586e-25
2558.832783,8.02e-26
2558.855471,8.65e-25
2558.903736,1.298e-25
2558.905481,7.799e-26
2558.906876,8.337000000000001e-25
2559.13719,9.336e-25
2559.190226,8.985000000000001e-25
2559.338531,7.417000000000001e-26
2559.409051,7.218e-26
2559.410544,1.002e-24
2559.433213,1.7270000000000002e-25
2559.465312,9.629e-25
2559.611569,1.627e-25
2559.660379,3.234e-25
2559.672944,1.069e-24
2559.715235,3.086e-25
2559.729613,1.026e-24
2559.833622,6.817000000000001e-26
2559.902118,6.639e-26
2559.92623,1.135e-24
2559.984948,1.087e-24
2560.150195,2.061e-25
2560.168974,1.197e-24
2560.22994,1.144e-24
2560.311421,1.946e-25
2560.318013,6.228000000000001e-26
2560.381089,1.671e-25
2560.384631,6.07e-26
2560.398018,1.707e-25
2560.402128,1.254e-24
2560.465547,1.196e-24
2560.624932,1.306e-24
2560.662753,1.881e-25
2560.675942,1.847e-25
2560.676208,3.788e-25
2560.691056,1.243e-24
2560.733685,3.605e-25
2560.791826,5.658e-26
2560.837839,1.351e-24
2560.855384,2.376e-25
2560.856682,5.517e-26
2560.906945,1.282e-24
2561.002593,2.249e-25
2561.02504,2.1730000000000003e-25
2561.03423,2.133e-25
2561.040451,1.388e-24
2561.112871,1.314e-24
2561.232949,1.415e-24
2561.254571,5.101e-26
2561.309065,1.3349999999999999e-24
2561.415117,1.432e-24
2561.495385,1.345e-24
2561.549099,2.6650000000000003e-25
2561.586994,1.436e-24
2561.671955,1.344e-24
2561.677827,4.384e-25
2561.684631,2.528e-25
2561.738341,4.159e-25
2561.74844,1.427e-24
2561.838749,1.329e-24
2561.899409,1.403e-24
2561.995866,1.2999999999999998e-24
2562.039773,1.364e-24
2562.143372,1.255e-24
2562.169413,1.307e-24
2562.23157,2.923e-25
2562.280265,2.076e-25
2562.281412,1.194e-24
2562.28815,1.233e-24
2562.297543,2.123e-25
2562.357227,2.779e-25
2562.395757,1.1399999999999999e-24
2562.410175,1.117e-24
2562.491896,1.027e-24
2562.529965,1.021e-24
2562.576069,8.91e-25
2562.64125,9.067e-25
2562.647463,7.294e-25
2562.672589,5.0170000000000005e-25
2562.704654,5.365e-25
2562.736418,4.742e-25
2562.744803,3.015e-25
2562.744814,7.726e-25
2562.842057,6.174e-25
2562.902965,3.1470000000000003e-25
2562.935795,4.388e-25
2563.020165,2.998e-25
2563.032867,2.3380000000000003e-25
2563.078758,5.593e-26
2563.108302,5.481000000000001e-26
2563.556226,2.6560000000000003e-25
2563.563412,3.333e-25
2563.569184,2.608e-25
2563.655355,5.6799999999999995e-25
2563.673291,3.183e-25
2563.722951,3.019e-25
2563.722982,5.3460000000000005e-25
2563.731299,2.9620000000000003e-25
2563.756014,6.805e-26
2563.780353,6.666000000000001e-26
2564.124913,8.086e-26
2564.130653,2.512e-25
2564.148113,2.571e-25
2564.15468,7.918000000000001e-26
2564.21301,3.482e-25
2564.316494,3.331e-25
2564.629388,6.364e-25
2564.70128,5.963000000000001e-25
2564.85184,3.592e-25
2564.949692,3.4430000000000004e-25
2565.099028,6.783e-26
2565.117116,6.644e-26
2565.120697,1.148e-25
2565.150803,1.123e-25
2565.479966,3.665e-25
2565.572822,3.517e-25
2565.592441,7.063e-25
2565.669238,6.581000000000001e-25
2565.823187,9.705e-26
2565.843357,9.498e-26
2565.937568,2.9590000000000003e-25
2565.955072,3.031e-25
2566.067864,1.601e-25
2566.097446,3.7e-25
2566.098438,1.5650000000000002e-25
2566.185843,3.557e-25
2566.367312,4.1e-25
2566.374827,4.019e-25
2566.422841,3.673e-25
2566.435604,3.603e-25
2566.54531,1.364e-25
2566.545751,7.765e-25
2566.567506,1.334e-25
2566.628179,7.19e-25
2566.704323,3.7e-25
2566.788717,3.562e-25
2566.968046,2.192e-25
2566.999227,2.14e-25
2567.214912,9.852e-26
2567.251895,9.496e-26
2567.262028,1.883e-25
2567.2862,1.84e-25
2567.300645,3.667e-25
2567.381426,3.535e-25
2567.488407,8.465e-25
2567.577389,7.778e-25
2567.706296,3.388e-25
2567.723822,3.4720000000000003e-25
2567.822735,2.946e-25
2567.854674,2.873e-25
2567.886439,3.604e-25
2567.963946,3.4790000000000003e-25
2567.969855,2.553e-25
2567.995964,2.4910000000000003e-25
2568.420728,9.155e-25
2568.461753,3.515e-25
2568.517388,8.334e-25
2568.521503,8.389000000000001e-26
2568.536289,3.396e-25
2568.633276,3.887e-25
2568.665304,3.398e-25
2568.666134,3.786e-25
2568.69333,3.3110000000000003e-25
2568.81547,7.725000000000001e-26
2568.956499,5.438e-25
2568.963231,5.3260000000000005e-25
2569.026595,3.403e-25
2569.098399,3.2910000000000003e-25
2569.264155,4.967000000000001e-25
2569.276755,4.87e-25
2569.305152,1.48e-25
2569.342318,9.833e-25
2569.344985,4.438e-25
2569.374933,4.32e-25
2569.40085,5.032e-25
2569.434805,4.895e-25
2569.441981,3.763e-25
2569.448057,8.846e-25
2569.460082,3.855e-25
2569.546712,1.364e-25
2569.581023,3.27e-25
2569.65033,3.166e-25
2570.005672,5.69e-25
2570.037576,5.53e-25
2570.072578,2.197e-25
2570.125034,3.1210000000000003e-25
2570.126477,6.391e-25
2570.161722,6.207e-25
2570.192044,3.025e-25
2570.253121,1.051e-24
2570.278006,2.03e-25
2570.369638,9.304e-25
2570.644355,7.155e-25
2570.658695,2.9590000000000003e-25
2570.669545,1.397e-25
2570.678286,6.942000000000001e-25
2570.699715,1.371e-25
2570.723585,2.87e-25
2570.811007,7.961e-25
2570.813043,5.171000000000001e-26
2570.825991,2.955e-25
2570.847762,7.717e-25
2571.00494,2.742e-25
2571.098452,1.378e-25
2571.149538,4.046e-25
2571.152898,1.119e-24
2571.181973,2.787e-25
2571.19803,2.78e-25
2571.244902,2.706e-25
2571.258271,8.823e-25
2571.282109,9.699e-25
2571.294343,8.544e-25
2571.455126,9.72e-25
2571.475816,8.159e-26
2571.48886,7.039e-25
2571.493641,9.404e-25
2571.494975,6.885000000000001e-25
2571.515673,7.846000000000001e-26
2571.566627,3.728e-25
2571.694977,2.609e-25
2571.72532,3.4730000000000003e-25
2571.756087,2.535e-25
2571.844916,1.066e-24
2571.883296,1.03e-24
2572.041592,1.196e-24
2572.059358,1.163e-24
2572.081802,6.568000000000001e-25
2572.094261,6.434e-25
2572.099928,1.122e-24
2572.184854,1.001e-24
2572.197615,2.428e-25
2572.257034,2.361e-25
2572.295238,4.496e-25
2572.402052,1.262e-24
2572.437934,4.204e-25
2572.44297,1.217e-24
2572.624075,1.362e-24
2572.66705,1.312e-24
2572.690073,2.245e-25
2572.747914,2.185e-25
2572.797336,1.138e-25
2572.833586,4.199e-25
2572.834481,1.091e-25
2572.844827,4.305e-25
2572.919786,1.294e-24
2572.927692,1.4629999999999999e-24
2572.971461,1.406e-24
2573.012306,5.24e-25
2573.072719,1.013e-24
2573.142051,4.918e-25
2573.149502,1.562e-24
2573.172159,2.065e-25
2573.19531,1.499e-24
2573.228528,2.011e-25
2573.420093,1.658e-24
2573.467127,1.588e-24
2573.476673,6.99e-26
2573.520492,6.856e-26
2573.54533,5.288e-26
2573.569881,1.573e-25
2573.612782,1.503e-25
2573.635732,1.75e-24
2573.644188,1.888e-25
2573.684907,1.673e-24
2573.699177,1.84e-25
2573.71817,5.946000000000001e-25
2573.837218,5.599000000000001e-25
2573.877729,1.836e-24
2573.928579,1.7519999999999998e-24
2573.962771,8.884e-25
2573.96884,8.667e-25
2574.082732,1.914e-24
2574.105799,1.717e-25
2574.116658,1.941e-25
2574.135954,1.822e-24
2574.146183,1.905e-25
2574.159498,1.674e-25
2574.299264,1.983e-24
2574.354671,1.883e-24
2574.413052,6.6e-25
2574.490352,2.04e-24
2574.498404,4.189e-25
2574.509716,4.312e-25
2574.523121,6.235000000000001e-25
2574.548516,1.932e-24
2574.557526,1.553e-25
2574.610007,1.515e-25
2574.683521,2.084e-24
2574.744491,1.967e-24
2574.767055,2.044e-25
2574.808893,1.947e-25
2574.858326,2.114e-24
2574.877449,8.484e-25
2574.889772,8.304e-25
2574.922643,1.988e-24
2574.956491,1.017e-25
2574.998732,1.396e-25
2574.999302,9.971e-26
2575.029441,2.127e-24
2575.050074,1.363e-25
2575.097152,7.193000000000001e-25
2575.097378,1.992e-24
2575.186261,2.122e-24
2575.199579,6.814e-25
2575.258429,1.979e-24
2575.336016,2.097e-24
2575.412949,1.945e-24
2575.4303,1.249e-25
2575.473599,2.051e-24
2575.480559,1.22e-25
2575.556112,1.891e-24
2575.577153,5.677000000000001e-26
2575.602196,1.983e-24
2575.613082,2.616e-25
2575.643446,5.579000000000001e-26
2575.659984,2.4820000000000003e-25
2575.691202,1.816e-24
2575.719519,1.892e-24
2575.770565,7.715e-25
2575.816266,1.718e-24
2575.826697,1.777e-24
2575.851153,1.112e-25
2575.866412,7.328e-25
2575.900401,1.087e-25
2575.922678,1.637e-24
2575.932769,1.5959999999999999e-24
2576.007539,1.469e-24
2576.040252,1.451e-24
2576.080477,1.272e-24
2576.139648,1.281e-24
2576.140682,1.042e-24
2576.147902,3.994e-25
2576.158192,4.12e-25
2576.186399,7.704e-25
2576.214049,4.388e-25
2576.231599,1.086e-24
2576.262729,9.847e-26
2576.311007,9.628e-26
2576.317869,8.629e-25
2576.354212,1.45e-25
2576.376708,1.092e-24
2576.386786,1.045e-24
2576.396769,1.423e-25
2576.401964,6.101e-25
2576.433463,8.161000000000001e-25
2576.493587,3.23e-25
2576.523588,7.769e-25
2576.663263,8.675000000000001e-26
2576.710638,8.486e-26
2576.717058,3.229e-25
2576.764434,3.052e-25
2577.055044,7.603e-26
2577.085832,8.525e-25
2577.101544,7.441000000000001e-26
2577.170939,8.134e-25
2577.435261,6.631e-26
2577.480952,6.492000000000001e-26
2577.552358,2.6390000000000003e-25
2577.581627,2.589e-25
2577.607568,3.92e-25
2577.652748,1.07e-24
2577.659752,3.688e-25
2577.664895,1.046e-24
2577.66768,1.996e-25
2577.714211,1.994e-25
2577.727905,8.806e-25
2577.78561,3.61e-25
2577.786378,8.377e-26
2577.794457,3.732e-25
2577.80749,5.754e-26
2577.808574,8.419000000000001e-25
2577.850832,8.228000000000001e-26
2577.852383,5.636e-26
2578.359511,9.003000000000001e-25
2578.436234,8.623e-25
2578.642538,4.645000000000001e-25
2578.696735,4.35e-25
2578.72242,1.25e-24
2578.729335,1.305e-24
2578.923451,2.752e-25
2578.953118,2.741e-25
2578.981057,9.116e-25
2579.054243,8.746000000000001e-25
2579.414684,3.056e-25
2579.421798,3.166e-25
2579.55508,5.418e-25
2579.592091,9.148e-25
2579.614355,5.044e-25
2579.6621,8.791e-25
2579.91564,1.214e-25
2579.978161,1.192e-25
2580.081031,3.782e-25
2580.115152,3.696e-25
2580.193385,9.103e-25
2580.26051,8.761e-25
2580.358856,5.931000000000001e-26
2580.409263,1.315e-24
2580.421066,1.284e-24
2580.53907,6.206e-25
2580.602083,5.74e-25
2580.710697,5.334e-26
2580.783976,8.987000000000001e-25
2580.848492,8.66e-25
2580.972209,3.513e-25
2581.001277,3.4440000000000004e-25
2581.016864,1.476e-24
2581.019618,1.516e-24
2581.037917,2.374e-25
2581.043041,2.467e-25
2581.167607,5.0150000000000005e-25
2581.174182,1.537e-25
2581.202122,4.889e-25
2581.365308,8.804e-25
2581.427428,8.495e-25
2581.437724,1.379e-25
2581.456902,7.006e-25
2581.525968,6.429e-25
2581.935515,8.562e-25
2581.963446,1.7280000000000002e-25
2581.968037,2.702e-25
2581.995461,8.272e-25
2582.023829,1.697e-25
2582.179829,2.437e-25
2582.181495,6.516e-25
2582.215976,6.34e-25
2582.402575,7.794e-25
2582.477622,7.084e-25
2582.497223,8.269e-25
2582.555144,7.998e-25
2582.65776,1.636e-25
2582.660643,1.706e-25
2582.745698,4.013e-25
2582.923189,3.643e-25
2583.042645,5.29e-26
2583.047029,7.932e-25
2583.097843,6.971e-26
2583.098938,6.831000000000001e-26
2583.103118,7.68e-25
2583.12433,8.299e-25
2583.128899,5.201000000000001e-26
2583.148375,1.576e-24
2583.158783,8.062e-25
2583.15908,1.533e-24
2583.244132,1.661e-24
2583.246937,1.705e-24
2583.313725,8.559e-25
2583.396906,7.687e-25
2583.509489,5.416e-25
2583.576101,1.001e-25
2583.577215,9.798e-26
2583.589536,7.559000000000001e-25
2583.643883,7.326e-25
2583.662513,4.951e-25
2583.928882,2.407e-25
2583.986356,2.371e-25
2583.998145,1.036e-24
2584.004029,1.411e-25
2584.005558,1.381e-25
2584.032707,1.005e-24
2584.11882,7.157e-25
2584.171611,6.943000000000001e-25
2584.229139,9.287e-25
2584.260968,6.871e-25
2584.276345,9.313e-26
2584.276722,9.759e-26
2584.321725,8.215000000000001e-25
2584.37131,4.573e-25
2584.391311,1.956e-25
2584.393641,1.912e-25
2584.395632,6.3220000000000005e-25
2584.400243,4.481e-25
2584.64267,6.735e-25
2584.693939,6.539e-25
2584.747177,2.6660000000000003e-25
2584.750676,2.603e-25
2584.805114,1.2669999999999999e-24
2584.839994,1.226e-24
2585.000465,8.343000000000001e-25
2585.080179,3.57e-25
2585.085193,3.483e-25
2585.120856,7.72e-25
2585.125332,9.98e-25
2585.151169,6.3e-25
2585.20111,6.121e-25
2585.230132,8.646000000000001e-25
2585.397987,4.7e-25
2585.404835,4.58e-25
2585.40779,1.806e-24
2585.411217,1.856e-24
2585.547485,1.518e-24
2585.582948,1.4659999999999999e-24
2585.657083,5.858e-25
2585.70567,5.696e-25
2585.707196,6.08e-25
2585.716165,5.917000000000001e-25
2585.729274,9.801e-25
2585.740279,1.275e-25
2585.83823,9.115e-25
2585.839856,2.063e-25
2585.850763,1.169e-24
2585.864404,3.253e-25
2585.871181,1.837e-24
2585.897285,8.063e-26
2585.95034,6.229e-25
2585.981559,7.922e-26
2586.013163,7.729e-25
2586.014542,1.065e-24
2586.024509,7.511e-25
2586.134668,8.956e-25
2586.14434,5.414e-25
2586.191796,5.269e-25
2586.227539,1.7799999999999994e-24
2586.263903,1.715e-24
2586.31989,9.648e-25
2586.333837,9.361e-25
2586.446408,1.122e-24
2586.546034,1.048e-24
2586.629946,1.182e-24
2586.633277,4.977000000000001e-25
2586.646692,1.145e-24
2586.6795,4.847e-25
2586.84756,2.043e-24
2586.885206,1.961e-24
2586.88995,1.1379999999999999e-24
2586.903479,7.031e-26
2586.934445,6.924000000000001e-26
2586.944468,1.422e-24
2586.964192,1.374e-24
2587.029503,9.096e-25
2587.098579,4.548e-25
2587.143848,4.432e-25
2587.15426,1.256e-24
2587.246079,1.178e-24
2587.263213,1.676e-24
2587.286086,1.616e-24
2587.409803,2.291e-24
2587.449194,2.192e-24
2587.508865,1.894e-24
2587.513047,1.9489999999999998e-24
2587.571808,4.135e-25
2587.584681,1.936e-24
2587.597703,4.5e-25
2587.610888,1.862e-24
2587.615927,4.032e-25
2587.656782,4.3799999999999995e-25
2587.744204,5.814e-25
2587.754019,1.237e-24
2587.773434,5.701e-25
2587.849687,1.382e-24
2587.9063,2.189e-24
2587.911333,8.828e-25
2587.916462,2.509e-24
2587.934959,1.301e-24
2587.936061,2.098e-24
2587.958169,2.39e-24
2588.014101,3.737e-25
2588.057433,3.646e-25
2588.211389,8.4e-26
2588.224634,2.4199999999999998e-24
2588.258238,2.31e-24
2588.369638,2.679e-24
2588.414383,2.539e-24
2588.473303,3.361e-25
2588.515529,3.2810000000000004e-25
2588.53563,2.613e-24
2588.537874,1.496e-24
2588.551631,9.31e-26
2588.573479,2.482e-24
2588.57837,2.0789999999999998e-24
2588.594245,2.023e-24
2588.598283,8.833e-26
2588.617466,1.413e-24
2588.665075,1.211e-25
2588.74774,1.188e-25
2588.771304,2.784e-24
2588.820032,2.621e-24
2588.834842,2.749e-24
2588.877519,2.5969999999999998e-24
2588.891091,3.005e-25
2588.932695,2.935e-25
2589.117655,2.811e-24
2589.123254,2.806e-24
2589.16602,2.636e-24
2589.177252,2.62e-24
2589.211559,1.598e-24
2589.286335,1.514e-24
2589.306335,5.951000000000001e-25
2589.338467,2.675e-25
2589.362456,5.786e-25
2589.378972,2.614e-25
2589.379448,2.785e-24
2589.427049,2.732e-24
2589.434806,2.587e-24
2589.488156,2.524e-24
2589.548854,1.909e-24
2589.553776,1.968e-24
2589.61571,2.658e-24
2589.680104,2.438e-24
2589.683914,2.553e-24
2589.729687,2.366e-25
2589.754926,2.323e-24
2589.769743,2.314e-25
2589.822053,2.422e-24
2589.881469,1.686e-24
2589.894542,2.26e-24
2589.898849,2.182e-24
2589.951899,1.601e-24
2589.980075,2.0119999999999998e-24
2589.994025,2.07e-24
2590.058613,1.85e-24
2590.089245,1.815e-24
2590.126363,1.597e-24
2590.167248,1.589e-24
2590.1681,2.085e-25
2590.173245,1.308e-24
2590.207024,2.04e-25
2590.209868,9.734e-25
2590.225451,5.66e-25
2590.252365,1.3349999999999999e-24
2590.324369,1.052e-24
2590.399724,7.36e-25
2590.486553,3.836e-25
2590.529979,1.825e-25
2590.532778,1.7579999999999998e-24
2590.56864,1.786e-25
2590.599562,1.674e-24
2590.74452,1.029e-25
2590.774362,1.013e-25
2590.910302,6.147000000000001e-26
2590.926444,7.717e-25
2590.938595,1.871e-25
2590.95226,6.034000000000001e-26
2590.963113,1.593e-25
2590.980552,7.495e-25
2590.986016,1.759e-25
2591.000565,1.56e-25
2591.08224,7.114e-25
2591.115652,7.085e-25
2591.186198,1.815e-24
2591.249505,1.732e-24
2591.270102,2.282e-24
2591.284703,2.221e-24
2591.291988,1.38e-25
2591.32939,1.352e-25
2591.337613,1.79e-25
2591.422513,1.732e-25
2591.530012,1.841e-24
2591.535584,1.901e-24
2591.724542,1.193e-25
2591.760606,1.169e-25
2591.813823,1.855e-24
2591.874332,1.774e-24
2592.015661,1.023e-25
2592.051924,1.003e-25
2592.388436,1.304e-25
2592.406492,1.234e-25
2592.453207,1.88e-24
2592.453564,8.758000000000001e-26
2592.457969,9.813e-25
2592.488305,8.589e-26
2592.510358,9.517e-25
2592.510806,1.801e-24
2592.689512,9.349e-26
2592.700854,7.432e-26
2592.727684,9.172e-26
2592.736086,7.29e-26
2593.054986,1.8879999999999998e-24
2593.110449,1.812e-24
2593.151519,6.309e-26
2593.184979,6.191e-26
2593.21523,3.1360000000000003e-25
2593.264838,2.915e-25
2593.347319,5.297000000000001e-26
2593.38162,5.2e-26
2593.455424,1.688e-24
2593.461501,1.747e-24
2593.545368,9.919e-26
2593.683724,1.8819999999999998e-24
2593.736628,1.809e-24
2593.856774,8.49e-26
2593.900464,1.223e-24
2593.906815,2.605e-25
2593.945882,2.424e-24
2593.951318,1.184e-24
2593.960032,2.356e-24
2593.972737,2.4820000000000003e-25
2594.02442,2.521e-25
2594.048309,2.358e-25
2594.256399,1.859e-24
2594.307729,1.79e-24
2594.326711,1.392e-25
2594.361213,1.365e-25
2594.368571,2.513e-25
2594.405304,8.598e-25
2594.421707,8.596e-25
2594.520007,1.477e-25
2594.547978,1.452e-25
2594.589424,2.1690000000000003e-25
2594.879128,1.826e-24
2594.928082,1.7599999999999998e-24
2595.174275,4.3660000000000005e-25
2595.253545,1.493e-24
2595.303029,1.442e-24
2595.328977,1.4599999999999999e-24
2595.33537,1.514e-24
2595.346602,3.822e-25
2595.386948,4.624e-25
2595.418049,1.778e-24
2595.440801,4.232e-25
2595.465944,1.716e-24
2595.666344,4.002e-25
2595.697572,3.693e-25
2595.824394,2.029e-25
2595.855381,1.987e-25
2595.955836,6.45e-25
2596.040999,1.722e-24
2596.086552,1.664e-24
2596.097888,5.722e-25
2596.365139,3.731e-25
2596.433039,3.633e-25
2596.516938,1.783e-24
2596.53976,1.653e-24
2596.565232,1.718e-24
2596.58477,1.5999999999999999e-24
2596.60446,2.483e-24
2596.618281,2.4099999999999998e-24
2596.738913,8.701e-25
2596.859587,7.809e-25
2597.155276,1.175e-24
2597.161757,1.222e-24
2597.17115,1.582e-24
2597.185644,2.892e-25
2597.213301,2.8290000000000003e-25
2597.213714,1.532e-24
2597.314273,5.571e-25
2597.355251,5.047e-25
2597.458165,6.153e-25
2597.485992,1.106e-24
2597.519567,5.505e-25
2597.591699,1.002e-24
2597.62119,1.498e-24
2597.663757,1.452e-24
2597.666179,1.039e-24
2597.686521,1.017e-24
2597.690487,2.0829999999999998e-24
2597.7378,2.002e-24
2598.225116,2.078e-25
2598.250863,2.04e-25
2598.259693,1.349e-24
2598.271666,1.416e-24
2598.311543,1.374e-24
2598.352956,1.233e-24
2598.414074,4.032e-25
2598.438611,3.94e-25
2598.661804,1.324e-24
2598.702294,1.285e-24
2598.705814,5.252e-25
2598.77129,5.122e-25
2598.774141,2.379e-24
2598.820727,2.2779999999999998e-24
2598.939501,8.606e-25
2598.945813,8.981000000000001e-25
2598.966897,1.5919999999999999e-24
2598.967788,7.011e-25
2599.022763,6.174e-25
2599.051692,1.4659999999999999e-24
2599.243762,2.445e-24
2599.257211,2.368e-24
2599.344928,1.238e-24
2599.38234,1.2029999999999999e-24
2599.431908,7.49e-25
2599.506896,6.457e-25
2599.513786,5.495e-25
2599.535437,5.364e-25
2599.660862,1.142e-24
2599.699587,1.111e-24
2599.744544,1.836e-24
2599.767935,2.65e-24
2599.814116,2.527e-24
2599.820675,1.7e-24
2600.393638,1.057e-24
2600.400221,2.068e-24
2600.428734,1.029e-24
2600.471525,1.925e-24
2600.489378,7.321e-25
2600.508399,7.136e-25
2600.617395,9.622e-25
2600.625438,8.111e-25
2600.654624,9.373e-25
2600.671975,2.878e-24
2600.687235,5.527e-25
2600.693091,5.79e-25
2600.703003,6.789e-25
2600.718163,2.7309999999999998e-24
2600.885376,1.2e-24
2600.905215,1.172e-24
2600.923038,7.264000000000001e-25
2600.985346,7.081e-25
2601.198929,2.295e-24
2601.26321,2.147e-24
2601.308759,8.447e-25
2601.345965,9.531e-25
2601.362638,9.277e-25
2601.410569,6.751e-25
2601.420826,8.825e-25
2601.453703,8.602e-25
2601.486409,3.04e-24
2601.53019,7.928e-25
2601.533152,2.866e-24
2601.566164,7.732e-25
2601.785644,2.498e-24
2601.847625,2.346e-24
2601.855478,2.862e-25
2601.860867,2.302e-24
2601.873823,2.226e-24
2601.878751,2.8090000000000003e-25
2602.089223,1.212e-24
2602.103856,1.178e-24
2602.211397,3.1149999999999998e-24
2602.259452,2.913e-24
2602.28279,8.847e-25
2602.397768,6.389e-25
2602.404156,6.502e-25
2602.404263,2.871e-25
2602.409351,3.024e-25
2602.429857,7.212000000000001e-25
2602.432705,6.239000000000001e-25
2602.460564,7.037e-25
2602.627827,2.698e-24
2602.683289,2.542e-24
2602.725428,1.507e-24
2602.738361,1.4619999999999999e-24
2602.847076,3.085e-24
2602.897528,2.8549999999999998e-24
2603.012154,9.861e-25
2603.071009,9.602e-25
2603.083013,9.382e-25
2603.121903,2.8549999999999998e-24
2603.177159,2.7e-24
2603.218368,5.038e-25
2603.240109,5.3410000000000005e-25
2603.252472,4.925e-25
2603.261484,1.829e-24
2603.273089,1.771e-24
2603.373319,1.283e-25
2603.393491,2.936e-24
2603.424417,5.77e-25
2603.447994,2.679e-24
2603.452962,5.637000000000001e-25
2603.704913,2.169e-24
2603.715597,2.096e-24
2603.850486,2.6599999999999998e-24
2603.91175,2.378e-24
2603.98993,3.889e-25
2604.023395,3.805e-25
2604.036265,3.018e-24
2604.054664,1.348e-24
2604.063803,2.513e-24
2604.073177,1.313e-24
2604.074014,2.422e-24
2604.084769,2.862e-24
2604.096383,9.688e-26
2604.100362,1.028e-25
2604.217427,2.258e-24
2604.290408,1.9529999999999998e-24
2604.346709,2.844e-24
2604.356935,2.7329999999999998e-24
2604.407145,3.116e-24
2604.408485,4.523e-25
2604.434844,4.423e-25
2604.45203,2.06e-24
2604.457422,2.964e-24
2604.464319,1.987e-24
2604.492404,1.73e-24
2604.562509,3.144e-24
2604.573283,3.012e-24
2604.58784,1.409e-24
2604.668775,1.061e-24
2604.710086,2.938e-25
2604.720221,3.394e-24
2604.732132,3.239e-24
2604.743096,2.878e-25
2604.784951,6.397e-25
2604.81912,7.476e-25
2604.828809,3.575e-24
2604.833928,1.437e-24
2604.842514,3.396e-24
2604.866662,2.069e-24
2604.895437,2.5989999999999998e-24
2604.896977,3.673e-24
2604.913233,3.47e-24
2604.920352,3.03e-24
2604.932984,3.674e-24
2604.937084,1.744e-24
2604.938282,3.354e-24
2604.941406,1.109e-24
2604.944466,3.5689999999999996e-24
2604.946463,2.289e-24
2604.952694,3.4469999999999996e-24
2604.959203,2.7369999999999998e-24
2604.96872,3.081e-24
2604.968769,3.318e-24
2604.969783,1.313e-24
2605.006003,3.741e-25
2605.02506,1.276e-24
2605.376141,2.1740000000000003e-25
2605.386284,3.4760000000000003e-25
2605.406968,3.86e-25
2605.408877,2.131e-25
2605.410406,3.402e-25
2605.427558,3.785e-25
2605.429452,3.239e-24
2605.472189,3.087e-24
2605.639048,3.269e-24
2605.685594,3.1229999999999998e-24
2605.985067,1.576e-25
2606.017701,1.546e-25
2606.362211,2.619e-25
2606.384022,2.565e-25
2606.5335,1.118e-25
2606.566191,1.098e-25
2606.793901,1.712e-24
2606.812742,3.353e-24
2606.814879,3.31e-24
2606.845571,1.661e-24
2606.850493,3.209e-24
2606.858631,3.174e-24
2607.012776,1.734e-24
2607.01774,7.774e-26
2607.024182,1.668e-24
2607.050617,7.638e-26
2607.169331,1.469e-24
2607.170935,1.543e-25
2607.186104,1.429e-24
2607.340747,1.936e-25
2607.360158,1.898e-25
2607.420967,1.199e-25
2607.433795,5.292000000000001e-26
2607.466894,5.203e-26
2607.606321,5.59e-26
2607.724394,5.514e-26
2607.8624,5.457e-26
2607.874522,5.372000000000001e-26
2607.931506,3.243e-24
2607.973202,3.12e-24
2608.191527,3.361e-24
2608.193944,3.774e-25
2608.224813,3.228e-24
2608.326339,1.4050000000000002e-25
2608.343252,1.378e-25
2608.349957,3.051e-25
2608.41467,5.008e-26
2608.474097,5.0840000000000006e-26
2608.483857,2.185e-24
2608.531964,2.116e-24
2608.700894,6.266000000000001e-25
2608.826243,5.255e-25
2608.875708,5.094e-25
2608.893424,4.991000000000001e-25
2608.9854,3.082e-24
2609.025643,2.974e-24
2609.076011,1.5610000000000002e-25
2609.07787,1.455e-25
2609.323274,1.001e-25
2609.337587,9.822e-26
2609.462658,9.035e-26
2609.53803,1.353e-24
2609.548297,1.298e-24
2609.571075,3.272e-24
2609.575559,8.904000000000001e-26
2609.600245,3.152e-24
2609.872152,7.64e-26
2609.927158,9.389e-25
2609.927401,7.76e-26
2609.972628,2.845e-24
2610.011928,2.752e-24
2610.018027,8.062e-25
2610.040319,2.7249999999999998e-24
2610.08497,2.634e-24
2610.116302,1.211e-24
2610.204729,1.062e-24
2610.225308,1.551e-24
2610.240036,1.506e-24
2610.335533,7.002000000000001e-26
2610.34715,6.878e-26
2610.717943,3.724e-25
2610.722929,3.418e-25
2610.888847,2.554e-24
2610.927648,2.4749999999999998e-24
2610.956339,3.1e-24
2610.981633,2.994e-24
2611.146212,1.427e-25
2611.253894,1.4050000000000002e-25
2611.331989,8.279e-26
2611.340766,8.146e-26
2611.420539,1.139e-25
2611.43165,1.848e-24
2611.465159,3.3209999999999996e-24
2611.471879,1.158e-25
2611.502963,1.665e-24
2611.506511,3.1999999999999998e-24
2611.6547,1.616e-24
2611.717305,1.437e-24
2611.729295,2.231e-24
2611.767989,2.167e-24
2612.022291,9.552e-25
2612.031129,9.131e-25
2612.258104,6.571000000000001e-25
2612.272769,6.432e-25
2612.351771,2.864e-24
2612.358004,6.3160000000000005e-25
2612.367134,5.681e-25
2612.373359,2.772e-24
2612.488789,1.897e-24
2612.52772,1.846e-24
2612.647499,2.482e-24
2612.653698,2.201e-25
2612.709625,2.277e-24
2612.756144,2.1640000000000003e-25
2612.761273,3.947e-24
2612.799535,3.792e-24
2613.05429,1.659e-25
2613.102024,1.687e-25
2613.161741,1.572e-24
2613.201195,1.532e-24
2613.218948,1.581e-24
2613.231365,1.533e-24
2613.383889,2.372e-24
2613.430152,2.155e-24
2613.63685,5.737000000000001e-26
2613.70555,5.656e-26
2613.742209,1.2689999999999999e-24
2613.760937,3.055e-24
2613.761142,2.584e-24
2613.779154,2.506e-24
2613.782348,1.239e-24
2613.817939,2.841e-24
2613.932369,4.571e-24
2613.967789,4.374e-24
2613.982586,3.3090000000000003e-25
2613.998939,8.736000000000001e-25
2614.013935,7.619e-25
2614.079812,3.251e-25
2614.209094,8.991e-26
2614.22415,9.97e-25
2614.26472,9.76e-25
2614.273633,8.856000000000001e-26
2614.429857,7.144000000000001e-26
2614.452691,7.239000000000001e-26
2614.459824,5.839e-25
2614.466907,5.559e-25
2614.60436,7.513000000000001e-25
2614.624361,1.372e-25
2614.641487,7.492e-25
2614.685098,1.35e-25
2614.701338,1.229e-25
2614.706806,1.209e-25
2614.767106,2.358e-25
2614.767427,3.519e-24
2614.811565,2.4e-25
2614.821729,3.303e-24
2614.850312,5.595000000000001e-25
2614.889356,2.039e-25
2614.905511,5.604000000000001e-25
2614.946712,2.005e-25
2614.982723,5.15e-24
2614.996772,4.151e-25
2615.011146,2.949e-25
2615.015591,4.906e-24
2615.049413,4.084e-25
2615.065666,2.899e-25
2615.116543,3.167e-24
2615.131204,4.847e-25
2615.151875,2.921e-24
2615.187403,2.2799999999999998e-24
2615.201949,2.214e-24
2615.223265,4.755e-25
2615.55092,8.277e-25
2615.562369,8.095e-25
2615.642437,1.028e-24
2615.661368,3.832e-24
2615.666823,8.48e-25
2615.714587,3.624e-24
2615.916938,5.637e-24
2615.94759,5.341e-24
2616.098841,6.906000000000001e-25
2616.146984,1.552e-24
2616.156834,1.502e-24
2616.185833,6.765e-25
2616.436371,3.973e-24
2616.489682,3.781e-24
2616.552088,3.271e-25
2616.593635,3.332e-25
2616.632588,1.969e-24
2616.643773,1.915e-24
2616.739718,5.981e-24
2616.76854,5.629e-24
2616.844859,2.8090000000000003e-25
2616.849814,2.6620000000000003e-25
2616.852947,3.955e-24
2616.880281,3.688e-24
2616.885842,9.561e-25
2616.967907,9.35e-25
2617.062801,1.062e-25
2617.072979,1.058e-25
2617.085458,3.941e-24
2617.139777,3.769e-24
2617.288117,1.02e-24
2617.331757,7.357e-25
2617.45566,6.135e-24
2617.483118,5.723e-24
2617.49368,1.284e-24
2617.571011,1.254e-24
2617.60127,3.749e-24
2617.657344,3.602e-24
2617.924996,1.672e-24
2617.972521,1.786e-25
2617.974735,1.755e-25
2617.976273,3.4299999999999995e-24
2617.997837,1.629e-24
2618.034737,3.307e-24
2618.069082,6.0589999999999996e-24
2618.095773,5.587e-24
2618.097774,1.666e-24
2618.105709,1.623e-24
2618.183579,2.107e-24
2618.203003,3.022e-24
2618.252231,2.049e-24
2618.264406,2.923e-24
2618.274306,2.568e-24
2618.339125,2.491e-24
2618.401915,4.424e-25
2618.440941,4.51e-25
2618.583872,5.725e-24
2618.59275,4.693e-24
2618.610628,5.195e-24
2618.613862,4.412e-24
2618.751366,1.017e-24
2618.75944,9.938e-25
2618.926132,7.971e-25
2619.003346,5.126e-24
2619.006508,1.459e-24
2619.013525,1.409e-24
2619.031474,4.541e-24
2619.055061,3.997e-25
2619.171772,8.029000000000001e-26
2619.174163,7.583e-26
2619.330039,4.271e-24
2619.35124,6.122000000000001e-26
2619.361946,3.636e-24
2619.565189,3.1859999999999998e-24
2619.572536,6.154e-26
2619.583098,1.382e-24
2619.587903,1.348e-24
2619.599135,9.093e-26
2619.606482,2.508e-24
2619.695202,1.545e-25
2619.70628,1.902e-24
2619.710339,1.13e-25
2619.712311,1.57e-25
2619.773641,1.604e-25
2619.7777,1.182e-24
2620.309003,5.832e-25
2620.335233,5.338e-24
2620.345951,5.95e-25
2620.351291,5.051e-24
2621.087813,1.126e-24
2621.08962,1.099e-24
2621.147324,2.49e-25
2621.148296,2.536e-25
2621.427387,4.873e-25
2621.431446,8.506e-26
2621.560375,2.854e-25
2621.794945,1.305e-24
2621.798842,1.257e-24
2621.857198,1.218e-24
2621.861751,1.189e-24
2622.079398,5.8559999999999996e-24
2622.091222,5.571e-24
2622.131007,7.870000000000001e-26
2622.165905,1.129e-25
2622.181784,5.382000000000001e-26
2622.235997,8.001000000000001e-26
2622.265671,7.488e-25
2622.266536,1.149e-25
2622.291024,5.469e-26
2622.291082,1.589e-25
2622.301108,7.644e-25
2622.322178,2.199e-25
2622.340159,2.239e-25
2622.387267,1.618e-25
2622.510541,2.188e-25
2622.602221,2.23e-25
2622.609332,8.798e-25
2622.610378,9.005000000000001e-25
2622.827603,2.946e-25
2622.914752,3.004e-25
2623.125806,1.707e-24
2623.133154,6.908e-26
2623.172734,1.3299999999999999e-24
2623.244814,3.869e-25
2623.32744,3.95e-25
2623.763838,4.949e-25
2623.824002,6.223e-24
2623.8322,5.945e-24
2623.84199,5.058e-25
2624.144826,6.92e-25
2624.148566,7.076e-25
2624.227907,3.4540000000000003e-25
2624.231988,3.52e-25
2624.264272,9.358e-25
2624.299344,9.543e-25
2624.385353,6.151e-25
2624.459123,6.295000000000001e-25
2624.510037,1.101e-24
2624.510488,1.058e-24
2624.814825,3.2569999999999998e-24
2624.825531,5.701e-26
2624.842569,2.759e-24
2624.866835,1.419e-24
2624.867728,1.383e-24
2624.939206,3.063e-25
2624.957771,3.12e-25
2625.108951,7.411e-25
2625.178482,7.595e-25
2625.567556,6.423e-24
2625.572599,6.158e-24
2625.693317,5.3490000000000005e-25
2625.699578,5.466e-25
2625.743638,1.573e-25
2625.753043,1.755e-25
2625.933072,8.631e-25
2625.998559,8.859e-25
2626.262854,3.962e-25
2626.29732,1.1369999999999999e-24
2626.362431,7.683e-25
2626.503312,5.12e-24
2626.521767,4.519e-24
2626.534672,5.077e-26
2626.854965,9.685e-25
2626.916659,9.959e-25
2627.146433,8.273e-25
2627.149815,8.644000000000001e-25
2627.220252,4.68e-25
2627.227365,4.773e-25
2627.251549,4.066e-25
2627.260142,4.151e-25
2627.30831,6.455e-24
2627.310582,6.208e-24
2627.518793,6.099000000000001e-26
2627.530137,6.197000000000001e-26
2627.542126,4.171e-25
2627.561338,4.252e-25
2627.776563,1.562e-24
2627.77946,1.605e-24
2627.783442,3.064e-25
2627.79951,3.507e-25
2627.870704,1.043e-24
2627.928914,1.0749999999999999e-24
2628.190678,7.237e-24
2628.2034,6.547e-24
2628.357575,1.342e-24
2628.385672,1.373e-24
2628.81589,3.039e-25
2628.826607,3.101e-25
2628.975262,1.0739999999999999e-24
2629.030358,1.109e-24
2629.044067,6.101e-24
2629.044238,6.327e-24
2629.431315,7.556000000000001e-26
2629.447157,7.68e-26
2629.704886,5.892e-25
2629.712584,6.179e-25
2629.740916,4.111e-25
2629.7673,4.926e-25
2629.874286,9.518e-24
2629.883025,8.753e-24
2630.127131,5.55e-25
2630.128426,6.191e-25
2630.138495,6.3190000000000005e-25
2630.147136,5.6630000000000005e-25
2630.162645,1.05e-24
2630.215058,1.087e-24
2630.382408,2.235e-25
2630.395003,2.279e-25
2630.438124,1.537e-24
2630.467114,1.578e-24
2630.513605,9.145e-26
2630.526898,9.298e-26
2630.588305,1.709e-24
2630.595116,1.759e-24
2630.770691,5.854e-24
2630.77301,6.057e-24
2631.426074,9.68e-25
2631.476302,1.005e-24
2631.550476,1.185e-23
2631.556276,1.102e-23
2631.609055,3.845e-25
2631.655949,5.086e-25
2631.946924,1.617e-25
2631.961062,1.6470000000000002e-25
2632.184261,3.682e-25
2632.196898,3.878e-25
2632.305962,1.119e-25
2632.323047,1.138e-25
2632.487785,5.4899999999999995e-24
2632.491974,5.6689999999999996e-24
2632.532424,1.706e-24
2632.561801,1.7539999999999998e-24
2632.690769,7.215000000000001e-25
2632.711742,7.368e-25
2632.758203,8.323000000000001e-25
2632.806818,8.671e-25
2632.956652,7.99e-25
2632.969614,8.163000000000001e-25
2633.214849,1.41e-23
2633.218427,1.324e-23
2633.303915,1.807e-24
2633.314766,1.863e-24
2633.337868,1.493e-25
2633.451449,1.343e-25
2633.466665,1.366e-25
2633.474735,2.868e-25
2633.505056,1.151e-25
2633.520033,1.171e-25
2634.151363,6.569000000000001e-25
2634.192345,5.037e-24
2634.198124,5.192e-24
2634.199025,6.87e-25
2634.583131,1.878e-25
2634.601555,1.986e-25
2634.634338,1.83e-24
2634.664279,1.885e-24
2634.862416,1.615e-23
2634.864318,1.527e-23
2635.052239,8.061000000000001e-26
2635.061572,8.018e-26
2635.103762,1.12e-24
2635.107419,1.048e-25
2635.139892,2.312e-24
2635.142847,1.623e-25
2635.146513,5.653e-26
2635.161272,1.652e-25
2635.171104,3.327e-24
2635.173016,1.5620000000000002e-25
2635.174498,8.822000000000001e-26
2635.176672,1.684e-24
2635.181118,2.874e-24
2635.192405,6.038e-26
2635.202054,3.866e-24
2635.210338,4.137e-24
2635.229934,9.155e-25
2635.236783,4.64e-24
2635.252062,9.358e-25
2635.262039,4.714e-24
2635.286447,5.173e-24
2635.329789,5.049e-24
2635.353489,5.4579999999999996e-24
2635.417293,5.149e-24
2635.441124,5.506e-24
2635.528573,5.038e-24
2635.553126,5.343e-24
2635.597792,4.638000000000001e-25
2635.645284,4.871e-25
2635.667953,4.753e-24
2635.693683,5.0069999999999996e-24
2635.709188,1.005e-24
2635.724995,1.028e-24
2635.839966,4.337e-24
2635.867246,4.545e-24
2635.872445,4.786e-25
2635.881018,4.524e-24
2635.888071,4.655e-24
2635.925278,1.842e-24
2635.940305,1.902e-24
2636.005656,9.548e-25
2636.049213,3.8369999999999996e-24
2636.078358,4.004e-24
2636.296675,7.079e-26
2636.300168,3.298e-24
2636.322143,7.213e-26
2636.331446,3.428e-24
2636.334566,1.93e-25
2636.351694,1.964e-25
2636.487725,1.787e-23
2636.488399,1.699e-23
2636.583742,5.556000000000001e-26
2636.596964,2.757e-24
2636.606579,5.646e-26
2636.630599,2.8569999999999998e-24
2636.65249,1.061e-25
2636.674961,1.0820000000000002e-25
2636.73815,1.893e-24
2636.768982,1.9529999999999998e-24
2636.900172,6.512000000000001e-26
2636.925597,6.895000000000001e-26
2636.943155,2.245e-24
2636.97933,2.321e-24
2637.069981,1.553e-25
2637.08957,1.585e-25
2637.089851,2.796e-25
2637.138128,2.95e-25
2637.341485,1.783e-24
2637.380332,1.839e-24
2637.518726,1.438e-24
2637.522383,1.391e-25
2637.546268,2.223e-25
2637.550083,3.981e-24
2637.557968,4.088e-24
2637.562657,2.101e-24
2637.563126,2.271e-25
2637.74185,1.133e-24
2637.76533,1.159e-24
2637.793678,1.382e-24
2637.835272,1.423e-24
2637.941079,2.305e-25
2637.960942,2.347e-25
2638.07792,3.106e-25
2638.084834,1.83e-23
2638.084997,1.917e-23
2638.092231,3.177e-25
2638.300268,1.047e-24
2638.344615,1.076e-24
2638.390212,1.233e-24
2638.40884,1.262e-24
2638.455167,1.801e-24
2638.474531,1.864e-24
2638.6202,1.303e-25
2638.660989,4.24e-25
2638.67049,1.381e-25
2638.672961,4.342000000000001e-25
2638.838572,1.883e-24
2638.860497,7.756e-25
2638.870694,1.9469999999999998e-24
2638.907509,7.963e-25
2639.024729,2.9869999999999998e-24
2639.031349,9.087e-26
2639.048084,3.692e-24
2639.164964,2.714e-25
2639.184012,2.765e-25
2639.195454,3.433e-24
2639.203057,3.511e-24
2639.290997,5.65e-25
2639.300867,5.793e-25
2639.472329,5.624000000000001e-25
2639.521735,5.773e-25
2639.647643,1.913e-23
2639.648298,1.996e-23
2639.962909,7.349e-25
2639.970943,7.546000000000001e-25
2640.132917,3.983e-25
2640.183725,4.104e-25
2640.224068,1.367e-24
2640.249106,1.3999999999999999e-24
2640.438749,4.908e-24
2640.448399,7.186000000000001e-26
2640.451694,5.692e-24
2640.671094,9.332e-25
2640.677589,9.596e-25
2640.699926,3.203e-25
2640.721328,3.263e-25
2640.757738,9.781e-25
2640.79905,2.001e-25
2640.812691,2.902e-24
2640.857315,1.999e-24
2640.88864,2.863e-25
2640.89714,1.681e-24
2640.898627,8.123e-26
2640.921049,1.745e-24
2640.930736,1.793e-24
2640.96461,1.858e-24
2641.003735,1.472e-24
2641.025187,1.508e-24
2641.170884,1.943e-23
2641.171721,2.022e-23
2641.409278,1.156e-24
2641.414566,1.191e-24
2641.569747,1.93e-25
2641.630503,1.961e-25
2641.766838,7.166e-24
2641.772996,8.032e-24
2641.779611,6.117000000000001e-26
2641.944432,3.734e-25
2641.965423,3.806e-25
2642.170525,1.3989999999999999e-24
2642.174976,1.443e-24
2642.340635,1.3e-25
2642.397022,2.405e-24
2642.402368,1.3210000000000002e-25
2642.411011,2.46e-24
2642.648844,1.922e-23
2642.649588,1.994e-23
2642.674445,1.605e-24
2642.701262,1.646e-24
2642.947245,1.651e-24
2642.95127,1.708e-24
2643.010185,1.625e-24
2643.012462,9.667e-24
2643.013594,1.061e-23
2643.028482,5.378e-26
2643.046345,1.69e-24
2643.133285,8.618000000000001e-26
2643.196522,8.752e-26
2643.255401,1.489e-24
2643.28414,1.5499999999999998e-24
2643.418804,4.3540000000000005e-25
2643.441853,4.44e-25
2643.553529,1.708e-24
2643.577844,1.753e-24
2643.731255,1.903e-24
2643.735307,1.972e-24
2643.94003,5.622e-26
2643.943398,1.9549999999999998e-24
2643.95655,2.001e-24
2644.004709,5.706e-26
2644.076235,1.851e-23
2644.076646,1.917e-23
2644.176144,1.328e-23
2644.179008,1.228e-23
2644.260494,5.840000000000001e-26
2644.281318,5.935e-26
2644.513881,2.141e-24
2644.51846,2.224e-24
2644.67455,5.0230000000000005e-25
2644.697528,5.124e-25
2644.990379,5.235e-26
2645.072847,1.392e-24
2645.079854,6.34e-26
2645.091133,1.832e-24
2645.111931,1.452e-24
2645.119967,1.881e-24
2645.264085,1.5899999999999998e-23
2645.270253,1.4859999999999998e-23
2645.286107,2.35e-24
2645.291762,2.449e-24
2645.316157,7.005000000000001e-26
2645.409924,8.726000000000001e-26
2645.446551,1.558e-24
2645.448247,1.796e-23
2645.448367,1.738e-23
2645.459414,1.5939999999999999e-24
2645.534612,1.239e-24
2645.568585,1.295e-24
2645.738178,7.168000000000001e-26
2645.760017,7.286e-26
2646.038757,2.518e-24
2646.04308,1.925e-24
2646.046096,2.633e-24
2646.070337,1.978e-24
2646.097261,5.787e-25
2646.122073,5.905e-25
2646.28151,1.831e-23
2646.290466,1.724e-23
2646.60708,6.992000000000001e-26
2646.736006,9.159e-26
2646.760483,1.6419999999999998e-23
2646.761285,1.592e-23
2646.762691,2.631e-24
2646.772397,2.762e-24
2646.90109,1.218e-24
2646.913638,1.245e-24
2647.115018,1.115e-24
2647.157807,1.166e-24
2647.165269,8.731000000000001e-26
2647.176518,6.002e-26
2647.18771,8.877000000000001e-26
2647.233076,2.034e-23
2647.244401,1.928e-23
2647.338841,8.524000000000001e-26
2647.356708,6.604000000000001e-25
2647.381735,6.742e-25
2647.448998,2.678e-24
2647.46186,2.825e-24
2647.472558,2.0299999999999998e-24
2647.503671,2.088e-24
2647.73969,9.565e-25
2647.779483,1.003e-24
2648.010281,1.465e-23
2648.011861,1.423e-23
2648.089168,2.651e-24
2648.106128,2.814e-24
2648.123896,2.189e-23
2648.137229,2.085e-23
2648.301606,9.34e-25
2648.313708,9.541e-25
2648.428027,5.317000000000001e-26
2648.47556,2.103e-24
2648.505887,2.165e-24
2648.615885,1.06e-25
2648.622802,6.602000000000001e-26
2648.633036,6.466e-26
2648.639315,1.078e-25
2648.675226,2.545e-24
2648.697477,2.721e-24
2648.734964,7.516000000000001e-25
2648.761663,7.676e-25
2648.959406,2.286e-23
2648.974426,2.186e-23
2649.133328,8.203000000000001e-25
2649.180816,8.621e-25
2649.195433,1.277e-23
2649.197806,1.242e-23
2649.199813,2.358e-24
2649.228972,2.546e-24
2649.642797,7.022e-25
2649.654305,7.168e-25
2649.656172,2.091e-24
2649.694632,2.289e-24
2649.74521,2.32e-23
2649.761623,2.227e-23
2649.817405,2.179e-24
2649.851093,2.245e-24
2649.87559,6.706e-25
2649.922069,7.064e-25
2649.992123,8.48e-25
2650.019283,8.665e-25
2650.026873,1.279e-25
2650.037949,1.75e-24
2650.05099,1.301e-25
2650.089662,1.952e-24
2650.117222,9.241e-26
2650.126643,9.043e-26
2650.314574,1.088e-23
2650.31761,1.059e-23
2650.338391,1.3399999999999999e-24
2650.410954,1.541e-24
2650.486894,2.292e-23
2650.504435,2.207e-23
2650.546739,8.672000000000001e-25
2650.613495,3.174e-25
2650.658758,1.051e-24
2650.74277,6e-25
2650.796781,1.086e-24
2650.835902,1.485e-24
2650.846189,4.386e-25
2650.853808,2.224e-24
2650.876062,1.795e-24
2650.887393,2.293e-24
2650.894709,1.274e-24
2650.899458,7.606e-25
2650.909328,1.676e-24
2650.919592,5.176e-25
2650.921316,2.0119999999999998e-24
2650.930391,5.281000000000001e-25
2650.936287,1.979e-24
2650.97333,2.133e-24
2650.973547,2.182e-24
2651.020413,2.287e-24
2651.033019,2.166e-24
2651.076685,2.302e-24
2651.10099,2.119e-24
2651.124691,5.406e-25
2651.142376,2.237e-24
2651.177694,2.007e-24
2651.178206,5.708e-25
2651.189833,2.207e-23
2651.208266,2.13e-23
2651.217586,2.108e-24
2651.263478,1.846e-24
2651.302444,1.93e-24
2651.331679,9.532e-25
2651.358596,1.652e-24
2651.360404,9.744e-25
2651.367114,9.053e-24
2651.370241,8.814e-24
2651.397062,1.721e-24
2651.452015,1.536e-25
2651.463215,1.441e-24
2651.477112,1.5630000000000002e-25
2651.501508,1.497e-24
2651.576523,1.271e-25
2651.5774,1.227e-24
2651.584737,1.2430000000000002e-25
2651.615777,1.271e-24
2651.701105,1.021e-24
2651.739773,1.055e-24
2651.834161,8.306e-25
2651.858999,2.072e-23
2651.873293,8.571e-25
2651.878119,2.004e-23
2651.947088,4.127e-25
2651.976262,6.612000000000001e-25
2652.001552,4.3680000000000005e-25
2652.016008,6.813e-25
2652.124595,2.262e-24
2652.126956,5.154e-25
2652.127246,3.74e-25
2652.13733,3.814e-25
2652.161198,2.335e-24
2652.167458,5.304000000000001e-25
2652.26724,1.204e-25
2652.285636,3.935e-25
2652.327059,4.048e-25
2652.352138,7.061e-24
2652.353132,7.369e-24
2652.396169,6.991e-25
2652.451536,2.945e-25
2652.494136,3.03e-25
2652.498784,1.898e-23
2652.518427,1.839e-23
2652.567296,1.277e-24
2652.581854,1.063e-24
2652.611256,1.087e-24
2652.623723,2.16e-25
2652.668154,2.227e-25
2652.744864,1.337e-25
2652.801108,1.555e-25
2652.845743,1.834e-25
2652.851621,1.608e-25
2652.871603,1.866e-25
2652.905209,1.273e-25
2652.982438,1.098e-25
2652.99136,1.718e-25
2652.997986,1.679e-25
2653.017887,1.059e-25
2653.086247,3.046e-25
2653.112867,1.6969999999999998e-23
2653.121353,8.468e-26
2653.132918,1.648e-23
2653.147647,3.232e-25
2653.166313,7.605e-26
2653.180334,2.269e-24
2653.188714,1.053e-24
2653.207682,7.631000000000001e-26
2653.217436,2.3449999999999998e-24
2653.261246,2.6490000000000003e-25
2653.271018,2.701e-25
2653.273261,5.869e-24
2653.289299,5.609e-24
2653.317621,1.551e-24
2653.35119,5.173e-26
2653.394384,5.218e-26
2653.704128,1.483e-23
2653.724548,1.4419999999999998e-23
2653.887262,1.18e-24
2653.918169,1.207e-24
2653.958556,2.089e-25
2654.023017,2.221e-25
2654.073411,6.445e-26
2654.112991,1.439e-24
2654.128552,4.575e-24
2654.140619,4.461e-24
2654.219376,1.902e-24
2654.24666,2.18e-25
2654.273511,2.22e-25
2654.274611,1.267e-23
2654.295525,1.233e-23
2654.313565,1.816e-25
2654.32799,1.875e-25
2654.353048,2.284e-25
2654.357728,2.229e-25
2654.393259,2.264e-24
2654.43318,2.342e-24
2654.702494,5.253e-26
2654.73644,1.8999999999999998e-24
2654.817462,2.364e-24
2654.825551,1.058e-23
2654.847784,1.029e-23
2654.920359,3.492e-24
2654.932507,3.415e-24
2655.006375,5.295e-26
2655.015237,1.334e-25
2655.084966,5.409e-26
2655.087286,1.4199999999999999e-25
2655.126823,1.299e-24
2655.1586,1.3299999999999999e-24
2655.305503,1.276e-25
2655.305943,1.246e-25
2655.343425,5.566e-24
2655.35744,8.646e-24
2655.443002,2.873e-24
2655.457322,2.228e-24
2655.49829,2.308e-24
2655.622259,2.574e-25
2655.64995,2.622e-25
2655.650226,2.611e-24
2655.65378,2.9840000000000003e-25
2655.656181,2.91e-25
2655.663024,2.557e-24
2655.819014,2.349e-24
2655.870127,6.916e-24
2655.887279,6.737e-24
2655.89574,2.808e-24
2655.913684,7.493000000000001e-26
2655.991393,7.965e-26
2656.171328,6.473e-26
2656.183914,2.9499999999999997e-24
2656.200635,8.354000000000001e-26
2656.201582,8.508e-26
2656.240427,3.433e-24
2656.247836,6.619e-26
2656.319793,1.914e-24
2656.333405,1.875e-24
2656.362936,5.417e-24
2656.381228,5.293e-24
2656.401643,1.424e-24
2656.43491,1.458e-24
2656.62272,2.176e-24
2656.666446,2.256e-24
2656.834787,4.156e-24
2656.853464,4.066e-24
2656.886627,3.734e-25
2656.88681,3.834e-25
2656.930726,1.375e-24
2656.9452,1.348e-24
2656.999932,3.027e-25
2657.015032,5.563e-26
2657.015062,5.468000000000001e-26
2657.028633,3.084e-25
2657.284318,3.1249999999999998e-24
2657.303211,3.061e-24
2657.400103,7.664000000000001e-26
2657.474827,7.844e-26
2657.484659,9.682e-25
2657.500001,9.503e-25
2657.528241,3.4099999999999995e-24
2657.540402,4.179e-24
2657.581629,4.693e-24
2657.589628,3.885e-24
2657.627825,1.548e-24
2657.662142,1.587e-24
2657.686645,2.097e-24
2657.709988,2.304e-24
2657.729054,2.258e-24
2657.731943,2.177e-24
2657.967434,5.799e-26
2657.983153,6.69e-25
2657.993895,5.918000000000001e-26
2657.99935,6.57e-25
2658.043575,4.709e-25
2658.046621,4.84e-25
2658.110164,1.665e-24
2658.129403,1.633e-24
2658.35676,3.537e-25
2658.386375,3.605e-25
2658.427669,4.535e-25
2658.444699,4.457e-25
2658.483191,1.181e-24
2658.484594,8.328000000000001e-26
2658.502626,1.159e-24
2658.510727,8.504000000000001e-26
2658.693504,8.765e-26
2658.76735,8.985000000000001e-26
2658.809015,5.5269999999999996e-24
2658.812457,2e-24
2658.819554,3.018e-25
2658.827448,8.214000000000001e-25
2658.837393,2.9670000000000003e-25
2658.839476,6.072e-24
2658.847108,8.067e-25
2658.860591,2.0789999999999998e-24
2658.874812,1.673e-24
2658.910644,1.716e-24
2659.002866,1.173e-25
2659.02901,1.198e-25
2659.122883,5.835e-25
2659.129037,6.006e-25
2659.141385,5.608000000000001e-25
2659.160032,1.971e-25
2659.161302,5.511e-25
2659.178653,1.939e-25
2659.248943,4.5519999999999996e-24
2659.301438,5.046e-24
2659.423545,3.758e-25
2659.443755,3.695e-25
2659.450199,1.264e-25
2659.469579,1.2440000000000002e-25
2659.52078,1.62e-25
2659.547857,1.653e-25
2659.672582,2.473e-25
2659.691034,7.958000000000001e-26
2659.693118,2.433e-25
2659.711149,7.835000000000001e-26
2659.711952,4.113e-25
2659.742612,4.194e-25
2659.869884,1.88e-24
2659.887268,1.598e-25
2659.908161,1.572e-25
2659.920125,1.958e-24
2659.991233,6.917e-24
2659.995318,7.459e-26
2660.013483,7.486e-24
2660.023053,6.726000000000001e-26
2660.036694,2.193e-25
2660.06649,1.014e-25
2660.085548,1.795e-24
2660.08777,9.983e-26
2660.094895,1.5e-25
2660.121817,7.1e-25
2660.122606,1.842e-24
2660.12622,9.926e-26
2660.131306,7.319e-25
2660.209251,6.322e-26
2660.230946,6.226e-26
2660.391078,5.07e-26
2660.41834,5.151e-26
2660.548807,2.912e-25
2660.570878,2.9740000000000003e-25
2660.962083,1.746e-24
2660.987065,5.689e-24
2661.015389,1.8209999999999998e-24
2661.034177,6.192e-24
2661.039063,8.48e-25
2661.049548,4.753e-25
2661.052097,8.757e-25
2661.055173,3.788e-25
2661.078837,3.885e-25
2661.081196,4.848e-25
2661.088044,8.258999999999999e-24
2661.103673,8.843e-24
2661.306808,1.913e-24
2661.345445,1.965e-24
2661.48627,1.018e-25
2661.551545,1.055e-25
2661.553725,4.829e-25
2661.578308,4.962000000000001e-25
2661.845293,6.212e-26
2661.873408,6.314e-26
2661.874669,9.934e-25
2661.891456,1.028e-24
2662.008334,1.5949999999999999e-24
2662.042289,6.032e-25
2662.064341,1.667e-24
2662.067812,6.208e-25
2662.100307,9.466e-24
2662.110376,1.005e-23
2662.382848,5.465e-25
2662.415592,5.577e-25
2662.500582,2.023e-24
2662.518611,7.377e-25
2662.540625,2.0789999999999998e-24
2662.545256,7.606e-25
2662.629911,1.1399999999999999e-24
2662.650676,1.183e-24
2662.748384,6.722e-24
2662.792293,7.224e-24
2662.97742,1.042e-25
2662.980372,8.833e-25
2663.008403,9.125e-25
2663.028901,1.046e-23
2663.034162,1.104e-23
2663.042604,1.077e-25
2663.0713,1.436e-24
2663.130777,1.503e-24
2663.289246,7.578000000000001e-26
2663.307122,1.282e-24
2663.318236,7.704000000000001e-26
2663.332131,1.3329999999999999e-24
2663.42522,1.035e-24
2663.454966,1.0709999999999999e-24
2663.697706,2.125e-24
2663.700882,6.245000000000001e-25
2663.734696,6.375e-25
2663.739432,2.186e-24
2663.850787,1.185e-24
2663.874806,1.118e-23
2663.875816,1.173e-23
2663.882651,1.23e-24
2663.909463,1.409e-24
2663.93906,1.469e-24
2664.103021,1.2679999999999999e-24
2664.165909,1.3299999999999999e-24
2664.254716,1.325e-24
2664.289187,1.38e-24
2664.440679,1.511e-24
2664.47533,1.582e-24
2664.533204,1.016e-25
2664.539056,7.561e-24
2664.581258,8.047999999999999e-24
2664.597745,1.052e-25
2664.63468,1.447e-24
2664.63634,1.21e-23
2664.63915,1.158e-23
2664.672366,1.511e-24
2664.722847,9.192e-26
2664.752733,9.348e-26
2664.873431,2.214e-24
2664.904846,1.579e-24
2664.916756,2.279e-24
2664.945212,1.661e-24
2664.988399,1.538e-24
2665.012755,7.098e-25
2665.030073,1.613e-24
2665.047724,7.249000000000001e-25
2665.139856,1.098e-24
2665.206847,1.154e-24
2665.306125,1.603e-24
2665.313648,1.589e-24
2665.316968,1.214e-23
2665.323248,1.166e-23
2665.353166,1.695e-24
2665.360324,1.675e-24
2665.608257,1.5899999999999999e-24
2665.648524,1.574e-24
2665.661318,1.6869999999999998e-24
2665.703677,1.675e-24
2665.870069,1.534e-24
2665.919178,1.186e-23
2665.928635,1.142e-23
2665.931497,1.64e-24
2665.935648,1.485e-24
2666.001148,1.5949999999999999e-24
2666.047609,2.289e-24
2666.092761,2.358e-24
2666.09684,1.415e-24
2666.133492,5.191000000000001e-26
2666.146151,1.11e-25
2666.150212,9.455e-26
2666.154692,9.294e-25
2666.164584,5.1090000000000006e-26
2666.169653,1.5279999999999999e-24
2666.170385,1.3319999999999999e-24
2666.176956,1.129e-25
2666.214303,9.799e-26
2666.226008,9.794e-25
2666.249894,1.448e-24
2666.285954,1.231e-24
2666.311008,8.017e-25
2666.347133,8.191000000000001e-25
2666.354301,1.115e-24
2666.365727,8.134e-24
2666.375141,1.347e-24
2666.376951,8.159e-26
2666.407337,8.595e-24
2666.40836,8.026000000000001e-26
2666.433552,9.811e-25
2666.444723,1.13e-23
2666.454355,1.23e-24
2666.457097,1.091e-23
2666.485913,8.311000000000001e-25
2666.531096,6.6330000000000005e-25
2666.540072,2.609e-25
2666.548397,1.094e-24
2666.552389,4.755e-25
2666.616027,1.259e-25
2666.619916,9.386e-25
2666.647441,1.237e-25
2666.692628,7.605e-25
2666.756312,5.553e-25
2666.822064,3.11e-25
2666.849668,1.906e-25
2666.879679,1.868e-25
2666.895649,1.05e-23
2666.910701,1.016e-23
2667.076074,2.833e-25
2667.118641,2.727e-25
2667.167485,7.67e-25
2667.204525,2.347e-24
2667.24386,8.103e-25
2667.251496,2.4199999999999998e-24
2667.274325,9.537e-24
2667.291821,9.246e-24
2667.292708,4.131e-25
2667.328369,4.054e-25
2667.496338,5.912e-25
2667.53125,5.802e-25
2667.559192,1.332e-25
2667.583466,8.467e-24
2667.590942,1.356e-25
2667.601807,9.005000000000001e-25
2667.603162,8.224e-24
2667.639163,9.205e-25
2667.683112,8.302e-25
2667.717647,8.144e-25
2667.804416,8.758000000000001e-26
2667.824504,8.359000000000001e-26
2667.826167,7.355e-24
2667.84778,7.155e-24
2667.848661,1.144e-24
2667.882835,1.121e-24
2667.888554,8.682e-26
2667.988215,1.546e-24
2668.005957,6.252e-24
2668.021987,1.515e-24
2668.029092,6.093e-24
2668.096687,2.049e-24
2668.127031,5.199e-24
2668.13009,2.007e-24
2668.150882,5.0799999999999996e-24
2668.163782,6.142e-25
2668.168587,2.6599999999999998e-24
2668.195367,3.332e-24
2668.197142,4.165e-24
2668.20204,2.608e-24
2668.217283,4.15e-24
2668.232755,3.323e-24
2668.235499,8.401e-24
2668.245747,6.506e-25
2668.277399,8.824e-24
2668.35663,2.386e-24
2668.40562,2.463e-24
2668.579457,6.876e-26
2668.851614,7.324000000000001e-26
2668.880136,1.005e-24
2668.918745,1.028e-24
2668.96194,1.592e-25
2668.994659,1.62e-25
2669.14192,1.264e-24
2669.153796,4.749e-25
2669.242276,5.045e-25
2669.324224,1.82e-24
2669.494225,2.4039999999999998e-24
2669.545288,2.484e-24
2669.551166,6.997000000000001e-26
2669.615725,7.286e-26
2669.770321,6.233000000000001e-26
2669.96094,1.64e-24
2670.116327,2.163e-24
2670.130323,3.52e-25
2670.150138,1.115e-24
2670.155802,8.351e-24
2670.190068,1.141e-24
2670.198724,8.729e-24
2670.226269,3.75e-25
2670.354483,1.891e-25
2670.3882,1.926e-25
2670.624888,2.401e-24
2670.627416,5.24e-26
2670.67822,2.483e-24
2670.769499,2.0829999999999998e-24
2670.901118,2.592e-24
2671.098088,2.475e-25
2671.202857,2.6440000000000003e-25
2671.324307,5.518000000000001e-26
2671.343413,6.234e-26
2671.354302,6.368e-26
2671.390059,5.763e-26
2671.408456,1.229e-24
2671.44975,1.258e-24
2671.566856,2.583e-24
2671.680411,3.092e-24
2671.736757,2.236e-25
2671.742825,2.374e-24
2671.7715,2.277e-25
2671.798537,2.459e-24
2671.816185,5.1680000000000005e-26
2671.834044,5.275e-26
2672.053697,1.628e-25
2672.134215,8.008e-24
2672.168943,1.743e-25
2672.178787,8.337e-24
2672.347873,3.135e-24
2672.421234,8.564e-26
2672.434694,8.755e-26
2672.447272,3.651e-24
2672.657883,1.347e-24
2672.700604,1.379e-24
2672.707838,7.197e-26
2672.726869,7.352000000000001e-26
2672.852508,2.323e-24
2672.910801,2.4099999999999998e-24
2672.998913,9.789e-26
2673.108864,2.628e-25
2673.125143,3.732e-24
2673.126906,1.048e-25
2673.144665,2.678e-25
2673.213618,4.26e-24
2673.430219,1.156e-25
2673.446239,1.183e-25
2673.567844,9.838e-26
2673.588197,1.006e-25
2673.877166,4.369e-24
2673.896137,1.4649999999999999e-24
2673.931989,5.181000000000001e-26
2673.940352,1.502e-24
2673.950558,2.251e-24
2673.956305,4.91e-24
2674.01162,2.3369999999999998e-24
2674.075795,5.524e-26
2674.178253,7.421e-24
2674.225023,7.699e-24
2674.373636,1.532e-25
2674.392226,1.569e-25
2674.394638,1.32e-25
2674.416475,1.351e-25
2674.470736,3.073e-25
2674.507628,3.1320000000000003e-25
2674.641333,5.034e-24
2674.713431,5.587e-24
2675.03954,2.155e-24
2675.103608,2.24e-24
2675.125213,1.585e-24
2675.170961,1.625e-24
2675.186803,1.738e-25
2675.210299,1.781e-25
2675.254671,1.993e-25
2675.275865,2.044e-25
2675.358471,5.719e-24
2675.423661,6.284e-24
2675.822469,3.573e-25
2675.860488,3.643e-25
2675.943073,2.245e-25
2675.968422,2.303e-25
2676.076351,2.546e-25
2676.100213,2.613e-25
2676.11759,2.038e-24
2676.118804,6.409e-24
2676.179408,6.984e-24
2676.184901,2.123e-24
2676.29513,6.657e-24
2676.343329,1.701e-24
2676.344576,6.885e-24
2676.390741,1.746e-24
2676.662344,2.845e-25
2676.689762,2.921e-25
2676.79048,7.096999999999999e-24
2676.841496,3.19e-25
2676.845359,7.681e-24
2676.86813,3.2780000000000004e-25
2677.164005,4.132e-25
2677.186073,1.903e-24
2677.203188,4.214e-25
2677.256933,1.985e-24
2677.343672,3.534e-25
2677.373401,3.635e-25
2677.551714,1.812e-24
2677.552687,3.919e-25
2677.560036,7.762e-24
2677.582243,4.034e-25
2677.600649,1.858e-24
2677.612158,8.351e-24
2677.819144,5.015e-26
2677.98627,4.303e-25
2678.01859,4.433e-25
2678.170534,8.404999999999999e-24
2678.212248,4.72e-25
2678.217349,8.998e-24
2678.244008,1.7519999999999998e-24
2678.244931,4.867e-25
2678.318745,1.831e-24
2678.491516,5.789e-24
2678.495424,4.751e-25
2678.535812,4.848e-25
2678.544059,5.972e-24
2678.589501,5.133e-25
2678.624739,5.297000000000001e-25
2678.750161,1.921e-24
2678.8011,1.974e-24
2678.822239,5.568e-25
2678.858323,5.752e-25
2678.967294,8.997e-24
2679.012932,9.589e-24
2679.152868,5.9930000000000005e-25
2679.191416,6.198e-25
2679.220972,6.062000000000001e-26
2679.254187,6.174e-26
2679.292086,1.589e-24
2679.371098,1.664e-24
2679.38446,6.428e-25
2679.424306,6.655e-25
2679.495083,9.549e-24
2679.535284,1.014e-23
2679.676002,6.845e-25
2679.718336,7.095e-25
2679.816681,5.432e-25
2679.858317,5.545e-25
2679.900453,7.257000000000001e-25
2679.938531,2.019e-24
2679.944537,7.531000000000001e-25
2679.991372,2.076e-24
2680.158636,7.639e-25
2680.205353,7.939e-25
2680.329803,1.417e-24
2680.342905,1.002e-23
2680.37152,7.999e-25
2680.383467,1.061e-23
2680.413542,1.487e-24
2680.420466,8.326e-25
2680.600589,8.319000000000001e-25
2680.647028,7.406e-26
2680.652449,8.672000000000001e-25
2680.68158,7.541000000000001e-26
2680.759918,1.045e-23
2680.77332,4.887e-24
2680.794468,1.102e-23
2680.798725,8.597e-25
2680.829321,5.03e-24
2680.853363,8.978e-25
2681.001731,8.821e-25
2681.059731,9.229e-25
2681.116745,2.106e-24
2681.127841,6.176e-25
2681.170773,6.3060000000000005e-25
2681.171605,2.168e-24
2681.182894,8.987000000000001e-25
2681.244354,9.422e-25
2681.357471,1.241e-24
2681.361942,9.084e-25
2681.427431,9.545e-25
2681.446482,1.305e-24
2681.524612,9.108e-25
2681.594459,9.594e-25
2681.681051,9.05e-25
2681.689388,1.077e-23
2681.725919,1.133e-23
2681.755919,9.559e-25
2681.824169,8.906e-25
2681.904666,9.435e-25
2681.958726,8.668000000000001e-25
2681.960341,1.104e-23
2681.989889,1.158e-23
2682.04575,9.215e-25
2682.064865,8.986e-26
2682.081456,8.335000000000001e-25
2682.100698,9.149e-26
2682.17603,8.893e-25
2682.194268,7.901000000000001e-25
2682.28501,2.18e-24
2682.295679,7.364e-25
2682.297776,8.466e-25
2682.342002,2.246e-24
2682.374823,1.065e-24
2682.386097,6.72e-25
2682.40989,7.927e-25
2682.428873,6.979e-25
2682.464528,5.967000000000001e-25
2682.469748,1.122e-24
2682.473149,7.131e-25
2682.513435,7.272e-25
2682.530214,5.099e-25
2682.58118,4.106e-25
2682.608377,6.493e-25
2682.613448,2.9690000000000003e-25
2682.615932,1.6420000000000002e-25
2682.695576,5.582e-25
2682.77595,4.522e-25
2682.851461,3.2840000000000003e-25
2682.926155,1.812e-25
2683.009532,1.119e-23
2683.042841,1.171e-23
2683.091333,1.129e-23
2683.116316,1.18e-23
2683.145504,4.011e-24
2683.205266,4.121e-24
2683.381955,8.922e-25
2683.44317,2.238e-24
2683.474138,1.083e-25
2683.483572,9.433e-25
2683.502427,2.308e-24
2683.511221,1.103e-25
2683.719826,7.841000000000001e-25
2683.7655,8.015e-25
2684.147725,1.121e-23
2684.168437,1.166e-23
2684.306438,1.126e-23
2684.337179,1.175e-23
2684.37869,7.283e-25
2684.487942,7.723e-25
2684.591366,2.279e-24
2684.653032,2.352e-24
2684.874507,1.297e-25
2684.912828,1.3210000000000002e-25
2685.00068,8.757e-25
2685.04781,8.955000000000001e-25
2685.124394,1.08e-23
2685.141032,1.121e-23
2685.364979,5.766e-25
2685.483037,6.134e-25
2685.583558,1.1e-23
2685.611947,3.206e-24
2685.612277,1.144e-23
2685.675716,3.287e-24
2685.729501,2.3e-24
2685.793737,2.377e-24
2686.016469,1.013e-23
2686.029164,1.049e-23
2686.072982,1.587e-24
2686.157534,7.453000000000001e-26
2686.20066,7.341e-26
2686.261656,2.063e-24
2686.265779,1.545e-25
2686.27147,9.719e-25
2686.305337,1.574e-25
2686.320118,9.944e-25
2686.340624,4.402e-25
2686.468958,4.7e-25
2686.819524,9.253e-24
2686.828371,9.557e-24
2686.842068,1.146e-25
2686.844721,1.045e-23
2686.857656,2.301e-24
2686.871891,1.083e-23
2686.878503,1.988e-24
2686.886452,1.134e-25
2686.924643,2.38e-24
2687.046788,2.462e-24
2687.305422,3.218e-25
2687.445917,3.4480000000000003e-25
2687.480459,1.7250000000000002e-25
2687.509586,1.7210000000000002e-25
2687.529768,8.242e-24
2687.532187,1.0719999999999999e-24
2687.534839,8.495e-24
2687.58242,1.097e-24
2687.647764,1.829e-25
2687.675417,2.454e-24
2687.68857,1.863e-25
2687.823863,2.9319999999999998e-24
2687.975776,2.2799999999999998e-24
2688.032471,2.61e-25
2688.045714,2.361e-24
2688.065568,2.568e-25
2688.094157,9.653e-24
2688.120195,9.979e-24
2688.144184,7.164e-24
2688.145544,7.371e-24
2688.175369,2.498e-24
2688.243339,2.558e-24
2688.259025,2.229e-25
2688.414151,2.397e-25
2688.460854,2.975e-24
2688.518265,3.831e-25
2688.550058,3.764e-25
2688.592799,3.463e-24
2688.658344,6.249e-24
2688.660624,6.082e-24
2688.752039,5.093e-26
2688.782856,1.175e-24
2688.834746,1.2039999999999999e-24
2688.929115,5.519e-25
2688.958871,5.42e-25
2689.020346,2.153e-25
2689.062417,2.194e-25
2689.072016,5.179e-24
2689.077858,5.048e-24
2689.0839,2.237e-24
2689.157015,2.32e-24
2689.200937,1.441e-25
2689.23487,3.546e-24
2689.260613,7.809e-25
2689.287997,7.662e-25
2689.336513,8.684e-24
2689.353264,4.046e-24
2689.361796,8.957999999999999e-24
2689.374027,1.555e-25
2689.386244,4.2e-24
2689.395555,4.099e-24
2689.508841,1.085e-24
2689.533621,1.064e-24
2689.56327,5.165e-26
2689.601561,3.335e-24
2689.614236,3.258e-24
2689.670176,1.479e-24
2689.692162,1.449e-24
2689.719262,2.594e-24
2689.735181,2.537e-24
2689.7413,1.978e-24
2689.760327,1.936e-24
2689.920689,5.335000000000001e-26
2689.970484,5.467e-26
2689.99772,4.159e-24
2690.023471,1.28e-24
2690.062822,5.1490000000000005e-26
2690.077097,1.312e-24
2690.078099,5.329e-26
2690.104885,4.672e-24
2690.130358,8.505000000000001e-26
2690.140506,5.177e-26
2690.168491,5.291e-26
2690.181994,2.172e-24
2690.258544,2.255e-24
2690.266942,5.468000000000001e-26
2690.326066,9.198e-26
2690.383411,2.519e-25
2690.413718,5.271e-26
2690.426772,2.568e-25
2690.576867,7.613e-24
2690.583822,5.977e-26
2690.601734,7.838e-24
2690.601997,5.56e-26
2690.613162,6.111e-26
2690.749787,4.805e-24
2690.753741,5.352000000000001e-26
2690.837317,1.8999999999999998e-24
2690.84753,5.3319999999999996e-24
2690.909628,1.943e-24
2690.925817,5.605e-26
2690.979673,6.876e-26
2691.009943,7.034e-26
2691.082892,5.388e-26
2691.178249,5.830000000000001e-26
2691.238366,5.602e-26
2691.25405,1.384e-24
2691.270073,2.0849999999999998e-24
2691.288972,5.678e-26
2691.309497,1.42e-24
2691.350346,2.168e-24
2691.395059,7.867e-26
2691.401175,5.376e-26
2691.426695,8.051000000000001e-26
2691.491034,5.4739999999999996e-24
2691.539603,5.548000000000001e-26
2691.58076,6.014e-24
2691.708598,5.315000000000001e-26
2691.736884,2.931e-25
2691.774841,8.964e-26
2691.781566,2.9890000000000003e-25
2691.807558,9.179e-26
2691.820737,6.508e-24
2691.829485,5.441e-26
2691.845469,6.688e-24
2692.005175,5.203e-26
2692.107965,5.282000000000001e-26
2692.164319,1.016e-25
2692.198447,1.041e-25
2692.222027,6.154e-24
2692.290925,5.0410000000000005e-26
2692.304863,6.706999999999999e-24
2692.348109,1.978e-24
2692.374991,5.0710000000000005e-26
2692.37548,6.174e-26
2692.432437,2.06e-24
2692.474593,1.487e-24
2692.489496,6.009000000000001e-26
2692.526627,1.146e-25
2692.531953,1.5259999999999999e-24
2692.56199,1.175e-25
2692.89174,1.287e-25
2692.928591,1.32e-25
2692.942095,6.835e-24
2693.018922,7.397e-24
2693.074071,5.428e-24
2693.080695,3.392e-25
2693.098813,5.567e-24
2693.126733,3.46e-25
2693.235571,1.438e-25
2693.273817,1.476e-25
2693.416095,1.853e-24
2693.50486,1.933e-24
2693.561986,6.494000000000001e-26
2693.577485,1.599e-25
2693.598191,1.414e-24
2693.61733,1.6420000000000002e-25
2693.652572,7.504e-24
2693.674936,1.444e-24
2693.679502,6.314e-26
2693.685109,1.587e-24
2693.724147,8.074e-24
2693.744485,1.63e-24
2693.902141,1.768e-25
2693.943559,1.817e-25
2694.221726,1.946e-25
2694.264891,2.001e-25
2694.343236,4.4179999999999996e-24
2694.351423,8.149e-24
2694.367459,4.516e-24
2694.414791,3.902e-25
2694.418309,8.723e-24
2694.462227,3.982e-25
2694.474003,1.712e-24
2694.526745,2.13e-25
2694.567643,1.79e-24
2694.571685,2.193e-25
2694.737823,6.781000000000001e-26
2694.824642,2.32e-25
2694.859063,6.587000000000001e-26
2694.871521,2.39e-25
2694.885601,1.682e-24
2694.947101,1.728e-24
2695.04188,8.759e-24
2695.104631,9.335e-24
2695.109729,2.513e-25
2695.158623,2.591e-25
2695.386407,2.707e-25
2695.437484,2.793e-25
2695.521804,1.559e-24
2695.597,1.223e-24
2695.620833,1.633e-24
2695.634982,3.51e-24
2695.651402,2.901e-25
2695.696577,2.37e-24
2695.704775,2.996e-25
2695.719069,9.322e-24
2695.739127,4.463e-25
2695.778031,9.896e-24
2695.788005,4.556e-25
2695.902866,7.029e-26
2695.907179,3.089e-25
2695.963056,3.194e-25
2696.02809,6.826000000000001e-26
2696.034873,5.907e-26
2696.076073,1.769e-24
2696.076586,6.006000000000001e-26
2696.13982,1.82e-24
2696.151959,3.271e-25
2696.210505,3.385e-25
2696.387091,3.4420000000000004e-25
2696.390145,9.828e-24
2696.445777,1.0399999999999998e-23
2696.448531,3.567e-25
2696.457321,1.03e-24
2696.538549,1.05e-24
2696.559455,1.3959999999999999e-24
2696.611616,3.6e-25
2696.664474,1.4659999999999999e-24
2696.676187,3.735e-25
2696.826234,3.74e-25
2696.894223,3.885e-25
2696.956397,2.724e-24
2696.988296,2.776e-24
2697.030464,3.86e-25
2697.044769,1.027e-23
2697.053664,5.074e-25
2697.057119,7.232000000000001e-26
2697.097238,1.083e-23
2697.102189,4.014e-25
2697.104035,5.182e-25
2697.186575,7.010000000000001e-26
2697.224638,3.954e-25
2697.256527,1.847e-24
2697.300477,4.119e-25
2697.322652,1.901e-24
2697.408517,4.02e-25
2697.475994,7.127e-26
2697.488908,4.194e-25
2697.518817,7.249000000000001e-26
2697.582231,4.054e-25
2697.586903,1.229e-24
2697.667695,4.236e-25
2697.697434,1.064e-23
2697.698625,1.293e-24
2697.745648,4.052e-25
2697.747186,1.119e-23
2697.836804,4.241e-25
2697.898778,4.011e-25
2697.996376,4.206e-25
2698.041509,3.927e-25
2698.146463,4.128e-25
2698.173755,3.8e-25
2698.200495,7.383000000000001e-26
2698.287203,4.002e-25
2698.295344,3.625e-25
2698.314833,2.065e-24
2698.328014,1.093e-23
2698.334501,7.149000000000001e-26
2698.34743,2.107e-24
2698.35837,5.736e-25
2698.375035,1.147e-23
2698.406053,3.4e-25
2698.410289,5.861e-25
2698.418725,3.826e-25
2698.426964,1.913e-24
2698.495614,1.971e-24
2698.505527,3.1230000000000003e-25
2698.541229,3.5960000000000004e-25
2698.593221,2.791e-25
2698.604076,1.06e-24
2698.654973,3.31e-25
2698.668226,2.4e-25
2698.723354,1.118e-24
2698.72891,1.944e-25
2698.760337,2.9620000000000003e-25
2698.771984,1.413e-25
2698.789383,7.840000000000001e-26
2698.857894,2.549e-25
2698.906901,8.554000000000001e-26
2698.948578,2.062e-25
2698.950871,8.703000000000001e-26
2698.963775,1.114e-23
2699.008573,1.166e-23
2699.034038,1.49e-25
2699.117587,8.127000000000001e-26
2699.332966,7.477e-26
2699.413054,7.352e-25
2699.471862,7.231000000000001e-26
2699.498774,7.493e-25
2699.568073,1.126e-23
2699.587383,1.966e-24
2699.610429,1.176e-23
2699.610879,8.936e-25
2699.653219,6.445e-25
2699.658719,2.028e-24
2699.706745,6.588000000000001e-25
2699.717813,1.5289999999999999e-24
2699.738747,9.456e-25
2699.752242,1.559e-24
2700.189206,1.13e-23
2700.229764,1.178e-23
2700.327593,1.021e-25
2700.372744,1.04e-25
2700.454463,7.511000000000001e-26
2700.598627,7.254000000000001e-26
2700.607185,7.344e-25
2700.737783,2.004e-24
2700.744909,7.797e-25
2700.763997,1.125e-23
2700.802282,1.172e-23
2700.811984,2.068e-24
2700.938185,7.199000000000001e-25
2700.993385,7.362e-25
2701.172913,1.107e-24
2701.209729,1.128e-24
2701.373816,1.113e-23
2701.4107,1.157e-23
2701.564941,7.479e-26
2701.59282,5.858e-25
2701.7148,7.213e-26
2701.738066,1.213e-25
2701.74198,6.242000000000001e-25
2701.784437,1.235e-25
2701.878158,2.025e-24
2701.914609,1.093e-23
2701.949276,1.135e-23
2701.955424,2.092e-24
2702.213248,7.991e-25
2702.270192,8.176000000000001e-25
2702.46286,5.152e-25
2702.517786,1.066e-23
2702.55145,1.105e-23
2702.553047,5.246e-25
2702.567543,4.511e-25
2702.664335,7.382000000000001e-26
2702.687623,7.827e-25
2702.727255,7.969e-25
2702.730143,4.826e-25
2702.820369,7.108000000000001e-26
2703.008505,2.027e-24
2703.018481,1.033e-23
2703.049882,1.069e-23
2703.089057,2.097e-24
2703.098116,1.642e-24
2703.138316,1.434e-25
2703.185948,1.46e-25
2703.290044,2.0159999999999998e-24
2703.478388,8.815e-25
2703.531012,3.327e-25
2703.537155,9.024e-25
2703.621415,9.949e-24
2703.652233,1.029e-23
2703.709647,3.576e-25
2703.752589,7.217000000000001e-26
2703.891839,2.043e-24
2703.915344,6.937000000000001e-26
2704.067539,2.43e-24
2704.073924,9.509e-24
2704.102323,9.822e-24
2704.12881,2.011e-24
2704.212901,2.082e-24
2704.269193,5.413e-25
2704.312014,5.507e-25
2704.482722,2.3270000000000003e-25
2704.528341,1.685e-25
2704.577277,1.716e-25
2704.677141,2.499e-24
2704.680842,2.514e-25
2704.685149,9.045e-24
2704.713439,9.333e-24
2704.73359,9.663e-25
2704.794263,9.898e-25
2704.829633,6.986e-26
2704.836138,2.9e-24
2704.999741,6.702e-26
2705.078954,8.534999999999999e-24
2705.104551,8.798e-24
2705.239068,1.975e-24
2705.326975,2.048e-24
2705.421904,1.519e-25
2705.451767,3.003e-24
2705.596053,3.42e-24
2705.603437,3.548e-25
2705.644237,1.65e-25
2705.698035,3.61e-25
2705.709608,8.021e-24
2705.735644,8.261e-24
2705.895398,6.692e-26
2705.908137,1.97e-25
2705.924456,3.661e-25
2705.958424,2.007e-25
2705.970805,3.722e-25
2705.978835,1.052e-24
2706.031282,7.474e-24
2706.041507,1.079e-24
2706.054221,7.691e-24
2706.073806,6.391000000000001e-26
2706.215481,3.549e-24
2706.33926,1.919e-24
2706.347148,3.981e-24
2706.347314,9.036e-26
2706.431302,1.993e-24
2706.600608,9.872e-26
2706.695615,6.945e-24
2706.719637,7.14e-24
2706.928291,6.39e-24
2706.948668,6.566e-24
2706.949805,6.338000000000001e-26
2706.96839,4.128e-24
2707.089244,4.577e-24
2707.136717,6.054000000000001e-26
2707.214111,1.1389999999999999e-24
2707.277702,2.29e-25
2707.278881,1.168e-24
2707.329387,2.3340000000000003e-25
2707.429368,1.844e-24
2707.525908,1.918e-24
2707.551202,5.154e-26
2707.644215,5.873e-24
2707.659669,2.422e-25
2707.666443,6.0299999999999995e-24
2707.709851,2.461e-25
2707.710643,4.732e-24
2707.767029,5.338e-24
2707.784901,5.477e-24
2707.822175,5.195e-24
2707.992765,5.93e-26
2708.189529,5.651e-26
2708.439403,1.223e-24
2708.442371,5.352e-24
2708.506381,1.256e-24
2708.509368,1.751e-24
2708.544207,4.358e-24
2708.545803,5.828e-24
2708.556704,4.855e-24
2708.559594,4.466e-24
2708.577338,4.978e-24
2708.610818,1.824e-24
2708.63703,2.6470000000000003e-25
2708.690168,2.7e-25
2708.8308,2.402e-25
2708.929724,2.443e-25
2709.024177,5.476000000000001e-26
2709.163677,5.975e-24
2709.231889,5.203e-26
2709.256212,3.479e-24
2709.260011,6.463e-24
2709.269106,3.561e-24
2709.434645,3.924e-24
2709.453873,4.019e-24
2709.480341,1.569e-25
2709.534628,1.592e-25
2709.579229,1.642e-24
2709.654699,1.306e-24
2709.686067,1.714e-24
2709.724002,1.341e-24
2709.87464,6.592e-24
2709.899138,2.717e-24
2709.909501,2.778e-24
2709.964707,7.088999999999999e-24
2709.986119,3.044e-25
2710.040765,3.105e-25
2710.146386,5.211000000000001e-26
2710.19833,5.337000000000001e-26
2710.27989,3.103e-24
2710.297895,3.174e-24
2710.462266,5.733e-26
2710.468829,2.076e-24
2710.476604,2.12e-24
2710.516237,5.874e-26
2710.575309,7.191e-24
2710.638912,1.519e-24
2710.659802,7.694e-24
2710.751691,1.588e-24
2710.767916,6.272e-26
2710.824031,6.43e-26
2710.859983,1.384e-24
2710.931744,1.422e-24
2710.960951,1.552e-24
2710.966061,1.584e-24
2711.063449,6.826000000000001e-26
2711.094599,2.401e-24
2711.111558,2.454e-24
2711.121845,7.001e-26
2711.265736,7.762e-24
2711.288006,5.249000000000001e-26
2711.324965,3.48e-25
2711.345238,8.268e-24
2711.348805,7.388000000000001e-26
2711.36337,5.1390000000000005e-26
2711.371078,1.1359999999999999e-24
2711.373435,1.159e-24
2711.381179,3.552e-25
2711.391095,9.946e-26
2711.409631,7.581000000000001e-26
2711.449721,1.009e-25
2711.592549,7.323e-26
2711.61186,7.213e-26
2711.624043,7.951000000000001e-26
2711.687466,8.164e-26
2711.68837,1.384e-24
2711.694316,8.301e-25
2711.694809,8.147e-25
2711.807735,1.45e-24
2711.865286,1.153e-25
2711.881255,1.8189999999999998e-24
2711.881328,1.135e-25
2711.889135,8.509000000000001e-26
2711.89734,1.857e-24
2711.924446,5.824e-25
2711.927886,5.721e-25
2711.945923,8.293e-24
2711.95534,8.742e-26
2712.020928,8.801e-24
2712.032921,1.781e-25
2712.04572,1.753e-25
2712.055245,1.456e-24
2712.059856,4.004e-25
2712.066337,3.935e-25
2712.097008,2.697e-25
2712.106613,2.6530000000000003e-25
2712.129606,1.497e-24
2712.140362,1.602e-25
2712.144109,9.053e-26
2712.213307,9.306e-26
2712.243505,1.627e-25
2712.388952,9.573e-26
2712.461377,9.846e-26
2712.488218,5.322000000000001e-26
2712.536365,5.413000000000001e-26
2712.565905,5.783e-26
2712.615925,8.776e-24
2712.623671,1.006e-25
2712.642679,1.35e-24
2712.642967,5.659000000000001e-26
2712.653565,3.956e-25
2712.658061,1.377e-24
2712.686855,9.282e-24
2712.699592,1.035e-25
2712.71141,4.039e-25
2712.72754,1.24e-24
2712.848255,1.05e-25
2712.854255,1.302e-24
2712.927978,1.0810000000000002e-25
2712.957794,5.334e-26
2713.028327,5.664000000000001e-26
2713.062698,1.089e-25
2713.146572,1.122e-25
2713.240469,1.52e-24
2713.266982,1.121e-25
2713.275684,9.202e-24
2713.317589,1.564e-24
2713.342903,9.703e-24
2713.355411,1.156e-25
2713.382044,9.807e-25
2713.395554,6.178e-26
2713.396882,9.996e-25
2713.458716,6.265000000000001e-26
2713.461084,1.146e-25
2713.55454,1.182e-25
2713.644971,1.1610000000000002e-25
2713.744007,1.198e-25
2713.756345,1.091e-24
2713.805704,6.338000000000001e-26
2713.818599,1.167e-25
2713.884948,6.198000000000001e-26
2713.891315,1.149e-24
2713.923869,1.205e-25
2713.925299,9.563e-24
2713.942142,6.39e-26
2713.971913,4.471e-25
2713.981906,1.1610000000000002e-25
2713.989123,1.006e-23
2713.99154,6.501e-26
2714.031459,4.567e-25
2714.094194,1.199e-25
2714.102881,6.981e-25
2714.117311,7.11e-25
2714.134809,1.143e-25
2714.255067,1.181e-25
2714.277192,1.112e-25
2714.406592,1.148e-25
2714.408415,7.96e-26
2714.408895,1.067e-25
2714.415642,1.574e-24
2714.474453,8.405e-26
2714.495695,1.622e-24
2714.52969,1.007e-25
2714.548904,1.101e-25
2714.564612,9.855e-24
2714.625314,1.034e-23
2714.639244,9.304e-26
2714.68218,1.037e-25
2714.737049,8.367e-26
2714.774682,9.411e-25
2714.806667,9.561e-26
2714.809089,4.87e-25
2714.822289,7.243e-26
2714.823169,4.956000000000001e-25
2714.893561,5.908000000000001e-26
2714.918998,9.938e-25
2714.922713,8.562000000000001e-26
2715.030843,7.361e-26
2715.059965,6.907000000000001e-26
2715.131883,5.935e-26
2715.141145,6.75e-26
2715.193842,1.007e-23
2715.251665,1.054e-23
2715.280005,5.0230000000000005e-25
2715.341326,5.133e-25
2715.384411,5.244000000000001e-26
2715.385475,7.633e-26
2715.436163,7.768000000000001e-26
2715.478036,5.106e-26
2715.50494,3.3299999999999998e-25
2715.518377,3.384e-25
2715.527004,1.052e-25
2715.58075,1.618e-24
2715.634234,1.068e-25
2715.663928,1.668e-24
2715.782418,7.929e-25
2715.812633,1.021e-23
2715.834177,5.761e-26
2715.867785,1.067e-23
2715.87461,1.108e-25
2715.930098,5.605e-26
2715.937374,1.165e-25
2715.93741,8.399000000000001e-25
2716.195077,2.231e-25
2716.201809,2.222e-25
2716.274191,6.289e-26
2716.285602,7.486000000000001e-26
2716.369098,7.311e-26
2716.372507,6.115000000000001e-26
2716.42146,1.028e-23
2716.474135,1.072e-23
2716.577838,5.609000000000001e-25
2716.641012,5.735e-25
2716.703101,6.824000000000001e-26
2716.735776,1.649e-24
2716.779375,6.503e-25
2716.803946,6.630000000000001e-26
2716.818212,9.069e-26
2716.822294,1.702e-24
2716.870235,9.232e-26
2716.884509,1.466e-25
2716.904125,1.4850000000000002e-25
2716.946687,6.914000000000001e-25
2717.019598,1.027e-23
2717.069954,1.069e-23
2717.121879,7.357000000000001e-26
2717.225379,7.142e-26
2717.364423,1.449e-25
2717.424923,1.517e-25
2717.517376,8.066000000000001e-26
2717.529699,7.881000000000001e-26
2717.578601,9.438e-26
2717.5973,9.579e-26
2717.603062,7.873000000000001e-26
2717.608023,1.018e-23
2717.636004,7.644000000000001e-26
2717.656212,1.058e-23
2717.765311,5.168e-25
2717.865405,6.226e-25
2717.880704,1.666e-24
2717.927118,8.387000000000001e-26
2717.930519,6.369e-25
2717.947007,5.517e-25
2717.970799,1.721e-24
2718.036382,8.128e-26
2718.185301,1.002e-23
2718.231458,1.0399999999999998e-23
2718.240351,1.072e-25
2718.283058,5.96e-26
2718.293755,1.092e-25
2718.302442,6.047000000000001e-26
2718.313635,8.865000000000001e-26
2718.426032,8.583000000000001e-26
2718.689552,9.306e-26
2718.727074,8.642e-26
2718.739889,3.953e-25
2718.753312,9.803e-24
2718.79757,1.016e-23
2718.805269,9.001e-26
2718.81526,8.429000000000001e-26
2718.885609,1.789e-25
2718.938614,4.24e-25
2718.944692,1.866e-25
2718.985123,6.809000000000001e-26
2719.015514,1.668e-24
2719.054565,9.7e-26
2719.096289,6.912000000000001e-26
2719.109454,1.725e-24
2719.142702,6.868e-25
2719.173811,9.372e-26
2719.209848,7.03e-25
2719.309484,9.522e-24
2719.351924,9.856e-24
2719.408824,1.004e-25
2719.531825,9.685e-26
2719.651887,1.26e-25
2719.702622,2.885e-25
2719.706721,1.284e-25
2719.752142,1.031e-25
2719.857163,9.189e-24
2719.879148,9.934e-26
2719.897918,9.5e-24
2719.921846,3.111e-25
2719.937122,9.203e-26
2720.027779,8.969e-26
2720.084577,1.05e-25
2720.139206,1.481e-24
2720.140185,1.654e-24
2720.215866,1.011e-25
2720.238258,1.713e-24
2720.332184,1.75e-24
2720.391841,8.809999999999999e-24
2720.406007,1.061e-25
2720.409723,7.528000000000001e-25
2720.430955,9.098e-24
2720.445412,2.093e-25
2720.479001,7.71e-25
2720.50379,2.1770000000000003e-25
2720.541899,1.022e-25
2720.652783,1.981e-25
2720.716439,1.063e-25
2720.85725,1.02e-25
2720.897188,2.15e-25
2720.919342,8.394e-24
2720.921599,1.85e-24
2720.956953,8.66e-24
2721.015785,1.056e-25
2721.052817,1.473e-25
2721.10129,2.139e-24
2721.109133,1.502e-25
2721.129497,9.741e-26
2721.161914,1.012e-25
2721.222897,9.487e-26
2721.254692,1.624e-24
2721.304021,1.039e-25
2721.357263,1.684e-24
2721.432018,7.947e-24
2721.455899,9.938e-26
2721.468127,8.191e-24
2721.581073,1.013e-25
2721.589234,1.252e-25
2721.666461,8.198000000000001e-25
2721.695459,2.264e-24
2721.73798,8.402e-25
2721.739187,9.665e-26
2721.846896,9.767e-26
2721.860966,2.571e-24
2721.865365,1.369e-25
2721.939625,7.478e-24
2721.97439,7.701e-24
2722.0118,9.3e-26
2722.050358,2.33e-25
2722.10142,9.316e-26
2722.108627,2.417e-25
2722.273745,8.849000000000001e-26
2722.318277,1.025e-25
2722.344582,8.781000000000001e-26
2722.359008,1.577e-24
2722.414469,9.971e-26
2722.429605,6.995e-24
2722.443138,1.714e-25
2722.459045,2.716e-24
2722.462976,7.197e-24
2722.466447,1.638e-24
2722.500992,1.747e-25
2722.510074,7.014e-26
2722.525055,8.319000000000001e-26
2722.576302,8.17e-26
2722.611524,3.04e-24
2722.765773,7.717000000000001e-26
2722.796496,7.497e-26
2722.827515,7.738e-26
2722.91291,8.869e-25
2722.917786,6.504e-24
2722.949956,6.687e-24
2722.986787,9.095e-25
2722.996177,7.038000000000001e-26
2723.005064,6.774000000000001e-26
2723.20189,6.016000000000001e-26
2723.212024,3.1999999999999998e-24
2723.215485,6.355e-26
2723.352948,3.541e-24
2723.384138,6.012e-24
2723.386832,5.239000000000001e-26
2723.414992,6.1769999999999996e-24
2723.424804,5.621000000000001e-26
2723.4531,1.515e-24
2723.492258,1.071e-25
2723.565845,1.576e-24
2723.591497,1.041e-25
2723.706091,2.474e-25
2723.764731,2.561e-25
2723.822845,1.982e-25
2723.853612,5.526e-24
2723.882295,2.021e-25
2723.8834,5.673e-24
2723.954389,3.708e-24
2724.085143,4.065e-24
2724.149063,9.531e-25
2724.225426,9.78e-25
2724.295088,5.05e-24
2724.32361,5.181e-24
2724.536929,1.437e-24
2724.655484,1.497e-24
2724.659999,1.112e-25
2724.686212,4.233e-24
2724.746907,4.589e-24
2724.762406,1.08e-25
2724.774496,4.706e-24
2724.808005,4.605e-24
2725.161852,4.146e-24
2725.188195,4.249e-24
2725.191933,2.279e-25
2725.253043,2.3250000000000003e-25
2725.37491,1.017e-24
2725.407573,4.766e-24
2725.417265,2.514e-25
2725.4539,1.044e-24
2725.47663,2.596e-25
2725.521436,5.149e-24
2725.597505,3.727e-24
2725.61045,1.346e-24
2725.623054,3.817e-24
2725.735396,1.405e-24
2725.814743,1.147e-25
2725.92058,1.113e-25
2725.983743,3.33e-24
2726.008034,3.409e-24
2726.118543,5.296e-24
2726.225353,5.69e-24
2726.40528,2.962e-24
2726.428927,3.03e-24
2726.550399,2.606e-25
2726.590444,1.078e-24
2726.613242,2.66e-25
2726.672213,1.107e-24
2726.673608,1.243e-24
2726.759978,2.618e-24
2726.782323,2.676e-24
2726.805621,1.2999999999999998e-24
2726.819181,5.816e-24
2726.919679,6.218e-24
2726.961507,1.175e-25
2727.070962,1.139e-25
2727.170157,2.304e-24
2727.18755,2.449e-25
2727.192026,2.354e-24
2727.247786,2.526e-25
2727.489666,2.0139999999999998e-24
2727.50953,6.314e-24
2727.510149,2.057e-24
2727.604353,6.721e-24
2727.726333,1.13e-24
2727.795654,1.133e-24
2727.866209,1.185e-24
2727.880371,1.166e-24
2727.892123,1.7539999999999998e-24
2727.898237,2.9630000000000003e-25
2727.912325,1.791e-24
2727.96288,3.026e-25
2728.096346,1.195e-25
2728.171788,1.518e-24
2728.189626,6.781e-24
2728.190475,1.549e-24
2728.209706,1.157e-25
2728.279317,7.192e-24
2728.571245,1.309e-24
2728.589881,1.3349999999999999e-24
2728.768542,1.0099999999999999e-24
2728.805187,1.12e-24
2728.822126,1.142e-24
2728.859495,7.210999999999999e-24
2728.91722,1.061e-24
2728.944521,7.622e-24
2728.99053,1.183e-24
2729.020074,2.288e-25
2729.07838,1.218e-24
2729.08059,2.363e-25
2729.207677,9.563e-25
2729.22207,1.206e-25
2729.224842,9.749e-25
2729.235442,3.349e-25
2729.301964,3.421e-25
2729.339598,1.166e-25
2729.388545,8.1e-25
2729.403769,8.254e-25
2729.519152,7.594e-24
2729.599922,8.003e-24
2729.800129,8.853e-25
2729.801682,6.849e-25
2729.817464,6.977e-25
2729.884852,5.571000000000001e-26
2729.920369,5.74e-25
2729.933897,5.845e-25
2729.940501,5.669000000000001e-26
2729.958734,9.329e-25
2730.168611,7.924e-24
2730.175058,1.225e-24
2730.245478,8.329e-24
2730.266245,1.262e-24
2730.336453,1.208e-25
2730.353642,4.809e-25
2730.368126,4.895e-25
2730.398973,3.987e-25
2730.410806,4.057e-25
2730.458488,1.167e-25
2730.562009,3.764e-25
2730.630494,3.846e-25
2730.807876,8.196e-24
2730.820956,7.594e-25
2730.822458,2.715e-25
2730.832584,2.761e-25
2730.864076,3.31e-25
2730.877345,3.367e-25
2730.877849,1.395e-25
2730.88115,8.594e-24
2730.976415,2.13e-25
2730.977426,6.8e-26
2730.990851,8.027e-25
2731.188703,1.813e-25
2731.197095,1.843e-25
2731.333653,2.234e-25
2731.345791,2.272e-25
2731.349225,1.259e-24
2731.35063,6.623000000000001e-26
2731.407725,6.742e-26
2731.43695,8.406e-24
2731.440986,1.201e-25
2731.443975,1.298e-24
2731.495346,1.187e-25
2731.501963,1.206e-25
2731.506906,8.794999999999999e-24
2731.567872,1.157e-25
2731.739782,7.622000000000001e-26
2731.744569,7.739000000000001e-26
2731.763213,1.4790000000000002e-25
2731.774302,1.503e-25
2731.830846,6.352e-25
2731.877932,4.204e-25
2731.94847,4.298e-25
2732.0137,6.738e-25
2732.05583,8.551e-24
2732.12271,8.929e-24
2732.153776,9.607e-26
2732.163901,9.758e-26
2732.50656,6.122000000000001e-26
2732.513015,1.282e-24
2732.51581,6.215000000000001e-26
2732.534449,1.183e-25
2732.611597,1.323e-24
2732.664514,8.631e-24
2732.666604,1.138e-25
2732.728532,8.996e-24
2732.805254,7.832e-26
2732.829559,5.159e-25
2732.863848,7.976000000000001e-26
2732.866316,1.806e-25
2732.935691,1.855e-25
2733.027455,5.494e-25
2733.183204,4.666000000000001e-25
2733.255893,4.774e-25
2733.262988,8.645e-24
2733.324338,8.996e-24
2733.61757,1.155e-25
2733.666411,1.295e-24
2733.755447,1.11e-25
2733.769072,1.338e-24
2733.816769,4.043e-25
2733.85125,8.596e-24
2733.910104,8.931e-24
2734.032346,4.326000000000001e-25
2734.248721,9.212e-26
2734.308867,9.384e-26
2734.429279,8.485e-24
2734.47782,5.148e-25
2734.485791,8.803e-24
2734.552764,5.269e-25
2734.689693,1.117e-25
2734.792014,3.031e-25
2734.80939,1.295e-24
2734.833823,1.071e-25
2734.887661,1.526e-25
2734.916462,1.3399999999999999e-24
2734.958023,1.5620000000000002e-25
2734.997073,8.318e-24
2735.028694,3.261e-25
2735.051383,8.618e-24
2735.554598,8.098e-24
2735.606834,8.379999999999999e-24
2735.681025,1.078e-25
2735.742782,1.098e-25
2735.751124,1.07e-25
2735.75462,2.146e-25
2735.761771,5.643000000000001e-25
2735.839084,5.779e-25
2735.902106,1.024e-25
2735.94193,1.283e-24
2736.016953,2.3240000000000003e-25
2736.053767,1.329e-24
2736.101864,7.832e-24
2736.152139,8.095e-24
2736.638817,7.525e-24
2736.687236,7.769e-24
2736.703556,1.4060000000000002e-25
2736.801502,1.014e-25
2736.960036,9.684e-26
2736.970066,1.247e-25
2736.99779,1.533e-25
2737.035049,6.145e-25
2737.042304,1.276e-25
2737.064003,1.258e-24
2737.102162,1.254e-25
2737.114856,6.2980000000000005e-25
2737.122943,1.194e-24
2737.165482,7.183e-24
2737.165591,1.278e-25
2737.181005,1.305e-24
2737.21214,7.41e-24
2737.315133,1.374e-24
2737.637155,8.203000000000001e-26
2737.681781,6.814e-24
2737.726767,7.023e-24
2737.840904,9.504e-26
2737.893887,1.509e-24
2737.972228,9.034e-26
2738.0078,9.05e-26
2738.075043,1.708e-24
2738.175576,1.22e-24
2738.187757,6.4249999999999996e-24
2738.231145,6.615e-24
2738.297647,6.6470000000000005e-25
2738.298199,1.2679999999999999e-24
2738.336684,5.254000000000001e-26
2738.380081,6.817e-25
2738.387455,5.154e-26
2738.512124,1.451e-25
2738.577293,1.4790000000000002e-25
2738.656075,1.857e-24
2738.68332,6.021e-24
2738.725193,6.194e-24
2738.825121,2.074e-24
2738.869105,8.795e-26
2738.909719,5.972e-26
2738.968547,5.855000000000001e-26
2739.045316,8.351000000000001e-26
2739.112438,9.898e-26
2739.16837,5.607e-24
2739.186839,1.011e-25
2739.208594,5.757e-24
2739.276611,1.17e-24
2739.405375,1.217e-24
2739.408146,2.235e-24
2739.549555,7.142e-25
2739.565699,2.468e-24
2739.634762,7.329e-25
2739.643244,5.1939999999999996e-24
2739.682276,5.335e-24
2739.886058,8.03e-26
2739.910907,1.669e-25
2739.977886,1.703e-25
2740.017547,5.415000000000001e-26
2740.047957,5.254000000000001e-26
2740.072708,7.6e-26
2740.107871,4.78e-24
2740.145542,4.907e-24
2740.149749,2.635e-24
2740.296827,2.883e-24
2740.367061,1.107e-24
2740.502568,1.154e-24
2740.561347,4.377e-24
2740.59777,4.49e-24
2740.69533,5.05e-26
2740.75212,6.642e-26
2740.790762,7.62e-25
2740.806732,6.509000000000001e-26
2740.878904,7.825e-25
2740.880815,3.0519999999999998e-24
2740.891577,7.222000000000001e-26
2741.005017,3.984e-24
2741.018467,3.314e-24
2741.040208,4.084e-24
2741.090017,6.81e-26
2741.298505,1.909e-25
2741.312733,7.636000000000001e-26
2741.367369,1.949e-25
2741.389458,7.794e-26
2741.437408,3.607e-24
2741.446871,1.034e-24
2741.471419,3.695e-24
2741.474949,7.452e-26
2741.536422,7.298e-26
2741.589815,1.0799999999999999e-24
2741.601363,3.479e-24
2741.730554,3.753e-24
2741.860126,3.246e-24
2741.885525,6.386000000000001e-26
2741.893,3.324e-24
2742.021259,8.071e-25
2742.097388,5.996000000000001e-26
2742.112509,8.295e-25
2742.271189,2.907e-24
2742.276295,5.633e-26
2742.283979,5.467e-26
2742.30296,2.975e-24
2742.311434,3.907e-24
2742.325596,5.912e-26
2742.355728,5.724e-26
2742.433021,4.193e-24
2742.515974,9.513e-25
2742.667168,9.956e-25
2742.672931,2.588e-24
2742.67491,2.1720000000000003e-25
2742.703646,2.647e-24
2742.745741,2.217e-25
2742.867689,5.538000000000001e-26
2743.011074,4.33e-24
2743.062435,2.292e-24
2743.092114,2.3429999999999998e-24
2743.094983,5.175e-26
2743.125807,4.624e-24
2743.153106,5.279000000000001e-26
2743.157422,8.211e-26
2743.215972,8.037000000000001e-26
2743.22247,5.154e-26
2743.241031,8.486e-25
2743.335583,8.728000000000001e-25
2743.443199,2.019e-24
2743.471893,2.063e-24
2743.568442,5.736e-26
2743.574285,8.609e-25
2743.647623,5.849e-26
2743.675085,5.978e-26
2743.700323,4.7389999999999996e-24
2743.734687,9.031e-25
2743.745555,5.834e-26
2743.808853,5.04e-24
2743.810873,1.7699999999999998e-24
2743.838588,1.808e-24
2743.899827,6.119000000000001e-26
2743.910594,5.928000000000001e-26
2743.996237,9.093e-26
2744.040116,2.455e-25
2744.06067,8.895000000000001e-26
2744.101294,6.732e-26
2744.113001,2.508e-25
2744.170698,1.543e-24
2744.173966,6.566e-26
2744.197495,1.575e-24
2744.379214,5.127e-24
2744.450066,8.853e-25
2744.482108,5.433e-24
2744.516211,1.338e-24
2744.542073,1.366e-24
2744.548131,9.114e-25
2744.568984,6.246e-26
2744.592139,7.536000000000001e-26
2744.599184,6.033e-26
2744.621701,7.648e-25
2744.666177,7.346e-26
2744.79245,8.044e-25
2744.855196,1.154e-24
2744.880202,1.178e-24
2745.012573,8.388000000000001e-26
2745.047773,5.486e-24
2745.088817,8.171e-26
2745.145528,5.794e-24
2745.178129,9.911e-25
2745.202238,1.011e-24
2745.394116,2.76e-25
2745.469148,2.8210000000000003e-25
2745.475339,9.279e-26
2745.496457,8.463e-25
2745.519767,8.627e-25
2745.548408,9.921e-26
2745.553202,9.033e-26
2745.564868,6.461e-26
2745.578774,6.245000000000001e-26
2745.611043,9.699e-26
2745.648348,9.163e-25
2745.658086,6.654e-25
2745.706021,5.811e-24
2745.750162,9.442e-25
2745.79629,7.193000000000001e-25
2745.799069,6.119e-24
2745.818731,7.3299999999999985e-25
2745.840553,7.019e-25
2745.886321,1.02e-25
2745.966447,9.928e-26
2746.094249,6.081e-25
2746.115948,6.195e-25
2746.323304,1.115e-25
2746.353974,6.094e-24
2746.370324,5.117e-25
2746.391167,5.21e-25
2746.405304,1.084e-25
2746.442696,6.402e-24
2746.474588,1.085e-25
2746.542331,1.059e-25
2746.648346,4.284e-25
2746.654737,5.677000000000001e-26
2746.668508,4.3610000000000005e-25
2746.68327,5.6510000000000005e-25
2746.717683,5.781e-26
2746.721937,1.212e-25
2746.736901,3.083e-25
2746.75259,6.374000000000001e-26
2746.783228,6.139e-26
2746.80631,1.177e-25
2746.814182,3.1530000000000003e-25
2746.835861,9.406e-25
2746.879125,5.9810000000000005e-25
2746.899825,3.569e-25
2746.91914,3.632e-25
2746.941684,9.701e-25
2746.991643,6.333e-24
2747.076374,6.637e-24
2747.13481,1.308e-25
2747.158526,2.9580000000000003e-25
2747.177219,3.01e-25
2747.221326,1.27e-25
2747.26892,6.618000000000001e-26
2747.28602,6.381000000000001e-26
2747.384348,2.441e-25
2747.402189,2.4830000000000003e-25
2747.518828,1.4030000000000002e-25
2747.607882,1.361e-25
2747.619033,6.523e-24
2747.624582,2.004e-25
2747.641867,2.037e-25
2747.697023,4.664000000000001e-25
2747.70007,6.820999999999999e-24
2747.823404,1.637e-25
2747.839815,1.665e-25
2747.908329,4.956000000000001e-25
2747.908767,1.495e-25
2747.921151,1.171e-25
2747.988079,1.143e-25
2748.000252,1.448e-25
2748.012585,9.572e-25
2748.046321,1.331e-25
2748.062253,1.353e-25
2748.068463,3.423e-25
2748.122706,9.883e-25
2748.145437,6.685000000000001e-26
2748.148101,3.502e-25
2748.210053,6.81e-26
2748.216443,1.078e-25
2748.231463,1.095e-25
2748.236147,6.662e-24
2748.27641,1.582e-25
2748.313756,6.953e-24
2748.370658,1.532e-25
2748.423572,8.678000000000001e-26
2748.438203,8.815e-26
2748.562851,6.957000000000001e-26
2748.57651,7.065000000000001e-26
2748.644195,1.663e-25
2748.699036,3.721e-25
2748.741199,1.608e-25
2748.75619,5.55e-26
2748.769565,5.635e-26
2748.842987,6.749e-24
2748.880949,6.267e-26
2748.910798,1.263e-25
2748.91243,6.016000000000001e-26
2748.917403,7.031e-24
2748.928387,3.97e-25
2748.982252,1.232e-25
2748.9941,1.736e-25
2749.008122,6.559e-26
2749.028487,6.305e-26
2749.094157,1.677e-25
2749.178497,9.653e-25
2749.293242,9.978e-25
2749.340207,1.7990000000000002e-25
2749.388794,3.776e-25
2749.43955,6.782e-24
2749.443398,1.736e-25
2749.470907,3.866e-25
2749.510984,7.054e-24
2749.624201,7.829e-26
2749.671316,1.85e-25
2749.688879,2.844e-25
2749.690551,7.978000000000001e-26
2749.777929,1.783e-25
2749.9396,3.05e-25
2749.995992,1.889e-25
2750.025831,6.763999999999999e-24
2750.094474,7.025e-24
2750.106186,1.818e-25
2750.272022,1.348e-25
2750.307479,1.913e-25
2750.333574,9.643e-25
2750.343523,1.314e-25
2750.404107,5.25e-26
2750.421559,1.838e-25
2750.453305,9.979e-25
2750.462157,5.083e-26
2750.601824,6.697e-24
2750.610797,1.92e-25
2750.665937,2.056e-25
2750.667849,6.945e-24
2750.697883,4.14e-25
2750.729002,1.843e-25
2750.777432,6.268000000000001e-26
2750.782599,4.24e-25
2750.801165,6.004000000000001e-26
2750.902004,1.913e-25
2750.942389,2.22e-25
2750.958241,5.918000000000001e-26
2750.991023,5.659000000000001e-26
2751.024679,1.832e-25
2751.09102,9.117e-26
2751.154166,6.157000000000001e-26
2751.156437,6.027000000000001e-26
2751.15917,9.295e-26
2751.167524,6.582e-24
2751.183911,1.888e-25
2751.231083,6.818e-24
2751.305463,1.436e-25
2751.311387,1.805e-25
2751.381088,1.398e-25
2751.454293,1.845e-25
2751.477786,9.536e-25
2751.586988,1.761e-25
2751.602915,9.882e-25
2751.629284,1.379e-25
2751.714641,1.786e-25
2751.722916,6.4249999999999996e-24
2751.775264,5.0610000000000005e-26
2751.784153,6.646e-24
2751.852991,1.701e-25
2751.937364,1.499e-25
2751.963732,1.71e-25
2751.995721,4.508e-25
2752.083178,4.62e-25
2752.108265,1.625e-25
2752.20229,1.62e-25
2752.267994,6.228e-24
2752.327035,6.436e-24
2752.35359,1.535e-25
2752.429655,1.515e-25
2752.545882,1.056e-25
2752.570871,5.754e-26
2752.57747,8.259e-26
2752.588411,1.432e-25
2752.597706,1.514e-25
2752.598139,5.489e-26
2752.611099,9.331e-25
2752.61591,1.077e-25
2752.641566,5.783e-26
2752.646122,1.3990000000000002e-25
2752.658883,5.913000000000001e-26
2752.67415,1.473e-25
2752.742092,9.682e-25
2752.802743,5.997e-24
2752.813124,1.318e-25
2752.851318,1.274e-25
2752.859707,6.191e-24
2752.925438,9.063e-26
2752.988282,5.346e-26
2753.022899,5.088e-26
2753.0275,1.196e-25
2753.045301,1.142e-25
2753.227819,1.006e-25
2753.231764,1.067e-25
2753.282296,4.876e-25
2753.327152,5.738e-24
2753.372645,5.0010000000000005e-25
2753.382146,5.9169999999999996e-24
2753.398787,8.685000000000001e-26
2753.425883,9.359e-26
2753.473253,8.094000000000001e-26
2753.475111,7.918000000000001e-26
2753.557968,7.332000000000001e-26
2753.596851,5.797000000000001e-26
2753.610046,8.04e-26
2753.651361,5.596000000000001e-26
2753.658987,1.59e-25
2753.705149,6.027000000000001e-26
2753.733474,9.026e-25
2753.739323,1.546e-25
2753.784378,6.746000000000001e-26
2753.841206,5.4539999999999996e-24
2753.870862,9.381e-25
2753.894327,5.619e-24
2753.94915,5.506000000000001e-26
2753.982711,8.746000000000001e-25
2753.988778,1.216e-25
2754.060758,1.2410000000000002e-25
2754.063505,6.883e-26
2754.17245,9.87e-25
2754.34489,5.152e-24
2754.381824,5.0460000000000005e-26
2754.38467,6.732e-26
2754.39623,5.304e-24
2754.397572,6.592000000000001e-26
2754.557596,5.238e-25
2754.651003,5.376e-25
2754.741608,1.124e-24
2754.838188,4.837e-24
2754.844865,8.626e-25
2754.887828,4.975e-24
2754.895212,1.655e-25
2754.92215,1.252e-24
2754.977076,1.608e-25
2754.989257,8.979000000000001e-25
2755.321083,4.514e-24
2755.369102,4.639e-24
2755.419695,1.392e-25
2755.458715,8.005e-26
2755.469724,8.189e-26
2755.491455,1.3989999999999999e-24
2755.493712,1.421e-25
2755.66165,1.541e-24
2755.762774,1.042e-25
2755.764047,1.018e-25
2755.793557,4.187e-24
2755.821609,5.586e-25
2755.840025,4.2999999999999996e-24
2755.918253,5.738e-25
2755.945216,8.134e-25
2755.97159,1.714e-25
2756.057277,1.663e-25
2756.097315,8.483e-25
2756.231175,1.694e-24
2756.255593,3.862e-24
2756.300575,3.9629999999999996e-24
2756.391274,1.85e-24
2756.639623,6.128e-26
2756.691048,5.895e-26
2756.70717,3.541e-24
2756.750728,3.631e-24
2756.832694,9.09e-26
2756.838622,1.585e-25
2756.844031,9.337e-26
2756.914764,1.618e-25
2756.960427,2.005e-24
2757.006447,8.77e-26
2757.019083,8.579e-26
2757.034458,7.559000000000001e-25
2757.074321,5.915000000000001e-25
2757.111107,2.173e-24
2757.14827,3.228e-24
2757.16186,1.76e-25
2757.174399,6.079e-25
2757.19046,3.308e-24
2757.195084,7.9e-25
2757.249753,1.705e-25
2757.57887,2.9259999999999998e-24
2757.619745,2.9969999999999998e-24
2757.679109,2.327e-24
2757.821148,2.506e-24
2757.998952,2.638e-24
2758.01678,1.311e-25
2758.017345,1.281e-25
2758.038561,2.701e-24
2758.11251,6.914000000000001e-25
2758.190934,1.007e-25
2758.201488,1.037e-25
2758.243323,1.796e-25
2758.245546,1.793e-25
2758.282624,7.241000000000001e-25
2758.315716,6.215e-25
2758.323911,1.832e-25
2758.335135,1.738e-25
2758.387207,2.653e-24
2758.40849,2.365e-24
2758.419446,6.393e-25
2758.446879,2.4199999999999998e-24
2758.521364,2.843e-24
2758.807465,2.109e-24
2758.844677,2.157e-24
2759.084737,2.979e-24
2759.17927,6.211e-25
2759.195851,1.87e-24
2759.211712,3.177e-24
2759.231925,1.912e-24
2759.360008,6.521e-25
2759.395263,1.817e-25
2759.489965,1.756e-25
2759.538576,6.183000000000001e-26
2759.538816,1.088e-25
2759.545777,6.479e-25
2759.548148,1.122e-25
2759.573626,1.65e-24
2759.587431,5.923000000000001e-26
2759.608601,1.686e-24
2759.638165,1.118e-25
2759.640456,2.017e-25
2759.650363,1.092e-25
2759.6534,6.671e-25
2759.721147,2.062e-25
2759.771723,3.296e-24
2759.892148,3.501e-24
2759.940765,1.448e-24
2759.974675,1.479e-24
2760.229461,1.575e-25
2760.229693,1.614e-25
2760.234606,5.466e-25
2760.280046,5.126e-26
2760.297241,1.264e-24
2760.33012,1.29e-24
2760.427329,5.756e-25
2760.431163,5.1420000000000007e-26
2760.448194,3.599999999999999e-24
2760.474078,1.825e-25
2760.542217,5.417e-26
2760.56263,3.811e-24
2760.572966,1.761e-25
2760.643033,1.098e-24
2760.674913,1.12e-24
2760.677804,5.379e-26
2760.764485,6.6999999999999985e-25
2760.794167,5.683e-26
2760.876266,6.905000000000001e-25
2760.881529,1.144e-25
2760.889327,1.182e-25
2760.913762,5.583e-26
2760.978105,9.484e-25
2761.009013,9.673e-25
2761.023337,2.255e-25
2761.03593,5.916000000000001e-26
2761.106465,2.306e-25
2761.114172,3.885e-24
2761.138997,5.745000000000001e-26
2761.223118,4.099e-24
2761.267542,6.109000000000001e-26
2761.278355,4.7e-25
2761.302449,8.151000000000001e-25
2761.332414,8.311000000000001e-25
2761.35346,5.857e-26
2761.48471,4.964000000000001e-25
2761.489051,6.253000000000001e-26
2761.557089,5.91e-26
2761.593307,1.816e-25
2761.613094,5.1050000000000005e-26
2761.616005,6.9710000000000005e-25
2761.645051,7.105e-25
2761.695817,1.75e-25
2761.700511,6.337e-26
2761.749803,5.896000000000001e-26
2761.769681,4.145e-24
2761.873577,4.3609999999999996e-24
2761.901991,6.354000000000001e-26
2761.918796,5.931000000000001e-25
2761.931498,5.805000000000001e-26
2761.946949,6.043e-25
2761.97182,6.869e-25
2762.013773,5.336e-26
2762.048648,5.513000000000001e-26
2762.088054,7.086e-25
2762.093575,6.293000000000001e-26
2762.102037,5.629000000000001e-26
2762.210715,5.0220000000000005e-25
2762.224,1.17e-25
2762.22999,1.211e-25
2762.237998,5.115e-25
2762.261234,5.357000000000001e-26
2762.275375,6.142000000000001e-26
2762.277462,1.394e-25
2762.288465,1.358e-25
2762.300351,5.929e-26
2762.3103,3.93e-25
2762.347224,5.653e-26
2762.394176,2.5050000000000003e-25
2762.395363,1.891e-25
2762.396448,1.94e-25
2762.414735,4.376e-24
2762.430368,5.574000000000001e-26
2762.447531,5.893000000000001e-26
2762.462474,5.75e-26
2762.479862,2.563e-25
2762.491847,4.23e-25
2762.513976,4.593e-24
2762.518281,4.307e-25
2762.532305,4.167e-25
2762.600822,5.74e-26
2762.610235,5.532e-26
2762.663603,1.794e-25
2762.67033,5.851e-26
2762.762003,3.546e-25
2762.763748,5.0460000000000005e-26
2762.770756,1.7260000000000002e-25
2762.787607,3.61e-25
2762.832008,5.631000000000001e-26
2762.861889,5.801e-26
2763.021372,2.9580000000000003e-25
2763.046169,3.01e-25
2763.049351,4.574e-24
2763.144284,4.789e-24
2763.167758,6.9799999999999995e-25
2763.226382,5.507e-26
2763.254556,5.666e-26
2763.269622,2.456e-25
2763.288775,7.209000000000001e-25
2763.293627,2.4980000000000003e-25
2763.33015,3.179e-25
2763.507131,2.028e-25
2763.530364,2.063e-25
2763.570323,3.384e-25
2763.57084,1.17e-25
2763.574764,1.208e-25
2763.621456,5.219000000000001e-26
2763.648419,5.362000000000001e-26
2763.673539,4.735e-24
2763.733321,1.668e-25
2763.752959,2.764e-25
2763.75411,1.755e-25
2763.755795,1.695e-25
2763.764475,4.949e-24
2763.841334,2.831e-25
2763.86572,1.685e-25
2763.948879,1.364e-25
2763.970615,1.386e-25
2764.136189,6.701000000000001e-26
2764.152834,1.111e-25
2764.173842,1.129e-25
2764.207619,6.833e-26
2764.261408,6.026000000000001e-26
2764.287306,4.859e-24
2764.321122,5.932e-26
2764.337509,2.466e-25
2764.346368,8.998000000000001e-26
2764.352272,7.027e-25
2764.366667,9.142e-26
2764.374525,5.0679999999999996e-24
2764.478441,7.266000000000001e-25
2764.510697,2.216e-25
2764.512662,2.275e-25
2764.527889,7.259000000000001e-26
2764.547475,7.373000000000001e-26
2764.599043,2.6380000000000003e-25
2764.699349,5.825000000000001e-26
2764.718263,5.915e-26
2764.811506,1.701e-25
2764.89066,4.943e-24
2764.901722,1.095e-25
2764.921946,1.699e-25
2764.926379,1.117e-25
2764.927941,1.1620000000000002e-25
2764.928444,1.63e-25
2764.931815,5.376e-26
2764.97441,5.146e-24
2764.977385,5.096e-26
2765.0013,5.627e-26
2765.099671,3.032e-25
2765.190876,3.106e-25
2765.331818,1.811e-25
2765.483604,4.986e-24
2765.525332,7.005e-25
2765.564111,5.183e-24
2765.618852,1.949e-25
2765.657068,7.252000000000001e-25
2765.658596,7.778000000000001e-26
2765.732029,7.935e-26
2765.875989,1.632e-25
2765.998394,1.5610000000000002e-25
2766.066141,4.99e-24
2766.143608,5.18e-24
2766.293429,1.0820000000000002e-25
2766.294522,1.036e-25
2766.312254,1.235e-25
2766.434296,3.3020000000000003e-25
2766.528484,3.385e-25
2766.571977,2.531e-25
2766.574814,2.603e-25
2766.630301,1.339e-25
2766.638272,4.956e-24
2766.686903,6.911000000000001e-25
2766.712868,5.136e-24
2766.824677,7.164e-25
2766.917257,1.55e-25
2767.045969,1.478e-25
2767.168018,8.977000000000001e-26
2767.199997,4.8849999999999996e-24
2767.229987,7.669000000000001e-26
2767.243538,9.161e-26
2767.271914,5.057e-24
2767.277558,7.538000000000001e-26
2767.293807,7.663e-26
2767.569079,2.023e-25
2767.585042,1.966e-25
2767.634201,8.240000000000001e-26
2767.674774,9.691e-26
2767.678869,9.237e-26
2767.751315,4.78e-24
2767.756817,3.572e-25
2767.820694,4.943e-24
2767.836946,6.741e-25
2767.854156,3.665e-25
2767.957405,1.455e-25
2767.981291,6.999e-25
2768.092873,1.384e-25
2768.292225,4.645e-24
2768.359204,4.798e-24
2768.576785,2.8160000000000003e-25
2768.58045,2.9e-25
2768.66443,1.03e-25
2768.74213,1.052e-25
2768.822724,4.4829999999999996e-24
2768.887429,4.6249999999999996e-24
2768.975412,6.497e-25
2768.980178,1.349e-25
2769.067217,3.837e-25
2769.075149,8.313000000000001e-26
2769.082661,7.884e-26
2769.123337,1.28e-25
2769.12694,6.756e-25
2769.16789,3.939e-25
2769.34281,4.297e-24
2769.405356,4.4299999999999996e-24
2769.852479,4.092e-24
2769.912974,4.215e-24
2769.942253,5.272000000000001e-26
2769.996894,1.235e-25
2770.102245,6.181e-25
2770.108177,5.0410000000000005e-26
2770.1273,9.808e-26
2770.147806,1.175e-25
2770.148542,1.167e-25
2770.181658,9.679e-26
2770.216063,2.349e-25
2770.227783,1.2e-25
2770.230641,2.284e-25
2770.261659,6.439e-25
2770.351729,3.872e-24
2770.365476,4.092e-25
2770.41027,3.984e-24
2770.469684,4.204e-25
2770.49735,6.784000000000001e-26
2770.508803,6.394000000000001e-26
2770.523946,3.047e-25
2770.528355,3.1440000000000003e-25
2770.548452,5.747000000000001e-26
2770.640489,5.352000000000001e-26
2770.655187,5.259000000000001e-26
2770.659503,5.888e-25
2770.706408,5.504e-26
2770.840556,3.64e-24
2770.845223,6.543e-25
2770.897233,3.743e-24
2770.999401,1.114e-25
2771.143924,6.177000000000001e-26
2771.160724,1.049e-25
2771.167469,5.202e-26
2771.217379,5.797e-25
2771.221125,5.087e-26
2771.294651,5.925e-26
2771.318959,3.402e-24
2771.373855,3.495e-24
2771.385495,6.051e-25
2771.405191,7.745e-25
2771.583284,8.511e-25
2771.618119,1.332e-25
2771.651575,4.331000000000001e-25
2771.70048,1.361e-25
2771.727948,6.552000000000001e-26
2771.759538,4.453e-25
2771.786933,3.159e-24
2771.840126,3.244e-24
2771.872106,6.294e-26
2771.943802,5.218e-26
2771.992965,9.885e-26
2772.14145,9.785e-25
2772.16523,9.271e-26
2772.244477,2.916e-24
2772.245953,6.922000000000001e-26
2772.296038,2.9929999999999998e-24
2772.301403,6.762e-26
2772.301752,6.865e-26
2772.310737,1.066e-24
2772.320732,5.352e-25
2772.413676,3.203e-25
2772.418703,3.3110000000000003e-25
2772.439887,6.604e-26
2772.498501,5.598000000000001e-25
2772.561853,6.96e-26
2772.580123,6.832000000000001e-26
2772.691589,2.677e-24
2772.741584,2.745e-24
2772.859721,2.6590000000000003e-25
2772.863845,7.111000000000001e-26
2772.867411,1.197e-24
2772.873734,2.584e-25
2772.925493,4.549e-25
2772.930091,1.22e-25
2772.973775,8.617000000000001e-26
2772.987883,1.194e-25
2772.996469,6.849000000000001e-26
2773.027884,1.295e-24
2773.037453,4.6810000000000005e-25
2773.075343,1.501e-25
2773.128269,2.442e-24
2773.158658,8.042000000000001e-26
2773.1602,1.535e-25
2773.176758,2.503e-24
2773.225951,5.95e-26
2773.268234,5.816e-26
2773.273111,9.013e-26
2773.298412,5.092e-26
2773.330583,8.796000000000001e-26
2773.412205,4.855e-25
2773.416455,7.288e-26
2773.543976,7.026e-26
2773.554516,2.2149999999999998e-24
2773.567933,5.450000000000001e-26
2773.582753,1.427e-24
2773.600749,5.09e-25
2773.601557,2.269e-24
2773.656749,5.638e-26
2773.734829,1.534e-24
2773.912258,5.993e-26
2773.943916,7.357000000000001e-26
2773.956769,7.39e-26
2773.966195,7.849e-26
2773.970333,1.998e-24
2774.004329,6.208000000000001e-26
2774.012403,7.664000000000001e-26
2774.015978,2.045e-24
2774.079599,7.133000000000001e-26
2774.143422,6.827000000000001e-26
2774.187206,4.739e-25
2774.222017,5.1430000000000006e-26
2774.245626,6.552000000000001e-26
2774.247664,3.267e-25
2774.250886,1.148e-25
2774.253141,3.385e-25
2774.287358,1.663e-24
2774.303432,4.881e-25
2774.310635,1.119e-25
2774.313158,5.0550000000000006e-26
2774.341166,6.796000000000001e-26
2774.375722,1.792e-24
2774.42002,1.834e-24
2774.431594,1.779e-24
2774.487655,8.863e-26
2774.488728,7.421e-26
2774.491673,4.317000000000001e-25
2774.509821,8.690000000000001e-26
2774.519449,1.681e-25
2774.568027,7.12e-26
2774.606925,1.72e-25
2774.607165,7.171000000000001e-26
2774.667273,7.395000000000001e-26
2774.692326,4.538e-25
2774.708922,1.013e-25
2774.75907,9.878e-26
2774.770688,1.599e-24
2774.813684,1.635e-24
2774.87945,7.69e-26
2774.901652,6.131e-26
2774.981187,1.901e-24
2774.982666,7.999000000000001e-26
2775.007309,7.383000000000001e-26
2775.118166,2.024e-24
2775.118384,5.65e-26
2775.121708,7.14e-26
2775.15524,1.418e-24
2775.179879,8.251000000000001e-26
2775.181004,1.43e-25
2775.196975,1.449e-24
2775.243313,1.392e-25
2775.287362,8.597000000000001e-26
2775.436688,4.895e-25
2775.449613,1.277e-25
2775.4693,8.794000000000001e-26
2775.496397,2.932e-25
2775.503742,1.2440000000000002e-25
2775.509964,2.844e-25
2775.519266,7.278e-26
2775.529386,1.251e-24
2775.557478,5.047e-25
2775.558978,3.75e-25
2775.5699,1.278e-24
2775.581381,9.179e-26
2775.62983,7.046000000000001e-26
2775.656129,1.472e-25
2775.664236,2.136e-24
2775.715671,1.439e-25
2775.729387,5.014e-26
2775.747689,9.307e-26
2775.773345,3.955e-25
2775.794518,2.266e-24
2775.801277,5.115e-26
2775.864744,9.733e-26
2775.893143,1.098e-24
2775.932469,1.121e-24
2775.950409,1.87e-25
2776.015023,9.777e-26
2776.01603,7.113000000000001e-26
2776.029066,3.227e-25
2776.034783,3.352e-25
2776.040637,1.915e-25
2776.064972,1.739e-25
2776.123086,6.892000000000001e-26
2776.130152,1.691e-25
2776.137479,1.025e-25
2776.183766,1.574e-25
2776.241955,1.532e-25
2776.246528,9.578e-25
2776.271271,1.019e-25
2776.284699,9.777e-25
2776.336512,2.364e-24
2776.399616,1.07e-25
2776.422208,1.104e-25
2776.448583,1.0810000000000002e-25
2776.460621,2.499e-24
2776.508797,6.893e-26
2776.516393,1.053e-25
2776.589566,8.313000000000001e-25
2776.612459,6.685000000000001e-26
2776.613916,3.171e-25
2776.62661,8.483e-25
2776.65119,1.109e-25
2776.673913,5.0130000000000005e-25
2776.750344,1.078e-25
2776.799597,5.174e-25
2776.843954,3.355e-25
2776.892244,1.139e-25
2776.904075,2.066e-25
2776.907002,1.895e-25
2776.922289,7.177e-25
2776.958232,7.321e-25
2776.969377,1.841e-25
2776.972476,2.006e-25
2776.973063,1.092e-25
2776.983483,6.626e-26
2776.99803,2.58e-24
2777.084077,6.43e-26
2777.116441,2.719e-24
2777.12283,1.158e-25
2777.184476,1.094e-25
2777.244738,6.162e-25
2777.2796,6.284000000000001e-25
2777.343012,1.164e-25
2777.353369,5.851e-26
2777.368193,2.068e-25
2777.384485,1.0820000000000002e-25
2777.427358,5.971000000000001e-26
2777.458104,6.318000000000001e-26
2777.461315,2.118e-25
2777.552869,1.156e-25
2777.555649,6.136e-26
2777.556968,5.262e-25
2777.572964,1.054e-25
2777.590767,5.365e-25
2777.615151,2.225e-25
2777.648805,2.78e-24
2777.656218,2.594e-25
2777.681895,2.1590000000000003e-25
2777.69938,2.393e-25
2777.749744,1.008e-25
2777.752502,1.131e-25
2777.761948,2.9219999999999998e-24
2777.762411,3.081e-25
2777.768118,3.209e-25
2777.771395,2.32e-25
2777.844937,5.419e-26
2777.859043,4.47e-25
2777.865808,5.294000000000001e-26
2777.891793,4.555e-25
2777.898849,5.086e-25
2777.904343,2.756e-25
2777.910219,5.978e-26
2777.914593,9.419e-26
2777.942041,1.088e-25
2778.005072,5.810000000000001e-26
2778.029798,5.255e-25
2778.067187,8.537000000000001e-26
2778.121659,1.023e-25
2778.121887,3.1460000000000003e-25
2778.134961,3.045e-25
2778.151062,3.775e-25
2778.182768,3.847e-25
2778.207048,7.412000000000001e-26
2778.288849,2.961e-24
2778.29159,9.34e-26
2778.304304,2.547e-25
2778.306805,1.733e-25
2778.333447,6.022000000000001e-26
2778.368036,5.614000000000001e-26
2778.368171,1.692e-25
2778.368798,1.345e-25
2778.375671,2.467e-25
2778.397112,3.105e-24
2778.399686,1.316e-25
2778.433131,3.171e-25
2778.451738,2.702e-25
2778.452164,8.184e-26
2778.460109,5.460000000000001e-26
2778.463793,3.231e-25
2778.478992,6.862000000000001e-26
2778.527819,2.615e-25
2778.567692,6.739000000000001e-26
2778.603859,6.725e-26
2778.685519,2.036e-25
2778.705422,2.6480000000000003e-25
2778.735031,2.698e-25
2778.77277,2.271e-25
2778.796782,5.233e-26
2778.868943,2.3280000000000003e-25
2778.886491,5.093e-26
2778.918173,3.1189999999999998e-24
2778.95477,2.1730000000000003e-25
2778.963424,6.788e-26
2778.968122,2.198e-25
2778.970855,2.839e-25
2778.996655,2.239e-25
2779.021906,3.263e-24
2779.039606,6.931e-26
2779.047183,2.744e-25
2779.111462,5.11e-25
2779.161792,2.97e-25
2779.221551,1.813e-25
2779.242464,2.868e-25
2779.248092,5.286000000000001e-25
2779.248969,1.847e-25
2779.453409,2.835e-25
2779.458818,2.9640000000000003e-25
2779.466048,1.4850000000000002e-25
2779.492288,1.513e-25
2779.536786,3.2509999999999998e-24
2779.611516,3.078e-25
2779.636304,3.395e-24
2779.693247,2.9690000000000003e-25
2779.701315,1.515e-25
2779.702254,1.207e-25
2779.727215,1.23e-25
2779.829986,3.172e-25
2779.915873,3.056e-25
2779.93083,9.722e-26
2779.954361,9.917e-26
2779.995588,1.626e-25
2780.144695,3.356e-24
2780.153157,7.74e-26
2780.164109,2.477e-25
2780.175016,7.906000000000001e-26
2780.22332,3.24e-25
2780.240281,3.498e-24
2780.263503,2.541e-25
2780.311024,3.1170000000000004e-25
2780.311714,5.081e-25
2780.329584,1.601e-25
2780.365285,1.5640000000000002e-25
2780.370614,6.072000000000001e-26
2780.390452,6.216e-26
2780.454493,5.263e-25
2780.456578,3.2880000000000003e-25
2780.548426,3.159e-25
2780.559496,7.829e-26
2780.637972,7.998e-26
2780.702876,1.047e-25
2780.731411,3.2780000000000004e-25
2780.741906,3.433e-24
2780.743868,3.167e-25
2780.803612,3.3060000000000003e-25
2780.833816,3.572e-24
2780.884937,1.989e-25
2780.89802,3.172e-25
2780.907641,6.55e-26
2780.92721,6.391000000000001e-26
2780.948467,1.938e-25
2781.02729,1.131e-25
2781.041648,3.2990000000000003e-25
2781.108685,2.507e-25
2781.113475,2.632e-25
2781.14037,3.16e-25
2781.328421,3.481e-24
2781.350027,3.262e-25
2781.416887,3.616e-24
2781.45208,3.1180000000000004e-25
2781.499562,4.997000000000001e-25
2781.542179,2.683e-25
2781.58511,3.197e-25
2781.644977,2.753e-25
2781.649022,5.183e-25
2781.689113,6.482000000000001e-26
2781.691845,3.051e-25
2781.860462,3.102e-25
2781.904243,3.5e-24
2781.971379,2.954e-25
2781.989475,3.631e-24
2782.050591,7.058000000000001e-26
2782.086721,2.9810000000000003e-25
2782.141524,8.976e-26
2782.202916,2.832e-25
2782.222402,9.174e-26
2782.305526,1.86e-25
2782.333039,2.833e-25
2782.346343,1.813e-25
2782.454416,2.684e-25
2782.46937,3.49e-24
2782.546084,2.6620000000000003e-25
2782.55156,3.616e-24
2782.612155,8.975000000000001e-26
2782.673622,2.515e-25
2782.674955,4.856e-25
2782.698549,8.807000000000001e-26
2782.735466,2.12e-25
2782.73928,2.237e-25
2782.766055,2.47e-25
2782.831701,5.045e-25
2782.900024,2.3270000000000003e-25
2782.906945,2.884e-25
2782.962639,2.262e-25
2783.013349,2.9630000000000003e-25
2783.023803,3.454e-24
2783.103124,3.574e-24
2783.104037,2.124e-25
2783.157919,2.042e-25
2783.307396,1.909e-25
2783.319634,3.3150000000000003e-25
2783.331297,3.195e-25
2783.335626,1.814e-25
2783.393406,2.223e-25
2783.459563,2.1610000000000003e-25
2783.494364,1.688e-25
2783.507052,1.583e-25
2783.567538,3.392e-24
2783.644151,3.505e-24
2783.664013,1.353e-25
2783.676166,1.466e-25
2783.709447,1.023e-25
2783.792844,1.046e-25
2783.811725,1.131e-25
2783.837834,4.659000000000001e-25
2783.845096,1.246e-25
2783.932935,7.742000000000001e-26
2783.946308,9.197e-26
2783.950935,7.544000000000001e-26
2784.002563,4.849e-25
2784.006582,1.034e-25
2784.06974,7.24e-26
2784.100574,3.306e-24
2784.157337,8.343000000000001e-26
2784.174638,3.412e-24
2784.180128,5.474e-26
2784.258372,3.078e-25
2784.296349,2.105e-25
2784.299944,6.505000000000001e-26
2784.34125,1.705e-25
2784.3426,2.049e-25
2784.34369,1.809e-25
2784.368604,3.165e-25
2784.622906,3.201e-24
2784.694523,3.301e-24
2784.988132,4.407e-25
2785.134528,3.077e-24
2785.161646,4.595e-25
2785.20384,3.171e-24
2785.263202,1.158e-25
2785.349243,1.185e-25
2785.596424,3.26e-25
2785.620754,5.543000000000001e-26
2785.635437,2.938e-24
2785.663183,5.251e-26
2785.702555,3.025e-24
2785.710727,3.354e-25
2785.835016,2.415e-25
2785.880742,3.246e-25
2785.891389,3.12e-25
2785.904365,2.3430000000000003e-25
2785.91961,6.042000000000001e-26
2785.93349,1.291e-25
2785.934099,1.381e-25
2785.964647,5.741e-26
2786.125626,2.787e-24
2786.125767,4.105e-25
2786.190654,2.8669999999999998e-24
2786.300556,2.32e-25
2786.308999,4.289e-25
2786.35259,2.254e-25
2786.605088,2.627e-24
2786.621467,1.15e-25
2786.668124,2.7e-24
2786.705706,1.127e-25
2786.802722,1.304e-25
2786.891543,1.334e-25
2786.915546,8.941e-26
2786.921064,3.425e-25
2786.931721,8.702e-26
2787.039706,3.527e-25
2787.073816,2.46e-24
2787.101797,3.681e-25
2787.13495,2.527e-24
2787.187279,6.531e-26
2787.224274,6.220000000000001e-26
2787.25064,3.757e-25
2787.268935,6.93e-26
2787.281966,4.04e-25
2787.310703,6.617e-26
2787.391416,1.024e-25
2787.392672,1.004e-25
2787.444686,3.935e-25
2787.517549,9.832e-26
2787.519319,9.097e-26
2787.531804,2.2899999999999998e-24
2787.54388,5.455000000000001e-26
2787.591117,2.35e-24
2787.630682,5.619000000000001e-26
2787.832341,4.994000000000001e-25
2787.942213,6.094000000000001e-26
2787.979043,2.118e-24
2788.006275,5.429e-25
2788.031963,6.283000000000001e-26
2788.036614,2.173e-24
2788.212449,2.549e-25
2788.232251,3.568e-25
2788.285666,2.466e-25
2788.315504,2.4860000000000003e-25
2788.32794,1.458e-25
2788.329014,6.77e-26
2788.35553,3.678e-25
2788.362629,3.372e-25
2788.373726,2.409e-25
2788.40856,3.071e-25
2788.415525,1.948e-24
2788.417933,2.942e-25
2788.419685,1.493e-25
2788.421887,6.987000000000001e-26
2788.437671,5.115e-26
2788.471425,1.997e-24
2788.502605,1.156e-25
2788.503697,1.133e-25
2788.508695,5.224000000000001e-26
2788.552959,6.441e-25
2788.568786,3.54e-25
2788.571253,7.59e-26
2788.61062,7.277000000000001e-26
2788.704275,7.479e-26
2788.719467,6.9520000000000005e-25
2788.770616,7.331e-26
2788.800462,7.726e-26
2788.802858,7.014e-26
2788.841242,1.781e-24
2788.895539,1.825e-24
2789.067986,8.213000000000001e-26
2789.068189,1.421e-25
2789.068727,1.392e-25
2789.100472,6.4e-26
2789.105339,5.839e-26
2789.167701,8.494000000000001e-26
2789.172797,1.158e-25
2789.173903,1.134e-25
2789.256185,1.619e-24
2789.262937,7.995e-25
2789.308941,1.657e-24
2789.420138,8.965000000000001e-26
2789.421822,8.577e-25
2789.461583,2.9570000000000004e-25
2789.523616,9.284e-26
2789.529944,3.684e-25
2789.658189,3.802e-25
2789.660345,1.4629999999999999e-24
2789.681401,3.114e-25
2789.711619,1.497e-24
2789.760718,9.726e-26
2789.793639,1.374e-25
2789.794656,1.346e-25
2789.822929,7.976000000000001e-26
2789.838784,1.619e-25
2789.850735,1.008e-25
2789.86058,7.673e-26
2789.864837,9.799e-26
2789.868219,1.008e-25
2789.933614,1.659e-25
2789.961981,9.622e-25
2790.053714,1.315e-24
2790.08971,1.048e-25
2790.10356,1.344e-24
2790.113453,1.027e-24
2790.120744,1.493e-25
2790.121841,1.462e-25
2790.175166,5.964000000000001e-26
2790.201526,1.088e-25
2790.248427,6.095e-26
2790.337533,2.584e-25
2790.377296,7.888000000000001e-26
2790.40244,2.4970000000000003e-25
2790.405235,7.574000000000001e-26
2790.407097,1.122e-25
2790.436282,1.175e-24
2790.469553,1.165e-26
2790.484752,1.2009999999999999e-24
2790.485126,1.58e-25
2790.485135,1.612e-25
2790.507193,1.442e-25
2790.51603,1.385e-25
2790.517186,1.356e-25
2790.523555,1.167e-25
2790.528241,2.606e-25
2790.547309,2.525e-25
2790.589447,1.412e-25
2790.606141,2.515e-25
2790.649962,1.129e-24
2790.712857,1.193e-25
2790.782665,2.6670000000000003e-25
2790.794397,1.2e-24
2790.808039,1.044e-24
2790.814096,3.77e-25
2790.834326,1.2430000000000002e-25
2790.855182,1.067e-24
2790.896713,2.7990000000000003e-25
2790.904512,2.672e-25
2790.947677,3.894e-25
2791.006966,1.259e-25
2791.01997,8.07e-26
2791.056471,7.787000000000001e-26
2791.133862,1.314e-25
2791.168976,9.229e-25
2791.211658,1.663e-25
2791.21269,1.629e-25
2791.214836,9.425e-25
2791.289393,1.318e-25
2791.326828,1.296e-24
2791.335183,1.786e-25
2791.422191,1.378e-25
2791.433268,1.832e-25
2791.464657,1.373e-24
2791.519083,8.113e-25
2791.5601,1.368e-25
2791.563704,8.282e-25
2791.619556,2.087e-25
2791.699347,1.433e-25
2791.73062,1.434e-26
2791.734818,1.4060000000000002e-26
2791.789787,2.031e-25
2791.790197,1.988e-25
2791.819043,1.407e-25
2791.845063,1.652e-25
2791.846126,1.617e-25
2791.858351,7.095e-25
2791.872753,2.213e-25
2791.898812,6.913e-26
2791.901772,7.239000000000001e-25
2791.943751,1.064e-25
2791.954652,1.049e-25
2791.965367,1.477e-25
2791.97443,7.069e-26
2791.992558,1.4599999999999999e-24
2792.013174,8.169e-26
2792.026323,1.027e-25
2792.029304,1.004e-25
2792.037117,7.869e-26
2792.066164,1.432e-25
2792.084661,3.821e-25
2792.12422,1.542e-24
2792.158042,7.883000000000001e-26
2792.186769,6.171e-25
2792.193876,7.626000000000001e-26
2792.220299,1.508e-25
2792.223989,3.951e-25
2792.229029,6.295000000000001e-25
2792.301393,1.441e-25
2792.362154,2.6e-25
2792.434379,2.5050000000000003e-25
2792.464202,1.522e-25
2792.467153,1.966e-25
2792.468101,1.924e-25
2792.490414,2.305e-26
2792.504327,5.34e-25
2792.524641,1.431e-25
2792.545462,5.444e-25
2792.647149,1.618e-24
2792.67799,1.655e-25
2792.697148,1.517e-25
2792.734302,1.11e-25
2792.73579,1.4e-25
2792.746084,1.076e-25
2792.773066,1.704e-24
2792.784755,2.577e-25
2792.805863,2.137e-25
2792.806815,2.092e-25
2792.811016,4.597e-25
2792.817062,1.956e-25
2792.851059,4.6850000000000005e-25
2792.868338,2.4780000000000003e-25
2792.918589,2.008e-25
2792.919228,1.489e-25
2792.934688,1.345e-25
2792.951896,1.763e-25
2792.986905,1.7230000000000002e-26
2792.991145,1.6890000000000002e-26
2793.106826,3.936e-25
2793.121127,1.262e-25
2793.130561,1.436e-25
2793.145809,4.011e-25
2793.17277,1.959e-25
2793.173831,1.916e-25
2793.175511,2.307e-25
2793.176006,2.257e-25
2793.232477,7.450000000000001e-26
2793.268073,7.223e-26
2793.276306,1.292e-25
2793.286004,1.271e-25
2793.290605,1.767e-24
2793.294822,1.148e-25
2793.31359,1.201e-25
2793.316515,1.174e-25
2793.331301,1.354e-25
2793.338789,2.45e-25
2793.341586,3.832e-25
2793.344677,2.3280000000000003e-25
2793.391745,3.354e-25
2793.411172,1.855e-24
2793.429699,3.416e-25
2793.455361,1.001e-25
2793.487125,3.968e-25
2793.521655,1.24e-25
2793.602127,8.169e-26
2793.608527,7.967e-26
2793.655593,5.414e-26
2793.665765,2.843e-25
2793.683137,8.173000000000001e-26
2793.68663,8.15e-26
2793.701912,1.088e-25
2793.702717,2.895e-25
2793.703301,7.893000000000001e-26
2793.708321,5.076e-26
2793.722154,1.245e-25
2793.734145,5.914e-26
2793.790579,2.8360000000000005e-26
2793.793256,2.7820000000000005e-26
2793.872485,8.951e-26
2793.877423,2.351e-25
2793.87843,2.299e-25
2793.922932,1.903e-24
2793.928874,2.398e-25
2793.964853,2.441e-25
2794.020411,1.333e-25
2794.03399,6.547000000000001e-26
2794.038513,1.993e-24
2794.068151,1.019e-25
2794.160174,1.19e-25
2794.169884,1.204e-25
2794.181063,2.012e-25
2794.216094,2.048e-25
2794.234309,2.061e-26
2794.238289,6.823e-26
2794.238583,2.02e-26
2794.269873,1.767e-25
2794.274036,6.628000000000001e-26
2794.284343,2.127e-25
2794.350321,1.7260000000000002e-25
2794.384254,2.526e-25
2794.389516,2.185e-25
2794.422322,1.681e-25
2794.456429,1.709e-25
2794.464635,2.425e-25
2794.466878,2.853e-25
2794.467158,2.79e-25
2794.47746,2.315e-25
2794.478468,2.264e-25
2794.543198,4.194e-26
2794.544138,2.024e-24
2794.54503,6.648000000000001e-26
2794.584814,3.801e-25
2794.59057,1.3990000000000002e-25
2794.593436,1.366e-25
2794.593981,1.552e-25
2794.596878,6.283000000000001e-26
2794.602643,1.524e-25
2794.65264,1.396e-25
2794.655067,2.116e-24
2794.685847,1.4199999999999999e-25
2794.737088,3.942e-25
2794.751403,8.702e-26
2794.872007,1.155e-25
2794.904336,1.174e-25
2794.984164,2.456e-25
2795.074681,2.353e-25
2795.078737,9.372e-26
2795.080414,9.501e-26
2795.083964,3.409e-26
2795.086661,3.342e-26
2795.100019,2.761e-25
2795.100903,2.7e-25
2795.111886,9.657e-26
2795.154227,2.129e-24
2795.170193,6.062000000000001e-26
2795.206453,5.899999999999999e-26
2795.26081,2.221e-24
2795.277849,7.78e-26
2795.304223,9.125e-26
2795.308484,7.905000000000001e-26
2795.315336,7.651000000000001e-26
2795.321234,1.175e-25
2795.325116,1.147e-25
2795.367451,7.277000000000001e-26
2795.38495,9.341e-26
2795.390862,7.921000000000001e-26
2795.399145,1.464e-25
2795.407414,7.668e-26
2795.408216,1.4830000000000002e-25
2795.447221,3.004e-25
2795.448043,2.938e-25
2795.464305,6.34e-26
2795.472875,2.4540000000000003e-26
2795.477175,2.405e-26
2795.494122,6.441000000000001e-26
2795.562577,1.19e-25
2795.57179,1.152e-25
2795.639768,5.1420000000000007e-26
2795.668786,5.222e-26
2795.728521,2.047e-25
2795.732105,1.935e-25
2795.736946,2.297e-25
2795.753206,2.2149999999999998e-24
2795.764794,5.449e-26
2795.787894,2.719e-25
2795.788862,2.6580000000000003e-25
2795.814283,3.727e-25
2795.827406,3.227e-25
2795.828171,3.1540000000000003e-25
2795.845989,2.361e-25
2795.855722,2.306e-24
2795.857259,1.621e-25
2795.86006,1.582e-25
2795.872984,5.07e-26
2795.872987,5.179000000000001e-26
2795.897289,1.846e-25
2795.905073,1.81e-25
2795.959881,8.32e-26
2795.973888,3.871e-25
2796.011164,5.686e-26
2796.01316,7.953000000000001e-26
2796.022624,5.231e-26
2796.059739,5.0990000000000006e-26
2796.075062,5.565e-26
2796.127499,5.913000000000001e-26
2796.341079,2.281e-24
2796.367951,4.0790000000000006e-26
2796.370662,3.9970000000000005e-26
2796.398331,2.361e-25
2796.408313,5.483000000000001e-26
2796.433674,5.107e-26
2796.439781,2.371e-24
2796.4718,8.596e-26
2796.488001,2.257e-25
2796.499838,3.262e-25
2796.501028,3.189e-25
2796.52698,8.253000000000001e-26
2796.5641,1.349e-25
2796.5679,1.315e-25
2796.59247,7.39e-26
2796.614292,1.815e-25
2796.622024,1.843e-25
2796.702647,2.9090000000000005e-26
2796.706963,2.849e-26
2796.816933,5.319e-26
2796.844239,8.475000000000001e-26
2796.845784,5.656e-26
2796.88952,5.181000000000001e-26
2796.901945,8.168000000000001e-26
2796.917848,2.327e-24
2796.958081,1.028e-25
2796.963247,1.001e-25
2796.985806,1.039e-25
2797.012967,2.416e-24
2797.021988,5.333e-26
2797.029922,3.608e-25
2797.061704,6.325e-26
2797.069306,1.064e-25
2797.069714,3.185e-25
2797.070608,8.001000000000001e-26
2797.070658,3.111e-25
2797.099489,3.937e-25
2797.09964,3.846e-25
2797.113652,1.87e-25
2797.116383,1.824e-25
2797.128422,2.248e-25
2797.129981,6.147000000000001e-26
2797.131384,7.735000000000001e-26
2797.138641,7.454e-26
2797.144851,7.252000000000001e-26
2797.151722,7.23e-26
2797.17479,2.46e-25
2797.187151,2.1770000000000003e-25
2797.192553,6.233000000000001e-26
2797.192652,6.1e-26
2797.194177,2.131e-25
2797.19754,3.753e-25
2797.209171,7.031e-26
2797.22748,2.143e-25
2797.287947,2.532e-25
2797.483515,2.352e-24
2797.513367,6.683000000000001e-26
2797.575263,2.439e-24
2797.642571,4.858e-26
2797.645288,4.7580000000000005e-26
2797.678423,6.319e-26
2797.692473,3.807e-25
2797.693297,3.719e-25
2797.70871,7.858000000000001e-26
2797.771636,7.684000000000001e-26
2797.796747,1.541e-25
2797.800456,1.501e-25
2797.843209,2.193e-25
2797.850256,2.229e-25
2797.911025,2.1780000000000003e-25
2797.923661,3.4320000000000004e-26
2797.927984,3.3590000000000004e-26
2797.933003,9.1e-26
2797.933753,8.921e-26
2797.989754,2.11e-25
2798.03808,2.357e-24
2798.045262,4.148e-25
2798.045966,4.052e-25
2798.059939,1.623e-25
2798.060756,1.523e-25
2798.126651,2.441e-24
2798.163153,7.734000000000001e-26
2798.166494,1.1620000000000002e-25
2798.17154,1.13e-25
2798.231651,3.4430000000000004e-25
2798.318561,7.331e-26
2798.332076,7.345000000000001e-26
2798.332398,1.2420000000000002e-25
2798.338782,1.2e-25
2798.351406,6.903e-26
2798.359746,2.146e-25
2798.361427,3.707e-25
2798.362299,3.619e-25
2798.3624,2.092e-25
2798.3987,2.114e-25
2798.408066,3.589e-25
2798.424824,1.194e-25
2798.436025,4.431e-25
2798.43877,4.311e-25
2798.463996,2.548e-25
2798.470366,2.4910000000000003e-25
2798.499229,2.01e-25
2798.502207,7.467e-26
2798.502404,7.305000000000001e-26
2798.581543,2.3429999999999998e-24
2798.597789,2.614e-25
2798.653172,1.175e-25
2798.667113,2.423e-24
2798.715329,2.693e-25
2798.739608,1.204e-25
2798.811437,8.784000000000001e-26
2798.907849,5.758e-26
2798.910563,5.638e-26
2798.927303,6.824000000000001e-26
2798.937046,6.630000000000001e-26
2798.958092,8.345e-26
2799.019171,1.751e-25
2799.02278,1.705e-25
2799.056671,2.6480000000000003e-25
2799.062678,2.696e-25
2799.07744,4.43e-25
2799.080597,4.341000000000001e-25
2799.113903,2.311e-24
2799.135954,4.029e-26
2799.140271,3.942e-26
2799.196634,2.387e-24
2799.219229,1.965e-25
2799.264257,1.094e-25
2799.265019,1.072e-25
2799.300394,1.061e-25
2799.328957,1.863e-25
2799.362672,1.037e-25
2799.364794,1.306e-25
2799.369704,1.27e-25
2799.41938,3.237e-25
2799.436151,9.812e-26
2799.575252,9.341e-26
2799.595534,2.452e-25
2799.598105,2.389e-25
2799.6055,3.38e-25
2799.621547,4.302e-25
2799.622415,4.197e-25
2799.635156,2.261e-24
2799.687656,5.3350000000000005e-25
2799.68768,5.207e-25
2799.715198,2.333e-24
2799.728345,2.96e-25
2799.734139,2.891e-25
2799.77662,1.47e-25
2799.77672,1.441e-25
2799.801874,8.904000000000001e-26
2799.802153,8.707e-26
2799.802304,5.469e-26
2799.869333,5.69e-26
2800.005854,2.755e-25
2800.009005,1.794e-25
2800.067617,1.0790000000000002e-25
2800.128076,2.8399999999999998e-25
2800.1453,2.196e-24
2800.163808,6.795e-26
2800.16651,6.649e-26
2800.199594,1.029e-25
2800.22279,2.264e-24
2800.23137,1.98e-25
2800.234867,1.926e-25
2800.244704,5.151e-25
2800.24547,5.0260000000000005e-25
2800.274922,3.1410000000000003e-25
2800.2778,9.253e-26
2800.280308,3.202e-25
2800.292238,8.755e-26
2800.306213,1.32e-25
2800.324981,1.123e-25
2800.327514,1.208e-25
2800.332582,6.888e-26
2800.339557,4.7080000000000007e-26
2800.343857,4.604e-26
2800.355077,6.788e-26
2800.379674,1.802e-25
2800.395762,1.354e-25
2800.493289,1.702e-25
2800.55298,1.462e-25
2800.557735,1.4199999999999999e-25
2800.58555,1.309e-25
2800.586318,1.283e-25
2800.593002,2.99e-25
2800.600402,5.621000000000001e-25
2800.600999,5.485e-25
2800.64433,2.118e-24
2800.66565,1.171e-25
2800.719395,2.181e-24
2800.75623,6.087000000000001e-26
2800.762769,5.924e-26
2800.789887,3.1290000000000003e-25
2800.79062,1.4e-25
2800.791611,1.119e-25
2800.821014,2.788e-25
2800.823494,2.714e-25
2800.852694,1.367e-25
2800.893379,4.961000000000001e-25
2800.894152,4.837e-25
2800.980519,3.416e-25
2800.985802,3.333e-25
2800.986795,5.282000000000001e-25
2801.0003,5.9750000000000005e-25
2801.041079,1.26e-25
2801.044353,1.214e-25
2801.067095,5.322000000000001e-26
2801.091667,1.057e-25
2801.092021,1.033e-25
2801.118213,1.768e-25
2801.118342,1.732e-25
2801.132243,2.028e-24
2801.189327,5.218e-26
2801.197974,2.423e-25
2801.204999,2.087e-24
2801.246417,5.0460000000000005e-26
2801.257982,1.629e-25
2801.283579,1.254e-25
2801.332957,5.186000000000001e-26
2801.369501,2.1670000000000003e-25
2801.370079,2.211e-25
2801.381304,1.533e-25
2801.398895,2.878e-25
2801.403538,1.2e-25
2801.410468,7.98e-26
2801.413148,7.805000000000001e-26
2801.430249,2.514e-25
2801.433342,2.228e-25
2801.436714,2.1660000000000003e-25
2801.481666,3.708e-25
2801.486279,3.787e-25
2801.507884,2.452e-25
2801.526127,2.97e-25
2801.534501,5.475e-26
2801.53877,5.351e-26
2801.609033,1.929e-24
2801.617251,5.802e-25
2801.630335,5.398e-25
2801.653978,6.336000000000001e-26
2801.679588,1.984e-24
2801.701543,5.697000000000001e-26
2801.715012,1.084e-25
2801.721161,1.05e-25
2801.723728,6.632e-26
2801.731051,1.627e-25
2801.735628,1.579e-25
2801.752388,2.708e-25
2801.790903,5.860000000000001e-26
2801.852265,1.327e-25
2801.896872,1.56e-25
2801.89764,1.527e-25
2801.944812,1.474e-25
2801.961289,2.841e-25
2801.967407,1.272e-25
2802.03618,3.1540000000000003e-25
2802.037665,1.513e-25
2802.03856,3.068e-25
2802.074693,1.8229999999999998e-24
2802.132684,5.702e-25
2802.133463,5.557e-25
2802.143148,1.873e-24
2802.144293,6.398e-26
2802.183474,1.803e-25
2802.220818,3.918e-25
2802.225643,3.818e-25
2802.231325,6.921000000000001e-25
2802.231428,7.1e-25
2802.23663,6.586e-26
2802.242887,1.107e-25
2802.246078,1.76e-25
2802.253238,1.053e-25
2802.335681,1.45e-25
2802.371552,1.248e-25
2802.371968,1.22e-25
2802.449618,2.116e-25
2802.456754,1.08e-25
2802.461058,1.388e-25
2802.465628,1.358e-25
2802.5196,7.641000000000001e-26
2802.526272,8.316000000000001e-26
2802.529219,1.711e-24
2802.547208,3.243e-25
2802.565011,2.929e-25
2802.567558,2.99e-25
2802.570959,1.332e-25
2802.574654,7.145e-26
2802.595667,1.757e-24
2802.623455,5.298e-26
2802.625083,2.4940000000000003e-25
2802.626934,5.164e-26
2802.628314,2.423e-25
2802.647847,9.328e-26
2802.650496,9.119e-26
2802.670142,7.361e-26
2802.687718,4.325000000000001e-25
2802.691824,4.422e-25
2802.719565,2.605e-25
2802.720112,2.6590000000000003e-25
2802.720814,6.337e-26
2802.725037,6.19e-26
2802.75684,6.839e-25
2802.757547,6.665e-25
2802.776818,2.9790000000000003e-25
2802.859129,1.186e-25
2802.86498,1.147e-25
2802.897385,2.398e-25
2802.899004,1.8010000000000002e-25
2802.899818,9.269e-26
2802.90338,1.746e-25
2802.909425,3.078e-25
2802.92015,9.124e-26
2802.972604,1.5959999999999999e-24
2802.992617,7.933000000000001e-26
2802.996411,1.437e-25
2803.037131,1.638e-24
2803.091444,8.182000000000001e-26
2803.102485,1.381e-25
2803.11302,7.477e-25
2803.113521,7.287e-25
2803.119788,2.523e-25
2803.198253,1.85e-25
2803.199016,1.81e-25
2803.241029,3.551e-25
2803.243299,3.4510000000000003e-25
2803.245678,1.268e-25
2803.264138,2.1620000000000003e-25
2803.274309,3.959e-25
2803.383748,6.515e-25
2803.384416,6.344e-25
2803.386797,1.182e-25
2803.398166,8.757e-26
2803.404841,1.479e-24
2803.437209,2.349e-25
2803.44947,4.465e-25
2803.45388,4.347000000000001e-25
2803.467528,1.517e-24
2803.480308,2.236e-25
2803.493583,7.276e-26
2803.500542,9.04e-26
2803.519889,7.912000000000001e-25
2803.520853,7.705e-25
2803.547051,2.212e-25
2803.566445,7.69e-26
2803.568842,1.634e-25
2803.601937,1.472e-25
2803.641599,1.468e-25
2803.642067,1.434e-25
2803.665209,1.679e-25
2803.68622,1.191e-25
2803.686368,1.2390000000000002e-25
2803.703256,1.416e-25
2803.7708,2.521e-25
2803.770887,2.468e-25
2803.791289,9.608e-26
2803.806591,2.778e-25
2803.809665,2.696e-25
2803.825922,1.363e-24
2803.875962,1.085e-25
2803.87649,3.941e-25
2803.878566,1.06e-25
2803.879138,4.021e-25
2803.883895,5.0130000000000005e-25
2803.886844,1.3969999999999999e-24
2803.887444,5.133e-25
2803.897443,9.93e-26
2803.898522,7.298e-26
2803.902682,7.124000000000001e-26
2803.941842,3.546e-25
2803.94406,3.621e-25
2803.950607,4.914e-25
2803.976357,3.057e-25
2803.99327,1.289e-25
2803.998774,1.246e-25
2804.027802,2.067e-25
2804.05684,1.983e-25
2804.059045,3.1170000000000004e-25
2804.059572,3.183e-25
2804.060984,1.921e-25
2804.098331,1.494e-25
2804.109695,7.809e-25
2804.111097,7.61e-25
2804.139522,3.054e-25
2804.144458,3.2940000000000003e-25
2804.171968,1.048e-25
2804.196693,1.439e-25
2804.224339,1.267e-25
2804.231206,1.211e-25
2804.23584,1.248e-24
2804.261284,1.087e-25
2804.265497,2.1810000000000003e-25
2804.277915,3.159e-25
2804.282156,1.084e-25
2804.295068,1.278e-24
2804.412497,1.007e-25
2804.435557,3.977e-25
2804.437704,3.863e-25
2804.489409,4.726e-25
2804.489688,2.183e-25
2804.490439,2.136e-25
2804.494011,4.822e-25
2804.511745,5.99e-26
2804.512907,5.914e-26
2804.540185,1.135e-25
2804.602864,7.417e-25
2804.603542,7.218000000000001e-25
2804.634587,1.1359999999999999e-24
2804.651899,5.172e-26
2804.654509,7.548000000000001e-26
2804.654692,1.176e-25
2804.666655,5.059e-25
2804.670681,4.921e-25
2804.677968,4.054e-25
2804.692186,1.163e-24
2804.702332,2.767e-25
2804.708309,1.502e-25
2804.730631,9.031e-25
2804.73086,9.276e-25
2804.759688,2.713e-25
2804.771469,7.394e-26
2804.802173,1.449e-25
2804.830239,2.876e-25
2804.839904,4.342000000000001e-25
2804.869132,5.158e-25
2804.871644,5.263e-25
2804.881804,5.626000000000001e-26
2804.883286,5.545e-26
2804.895919,1.221e-25
2804.901178,6.851000000000001e-26
2804.901796,1.717e-25
2804.902303,1.677e-25
2804.904366,6.764000000000001e-26
2804.906898,2.8010000000000003e-25
2804.977864,3.078e-25
2804.980759,2.9840000000000003e-25
2805.015062,1.267e-25
2805.022155,1.028e-24
2805.067652,8.363000000000001e-26
2805.07173,8.159e-26
2805.076038,5.757e-25
2805.078187,1.052e-24
2805.079198,5.902e-25
2805.081811,2.99e-25
2805.081912,2.926e-25
2805.094828,1.256e-25
2805.097374,1.227e-25
2805.117437,1.393e-25
2805.122537,1.345e-25
2805.143397,1.7250000000000002e-25
2805.158094,1.498e-25
2805.178171,1.7980000000000002e-25
2805.182737,9.111e-26
2805.204556,2.1710000000000003e-25
2805.208434,2.1e-25
2805.228935,8.908e-25
2805.22958,8.669e-25
2805.239145,1.305e-25
2805.247223,7.883000000000001e-26
2805.249821,1.446e-25
2805.251132,4.72e-25
2805.252642,4.818e-25
2805.253869,7.781e-26
2805.278281,1.849e-25
2805.29115,4.253e-25
2805.29334,4.345000000000001e-25
2805.320998,8.250000000000001e-26
2805.337897,5.76e-25
2805.338846,1.216e-25
2805.341694,5.642000000000001e-25
2805.348053,8.384000000000001e-26
2805.35759,1.196e-25
2805.363283,1.356e-25
2805.368375,5.129e-25
2805.388117,3.714e-25
2805.388622,3.794e-25
2805.39757,8.867000000000001e-26
2805.398535,9.256e-25
2805.398559,1.827e-25
2805.453058,9.464e-25
2805.486906,3.099e-25
2805.501011,6.333000000000001e-26
2805.504715,6.250000000000001e-26
2805.523806,5.465e-25
2805.569837,1.384e-25
2805.583459,9.759e-25
2805.583873,9.498e-25
2805.619758,4.432e-25
2805.62177,4.301e-25
2805.631543,3.21e-25
2805.699372,1.44e-25
2805.76372,8.283e-25
2805.771196,2.565e-25
2805.771928,2.508e-25
2805.782515,1.48e-25
2805.784488,9.92e-26
2805.788014,5.76e-26
2805.792432,5.684000000000001e-26
2805.795457,9.787e-26
2805.816788,8.465e-25
2805.827006,3.339e-25
2805.832519,8.394e-25
2805.833072,8.163000000000001e-25
2805.869797,1.43e-25
2805.872531,5.699e-25
2805.8762,5.538e-25
2805.887912,3.244e-25
2805.887962,1.456e-25
2805.994231,5.869e-25
2805.994412,5.749e-25
2805.994706,1.0149999999999999e-24
2806.023351,1.517e-25
2806.047307,6.255000000000001e-25
2806.117699,7.37e-25
2806.13175,8.529000000000001e-26
2806.136479,8.418e-26
2806.138898,3.392e-25
2806.141593,3.2850000000000003e-25
2806.151033,7.436e-26
2806.152187,2e-25
2806.152721,1.952e-25
2806.169363,7.529000000000001e-25
2806.175601,1.452e-25
2806.19348,1.518e-25
2806.196277,6.6380000000000005e-25
2806.218775,1.395e-25
2806.222632,1.337e-25
2806.228226,9.537e-26
2806.231633,1.496e-25
2806.2322,9.297e-26
2806.236259,1.442e-25
2806.243856,1.382e-25
2806.258845,6.57e-25
2806.261561,1.4040000000000002e-25
2806.261614,6.743e-25
2806.262476,1.13e-25
2806.266411,1.179e-25
2806.304457,1.448e-25
2806.306931,1.413e-25
2806.331443,6.785e-26
2806.335248,1.586e-25
2806.342153,2.363e-25
2806.345725,2.284e-25
2806.382634,3.531e-25
2806.382735,3.4530000000000003e-25
2806.460465,6.522e-25
2806.486347,1.569e-25
2806.510773,6.659e-25
2806.519178,1.47e-25
2806.561784,1.0069999999999999e-24
2806.562239,9.792e-25
2806.564467,5.6720000000000005e-25
2806.566877,5.792e-25
2806.573207,6.361000000000001e-26
2806.585809,5.752000000000001e-26
2806.635095,1.6420000000000002e-25
2806.640749,5.09e-25
2806.6427,5.202e-25
2806.643758,5.289000000000001e-26
2806.677582,7.235000000000001e-25
2806.681412,7.087e-25
2806.706676,4.404e-25
2806.707168,4.501e-25
2806.714635,7.408e-25
2806.742726,5.23e-26
2806.766506,1.605e-25
2806.772653,1.965e-25
2806.792008,5.74e-25
2806.79363,4.914e-25
2806.795491,4.764e-25
2806.805699,1.061e-25
2806.812887,1.047e-25
2806.818861,3.11e-25
2806.827183,1.411e-25
2806.841006,5.859e-25
2806.857367,7.834000000000001e-25
2806.872674,3.9e-25
2806.876758,2.022e-25
2806.908559,1.366e-25
2806.922932,1.683e-25
2806.935491,3.781e-25
2806.970258,3.226e-25
2807.031848,9.463e-25
2807.032409,9.195e-25
2807.033889,1.623e-25
2807.042774,3e-25
2807.043479,2.932e-25
2807.067209,6.382e-25
2807.068603,5.878000000000001e-26
2807.070539,6.196e-25
2807.112319,5.0250000000000005e-25
2807.134565,8.602000000000001e-26
2807.135868,9.15e-26
2807.138391,8.489000000000001e-26
2807.150571,1.364e-25
2807.160043,5.126e-25
2807.185661,1.156e-24
2807.186015,1.189e-24
2807.187593,6.818e-25
2807.191989,6.9630000000000005e-25
2807.198811,1.706e-25
2807.217197,1.017e-25
2807.231478,1.3210000000000002e-25
2807.268647,5.309000000000001e-26
2807.288411,1.619e-25
2807.289692,3.718e-25
2807.292158,3.5960000000000004e-25
2807.328759,1.05e-25
2807.33586,1.596e-25
2807.339928,1.536e-25
2807.370296,8.56e-25
2807.380267,1.0820000000000002e-25
2807.384113,1.054e-25
2807.392772,2.3180000000000003e-25
2807.393318,2.261e-25
2807.406047,6.512000000000001e-26
2807.410728,6.425e-26
2807.417006,7.79e-26
2807.421387,4.3750000000000005e-25
2807.42142,7.687000000000001e-26
2807.435546,7.44e-25
2807.438034,7.645e-25
2807.444045,1.469e-25
2807.454796,1.449e-25
2807.462793,1.707e-25
2807.467885,4.462e-25
2807.469631,2.558e-25
2807.472849,2.469e-25
2807.504862,1.66e-25
2807.507091,9.024e-25
2807.507247,1.619e-25
2807.529963,1.591e-25
2807.574067,7.444e-25
2807.576813,7.603e-25
2807.627627,1.122e-25
2807.660964,1.1379999999999999e-24
2807.661541,1.106e-24
2807.662363,1.557e-25
2807.673298,4.149e-25
2807.673392,4.057e-25
2807.680098,1.528e-25
2807.714959,1.683e-25
2807.719204,3.789e-25
2807.758405,1.535e-25
2807.764512,3.863e-25
2807.808393,1.124e-25
2807.809553,1.11e-25
2807.813722,5.406e-26
2807.815526,5.34e-26
2807.84119,4.434e-25
2807.845244,1.305e-25
2807.906035,4.289e-25
2807.916594,6.74e-25
2807.918059,6.886000000000001e-25
2807.921237,1.266e-25
2807.955413,1.629e-25
2807.957169,5.42e-25
2807.958861,5.249e-25
2807.969957,6.05e-25
2807.971863,6.186e-25
2807.973552,1.447e-25
2808.00576,3.265e-25
2808.01202,1.249e-24
2808.012355,1.214e-24
2808.01426,9.686e-25
2808.014852,5.199e-25
2808.015332,5.316000000000001e-25
2808.048634,1.049e-25
2808.049839,8.263e-25
2808.049914,3.327e-25
2808.053515,8.086e-25
2808.078091,9.861e-26
2808.07834,9.706e-26
2808.082533,1.2430000000000002e-25
2808.112301,3.211e-25
2808.135272,3.085e-25
2808.145447,1.018e-24
2808.158987,1.206e-25
2808.16059,1.027e-25
2808.17515,1.3220000000000002e-25
2808.184289,1.541e-25
2808.188336,3.1220000000000003e-25
2808.222431,1.4840000000000002e-25
2808.223661,1.435e-25
2808.224059,1.287e-25
2808.226844,1.27e-25
2808.23966,1.061e-24
2808.24009,1.03e-24
2808.250799,7.108e-25
2808.253805,6.893000000000001e-25
2808.281045,2.7980000000000003e-25
2808.294014,3.205e-25
2808.304431,3.493e-25
2808.305103,3.411e-25
2808.315824,1.009e-25
2808.324078,2.851e-25
2808.324475,9.275e-26
2808.352136,2.13e-25
2808.362843,1.157e-25
2808.397528,7.415000000000001e-26
2808.40177,1.415e-25
2808.424531,1.275e-24
2808.424808,1.312e-24
2808.430123,1.691e-25
2808.430245,4.052e-25
2808.43245,3.915e-25
2808.433534,1.625e-25
2808.460512,2.194e-25
2808.480544,6.255000000000001e-26
2808.490359,6.184e-26
2808.523796,1.221e-25
2808.527487,1.189e-25
2808.536109,9.48e-26
2808.545049,2.386e-25
2808.549382,5.758e-26
2808.553821,5.628e-26
2808.568096,1.471e-25
2808.574523,1.452e-25
2808.58699,2.752e-25
2808.586994,2.43e-25
2808.589797,2.6520000000000003e-25
2808.602984,8.372e-25
2808.60521,8.614e-25
2808.608103,1.246e-25
2808.623579,2.674e-25
2808.624123,2.606e-25
2808.646514,1.076e-24
2808.673413,8.373000000000001e-25
2808.673768,8.195000000000001e-25
2808.694145,6.89e-26
2808.696054,1.894e-25
2808.698332,1.846e-25
2808.724283,7.971000000000001e-26
2808.735734,4.902e-25
2808.76972,1.164e-25
2808.771542,1.033e-25
2808.772423,1.129e-24
2808.773397,1.148e-25
2808.779703,1.0820000000000002e-25
2808.796982,7.801e-26
2808.797761,2.024e-25
2808.803,4.732e-25
2808.80364,1.027e-25
2808.80399,7.619000000000001e-26
2808.838648,2.061e-25
2808.839943,1.173e-25
2808.843796,5.523000000000001e-26
2808.844948,5.617e-26
2808.910958,1.139e-25
2808.937175,9.625e-26
2808.953798,4.854e-25
2808.953877,4.743e-25
2808.970586,1.273e-24
2808.970775,1.236e-24
2808.970818,1.102e-25
2808.9889,7.522e-26
2808.995947,8.738000000000001e-26
2809.000604,8.620000000000001e-26
2809.022495,1.05e-25
2809.025423,1.1590000000000002e-25
2809.026833,1.036e-25
2809.03101,1.037e-25
2809.039172,1.709e-25
2809.040906,1.012e-25
2809.043327,1.071e-25
2809.079031,1.739e-25
2809.110371,5.946000000000001e-25
2809.111872,5.751e-25
2809.117165,1.832e-25
2809.12775,1.807e-25
2809.212414,8.016e-25
2809.214613,8.194000000000001e-25
2809.257347,1.351e-25
2809.258069,5.537e-26
2809.267056,1.177e-24
2809.269271,1.435e-25
2809.270449,1.318e-25
2809.294497,7.164e-25
2809.29623,7.328e-25
2809.304427,5.67e-26
2809.308129,1.46e-25
2809.312564,6.108e-25
2809.31304,6.249000000000001e-25
2809.36591,1.026e-24
2809.36947,1.004e-24
2809.388005,1.231e-24
2809.418508,1.579e-25
2809.419417,1.184e-24
2809.419845,1.148e-24
2809.423057,1.558e-25
2809.423371,7.871000000000001e-25
2809.426061,7.625e-25
2809.436018,3.021e-25
2809.481463,1.7260000000000002e-25
2809.488048,1.199e-25
2809.498086,1.682e-25
2809.514427,1.779e-25
2809.51706,1.706e-25
2809.525931,1.22e-25
2809.556167,4.046e-25
2809.556795,3.95e-25
2809.55947,5.266e-25
2809.560554,4.392e-25
2809.562461,4.238e-25
2809.596484,1.453e-24
2809.596962,1.497e-24
2809.602772,3.1430000000000003e-25
2809.629678,5.071e-25
2809.658833,1.371e-25
2809.662337,1.333e-25
2809.694231,2.942e-25
2809.695492,9.97e-26
2809.69656,2.831e-25
2809.70831,2.16e-25
2809.728767,2.103e-25
2809.732425,1.014e-25
2809.762997,9.357e-25
2809.765045,9.638e-25
2809.809687,5.08e-26
2809.814552,9.507e-26
2809.81484,1.025e-25
2809.844613,3.069e-25
2809.844753,9.658e-25
2809.845138,2.99e-25
2809.848922,9.872e-25
2809.875884,1.2679999999999999e-24
2809.878042,2.15e-25
2809.880191,2.094e-25
2809.881183,9.968e-26
2809.882695,1.942e-25
2809.883556,9.248e-26
2809.891594,8.249e-26
2809.899995,1.904e-25
2809.916454,2.29e-25
2809.9276,8.386000000000001e-26
2809.942217,2.6470000000000003e-25
2809.966819,2.573e-25
2809.992175,1.324e-24
2809.99657,6.406000000000001e-26
2810.001816,6.318000000000001e-26
2810.029407,2.362e-25
2810.052811,1.425e-24
2810.053308,1.382e-24
2810.055902,1.457e-25
2810.061673,1.356e-25
2810.063717,8.351000000000001e-26
2810.073435,8.256000000000001e-26
2810.076341,6.792e-26
2810.104104,1.958e-25
2810.111041,1.931e-25
2810.111443,6.902000000000001e-26
2810.186761,3.173e-25
2810.215816,3.08e-25
2810.224147,5.6520000000000005e-25
2810.224205,5.52e-25
2810.23015,1.468e-25
2810.231187,1.522e-25
2810.235897,1.055e-24
2810.238832,1.079e-24
2810.249724,5.565e-26
2810.253232,6.487e-25
2810.254519,6.268000000000001e-25
2810.283944,5.654000000000001e-26
2810.315418,5.487e-25
2810.384099,1.5680000000000002e-25
2810.387864,1.547e-25
2810.389206,5.27e-25
2810.398969,1.568e-24
2810.399229,1.521e-24
2810.444639,3.716e-25
2810.473002,1.348e-24
2810.478456,3.603e-25
2810.5425,9.446e-25
2810.543933,9.66e-25
2810.584862,1.167e-25
2810.584917,1.405e-24
2810.585002,8.667e-25
2810.58738,8.386e-25
2810.588782,1.857e-25
2810.589456,1.151e-25
2810.590488,1.778e-25
2810.599912,7.144e-25
2810.600386,7.312e-25
2810.602501,8.435e-25
2810.604187,8.632000000000001e-25
2810.605132,1.314e-24
2810.605423,1.273e-24
2810.61265,7.993e-26
2810.630714,1.407e-25
2810.635083,1.388e-25
2810.678535,7.783000000000001e-26
2810.680618,4.732e-25
2810.682182,4.56e-25
2810.71755,4.25e-25
2810.717651,1.165e-24
2810.720969,2.917e-25
2810.721867,8.603000000000001e-26
2810.723108,1.135e-24
2810.753735,2.685e-25
2810.756444,4.113e-25
2810.764028,2.6470000000000003e-25
2810.773789,8.729000000000001e-26
2810.785397,1.531e-25
2810.788679,1.488e-25
2810.791357,3.1250000000000003e-25
2810.793127,3.002e-25
2810.797986,4.666000000000001e-25
2810.79856,4.552e-25
2810.809914,1.5929999999999999e-24
2810.81036,1.642e-24
2810.822359,1.314e-25
2810.835684,8.496e-26
2810.896499,3.041e-25
2810.913645,1.039e-24
2810.915492,1.0719999999999999e-24
2810.964269,1.065e-25
2810.965114,1.053e-25
2811.006099,4.738e-25
2811.006424,5.535e-25
2811.0175,5.577e-26
2811.022812,5.5e-26
2811.050397,4.577e-25
2811.050835,2.428e-25
2811.052833,2.363e-25
2811.055893,3.505e-25
2811.056382,3.412e-25
2811.058411,1.416e-24
2811.064053,2.074e-25
2811.06523,2.046e-25
2811.075147,6.336000000000001e-26
2811.08456,5.299000000000001e-25
2811.134283,6.388e-26
2811.166212,1.474e-24
2811.181738,6.545000000000001e-26
2811.204265,1.612e-25
2811.205791,1.6410000000000002e-25
2811.212112,9.06e-26
2811.22505,9.537e-26
2811.254256,1.428e-25
2811.278255,3.492e-25
2811.308987,1.169e-24
2811.309744,5.144e-25
2811.311418,1.147e-24
2811.336772,1.578e-24
2811.336794,1.5289999999999999e-24
2811.354083,3.388e-25
2811.3598,4.958000000000001e-25
2811.361502,1.396e-25
2811.363816,6.553e-26
2811.38575,7.039e-25
2811.386793,6.792e-25
2811.426923,6.388e-26
2811.44856,7.919000000000001e-26
2811.465432,2.442e-25
2811.484344,6.55e-25
2811.484373,6.393e-25
2811.50368,2.376e-25
2811.506143,2.3440000000000003e-25
2811.524043,8.455e-26
2811.529231,8.337e-26
2811.542589,7.816e-26
2811.583299,2.522e-25
2811.626789,5.427e-25
2811.632114,1.471e-24
2811.635138,5.392e-25
2811.648053,1.116e-25
2811.653198,1.923e-25
2811.653796,1.836e-25
2811.657198,1.103e-25
2811.683007,5.218e-25
2811.71856,5.144e-25
2811.720899,7.244000000000001e-26
2811.734796,9.916e-26
2811.735739,9.489e-25
2811.736044,1.5279999999999999e-24
2811.737803,9.17e-25
2811.765374,1.452e-24
2811.765654,1.406e-24
2811.778508,7.058000000000001e-26
2811.786821,1.957e-25
2811.790438,5.068e-25
2811.790454,1.837e-25
2811.791605,4.877e-25
2811.820187,1.113e-24
2811.822202,1.1379999999999999e-24
2811.850161,2.701e-25
2811.856297,2.6640000000000003e-25
2811.876833,8.316e-25
2811.877312,8.516e-25
2811.878372,3.2970000000000003e-25
2811.879484,3.162e-25
2811.903284,9.887e-25
2811.903507,1.7e-25
2811.904845,1.012e-24
2811.906526,1.651e-25
2811.913476,8.535000000000001e-26
2811.916957,8.702e-26
2811.954451,5.554e-25
2811.963174,1.789e-24
2811.963775,1.847e-24
2811.989982,2.774e-25
2811.996872,2.104e-25
2812.000512,2.075e-25
2812.010741,1.428e-24
2812.011619,2.36e-25
2812.013955,1.3959999999999999e-24
2812.017308,5.3250000000000005e-25
2812.029057,2.311e-25
2812.029885,5.354e-25
2812.030395,5.22e-25
2812.055998,1.147e-24
2812.057745,1.185e-24
2812.066538,5.244000000000001e-26
2812.090242,5.69e-26
2812.090659,5.786e-26
2812.127173,5.116e-26
2812.156112,1.553e-25
2812.160674,1.532e-25
2812.175169,2.897e-25
2812.194114,1.512e-24
2812.204009,5.058e-25
2812.214443,2.728e-25
2812.216012,1.881e-25
2812.216261,2.6530000000000003e-25
2812.220267,1.855e-25
2812.237536,1.469e-25
2812.240539,1.52e-25
2812.257427,3.983e-25
2812.257858,3.875e-25
2812.28897,5.501e-25
2812.293881,4.804e-25
2812.294394,1.569e-24
2812.359061,5.256e-25
2812.404269,1.749e-24
2812.404672,1.6929999999999998e-24
2812.40771,3.3299999999999998e-25
2812.417908,3.2830000000000003e-25
2812.461127,1.343e-24
2812.465051,1.374e-24
2812.48343,5.154e-26
2812.507368,7.302000000000001e-26
2812.507923,7.594e-25
2812.508685,7.318e-25
2812.512625,7.199000000000001e-26
2812.525891,8.007000000000001e-26
2812.525963,8.141e-26
2812.554269,9.241e-26
2812.599517,5.106e-26
2812.608121,1.48e-25
2812.625784,5.256e-25
2812.657157,5.289000000000001e-26
2812.660476,5.867e-26
2812.664677,2.874e-25
2812.66905,2.834e-25
2812.70388,5.0030000000000005e-25
2812.706954,1.88e-25
2812.707692,1.974e-25
2812.713907,5.721e-26
2812.715255,4.549e-25
2812.734389,7.369e-25
2812.734396,7.555000000000001e-25
2812.738509,1.043e-25
2812.744412,1.539e-24
2812.744533,1.93e-24
2812.744725,1.868e-24
2812.813059,4.298e-25
2812.841248,1.5939999999999999e-24
2812.854921,1.469e-24
2812.860227,9.313e-25
2812.875632,1.033e-24
2812.877379,9.97e-25
2812.890013,5.394e-25
2812.89072,5.182e-25
2812.928909,1.5949999999999999e-24
2812.929014,1.543e-24
2812.955281,3.4530000000000003e-25
2812.955616,3.3050000000000003e-25
2812.959732,4.828e-25
2812.998881,2.581e-25
2813.00116,7.331e-26
2813.013181,1.878e-25
2813.01589,1.822e-25
2813.042073,1.111e-25
2813.046861,4.573e-25
2813.047204,1.095e-25
2813.049779,7.517e-26
2813.122036,2.6680000000000003e-25
2813.128258,1.2999999999999998e-24
2813.129668,1.3299999999999999e-24
2813.143403,9.634e-25
2813.143891,9.872e-25
2813.151039,1.9509999999999998e-24
2813.151616,2.015e-24
2813.170848,3.901e-25
2813.188836,1.259e-24
2813.189655,1.153e-24
2813.190502,1.301e-24
2813.191174,1.181e-24
2813.210701,1.478e-25
2813.219674,1.46e-25
2813.242902,2.592e-25
2813.251867,6.114e-25
2813.252301,5.957000000000001e-25
2813.278525,3.662e-25
2813.283008,1.551e-24
2813.285266,4.242e-25
2813.326849,1.3999999999999999e-24
2813.341255,1.613e-24
2813.361997,3.553e-25
2813.368651,3.504e-25
2813.368871,3.049e-25
2813.370481,2.9630000000000003e-25
2813.376589,1.606e-24
2813.382836,3.995e-25
2813.43877,2.714e-25
2813.449226,4.503e-25
2813.44958,4.379e-25
2813.492616,5.759e-26
2813.497731,5.677000000000001e-26
2813.501334,2.477e-25
2813.503401,2.3410000000000003e-25
2813.510379,7.13e-26
2813.510743,7.252000000000001e-26
2813.572462,3.165e-25
2813.582656,1.771e-25
2813.583097,7.585e-26
2813.591761,2.81e-25
2813.595462,2.771e-25
2813.596647,3.542e-25
2813.601535,8.03e-26
2813.606496,5.666e-26
2813.619747,8.145e-25
2813.620181,7.837000000000001e-25
2813.631938,5.471000000000001e-26
2813.644299,5.476000000000001e-26
2813.660376,1.853e-24
2813.660498,1.916e-24
2813.66207,5.888000000000001e-26
2813.668329,1.77e-25
2813.692649,2.947e-25
2813.706637,3.3120000000000003e-25
2813.723647,2.057e-25
2813.72815,2.028e-25
2813.749926,1.905e-25
2813.752283,2.006e-25
2813.804332,2.4990000000000003e-25
2813.808708,2.464e-25
2813.809903,1.5499999999999998e-24
2813.888107,2.784e-25
2813.900403,1.603e-24
2813.907003,1.577e-24
2813.921408,2.403e-25
2813.924136,1.436e-24
2813.966654,1.008e-25
2813.966696,1.025e-25
2813.974249,8.454e-25
2813.974301,8.673e-25
2813.979344,5.703e-25
2813.979515,5.47e-25
2813.987971,9.519e-26
2813.993171,9.383e-26
2814.004716,1.118e-24
2814.006135,1.077e-24
2814.013377,2.579e-25
2814.016402,4.815e-25
2814.021503,3.428e-25
2814.022091,3.589e-25
2814.025902,4.746e-25
2814.057834,2.214e-25
2814.060249,2.795e-25
2814.069576,1.744e-24
2814.069665,1.685e-24
2814.072406,2.072e-25
2814.072659,2.048e-25
2814.078394,2.732e-25
2814.114435,2.062e-25
2814.116779,1.998e-25
2814.153925,2.032e-25
2814.155815,1.595e-25
2814.196377,1.341e-25
2814.196589,1.318e-25
2814.218487,1.678e-25
2814.240991,1.429e-25
2814.245665,1.475e-25
2814.246554,2.4840000000000003e-25
2814.250693,2.538e-25
2814.270029,5.811e-26
2814.270703,5.913000000000001e-26
2814.276673,1.904e-25
2814.278994,3.76e-25
2814.280203,3.709e-25
2814.285807,2.1599999999999998e-24
2814.28653,2.234e-24
2814.298759,1.86e-25
2814.312785,1.372e-24
2814.314032,1.377e-25
2814.314413,1.421e-24
2814.325095,1.536e-24
2814.330096,3.69e-25
2814.376719,1.523e-25
2814.379522,1.86e-25
2814.38284,1.657e-25
2814.387608,1.516e-24
2814.388362,1.347e-25
2814.389468,1.552e-24
2814.399573,1.111e-24
2814.400076,1.1389999999999999e-24
2814.406209,3.571e-25
2814.412676,1.586e-24
2814.413006,1.13e-25
2814.420611,1.1630000000000002e-25
2814.463683,1.046e-25
2814.463928,6.9480000000000005e-25
2814.464273,6.765e-25
2814.467484,1.338e-24
2814.468915,1.372e-24
2814.479554,2.375e-25
2814.514128,3.39e-25
2814.515493,3.2910000000000003e-25
2814.516599,2.702e-25
2814.550645,1.454e-25
2814.555717,1.433e-25
2814.559525,1.212e-25
2814.585304,7.791e-26
2814.611882,1.9529999999999998e-24
2814.614753,1.907e-24
2814.6313,5.066e-25
2814.63155,4.922e-25
2814.645461,2.7970000000000003e-25
2814.652643,9.304e-26
2814.655415,5.505e-26
2814.687304,2.4930000000000003e-25
2814.710568,5.98e-26
2814.715049,2.103e-24
2814.715339,2.031e-24
2814.721221,8.684000000000001e-25
2814.72143,8.335000000000001e-25
2814.740257,4.314e-25
2814.742438,4.256e-25
2814.764692,6.238000000000001e-26
2814.770065,1.956e-25
2814.778551,1.931e-25
2814.782666,1.909e-25
2814.787001,2.016e-25
2814.794306,6.837000000000001e-26
2814.828584,1.51e-24
2814.85874,8.37e-26
2814.908595,8.589e-26
2814.909659,1.253e-25
2814.913394,1.558e-24
2814.915704,1.28e-25
2814.920718,8.896e-26
2814.921035,9.05e-26
2814.926044,7.449e-26
2814.931101,7.341e-26
2815.036907,1.833e-24
2815.040574,1.877e-24
2815.048905,2.326e-24
2815.04903,2.247e-24
2815.057977,5.734e-25
2815.058436,5.99e-25
2815.077123,3.526e-25
2815.078815,3.701e-25
2815.092146,4.876e-25
2815.09795,4.808e-25
2815.111786,5.519e-26
2815.123025,1.2029999999999999e-24
2815.124134,1.157e-24
2815.182571,3.738e-25
2815.186166,3.686e-25
2815.191849,2.98e-25
2815.192821,2.833e-25
2815.201801,5.671e-26
2815.203957,9.652e-25
2815.204062,9.908e-25
2815.207289,2.252e-25
2815.209203,2.1790000000000003e-25
2815.210794,1.829e-24
2815.210855,1.896e-24
2815.219761,5.606e-27
2815.270158,5.056e-27
2815.275841,2.714e-25
2815.279765,1.012e-25
2815.280306,2.675e-25
2815.31122,1.037e-25
2815.320367,1.473e-24
2815.368658,3.3130000000000003e-25
2815.372827,3.267e-25
2815.397411,1.262e-25
2815.397426,1.284e-25
2815.402542,1.518e-24
2815.427068,1.487e-24
2815.428685,1.542e-24
2815.431435,2.007e-24
2815.43463,2.056e-24
2815.448222,2.3409999999999998e-24
2815.448909,2.424e-24
2815.459299,1.236e-25
2815.464443,1.218e-25
2815.464781,2.214e-25
2815.617103,2.049e-25
2815.617396,2.015e-25
2815.619539,6.239e-26
2815.644633,1.687e-25
2815.644853,1.659e-25
2815.645346,7.188e-26
2815.6454,1.275e-24
2815.645924,1.308e-24
2815.645955,7.316e-26
2815.650221,3.749e-25
2815.651301,3.636e-25
2815.655991,5.953000000000001e-25
2815.6658,5.868e-25
2815.666069,7.857000000000001e-25
2815.666308,7.644e-25
2815.673518,1.755e-24
2815.674911,1.798e-24
2815.699741,2.128e-25
2815.712537,6.416000000000001e-26
2815.732126,1.545e-24
2815.733525,1.585e-24
2815.800441,1.425e-24
2815.803656,5.6690000000000005e-25
2815.803775,5.503e-25
2815.80511,1.888e-25
2815.811884,2.002e-25
2815.812035,8.823e-25
2815.812346,9.2e-25
2815.870079,5.144e-25
2815.874277,5.072e-25
2815.88011,1.467e-24
2815.883565,6.011000000000001e-26
2815.903448,5.986000000000001e-26
2815.908492,6.41e-26
2815.920598,2.195e-24
2815.920793,2.239e-25
2815.924704,2.139e-24
2815.941589,2.2e-24
2815.941855,2.2799999999999998e-24
2815.956853,6.273000000000001e-26
2816.018372,2.8010000000000003e-25
2816.038949,3.223e-25
2816.049749,1.895e-25
2816.054762,1.867e-25
2816.055331,1.1620000000000002e-25
2816.058373,3.1440000000000003e-25
2816.069172,1.675e-25
2816.070536,5.286e-26
2816.074741,5.209000000000001e-26
2816.113705,7.013000000000001e-26
2816.122446,3.594e-25
2816.125466,3.782e-25
2816.12609,5.967000000000001e-25
2816.127291,6.247000000000001e-25
2816.146658,1.843e-25
2816.147654,1.13e-25
2816.153406,2.904e-25
2816.209854,7.218e-26
2816.215127,5.312000000000001e-26
2816.216081,5.409e-26
2816.230583,1.286e-24
2816.231257,1.236e-24
2816.235377,1.353e-25
2816.241421,1.393e-25
2816.268803,1.369e-24
2816.291757,2.443e-25
2816.293168,2.362e-25
2816.311573,2.568e-25
2816.319845,2.535e-25
2816.321256,1.105e-25
2816.32153,1.124e-25
2816.331727,1.977e-24
2816.331846,2.051e-24
2816.346083,1.409e-24
2816.350499,9.593e-26
2816.355498,9.452e-26
2816.374174,1.386e-25
2816.385053,1.387e-25
2816.423508,1.097e-24
2816.423678,1.126e-24
2816.458703,2.176e-24
2816.460387,2.127e-24
2816.532046,1.601e-24
2816.533693,1.663e-24
2816.564458,2.554e-24
2816.565305,2.647e-24
2816.578687,6.341e-25
2816.585045,6.251000000000001e-25
2816.594256,7.838000000000001e-26
2816.682201,2.747e-25
2816.693743,8.075000000000001e-26
2816.707084,9.505e-26
2816.72545,1.306e-24
2816.757718,4.951e-25
2816.758255,9.762e-26
2816.761349,4.881e-25
2816.777155,4.122e-25
2816.777905,3.994e-25
2816.80045,1.343e-24
2816.817172,1.84e-25
2816.818172,1.602e-25
2816.81818,1.574e-25
2816.82235,3.564e-25
2816.826757,3.513e-25
2816.826988,1.959e-25
2816.850725,3.43e-25
2816.851008,3.275e-25
2816.858287,8.84e-25
2816.858404,8.594e-25
2816.863198,6.852e-27
2816.864967,2.8020000000000003e-25
2816.865124,2.849e-25
2816.880848,1.456e-24
2816.881397,1.495e-24
2816.883461,2.271e-25
2816.892312,9.27e-25
2816.89312,9.685e-25
2816.903231,1.856e-25
2816.909637,6.415e-27
2816.914485,2.027e-24
2816.916216,2.078e-24
2816.921347,1.597e-25
2816.926433,1.573e-25
2816.940137,4.3530000000000005e-25
2816.944973,4.287e-25
2816.96626,6.121e-25
2816.966303,6.3110000000000005e-25
2816.972844,3.436e-25
2816.984795,2.4749999999999998e-24
2816.984948,2.385e-24
2816.987516,1.776e-24
2816.988858,1.822e-24
2817.009596,1.288e-25
2817.011147,8.851000000000001e-26
2817.011697,9.012e-26
2817.021629,1.327e-25
2817.061165,8.709000000000001e-26
2817.073287,2.578e-25
2817.073577,2.535e-25
2817.08249,2.114e-25
2817.082718,2.078e-25
2817.121552,2.4850000000000003e-25
2817.139284,1.959e-25
2817.142852,1.176e-25
2817.144339,3.95e-25
2817.144348,3.904e-25
2817.157434,3.626e-25
2817.162066,3.828e-25
2817.164192,8.98e-26
2817.169308,2.623e-24
2817.170377,1.238e-24
2817.171843,2.559e-24
2817.175792,1.209e-25
2817.176205,5.659000000000001e-26
2817.183834,6.161e-25
2817.185916,6.465e-25
2817.189216,3.4640000000000003e-25
2817.196881,3.555e-25
2817.202471,3.653e-25
2817.220335,2.425e-25
2817.229772,5.963e-26
2817.243199,1.271e-24
2817.26994,3.782e-25
2817.312243,2.745e-24
2817.312302,2.645e-24
2817.327415,1.367e-24
2817.327694,1.311e-24
2817.346928,3.6499999999999998e-25
2817.367857,2.635e-25
2817.368677,2.544e-25
2817.411925,6.16e-25
2817.434074,6.757e-26
2817.438215,6.656000000000001e-26
2817.450685,2.123e-24
2817.450968,2.206e-24
2817.452541,5.12e-25
2817.453472,6.701e-25
2817.454728,6.607000000000001e-25
2817.503967,2.872e-25
2817.514404,9.617e-26
2817.538605,6.486e-26
2817.539372,2.458e-25
2817.539483,6.607000000000001e-26
2817.544326,2.422e-25
2817.572232,2.454e-24
2817.575635,2.516e-24
2817.603579,1.165e-24
2817.621195,9.927e-26
2817.627219,1.713e-24
2817.628929,1.782e-24
2817.632903,1.24e-24
2817.633149,1.274e-24
2817.645698,2.9820000000000003e-25
2817.674318,1.196e-24
2817.701847,2.752e-24
2817.702627,2.856e-24
2817.711993,1.366e-25
2817.712229,1.391e-25
2817.76598,1.23e-25
2817.770919,1.212e-25
2817.815822,1.91e-25
2817.818734,1.76e-25
2817.831956,1.753e-25
2817.832389,1.883e-25
2817.840737,1.796e-25
2817.846893,3.364e-25
2817.854748,3.32e-25
2817.894938,4.507e-25
2817.895303,4.3620000000000005e-25
2817.899735,2.036e-25
2817.927555,3.72e-25
2817.928,3.783e-25
2817.932598,4.712e-25
2817.934025,7.704e-25
2817.935957,7.596e-25
2817.953941,1.055e-25
2817.957288,3.616e-25
2817.962161,9.672e-25
2817.963546,1.013e-24
2817.965728,2.692e-24
2817.968993,2.761e-24
2817.978571,3.521e-25
2818.025052,1.089e-24
2818.040553,9.612e-25
2818.040579,9.896e-25
2818.064745,1.09e-25
2818.08975,1.5670000000000002e-25
2818.093796,1.117e-24
2818.105969,1.655e-24
2818.106537,1.7e-24
2818.119007,6.771e-25
2818.119247,6.987e-25
2818.178052,2.325e-24
2818.179435,2.386e-24
2818.180492,2.555e-24
2818.180909,2.656e-24
2818.182037,3.618e-25
2818.188644,3.833e-25
2818.215307,1.248e-25
2818.222386,1.284e-25
2818.228918,1.9899999999999999e-25
2818.228946,1.955e-25
2818.230479,2.0299999999999998e-24
2818.231186,6.3080000000000005e-25
2818.231802,2.0849999999999998e-24
2818.234323,6.6380000000000005e-25
2818.29323,8.658000000000001e-25
2818.298681,8.535e-25
2818.326909,6.531e-25
2818.330449,6.437e-25
2818.342858,1.66e-25
2818.349985,3.528e-25
2818.350189,3.589e-25
2818.355184,4.661000000000001e-25
2818.359549,4.593e-25
2818.367429,1.085e-25
2818.367928,1.105e-25
2818.374107,2.055e-25
2818.379135,2.024e-25
2818.379746,1.15e-25
2818.380096,4.437e-25
2818.381276,4.512e-25
2818.388235,8.309e-27
2818.413376,1.382e-24
2818.413538,1.443e-24
2818.432177,7.866e-27
2818.43479,1.011e-24
2818.435608,2.8230000000000003e-25
2818.435732,2.721e-25
2818.455662,2.934e-24
2818.457653,2.86e-24
2818.470553,3.636e-25
2818.470603,3.794e-25
2818.480513,5.739e-25
2818.484592,5.6560000000000005e-25
2818.494837,1.19e-25
2818.501622,1.037e-24
2818.510432,2.637e-25
2818.510665,2.591e-25
2818.515018,3.231e-25
2818.515311,3.175e-25
2818.519609,5.024e-26
2818.546281,1.073e-25
2818.551708,2.267e-24
2818.552082,2.36e-24
2818.574432,5.328e-26
2818.598851,1.104e-25
2818.712786,1.822e-24
2818.714601,1.899e-24
2818.788195,4.944e-25
2818.788925,8.6e-26
2818.789365,4.862e-25
2818.791782,1.246e-25
2818.793001,8.469000000000001e-26
2818.799202,2.955e-24
2818.800175,3.072e-24
2818.809624,1.6460000000000002e-25
2818.828197,1.771e-25
2818.832137,1.394e-24
2818.832472,1.435e-24
2818.832788,9.337e-25
2818.852984,7.883000000000001e-26
2818.853796,8.033e-26
2818.861894,1.047e-24
2818.871309,1.031e-24
2818.897783,9.566e-25
2818.911468,1.29e-25
2818.971531,2.817e-24
2818.971658,2.891e-24
2818.973136,2.912e-25
2819.003492,4.735e-25
2819.003575,4.899e-25
2819.019503,3.175e-25
2819.021564,1.002e-24
2819.023627,1.051e-24
2819.024397,3.1280000000000003e-25
2819.02824,1.332e-25
2819.034603,9.055e-25
2819.03863,8.924e-25
2819.062179,1.371e-25
2819.092924,1.682e-25
2819.093128,1.713e-25
2819.104025,1.212e-25
2819.122157,3.028e-25
2819.158488,3.356e-25
2819.167021,3.364e-25
2819.172483,1.57e-25
2819.177361,1.546e-25
2819.190014,1.339e-25
2819.196189,3.564e-25
2819.205241,3.791e-25
2819.212752,1.07e-24
2819.212942,1.102e-24
2819.213089,2.738e-24
2819.213102,2.851e-24
2819.219039,8.566e-25
2819.25896,1.27e-25
2819.262018,7.449e-25
2819.262495,7.694e-25
2819.268116,6.399999999999998e-25
2819.268357,1.306e-25
2819.272525,6.755e-25
2819.28227,8.771e-25
2819.298384,5.219000000000001e-26
2819.299722,5.321e-26
2819.314637,1.389e-25
2819.320549,1.871e-24
2819.321316,1.924e-24
2819.36693,4.379e-25
2819.37455,4.32e-25
2819.385553,5.6690000000000005e-25
2819.391544,5.571e-25
2819.400617,2.659e-24
2819.40225,2.73e-24
2819.463782,2.31e-24
2819.465073,2.374e-24
2819.488315,1.447e-24
2819.488971,1.514e-24
2819.494331,2.891e-25
2819.495026,3.003e-25
2819.513579,4.583e-25
2819.513865,4.66e-25
2819.522141,1.426e-25
2819.531643,1.351e-25
2819.534664,3.045e-24
2819.534673,3.17e-24
2819.538782,1.472e-25
2819.552684,2.123e-25
2819.574401,1.429e-25
2819.593536,7.811e-25
2819.629674,2.461e-25
2819.629718,2.417e-25
2819.64225,2.234e-25
2819.648599,2.407e-24
2819.649156,2.51e-24
2819.655072,7.993e-25
2819.683027,3.46e-24
2819.685232,3.37e-24
2819.704348,1.4840000000000002e-25
2819.714189,1.3240000000000002e-25
2819.714645,1.349e-25
2819.742872,4.423e-25
2819.743007,4.501e-25
2819.753836,1.113e-24
2819.759895,1.097e-24
2819.788427,1.925e-24
2819.789588,1.493e-25
2819.790387,2.01e-24
2819.792501,1.814e-25
2819.794787,3.174e-25
2819.79608,9.843e-27
2819.814574,1.618e-25
2819.817572,2.633e-25
2819.822541,2.593e-25
2819.824024,3.944e-25
2819.837864,9.36e-27
2819.847764,3.832e-25
2819.880935,6.07e-25
2819.882114,8.577e-25
2819.885242,5.9810000000000005e-25
2819.885671,8.452e-25
2819.88985,3.093e-25
2819.912338,3.164e-24
2819.913196,3.293e-24
2819.928064,3.275e-25
2819.928301,3.218e-25
2819.944897,1.513e-25
2819.950055,4.03e-25
2819.950343,3.959e-25
2819.953032,1.94e-25
2819.956275,7.081e-25
2819.981175,6.806e-25
2819.996576,7.018e-25
2820.016177,7.242000000000001e-25
2820.021208,1.561e-24
2820.021646,1.607e-24
2820.023624,4.344000000000001e-25
2820.03532,4.477e-25
2820.044674,3.89e-25
2820.044747,4.046e-25
2820.067175,3.223e-24
2820.07031,3.31e-24
2820.0705,1.029e-24
2820.073368,1.083e-24
2820.080607,1.573e-25
2820.099977,3.751e-25
2820.10247,5.11e-25
2820.103074,5.293000000000001e-25
2820.121367,5.896e-25
2820.123831,5.795e-25
2820.1351,1.09e-25
2820.13911,1.073e-25
2820.158262,9.538e-26
2820.159019,9.722e-26
2820.175212,1.124e-25
2820.178558,3.607e-25
2820.182865,1.153e-25
2820.184735,7.344e-25
2820.184776,7.255000000000001e-25
2820.199799,3.4580000000000003e-25
2820.211913,3.696e-25
2820.294586,6.43e-25
2820.300542,6.809e-25
2820.301455,1.587e-25
2820.307246,6.381e-25
2820.365575,6.523e-25
2820.374994,1.184e-24
2820.375373,1.221e-24
2820.376448,1.206e-25
2820.377129,2.901e-24
2820.377716,3.025e-24
2820.387759,5.358e-26
2820.389146,5.276e-26
2820.395293,8.149e-25
2820.396053,8.426e-25
2820.410434,9.763e-26
2820.425614,2.915e-25
2820.430509,1.2410000000000002e-25
2820.443424,1.654e-25
2820.455072,1.485e-24
2820.458071,3.543e-24
2820.460415,1.67e-25
2820.461372,3.6379999999999996e-24
2820.463922,1.4639999999999999e-24
2820.464049,2.061e-25
2820.464227,2.1e-25
2820.469379,2.4960000000000003e-25
2820.490132,4.084e-25
2820.494965,4.022e-25
2820.52504,2.106e-24
2820.525764,2.167e-24
2820.537161,1.634e-25
2820.54447,3.048e-25
2820.546132,3.172e-25
2820.549049,6.261000000000001e-26
2820.550311,6.385e-26
2820.552513,1.504e-24
2820.553729,1.577e-24
2820.570006,1.996e-25
2820.574822,1.965e-25
2820.582596,3.036e-25
2820.58773,1.174e-24
2820.589046,1.157e-24
2820.624915,2.6560000000000003e-25
2820.641695,3.022e-24
2820.643078,3.105e-24
2820.644016,1.65e-25
2820.646444,5.717e-25
2820.681863,2.356e-25
2820.685165,2.616e-24
2820.686452,2.69e-24
2820.69347,2.419e-25
2820.703255,5.842e-25
2820.705831,1.043e-25
2820.729494,2.5399999999999998e-24
2820.730183,2.653e-24
2820.758234,1.298e-25
2820.791765,1.419e-25
2820.792816,1.7220000000000002e-25
2820.818995,5.87e-25
2820.819395,5.9740000000000005e-25
2820.854239,2.0199999999999998e-24
2820.856393,2.113e-24
2820.859221,7.542000000000001e-25
2820.86514,7.414e-25
2820.878941,5.681e-25
2820.886202,5.602000000000001e-25
2820.930385,1.471e-25
2820.946476,3.849e-24
2820.947734,3.748e-24
2820.965528,1.517e-25
2820.972518,1.697e-25
2820.973862,5.093e-25
2820.990109,3.345e-24
2820.99121,3.489e-24
2821.020431,3.03e-25
2821.020487,2.9750000000000003e-25
2821.029207,5.202e-25
2821.051424,1.609e-25
2821.051844,1.64e-25
2821.085239,1.352e-24
2821.086951,1.3329999999999999e-24
2821.087655,1.134e-26
2821.108946,1.049e-24
2821.112778,1.107e-24
2821.127536,1.081e-26
2821.128808,1.775e-25
2821.134157,3.237e-25
2821.192229,5.478e-25
2821.19274,3.2960000000000003e-25
2821.193441,5.683e-25
2821.200111,1.738e-24
2821.200209,5.521e-25
2821.20038,5.619000000000001e-25
2821.200669,1.791e-24
2821.208741,3.541e-25
2821.251736,3.358e-25
2821.256644,3.3070000000000003e-25
2821.279375,2.3260000000000003e-25
2821.280415,7.021e-25
2821.281671,7.144e-25
2821.284244,3.43e-25
2821.286884,1.7260000000000002e-25
2821.28949,4.512e-25
2821.310545,6.387e-25
2821.318403,6.79e-25
2821.335709,4.05e-25
2821.335945,3.977e-25
2821.34342,4.606e-25
2821.371789,5.0050000000000005e-25
2821.372076,4.916e-25
2821.374403,2.433e-25
2821.394186,7.872000000000001e-25
2821.398446,7.754e-25
2821.399332,3.071e-24
2821.399549,3.209e-24
2821.429965,1.122e-24
2821.433443,1.105e-24
2821.440442,3.661e-24
2821.440999,3.762e-24
2821.451432,1.809e-25
2821.452849,1.512e-24
2821.454437,1.149e-25
2821.455151,1.171e-25
2821.457935,1.49e-24
2821.472607,1.374e-25
2821.476551,1.353e-25
2821.51883,8.862e-25
2821.519928,9.174e-25
2821.527271,1.303e-24
2821.52787,1.345e-24
2821.543612,6.975000000000001e-26
2821.551637,9.773e-25
2821.555625,9.627e-25
2821.56736,4.17e-25
2821.567531,4.021e-25
2821.58614,3.189e-25
2821.587025,1.732e-25
2821.588947,3.325e-25
2821.593322,3.975e-25
2821.60597,1.551e-24
2821.607828,1.631e-24
2821.645884,4.056e-25
2821.647103,4.177e-25
2821.653248,6.741000000000001e-26
2821.654543,6.637e-26
2821.673934,4.049e-25
2821.688639,7.827e-25
2821.689411,7.692e-25
2821.714919,1.056e-25
2821.716208,3.425e-24
2821.716289,3.5769999999999996e-24
2821.719078,2.358e-24
2821.719859,2.429e-24
2821.760153,1.167e-25
2821.760732,1.82e-25
2821.786589,4.017e-25
2821.791233,7.475000000000001e-26
2821.792434,7.627000000000001e-26
2821.804441,2.663e-24
2821.805345,2.788e-24
2821.825365,2.515e-25
2821.825521,2.563e-25
2821.84581,3.422e-24
2821.847373,3.519e-24
2821.861112,2.878e-25
2821.865708,7.496000000000001e-26
2821.87283,1.711e-25
2821.88535,3.483e-25
2821.896629,2.946e-24
2821.897908,3.032e-24
2821.906155,7.634000000000001e-26
2821.909428,8.372e-26
2821.910017,2.105e-24
2821.912419,2.2069999999999998e-24
2821.931136,4.242e-25
2821.936587,3.553e-25
2821.951248,5.231e-25
2821.952509,1.531e-25
2821.956019,5.15e-25
2821.958547,2.526e-25
2821.9633,2.4860000000000003e-25
2821.973958,1.585e-25
2821.99217,7.471e-25
2821.997931,7.513000000000001e-25
2822.025307,1.811e-24
2822.026824,3.004e-25
2822.034325,1.784e-24
2822.05677,1.803e-25
2822.080124,3.555e-24
2822.081047,3.713e-24
2822.109421,9.878e-26
2822.116521,1.01e-25
2822.136873,1.06e-24
2822.14187,1.122e-24
2822.144163,1.659e-25
2822.153062,4.4789999999999996e-24
2822.154948,4.3569999999999996e-24
2822.158183,1.567e-24
2822.162045,1.544e-24
2822.165565,3.035e-25
2822.174822,3.07e-25
2822.195846,3.32e-25
2822.197737,1.346e-25
2822.215519,3.095e-25
2822.253389,1.387e-25
2822.264779,1.269e-26
2822.272763,5.835e-25
2822.274686,6.062e-25
2822.290374,8.877e-25
2822.295922,8.718000000000001e-25
2822.302376,3.964e-25
2822.303035,1.209e-26
2822.315925,6.265000000000001e-25
2822.326148,6.689e-25
2822.339623,1.754e-25
2822.353597,7.383e-25
2822.353628,7.254000000000001e-25
2822.36884,1.925e-24
2822.369538,1.985e-24
2822.37738,7.328e-25
2822.37913,1.946e-25
2822.379524,1.984e-25
2822.384401,7.225000000000001e-25
2822.394075,3.859e-25
2822.400849,1.572e-25
2822.401193,3.714e-25
2822.401259,3.645e-25
2822.426548,4.815e-25
2822.43396,2.631e-25
2822.48267,2.681e-25
2822.521731,4.152e-24
2822.524591,4.27e-24
2822.531531,3.215e-24
2822.532317,3.366e-24
2822.565648,5.07e-25
2822.583506,6.859e-25
2822.583631,6.983e-25
2822.609402,1.667e-25
2822.619326,3.3080000000000003e-25
2822.623495,3.4570000000000003e-25
2822.632628,9.581e-25
2822.634124,9.93e-25
2822.642654,1.444e-25
2822.648678,1.588e-24
2822.651284,1.675e-24
2822.669577,1.427e-24
2822.670428,1.475e-24
2822.676592,4.266e-25
2822.681438,4.199e-25
2822.690524,2.268e-25
2822.733105,4.986000000000001e-25
2822.733339,4.895e-25
2822.738029,2.311e-25
2822.741507,1.377e-25
2822.742189,1.4040000000000002e-25
2822.756727,5.035e-25
2822.772274,5.206e-25
2822.785851,6.188e-25
2822.786128,6.076e-25
2822.801458,1.7260000000000002e-25
2822.805332,1.699e-25
2822.822422,3.587e-25
2822.844117,1.579e-25
2822.864979,2.775e-24
2822.86607,2.911e-24
2822.866255,1.537e-25
2822.869264,1.27e-25
2822.880827,1.633e-25
2822.887262,1.921e-24
2822.893022,1.892e-24
2822.899374,1.016e-24
2822.902765,2.627e-24
2822.903487,3.435e-25
2822.903577,1.001e-24
2822.90362,2.708e-24
2822.908708,4.574e-24
2822.910023,8.444000000000001e-26
2822.911225,8.310000000000001e-26
2822.912014,4.704e-24
2822.935251,1.945e-25
2822.955795,2.178e-24
2822.95851,2.2899999999999998e-24
2822.965075,1.4609999999999999e-24
2822.968554,1.439e-24
2822.981585,1.981e-25
2822.995838,2.521e-25
2823.001799,9.199e-25
2823.00404,9.036e-25
2823.024941,8.883e-26
2823.026098,9.067e-26
2823.033849,4.164e-25
2823.034488,4.024e-25
2823.053968,5.612000000000001e-25
2823.064319,3.852e-24
2823.065713,3.964e-24
2823.068108,1.2649999999999999e-24
2823.068406,1.259e-25
2823.069449,1.165e-25
2823.072297,1.246e-24
2823.080228,1.045e-25
2823.096423,2.629e-25
2823.096538,3.302e-24
2823.09783,3.401e-24
2823.110387,1.358e-25
2823.137239,3.698e-24
2823.138475,3.871e-24
2823.145762,2.775e-25
2823.154243,1.06e-24
2823.160663,1.126e-24
2823.16813,1.66e-25
2823.173404,3.025e-25
2823.176869,3.055e-25
2823.17701,3.114e-25
2823.187806,5.893e-25
2823.196267,1.328e-24
2823.196518,1.311e-24
2823.213327,1.69e-25
2823.274877,7.626000000000001e-26
2823.279323,2.7980000000000003e-25
2823.310631,6.054e-25
2823.323837,6.498e-25
2823.330286,1.376e-26
2823.338104,3.182e-25
2823.342088,1.124e-25
2823.342791,3.1310000000000003e-25
2823.344059,6.171e-25
2823.346816,6.423e-25
2823.367241,1.31e-26
2823.389153,1.409e-25
2823.393127,4.957e-24
2823.393868,4.8199999999999996e-24
2823.40284,6.669e-25
2823.407547,6.565000000000001e-25
2823.433245,1.434e-25
2823.433684,4.291e-25
2823.454643,2.927e-25
2823.462559,3.064e-25
2823.464293,4.147e-25
2823.477003,3.1510000000000003e-25
2823.48287,5.1570000000000007e-26
2823.485339,5.267000000000001e-26
2823.52739,2.12e-24
2823.528249,2.189e-24
2823.543252,3.361e-24
2823.54372,3.526e-24
2823.561786,8.254e-26
2823.59068,2.548e-24
2823.59831,1.19e-25
2823.599468,2.51e-24
2823.641328,1.211e-25
2823.644006,3.401e-25
2823.649805,3.562e-25
2823.668812,6.388e-25
2823.670731,9.101e-25
2823.671083,9.267e-25
2823.680625,1.612e-24
2823.681989,2.021e-24
2823.683374,1.991e-24
2823.684112,1.705e-24
2823.697306,2.3420000000000003e-25
2823.697683,2.389e-25
2823.736682,1.029e-24
2823.73759,1.172e-24
2823.738649,1.068e-24
2823.743374,1.151e-24
2823.771955,4.532e-25
2823.772024,4.447e-25
2823.795592,9.996e-26
2823.797619,6.692e-25
2823.801902,1.553e-24
2823.803046,1.607e-24
2823.837564,1.017e-25
2823.856998,3.758e-24
2823.857159,3.942e-24
2823.866677,9.418e-25
2823.86715,4.666e-24
2823.867811,4.798e-24
2823.873385,9.281e-25
2823.918108,2.871e-24
2823.919465,3.02e-24
2823.980989,8.356000000000001e-26
2823.99144,2.236e-24
2823.994544,2.358e-24
2824.01034,1.495e-25
2824.012276,8.485000000000001e-26
2824.014763,8.485e-25
2824.01492,8.642000000000001e-25
2824.01947,1.6420000000000002e-25
2824.020133,1.676e-25
2824.021942,8.498e-26
2824.056116,5.831e-26
2824.067692,1.541e-25
2824.076088,2.912e-24
2824.077034,3.004e-24
2824.092135,5.394e-25
2824.096916,5.308000000000001e-25
2824.105109,2.404e-25
2824.120462,6.111e-25
2824.120691,5.9980000000000005e-25
2824.121662,2.1580000000000003e-25
2824.125465,2.123e-25
2824.140098,1.091e-24
2824.141403,1.111e-24
2824.14169,2.6470000000000003e-25
2824.152251,1.746e-25
2824.154492,6.951e-26
2824.156846,1.632e-25
2824.158119,1.053e-25
2824.159227,1.036e-25
2824.161006,1.048e-24
2824.169185,1.118e-24
2824.187468,7.619e-25
2824.187741,7.478e-25
2824.194163,2.334e-24
2824.194453,7.066000000000001e-26
2824.195681,2.3e-24
2824.205616,3.899e-24
2824.206591,4.09e-24
2824.249877,4.318e-24
2824.250178,1.051e-25
2824.251309,1.073e-25
2824.2514,4.448e-24
2824.271064,7.125e-25
2824.286347,3.682e-24
2824.287656,3.796e-24
2824.287953,1.442e-26
2824.294528,5.746e-25
2824.30347,1.593e-25
2824.311553,6.204e-25
2824.31609,5.753e-26
2824.323968,1.37e-26
2824.329965,1.652e-25
2824.345564,5.0260000000000006e-26
2824.355083,5.847e-26
2824.392882,1.307e-24
2824.395087,7.449e-25
2824.397035,1.286e-24
2824.406105,6.479e-25
2824.409844,6.756e-25
2824.441017,4.034e-25
2824.442301,3.907e-25
2824.491811,1.894e-24
2824.495218,1.865e-24
2824.518558,3.693e-25
2824.518691,3.766e-25
2824.548202,1.217e-24
2824.548654,1.195e-24
2824.57059,2.598e-24
2824.575317,2.559e-24
2824.579449,5.689e-24
2824.581023,5.526e-24
2824.582082,1.636e-24
2824.585977,1.611e-24
2824.630613,6.049000000000001e-26
2824.633024,6.181e-26
2824.643713,3.475e-24
2824.644743,3.654e-24
2824.650312,4.84e-25
2824.660151,3.46e-25
2824.661483,2.3440000000000003e-25
2824.66791,3.634e-25
2824.675754,2.323e-24
2824.676799,2.4019999999999998e-24
2824.67991,2.674e-25
2824.701791,1.621e-24
2824.702158,2.704e-25
2824.706334,1.721e-24
2824.708676,3.991e-25
2824.713295,3.927e-25
2824.735282,2.307e-25
2824.739015,4.705e-25
2824.764631,1.6470000000000002e-25
2824.803362,1.708e-25
2824.808571,2.8180000000000003e-25
2824.830985,1.099e-24
2824.833509,1.142e-24
2824.844898,8.467e-25
2824.849541,8.333000000000001e-25
2824.860716,7.808e-25
2824.865858,2.8040000000000003e-25
2824.867043,1.508e-24
2824.870299,1.522e-24
2824.924237,1.681e-24
2824.925719,1.742e-24
2824.935817,5.244e-24
2824.938452,5.402e-24
2824.958064,2.951e-24
2824.959686,3.111e-24
2824.980202,8.148e-25
2825.005947,2.8060000000000003e-25
2825.006316,2.863e-25
2825.016947,2.2779999999999998e-24
2825.020536,2.409e-24
2825.052105,1.95e-25
2825.101145,2.1750000000000003e-25
2825.126733,6.518e-26
2825.132718,5.506e-25
2825.132787,5.3999999999999985e-25
2825.142107,1.4570000000000002e-26
2825.146106,3.082e-24
2825.152505,1.367e-24
2825.154723,3.034e-24
2825.157095,1.023e-24
2825.157651,1.341e-24
2825.165172,2.269e-25
2825.167474,1.097e-24
2825.168052,1.1399999999999999e-24
2825.168176,1.12e-24
2825.172758,2.137e-25
2825.177361,1.3790000000000002e-26
2825.190164,4.266e-25
2825.225322,4.11e-25
2825.23906,3.2099999999999997e-24
2825.240112,3.316e-24
2825.240644,3.988e-24
2825.240779,2.667e-24
2825.242024,4.194e-24
2825.24449,2.626e-24
2825.267413,5.3320000000000005e-25
2825.288323,1.95e-25
2825.288681,6.053e-26
2825.288982,1.992e-25
2825.289421,5.799e-25
2825.31786,5.7909999999999996e-24
2825.321143,5.964e-24
2825.343528,1.2039999999999999e-24
2825.350003,1.186e-24
2825.386539,1.045e-24
2825.386668,1.064e-24
2825.397574,1.307e-25
2825.398586,1.286e-25
2825.406849,5.629000000000001e-25
2825.425698,5.828e-25
2825.433232,2.686e-25
2825.43696,2.6410000000000003e-25
2825.437766,8.422e-25
2825.439455,3.2940000000000003e-25
2825.445807,4.813e-24
2825.447227,4.962e-24
2825.458882,6.749e-25
2825.463782,7.052e-25
2825.464875,4.085e-24
2825.466216,4.215e-24
2825.466949,1.236e-25
2825.468073,1.263e-25
2825.49761,7.457e-25
2825.497831,7.316e-25
2825.498356,6.791e-25
2825.503071,6.681e-25
2825.52414,3.14e-25
2825.531524,1.181e-25
2825.552957,8.774e-25
2825.558381,1.209e-25
2825.580685,9.337e-25
2825.580945,9.162e-25
2825.644449,3.582e-24
2825.645235,3.777e-24
2825.663872,1.247e-25
2825.667719,3.481e-25
2825.67785,3.667e-25
2825.683141,1.277e-25
2825.71215,1.614e-24
2825.717972,1.721e-24
2825.739652,8.175000000000001e-26
2825.770749,7.059e-26
2825.773125,7.218e-26
2825.787157,3.798e-25
2825.789217,3.684e-25
2825.795762,6.264e-24
2825.796064,6.08e-24
2825.813925,2.5319999999999998e-24
2825.814498,1.6490000000000002e-25
2825.815186,2.621e-24
2825.840422,1.411e-24
2825.842492,1.385e-24
2825.850429,4.445e-25
2825.850561,4.534e-25
2825.873669,1.702e-25
2825.877651,1.673e-24
2825.878252,7.125e-26
2825.880134,9.329e-27
2825.881745,1.647e-24
2825.890965,7.625e-26
2825.89117,7.282000000000001e-26
2825.91553,1.165e-24
2825.91871,1.213e-24
2825.948071,1.157e-26
2825.957069,4.017e-24
2825.957323,4.2349999999999996e-24
2825.978859,3.261e-24
2825.984321,3.211e-24
2825.985378,1.4040000000000002e-25
2825.989483,3.009e-24
2825.991455,3.183e-24
2826.002213,8.957000000000001e-25
2826.00671,2.445e-24
2826.010105,2.4079999999999998e-24
2826.032223,2.301e-24
2826.036413,2.442e-24
2826.036572,1.809e-24
2826.038446,1.877e-24
2826.052516,1.593e-25
2826.062509,2.5060000000000003e-25
2826.07026,4.984000000000001e-25
2826.074808,4.902e-25
2826.080648,2.102e-24
2826.084554,2.07e-24
2826.112042,2.792e-25
2826.113341,9.316e-25
2826.122171,2.6460000000000003e-25
2826.142414,9.846e-25
2826.155589,1.062e-24
2826.178324,3.885e-25
2826.179734,2.3369999999999998e-24
2826.180281,2.305e-24
2826.195561,4.002e-25
2826.228973,4.802e-25
2826.251694,5.832e-24
2826.252659,6.012e-24
2826.257635,5.27e-25
2826.26027,2.635e-25
2826.277413,1.07e-24
2826.28199,1.053e-24
2826.289177,4.1659999999999996e-24
2826.290197,4.393e-24
2826.305049,3.347e-25
2826.305422,3.416e-25
2826.391667,3.521e-24
2826.392844,3.64e-24
2826.398507,2.872e-25
2826.482751,1.386e-24
2826.483057,1.412e-24
2826.483477,6.659e-25
2826.483541,6.529e-25
2826.502368,6.9710000000000005e-25
2826.508646,7.301e-25
2826.511148,2.9930000000000003e-25
2826.548063,2.305e-25
2826.548734,2.355e-25
2826.551534,9.98e-26
2826.55406,9.404e-25
2826.569691,1.3130000000000002e-26
2826.577281,1.784e-24
2826.578597,1.5999999999999998e-25
2826.582612,1.751e-24
2826.60618,1.2380000000000002e-26
2826.610438,1.665e-25
2826.612645,5.341e-24
2826.614159,5.512e-24
2826.628424,1.615e-25
2826.629337,1.588e-25
2826.633168,4.507e-24
2826.634551,4.656e-24
2826.661343,9.766e-25
2826.66665,3.4570000000000003e-25
2826.675258,1.448e-25
2826.676395,1.48e-25
2826.679677,3.653e-25
2826.687493,1.665e-25
2826.687988,4.2919999999999996e-24
2826.689907,9.342e-26
2826.696456,4.225e-24
2826.711659,1.589e-24
2826.713671,3.653e-24
2826.715015,3.863e-24
2826.719059,1.702e-24
2826.724327,5.423000000000001e-26
2826.728776,1.731e-25
2826.730514,5.51e-26
2826.736178,3.328e-25
2826.736437,3.419e-24
2826.737897,3.367e-24
2826.739829,3.272e-25
2826.762769,5.1570000000000007e-26
2826.787236,5.301e-26
2826.793022,1.281e-24
2826.793181,1.305e-24
2826.810594,1.533e-24
2826.816794,1.509e-24
2826.844475,5.774e-25
2826.864685,9.059e-25
2826.864894,8.884e-25
2826.895252,8.512e-25
2826.899898,8.372e-25
2826.903308,8.197000000000001e-26
2826.905676,8.386000000000001e-26
2826.922216,4.095e-25
2826.930547,5.604000000000001e-25
2826.941896,2.744e-24
2826.943406,2.843e-24
2826.959335,1.667e-24
2826.960667,1.698e-24
2826.962094,1.1389999999999999e-24
2826.96223,7.088999999999999e-24
2826.962344,1.118e-24
2826.962818,3.93e-25
2826.9635,6.875e-24
2826.990305,1.227e-24
2826.994262,1.28e-24
2826.998318,3.2790000000000004e-25
2827.008642,3.045e-24
2827.010612,3.1230000000000003e-25
2827.010998,3.231e-24
2827.037239,2.303e-24
2827.04218,2.453e-24
2827.072049,3.4780000000000003e-25
2827.074973,3.38e-25
2827.080896,1.188e-25
2827.09331,9.756e-25
2827.116823,9.305e-25
2827.133614,1.0099999999999999e-24
2827.138896,1.934e-24
2827.141225,2.01e-24
2827.149666,1.18e-26
2827.172479,5.3250000000000005e-25
2827.172618,5.435e-25
2827.178699,4.146e-25
2827.188006,1.104e-26
2827.196953,1.012e-24
2827.212737,1.116e-25
2827.216494,4.603e-25
2827.261062,3.96e-24
2827.262414,3.9e-24
2827.300362,4.187e-24
2827.301903,4.427e-24
2827.309264,6.491e-24
2827.311669,6.698e-24
2827.351301,2.132e-24
2827.355347,2.098e-24
2827.360197,5.247000000000001e-26
2827.36637,1.859e-24
2827.366524,1.825e-24
2827.422856,6.196e-25
2827.42672,2.297e-25
2827.42733,6.092e-25
2827.447485,5.389e-26
2827.512509,3.144e-24
2827.515838,3.095e-24
2827.533914,3.84e-24
2827.535236,3.9749999999999996e-24
2827.536532,7.135e-25
2827.544458,7.492e-25
2827.571888,2.692e-24
2827.575691,2.649e-24
2827.59461,3.973e-25
2827.594997,4.057e-25
2827.610509,1.807e-25
2827.619965,1.001e-24
2827.637689,2.422e-25
2827.646194,4.389e-24
2827.650556,4.321e-24
2827.651399,1.003e-26
2827.656861,3.381e-25
2827.671631,1.868e-25
2827.67346,3.587e-25
2827.685715,7.185e-24
2827.68895,7.413999999999999e-24
2827.692385,9.321e-27
2827.700258,1.545e-24
2827.700375,1.347e-24
2827.70211,5.852e-26
2827.702567,3.709e-24
2827.703766,3.935e-24
2827.704884,1.325e-24
2827.709636,1.664e-24
2827.713911,5.984000000000001e-26
2827.72016,1.037e-24
2827.76366,2.805e-24
2827.765056,2.838e-24
2827.784352,1.4830000000000002e-25
2827.786054,5.893e-24
2827.787519,6.087e-24
2827.790386,4.948e-24
2827.791828,5.116e-24
2827.798689,2.711e-25
2827.799387,2.771e-25
2827.812949,1.52e-25
2827.824232,8.017e-25
2827.824286,7.857000000000001e-25
2827.829937,3.695e-25
2827.844061,3.534e-25
2827.850711,1.987e-25
2827.851522,1.953e-25
2827.859787,6.682e-26
2827.8662,6.792e-26
2827.875108,1.687e-25
2827.876283,1.7260000000000002e-25
2827.948433,1.726e-24
2827.948566,1.6929999999999998e-24
2827.94988,1.387e-25
2827.953162,2.89e-25
2827.968772,5.993e-26
2827.971726,2.069e-24
2827.976552,2.029e-24
2827.99279,6.258000000000001e-25
2828.014425,6.481e-25
2828.01643,4.174e-24
2828.0168,4.428e-24
2828.018432,3.055e-24
2828.021276,3.2549999999999998e-24
2828.028325,9.47e-26
2828.030513,4.104e-25
2828.030714,9.694e-26
2828.031917,2.281e-24
2828.034083,4.034e-25
2828.037801,2.442e-24
2828.042961,2.738e-25
2828.055296,1.283e-24
2828.059022,6.16e-26
2828.059657,2.956e-24
2828.060174,1.341e-24
2828.061455,3.067e-24
2828.07033,1.307e-25
2828.080109,8.599e-25
2828.08045,8.045999999999999e-27
2828.085114,3.019e-25
2828.101679,9.414e-25
2828.1157,3.353e-25
2828.1253,7.408e-27
2828.132087,1.574e-25
2828.134028,1.017e-24
2828.151655,1.563e-24
2828.1518,1.5929999999999999e-24
2828.154501,7.521e-24
2828.154591,7.763e-24
2828.154765,1.612e-25
2828.166501,3.779e-25
2828.204503,3.15e-25
2828.221574,1.095e-24
2828.22177,1.0739999999999999e-24
2828.224133,5.157e-24
2828.230953,1.052e-24
2828.231195,2.055e-24
2828.232338,5.075e-24
2828.234055,2.139e-24
2828.265957,1.941e-24
2828.271936,1.911e-24
2828.282363,4.461e-24
2828.282815,1.062e-24
2828.285956,4.391e-24
2828.28739,1.044e-24
2828.296878,3.103e-25
2828.300713,3.02e-25
2828.331107,4.329e-24
2828.332164,4.593e-24
2828.334565,1.384e-24
2828.334799,1.357e-24
2828.368795,1.587e-25
2828.442366,6.0239999999999996e-27
2828.484705,6.35e-25
2828.484859,6.484e-25
2828.485933,1.5e-25
2828.491426,1.102e-25
2828.492752,5.483e-27
2828.538113,1.042e-25
2828.561335,7.23e-25
2828.562367,6.805e-26
2828.571245,7.613e-25
2828.594115,7.143e-24
2828.59521,7.379e-24
2828.608621,1.628e-25
2828.613176,4.011e-25
2828.628831,3.849e-25
2828.634823,3.783e-25
2828.635502,1.022e-24
2828.637095,2.126e-24
2828.638235,3.247e-25
2828.639096,2.086e-24
2828.649714,1.255e-25
2828.653082,1.698e-25
2828.655747,7.001e-26
2828.657762,3.21e-25
2828.659286,3.46e-25
2828.66579,4.165e-24
2828.667281,4.317e-24
2828.67786,1.48e-24
2828.681946,3.614e-25
2828.689763,1.605e-24
2828.699685,1.183e-25
2828.711859,5.698e-26
2828.726701,3.156e-25
2828.729323,1.056e-24
2828.741378,3.725e-24
2828.743148,3.9669999999999996e-24
2828.743578,5.865000000000001e-26
2828.766462,7.668e-25
2828.770859,7.537000000000001e-25
2828.7721,2.049e-25
2828.782118,1.55e-25
2828.797752,1.43e-25
2828.815753,2.706e-24
2828.819709,1.618e-25
2828.819749,2.6619999999999998e-24
2828.833894,4.834e-25
2828.851582,1.342e-25
2828.853856,4.984000000000001e-25
2828.874625,4.6940000000000005e-25
2828.875039,4.796e-25
2828.891271,6.695e-25
2828.933955,6.472e-24
2828.93547,1.63e-25
2828.935496,6.693e-24
2828.937268,5.402e-24
2828.938782,5.5919999999999996e-24
2828.974972,6.501e-25
2828.985425,8.196e-26
2828.992069,8.333000000000001e-26
2828.99391,1.523e-25
2828.997933,2.1680000000000003e-25
2829.004123,6.149e-26
2829.007111,4.0239999999999996e-24
2829.010417,3.96e-24
2829.016201,2.235e-24
2829.016586,3.037e-24
2829.020004,3.25e-24
2829.023285,2.405e-24
2829.028565,5.444e-24
2829.030609,6.328000000000001e-26
2829.031937,7.715e-25
2829.033733,5.358e-24
2829.038292,2.408e-25
2829.040197,3.173e-25
2829.040941,3.245e-25
2829.050898,3.4299999999999995e-24
2829.054678,3.375e-24
2829.059986,8.533e-25
2829.062765,1.862e-25
2829.064476,2.433e-25
2829.065181,2.39e-25
2829.066505,1.957e-25
2829.067741,2.003e-25
2829.108533,2.77e-25
2829.110484,1.3309999999999999e-24
2829.113775,1.688e-24
2829.116458,1.394e-24
2829.118214,1.66e-24
2829.124389,1.019e-24
2829.126827,1.73e-25
2829.13458,4.002e-24
2829.135439,3.945e-24
2829.140909,7.683e-26
2829.145832,1.088e-25
2829.148275,1.115e-25
2829.15498,9.608e-25
2829.155018,9.412e-25
2829.167199,3.166e-24
2829.169333,3.29e-24
2829.179482,2.133e-25
2829.21526,1.052e-24
2829.237599,7.91e-26
2829.250589,1.969e-25
2829.254972,2.073e-24
2829.255238,2.114e-24
2829.285371,2.452e-25
2829.301451,8.662e-24
2829.302426,8.383e-24
2829.313454,2.169e-24
2829.316249,5.039e-25
2829.316414,4.267e-24
2829.316936,2.262e-24
2829.318143,4.5439999999999996e-24
2829.319734,4.951e-25
2829.327691,1.789e-25
2829.354498,4.206e-25
2829.36564,2.246e-25
2829.371413,4.049e-25
2829.374941,2.6699999999999998e-24
2829.37983,2.618e-24
2829.39874,1.967e-25
2829.433882,1.695e-25
2829.461957,2.037e-25
2829.464086,2.699e-25
2829.468842,2.63e-25
2829.53442,1.899e-24
2829.534597,1.937e-24
2829.568365,1.319e-24
2829.568542,1.292e-24
2829.576726,7.244000000000001e-25
2829.589042,7.652e-25
2829.60069,1.0059999999999999e-24
2829.60219,1.981e-25
2829.610603,3.046e-25
2829.637279,3.264e-25
2829.641823,7.87e-24
2829.644031,8.138e-24
2829.644331,1.393e-24
2829.659528,1.522e-24
2829.66104,1.32e-24
2829.665541,1.297e-24
2829.688756,1.038e-24
2829.695693,1.674e-24
2829.695912,1.641e-24
2829.704321,8.622000000000001e-26
2829.707894,1.881e-25
2829.711191,2.449e-24
2829.716927,2.4099999999999998e-24
2829.717302,3.718e-24
2829.719063,3.976e-24
2829.738303,2.5e-24
2829.739638,2.548e-24
2829.743769,7.109e-24
2829.751223,5.685e-24
2829.751877,6.995e-24
2829.752761,5.595e-24
2829.76227,3.1390000000000003e-25
2829.787103,7.537000000000001e-25
2829.787281,7.699e-25
2829.787295,4.492e-24
2829.788982,4.662e-24
2829.804523,8.886e-26
2829.889048,3.28e-25
2829.942873,1.295e-25
2829.971737,6.6380000000000005e-25
2829.990005,2.162e-24
2829.998632,2.34e-24
2830.004775,2.9889999999999998e-24
2830.00886,7.44e-25
2830.008923,3.214e-24
2830.012435,8.733e-24
2830.0156,9.03e-24
2830.020549,1.825e-25
2830.035066,4.201e-24
2830.035587,4.4909999999999996e-24
2830.044263,1.535e-25
2830.051111,1.871e-25
2830.060378,4.271e-25
2830.064408,9.856e-25
2830.073232,5.865e-24
2830.074835,6.079e-24
2830.078312,4.122e-25
2830.084952,7.067e-24
2830.086489,7.316e-24
2830.098155,1.769e-25
2830.101078,9.447e-25
2830.101288,1.001e-25
2830.105394,9.283e-25
2830.108169,1.018e-25
2830.142865,2.736e-24
2830.143003,2.7899999999999998e-24
2830.145091,5.52e-25
2830.145545,5.643000000000001e-25
2830.149801,1.015e-24
2830.155846,1.369e-24
2830.16313,1.437e-24
2830.249451,2.258e-25
2830.250777,2.312e-25
2830.252526,9.616e-26
2830.255861,1.2440000000000002e-25
2830.258395,1.275e-25
2830.264511,3.37e-24
2830.267035,3.507e-24
2830.269466,3.419e-24
2830.269762,2.9650000000000003e-25
2830.270356,2.912e-25
2830.272585,3.696e-25
2830.273363,3.362e-24
2830.273394,3.782e-25
2830.286185,6.604e-24
2830.287397,6.501e-24
2830.331627,4.36e-24
2830.332306,3.349e-25
2830.332717,4.662e-24
2830.340837,1.879e-25
2830.356458,9.92e-26
2830.365457,2.404e-25
2830.371522,1.005e-25
2830.385658,2.2739999999999998e-24
2830.387306,3.182e-25
2830.389868,2.375e-24
2830.406631,5.092e-27
2830.462407,2.26e-25
2830.46942,9.117e-24
2830.46987,9.43e-24
2830.475719,1.146e-24
2830.475736,1.122e-24
2830.492112,5.1289999999999996e-24
2830.495355,5.047e-24
2830.515542,9.577e-25
2830.517603,2.105e-24
2830.521085,4.354e-24
2830.521971,2.07e-24
2830.524264,1.534e-25
2830.524806,4.283e-24
2830.528279,7.008e-25
2830.540445,1.938e-25
2830.55236,7.257000000000001e-25
2830.566546,1.988e-25
2830.572664,1.605e-25
2830.573712,2.773e-25
2830.573789,1.148e-25
2830.577188,2.291e-25
2830.582634,7.165e-25
2830.582839,2.235e-25
2830.5934,6.159e-25
2830.596794,6.049e-25
2830.597897,7.596e-25
2830.598387,9.859e-25
2830.599458,1.282e-24
2830.604244,1.094e-25
2830.607614,2.99e-25
2830.619062,1.414e-24
2830.662213,4.915e-24
2830.662363,4.982e-24
2830.679387,7.293e-24
2830.683557,7.177e-24
2830.690823,2.17e-25
2830.691538,2.563e-24
2830.691645,2.513e-24
2830.70753,6.681000000000001e-26
2830.726772,3.668e-24
2830.729158,3.943e-24
2830.737124,4.209e-25
2830.739847,6.884000000000001e-26
2830.747757,3.077e-24
2830.752498,3.016e-24
2830.755869,4.07e-25
2830.765809,1.31e-25
2830.779487,2.3360000000000003e-25
2830.785239,2.064e-25
2830.785444,1.066e-25
2830.794708,7.625e-25
2830.797906,1.245e-25
2830.869836,5.308e-27
2830.876107,2.228e-25
2830.876822,7.373e-25
2830.878547,2.296e-24
2830.878721,2.3429999999999998e-24
2830.893348,1.101e-25
2830.894452,8.569e-24
2830.89567,8.872e-24
2830.898418,4.817e-24
2830.89848,5.352e-25
2830.900335,5.0069999999999996e-24
2830.904987,1.581e-24
2830.905142,1.548e-24
2830.918732,1.442e-25
2830.947569,1.493e-25
2830.948859,6.105e-25
2830.953227,2.061e-24
2830.954095,9.234e-25
2830.962626,1.512e-25
2830.963876,2.247e-24
2830.981528,1.415e-25
2830.981708,2.909e-24
2830.98676,3.146e-24
2831.029922,1.632e-24
2831.034346,1.604e-24
2831.034507,9.498e-25
2831.047492,2.015e-24
2831.04769,1.974e-24
2831.07967,8.905e-25
2831.079881,9.101e-25
2831.11905,1.701e-25
2831.145216,3.073e-24
2831.150744,3.024e-24
2831.155137,1.607e-25
2831.179643,2.126e-25
2831.19135,1.3949999999999999e-24
2831.198781,6.332e-24
2831.20021,1.468e-24
2831.200493,6.572e-24
2831.207429,1.216e-25
2831.213664,7.678e-24
2831.214554,1.238e-25
2831.215272,7.958e-24
2831.215714,7.173000000000001e-26
2831.225149,5.036e-27
2831.244219,7.394e-26
2831.245117,2.205e-25
2831.259108,8.486e-24
2831.266888,8.347e-24
2831.280227,1.937e-25
2831.282831,7.336e-24
2831.286445,7.218e-24
2831.288798,4.206e-24
2831.290762,4.519e-24
2831.302992,1.173e-25
2831.318771,1.823e-25
2831.351581,3.564e-24
2831.354562,3.716e-24
2831.358445,1.415e-25
2831.361112,1.451e-25
2831.380065,8.837e-25
2831.390721,4.029e-25
2831.39166,3.148e-24
2831.393857,3.086e-24
2831.404322,1.467e-25
2831.406003,6.46e-25
2831.406513,6.608000000000001e-25
2831.41011,3.904e-25
2831.415135,1.213e-25
2831.42395,2.591e-25
2831.425397,2.6550000000000003e-25
2831.426703,1.159e-24
2831.430325,3.225e-25
2831.430932,1.1379999999999999e-24
2831.431067,2.206e-25
2831.433971,5.925000000000001e-25
2831.447786,2.366e-24
2831.452857,2.477e-24
2831.456588,6.114e-25
2831.458153,9.082e-25
2831.466614,3.5970000000000004e-25
2831.467092,3.532e-25
2831.472483,2.068e-25
2831.49585,4.285e-25
2831.496745,4.386e-25
2831.527177,2.418e-25
2831.527246,6.116e-27
2831.542893,1.146e-24
2831.565267,3.376e-25
2831.568573,1.279e-24
2831.570545,2.628e-25
2831.571523,2.515e-25
2831.578964,6.9799999999999995e-25
2831.597162,1.037e-23
2831.59785,1.002e-23
2831.597874,7.432e-25
2831.616344,2.347e-25
2831.640576,1.9e-25
2831.647063,1.855e-25
2831.666269,1.5650000000000002e-25
2831.688391,3.589e-24
2831.690966,3.879e-24
2831.701526,2.872e-25
2831.713674,4.301e-24
2831.717516,4.229e-24
2831.750458,2.6650000000000003e-25
2831.786434,1.3319999999999999e-24
2831.786446,1.361e-24
2831.793454,8.396e-25
2831.805086,1.283e-25
2831.810103,3.833e-25
2831.820975,3.2890000000000003e-25
2831.861979,7.492e-25
2831.865276,7.356e-25
2831.869318,8.623e-25
2831.874988,3.032e-25
2831.881003,4.482e-25
2831.898769,2.625e-25
2831.905719,1.929e-24
2831.911852,2.615e-24
2831.916144,2.57e-24
2831.919072,2.122e-24
2831.921764,1.328e-25
2831.925321,6.045e-27
2831.929712,3.781e-25
2831.933181,9.342e-24
2831.935229,9.683e-24
2831.948241,2.795e-24
2831.954467,3.044e-24
2831.966356,6.509e-24
2831.969566,6.402e-24
2831.980118,5.5e-24
2831.983829,5.4089999999999996e-24
2831.987258,3.046e-24
2831.987492,3.109e-24
2831.988061,2.511e-25
2831.990201,3.4590000000000003e-25
2831.999156,5.135e-24
2832.001341,5.345e-24
2832.012931,4.077e-24
2832.013667,4.404e-24
2832.018351,2.8240000000000003e-25
2832.026707,3.752e-25
2832.027471,4.3730000000000005e-25
2832.036352,8.935e-24
2832.041231,8.79e-24
2832.045037,2.4990000000000003e-25
2832.046621,3.642e-25
2832.059506,6.685e-24
2832.060651,6.583e-24
2832.083004,2.6650000000000003e-25
2832.096587,3.961e-25
2832.129422,2.386e-25
2832.130258,3.926e-24
2832.134722,3.848e-24
2832.194261,7.921e-25
2832.216955,1.408e-24
2832.227724,1.486e-24
2832.231491,1.8859999999999998e-24
2832.231619,1.846e-24
2832.237993,2.195e-25
2832.238445,2.764e-24
2832.238654,2.822e-24
2832.267995,8.13e-25
2832.270761,2.255e-25
2832.284195,6.71e-27
2832.28853,1.084e-25
2832.29087,4.237e-24
2832.291635,1.392e-25
2832.291992,4.577e-24
2832.29815,1.039e-23
2832.301227,1.077e-23
2832.303906,1.471e-25
2832.308834,1.039e-25
2832.311283,1.498e-25
2832.313526,6.798e-24
2832.315368,7.066e-24
2832.342395,8.293e-24
2832.34404,8.607e-24
2832.35642,5.8649999999999996e-27
2832.362402,1.047e-24
2832.362656,1.0709999999999999e-24
2832.373539,5.229e-27
2832.388283,2.415e-24
2832.388464,2.365e-24
2832.389455,2.01e-24
2832.393797,1.974e-24
2832.413181,1.443e-25
2832.428395,3.744e-24
2832.430987,1.388e-25
2832.431911,3.912e-24
2832.45024,4.275e-25
2832.453617,1.5999999999999998e-25
2832.456464,1.6420000000000002e-25
2832.470377,1.972e-25
2832.474021,9.827e-25
2832.477156,3.681e-24
2832.478475,3.756e-24
2832.484271,1.459e-25
2832.499815,2.442e-24
2832.505908,2.563e-24
2832.508406,1.114e-24
2832.514202,4.198e-25
2832.514576,1.2430000000000002e-25
2832.526461,2.1650000000000003e-25
2832.535751,1.189e-25
2832.561389,8.431000000000001e-25
2832.565581,6.676e-25
2832.56895,3.8409999999999996e-24
2832.574262,3.777e-24
2832.582484,7.422e-25
2832.589065,7.145e-25
2832.590005,2.9590000000000003e-25
2832.591607,3.034e-25
2832.64218,8.135e-25
2832.650089,3.403e-25
2832.654176,7.613e-25
2832.65508,4.343000000000001e-25
2832.655436,4.263e-25
2832.657358,7.524000000000001e-25
2832.657938,7.699999999999998e-25
2832.659327,1.54e-25
2832.666561,1.505e-25
2832.669736,3.466e-24
2832.670487,3.3080000000000003e-25
2832.673076,3.771e-24
2832.677984,1.877e-25
2832.684357,6.977e-27
2832.689948,1.153e-25
2832.701833,2.055e-25
2832.709987,4.942e-25
2832.710994,5.062e-25
2832.72645,9.288e-24
2832.728066,9.137e-24
2832.730267,1.422e-25
2832.732485,7.683e-26
2832.741035,1.082e-23
2832.741848,1.122e-23
2832.743336,1.415e-24
2832.747474,1.389e-24
2832.75241,1.357e-25
2832.757341,1.158e-23
2832.762549,1.5e-25
2832.765078,1.139e-23
2832.765692,7.928000000000001e-26
2832.784994,1.748e-25
2832.807344,2.4960000000000003e-25
2832.847261,1.767e-24
2832.864325,1.965e-24
2832.877692,4.031e-24
2832.878071,4.113e-24
2832.889333,1.557e-25
2832.893064,2.3270000000000003e-25
2832.903666,2.646e-24
2832.911429,2.906e-24
2832.922636,2.392e-25
2832.935599,1.624e-25
2832.953771,2.28e-25
2832.95786,2.8240000000000003e-25
2832.958124,6.909000000000001e-25
2832.958824,1.547e-25
2832.974139,1.237e-25
2832.993392,1.282e-25
2833.021689,2.369e-25
2833.022017,7.925e-25
2833.027856,7.081e-25
2833.041181,2.71e-25
2833.044373,1.352e-25
2833.04836,8.205000000000001e-25
2833.087111,1.574e-24
2833.087159,1.609e-24
2833.089498,5.439e-24
2833.089704,3.268e-25
2833.091996,5.672e-24
2833.122,9.073e-25
2833.125194,8.905e-25
2833.130566,1.853e-25
2833.133416,7.17e-27
2833.147395,5.387e-24
2833.151179,5.296e-24
2833.15274,1.006e-23
2833.154079,1.045e-23
2833.155005,1.76e-25
2833.217485,3.986e-24
2833.217732,1.602e-25
2833.219768,4.336e-24
2833.232608,1.404e-24
2833.233741,3.43e-25
2833.245707,1.488e-24
2833.26532,3.008e-25
2833.269846,1.082e-23
2833.27091,1.065e-23
2833.286322,2.927e-25
2833.296511,3.233e-24
2833.300726,3.176e-24
2833.315156,2.112e-25
2833.321179,6.389e-25
2833.340969,2.001e-25
2833.350172,1.666e-25
2833.389028,6.544e-25
2833.390782,1.772e-25
2833.391673,7.897000000000001e-25
2833.395867,2.751e-25
2833.395932,3.737e-24
2833.395994,3.661e-24
2833.398418,1.804e-25
2833.400398,8.182000000000001e-26
2833.402265,1.428e-25
2833.417797,7.256e-24
2833.419796,7.553e-24
2833.429693,6.92e-24
2833.430665,8.225e-24
2833.430968,8.446000000000001e-26
2833.433452,6.801e-24
2833.433814,8.088e-24
2833.439171,9.141e-25
2833.451644,8.91e-24
2833.453366,9.261e-24
2833.469757,6.796e-27
2833.47148,2.635e-25
2833.47598,1.588e-25
2833.48016,4.497e-24
2833.483291,6.0479999999999996e-27
2833.485977,4.397e-24
2833.489359,2.406e-25
2833.494938,3.9059999999999996e-24
2833.499085,4.09e-24
2833.516738,2.271e-25
2833.541407,1.7990000000000002e-25
2833.541716,2.501e-24
2833.542292,6.241000000000001e-25
2833.544487,1.848e-25
2833.547421,8.383e-24
2833.547832,2.239e-24
2833.54793,2.191e-24
2833.548074,8.258e-24
2833.54903,2.632e-24
2833.566925,3.312e-24
2833.567141,3.3819999999999996e-24
2833.571596,6.719e-25
2833.615574,3.308e-24
2833.619432,3.628e-24
2833.635295,1.225e-24
2833.635604,1.254e-24
2833.639034,1.222e-25
2833.646889,1.195e-25
2833.653156,2.739e-25
2833.657081,1.697e-25
2833.670087,1.192e-23
2833.671647,5.871e-25
2833.676194,1.1699999999999998e-23
2833.682339,2.576e-25
2833.696002,2.25e-25
2833.71946,2.881e-24
2833.719633,2.82e-24
2833.737686,6.0099999999999995e-25
2833.739633,2.463e-24
2833.743891,2.419e-24
2833.747619,3.361e-25
2833.749415,3.4490000000000003e-25
2833.772756,2.105e-25
2833.777488,1.572e-24
2833.78541,8.268e-27
2833.795652,1.767e-25
2833.799818,1.772e-24
2833.806526,3.12e-25
2833.835209,5.22e-25
2833.835434,5.121e-25
2833.837805,2.922e-25
2833.848305,2.461e-24
2833.849416,1.217e-23
2833.849824,1.172e-23
2833.858149,2.7309999999999998e-24
2833.876316,2.595e-25
2833.890333,1.055e-25
2833.898743,2.523e-25
2833.89915,8.721e-25
2833.89982,8.93e-25
2833.904463,1.014e-25
2833.914994,5.6710000000000005e-25
2833.916138,5.812e-25
2833.949435,3.557e-25
2833.949943,3.787e-24
2833.951011,4.15e-24
2833.954253,8.428e-26
2833.954366,2.923e-25
2833.981809,4.776e-24
2833.982935,7.174e-25
2833.983186,3.3160000000000003e-25
2833.986927,4.696e-24
2834.00815,7.408e-25
2834.009527,5.361e-25
2834.032788,2.8110000000000003e-25
2834.050977,1.719e-24
2834.055019,1.6869999999999998e-24
2834.073823,5.485e-25
2834.080491,1.78e-25
2834.081839,4.062e-25
2834.103214,4.572e-24
2834.106813,4.4869999999999996e-24
2834.11855,3.765e-25
2834.14011,1.214e-25
2834.154755,1.165e-25
2834.169436,5.7259999999999996e-24
2834.172302,5.9819999999999996e-24
2834.177858,8.167999999999999e-27
2834.182978,1.085e-23
2834.184911,1.128e-23
2834.196034,9.065e-25
2834.203672,4.651000000000001e-25
2834.20888,3.946e-24
2834.210035,4.323e-24
2834.225734,1.857e-25
2834.238236,1.383e-24
2834.240201,1.183e-23
2834.244,4.284e-25
2834.245973,1.166e-23
2834.250359,1.3719999999999998e-23
2834.254207,1.472e-24
2834.257716,1.35e-23
2834.264427,9.09e-26
2834.27599,8.726000000000001e-25
2834.293344,5.639000000000001e-25
2834.308676,5.735e-27
2834.314834,5.3470000000000005e-25
2834.320917,7.738e-26
2834.325635,1.199e-25
2834.334817,4.865e-25
2834.3597,4.887e-25
2834.362033,6.73e-25
2834.373478,1.093e-24
2834.37656,1.0729999999999999e-24
2834.377763,1.851e-24
2834.377854,1.893e-24
2834.379433,1.395e-25
2834.385021,1.267e-25
2834.394644,1.336e-25
2834.397434,4.976000000000001e-25
2834.415162,6.183e-25
2834.420153,8.757e-26
2834.434835,2.583e-25
2834.465932,5.596000000000001e-25
2834.468124,2.124e-25
2834.47007,2.6560000000000003e-25
2834.472809,1.411e-25
2834.476028,2.1630000000000003e-25
2834.486528,2.185e-25
2834.487846,1.848e-25
2834.504379,7.207000000000001e-25
2834.508807,5.6610000000000005e-25
2834.511343,7.697e-24
2834.51353,8.026e-24
2834.531496,9.076e-27
2834.542963,1.21e-23
2834.545656,6.138e-25
2834.545938,1.258e-23
2834.551191,4.046e-24
2834.556086,4.246e-24
2834.558274,9.515e-24
2834.560074,9.905e-24
2834.563238,6.443e-25
2834.570028,3.106e-24
2834.571408,6.718e-24
2834.572386,7.216000000000001e-26
2834.573455,2.537e-24
2834.574988,3.44e-24
2834.575126,6.603e-24
2834.575907,6.654e-26
2834.579522,7.869e-27
2834.582239,2.678e-24
2834.582691,6.977e-27
2834.585665,9.485e-26
2834.593969,9.28e-26
2834.608299,1.599e-25
2834.621848,2.011e-25
2834.624136,1.529e-25
2834.625222,2.068e-25
2834.640383,1.931e-25
2834.647514,4.389e-25
2834.671573,3.98e-24
2834.675708,3.909e-24
2834.679433,4.395e-24
2834.679646,4.489e-24
2834.695748,1.341e-24
2834.708513,4.486e-25
2834.721801,2.425e-25
2834.725881,1.541e-24
2834.729658,7.123000000000001e-26
2834.740916,3.262e-25
2834.748425,2.909e-25
2834.776758,8.647e-26
2834.781692,2.239e-24
2834.792385,2.525e-25
2834.794437,2.516e-24
2834.811153,8.937000000000001e-26
2834.816201,2.794e-25
2834.826705,1.829e-25
2834.843124,5.674e-24
2834.843237,1.745e-25
2834.847177,5.556e-24
2834.854042,2.647e-24
2834.854104,2.589e-24
2834.867889,7.507e-24
2834.868594,8.667e-24
2834.879023,1.895e-25
2834.884508,1.035e-23
2834.885704,2.918e-25
2834.887617,1.017e-23
2834.891954,1.355e-25
2834.895171,3.434e-25
2834.896794,3.797e-25
2834.898344,1.428e-24
2834.898721,1.4609999999999999e-24
2834.898827,3.9e-25
2834.903103,1.011e-24
2834.904628,3.951e-24
2834.904884,4.037e-24
2834.918482,9.411999999999999e-27
2834.947617,3.936e-25
2834.952949,1.091e-23
2834.954333,1.073e-23
2834.960096,2.8140000000000003e-25
2834.969028,1.25e-23
2834.970459,1.303e-23
2835.002212,1.4419999999999998e-23
2835.006808,1.418e-23
2835.007051,6.243000000000001e-25
2835.007054,4.022e-25
2835.007137,6.123e-25
2835.011085,1.084e-25
2835.013429,1.2440000000000002e-25
2835.034648,2.09e-25
2835.039574,1.985e-25
2835.039868,3.422e-24
2835.040002,3.346e-24
2835.051957,1.989e-25
2835.070285,1.149e-25
2835.080452,3.006e-24
2835.08462,2.951e-24
2835.099029,1.7980000000000002e-25
2835.102398,3.599e-24
2835.105164,3.982e-24
2835.110867,6.474e-25
2835.112178,6.6410000000000005e-25
2835.116576,1.753e-25
2835.131376,1.0059999999999999e-24
2835.132154,1.031e-24
2835.172632,3.013e-25
2835.176029,5.3239999999999996e-24
2835.177312,5.436e-24
2835.193832,2.726e-25
2835.196275,5.517e-26
2835.226961,2.8060000000000003e-25
2835.230594,1.0790000000000002e-25
2835.232124,2.384e-25
2835.233736,1.342e-24
2835.235122,3.51e-25
2835.238959,5.987e-24
2835.242259,6.267e-24
2835.250303,2.263e-25
2835.253289,1.435e-24
2835.253885,1.918e-25
2835.279486,3.777e-25
2835.29305,3.584e-25
2835.349626,2.08e-24
2835.353564,2.041e-24
2835.355181,9.593e-27
2835.367615,1.672e-25
2835.369004,1.156e-23
2835.370473,1.203e-23
2835.381613,1.148e-25
2835.384324,5.914e-24
2835.387871,6.577e-27
2835.389247,5.812e-24
2835.419124,2.717e-25
2835.423293,2.013e-25
2835.438289,2.571e-25
2835.447285,1.057e-25
2835.457442,1.016e-25
2835.46004,1.546e-25
2835.464676,4.92e-25
2835.479271,9.031e-25
2835.498487,2.8669999999999998e-24
2835.504601,3.213e-24
2835.505448,7.214000000000001e-26
2835.507799,9.35e-25
2835.510027,3.111e-25
2835.511527,5.382e-25
2835.513959,7.060000000000001e-26
2835.536006,2.533e-25
2835.537222,5.993e-26
2835.544188,2.582e-25
2835.560229,9.111e-26
2835.566497,3.176e-25
2835.571115,5.832e-24
2835.571717,5.956e-24
2835.592958,9.423e-26
2835.594372,8.115e-24
2835.594987,2.549e-24
2835.595642,3.094e-25
2835.596781,8.478e-24
2835.597131,4.1579999999999996e-24
2835.600737,1.0729999999999999e-24
2835.60292,4.374e-24
2835.605556,2.699e-24
2835.612279,1.911e-25
2835.615927,2.919e-25
2835.616426,1.312e-24
2835.619389,1.286e-24
2835.643135,1.2649999999999999e-24
2835.647776,1.01e-23
2835.649677,1.054e-23
2835.658386,2.166e-24
2835.658529,2.217e-24
2835.662171,1.491e-23
2835.663859,1.466e-23
2835.671963,8.028e-27
2835.673306,9.074e-27
2835.694969,2.236e-25
2835.698707,2.301e-25
2835.703398,9.465e-25
2835.703682,1.979e-24
2835.709961,1.22e-25
2835.716634,1.447e-25
2835.720339,1.172e-25
2835.720649,2.26e-24
2835.72846,1.854e-23
2835.735415,1.414e-25
2835.735823,1.822e-23
2835.749129,2.8180000000000003e-25
2835.761664,3.523e-25
2835.772328,2.743e-25
2835.783063,9.086e-25
2835.783235,3.3110000000000003e-25
2835.791538,2.011e-25
2835.8202,2.723e-25
2835.827388,2.7980000000000003e-25
2835.84596,3.327e-24
2835.8476,3.723e-24
2835.854481,5.679e-27
2835.872149,1.56e-25
2835.917176,4.013e-25
2835.940239,3.755e-25
2835.954029,1.868e-25
2835.962102,1.4040000000000002e-25
2835.972823,1.347e-25
2835.985099,8.342e-24
2835.988751,8.195e-24
2836.00016,1.106e-26
2836.019248,1.651e-25
2836.022023,2.404e-25
2836.03703,4.8769999999999996e-24
2836.037531,4.267e-25
2836.03985,4.386e-25
2836.041081,4.788e-24
2836.04184,5.526e-25
2836.05826,1.397e-23
2836.058393,1.342e-23
2836.06087,5.35e-24
2836.060877,5.237e-24
2836.062156,4.574e-25
2836.075718,2.452e-25
2836.085613,3.481e-24
2836.086805,3.8939999999999996e-24
2836.086968,4.26e-25
2836.087024,5.490000000000001e-27
2836.090887,1.8839999999999998e-24
2836.100826,5.373e-27
2836.101009,5.416e-25
2836.107192,2.9660000000000003e-25
2836.117522,5.692000000000001e-26
2836.144326,1.971e-25
2836.147087,5.194000000000001e-26
2836.150093,3.1149999999999998e-24
2836.150112,3.045e-24
2836.151546,1.655e-24
2836.152004,1.695e-24
2836.167849,2.856e-25
2836.168031,6.452e-24
2836.170594,7.286e-25
2836.170657,7.432e-25
2836.196574,5.224e-25
2836.196597,1.286e-25
2836.203706,1.613e-25
2836.212221,1.743e-23
2836.212256,4.431e-24
2836.213185,1.714e-23
2836.214811,1.544e-25
2836.216511,4.691e-24
2836.216781,4.795e-24
2836.218964,1.279e-24
2836.223469,4.838e-25
2836.243048,1.375e-24
2836.259108,2.096e-25
2836.27241,1.044e-25
2836.278926,1.784e-25
2836.297602,7.353e-25
2836.297728,1.081e-23
2836.298054,6.216e-24
2836.299112,7.548000000000001e-25
2836.300932,1.062e-23
2836.301867,6.522e-24
2836.31148,2.137e-25
2836.320388,5.9810000000000005e-25
2836.328205,1.296e-23
2836.331252,1.274e-23
2836.342008,1.14e-25
2836.349806,5.503e-25
2836.350459,4.045e-24
2836.350521,3.956e-24
2836.35403,1.154e-24
2836.354938,1.184e-24
2836.361264,1.115e-25
2836.384586,3.199e-25
2836.388984,1.092e-26
2836.390828,1.231e-23
2836.3927,1.284e-23
2836.404787,5.379e-26
2836.409158,4.001e-25
2836.410595,1.366e-23
2836.411758,1.344e-23
2836.411907,3.651e-24
2836.413135,5.262000000000001e-26
2836.415979,3.583e-24
2836.427075,2.585e-24
2836.433533,6.877000000000001e-25
2836.434772,1.849e-25
2836.435145,2.942e-24
2836.446305,1.767e-25
2836.454689,6.703999999999999e-27
2836.457453,7.525e-27
2836.466078,6.277000000000001e-25
2836.468857,6.557e-27
2836.469652,4.428e-25
2836.481701,1.888e-25
2836.483579,1.817e-25
2836.484542,2.553e-25
2836.484716,8.591e-25
2836.48945,7.633e-25
2836.500153,2.089e-25
2836.512493,8.879e-25
2836.534666,1.852e-25
2836.535913,7.951e-25
2836.541763,2.6380000000000003e-25
2836.548218,5.913000000000001e-26
2836.550416,3.38e-25
2836.552873,9.349e-25
2836.558092,2.6670000000000003e-25
2836.572452,7.188e-25
2836.576095,5.957e-26
2836.586716,1.651e-25
2836.594506,3.007e-25
2836.602977,3.066e-25
2836.606254,2.5319999999999998e-24
2836.609426,2.9680000000000003e-25
2836.610089,2.554e-25
2836.613547,1.678e-24
2836.618231,1.914e-23
2836.61901,2.692e-24
2836.626758,1.869e-23
2836.627363,9.266e-25
2836.632734,4.237e-24
2836.636989,1.959e-24
2836.639283,2.504e-24
2836.639594,4.471e-24
2836.642788,2.204e-25
2836.643111,2.456e-24
2836.647478,3.058e-25
2836.655298,2.115e-25
2836.666727,8.5e-24
2836.667306,2.017e-25
2836.669221,8.277e-25
2836.669401,8.898e-24
2836.695432,1.5670000000000002e-25
2836.707591,1.092e-24
2836.732474,1.066e-23
2836.734497,1.114e-23
2836.735566,4.578e-24
2836.7379,1.215e-26
2836.745277,1.597e-25
2836.746951,1.3769999999999998e-23
2836.749813,1.436e-23
2836.751028,9.215e-27
2836.756993,9.601e-25
2836.7608,2.47e-25
2836.761758,1.045e-26
2836.764981,2.545e-25
2836.776193,7.288e-24
2836.778018,6.408e-24
2836.780935,7.16e-24
2836.80374,1.754e-25
2836.813396,8.155999999999999e-27
2836.827944,7.972999999999999e-27
2836.831778,9.506e-26
2836.85086,1.566e-24
2836.853693,1.535e-24
2836.856935,1.969e-24
2836.865281,2.417e-25
2836.867677,9.842e-26
2836.877076,1.462e-25
2836.877821,2.299e-25
2836.894664,1.344e-25
2836.907471,6.456e-27
2836.928976,2.524e-24
2836.92918,2.584e-24
2836.943301,1.369e-25
2836.943365,3.045e-24
2836.945443,1.066e-25
2836.946978,3.458e-24
2836.953546,1.025e-25
2836.977781,8.788000000000001e-26
2836.997336,8.608000000000001e-26
2837.00785,8.81e-26
2837.034722,1.138e-25
2837.042063,5.045e-27
2837.064718,2.757e-25
2837.077855,2.615e-25
2837.081269,1.147e-25
2837.087956,9.577e-25
2837.091269,7.813999999999999e-27
2837.11057,1.56e-25
2837.114389,2.6490000000000003e-25
2837.128733,1.168e-25
2837.137987,9.212e-24
2837.148402,1.036e-25
2837.149575,1.212e-25
2837.150995,7.936000000000001e-26
2837.156152,1.871e-23
2837.163179,9.888999999999999e-27
2837.164559,1.852e-23
2837.167949,9.165e-25
2837.16886,1.275e-23
2837.169832,4.768e-25
2837.172492,4.905e-25
2837.178122,9.662e-27
2837.193709,1.191e-24
2837.195739,2.178e-23
2837.202322,2.1400000000000003e-23
2837.214275,1.232e-25
2837.222427,1.184e-25
2837.223619,1.289e-24
2837.252358,2.787e-25
2837.253603,3.1410000000000003e-25
2837.255244,9.734e-26
2837.26064,2.397e-25
2837.267416,2.9710000000000003e-25
2837.301568,9.907e-26
2837.325858,8.627e-25
2837.326083,8.804e-25
2837.326649,2.3240000000000003e-25
2837.331301,6.227e-24
2837.331506,6.365e-24
2837.336244,2.264e-24
2837.340961,2.889e-25
2837.346704,6.407e-24
2837.346998,2.628e-24
2837.351131,6.74e-24
2837.35318,4.054e-25
2837.38895,1.031e-23
2837.390726,8.008e-26
2837.392532,1.013e-23
2837.392873,5.95e-24
2837.394896,1.909e-24
2837.395451,1.956e-24
2837.396836,5.839e-24
2837.402389,1.298e-25
2837.403611,8.9e-26
2837.413135,7.669000000000001e-26
2837.416584,8.219e-26
2837.420762,3.245e-25
2837.431931,3.577e-25
2837.435971,3.565e-24
2837.436,3.648e-24
2837.446322,3.113e-25
2837.446513,3.373e-25
2837.458039,5.304000000000001e-25
2837.461798,8.363000000000001e-26
2837.472237,1.4199999999999999e-25
2837.475194,8.309e-25
2837.475808,2.927e-25
2837.47694,8.535e-25
2837.48054,1.362e-25
2837.483174,3.209e-25
2837.504069,1.195e-26
2837.509999,1.3339999999999999e-24
2837.51348,8.058e-24
2837.513533,5.782e-27
2837.517138,7.884e-24
2837.517535,8.590000000000001e-27
2837.519425,1.167e-26
2837.521613,7.045000000000001e-26
2837.52371,5.662e-27
2837.529916,2.8240000000000003e-25
2837.532544,5.545e-24
2837.532858,5.671e-24
2837.535224,1.272e-26
2837.543261,1.297e-23
2837.544132,1.609e-24
2837.544877,1.355e-23
2837.550892,7.082e-26
2837.565283,6.904000000000001e-26
2837.567108,1.318e-24
2837.56817,1.352e-24
2837.586313,1.314e-25
2837.595049,5.077e-26
2837.599694,4.073e-25
2837.607177,2.483e-24
2837.609418,7.023000000000001e-26
2837.615157,3.825e-25
2837.622647,2.652e-24
2837.626639,6.638000000000001e-26
2837.64371,3.552e-25
2837.646447,6.508e-26
2837.650449,4.761e-24
2837.650482,4.654e-24
2837.652481,3.624e-25
2837.657964,4.28e-24
2837.666123,4.53e-24
2837.679508,9.593e-26
2837.696534,9.892e-26
2837.70068,2.7e-24
2837.701338,5.77e-26
2837.70347,3.124e-24
2837.714744,3.224e-25
2837.716428,1.342e-23
2837.719363,1.633e-25
2837.720038,1.007e-23
2837.727841,1.5640000000000002e-25
2837.728529,8.843999999999999e-24
2837.731519,9.279e-24
2837.731571,1.025e-25
2837.733992,4.415e-24
2837.737963,4.331e-24
2837.744422,5.868000000000001e-26
2837.756881,4.639000000000001e-25
2837.761619,1.6159999999999998e-23
2837.764619,1.588e-23
2837.773364,4.338000000000001e-25
2837.801954,1.118e-23
2837.804117,1.171e-23
2837.813369,1.7409999999999998e-23
2837.814941,1.712e-23
2837.819369,2.711e-25
2837.820057,1.055e-26
2837.824086,2.796e-25
2837.835022,7.557e-24
2837.835871,1.2e-26
2837.836096,1.439e-26
2837.836252,7.725e-24
2837.84803,3.383e-25
2837.851883,1.4040000000000002e-26
2837.902847,2.115e-25
2837.903228,1.034e-24
2837.903478,5.288000000000001e-25
2837.919948,3.001e-24
2837.92094,2.851e-24
2837.921155,4.921e-25
2837.922175,3.295e-24
2837.923657,2.943e-24
2837.926154,2.287e-23
2837.930473,2.248e-23
2837.933937,1.07e-24
2837.934468,7.109e-27
2837.942413,5.31e-26
2837.944908,6.958e-27
2837.951968,7.322e-27
2837.955655,1.874e-25
2837.964342,1.791e-25
2837.966683,2.055e-25
2838.021477,3.071e-25
2838.039465,6.039e-25
2838.058557,5.587e-25
2838.075499,5.6639999999999996e-27
2838.076796,1.861e-24
2838.079487,1.824e-24
2838.157649,1.077e-24
2838.157724,8.941e-24
2838.159288,1.727e-26
2838.162286,8.778999999999999e-24
2838.164816,6.915000000000001e-25
2838.171558,1.4650000000000002e-26
2838.175528,1.6840000000000002e-26
2838.181132,2.147e-25
2838.185612,6.355e-25
2838.189529,2.9259999999999998e-24
2838.189805,2.9969999999999998e-24
2838.190064,2.046e-25
2838.195205,1.175e-24
2838.200545,3.258e-25
2838.223279,8.287e-24
2838.223603,1.501e-23
2838.223742,1.568e-23
2838.224078,8.469999999999999e-24
2838.239094,1.901e-24
2838.242848,2.6560000000000003e-25
2838.254377,2.269e-24
2838.257599,1.5610000000000002e-25
2838.279491,7.949999999999999e-25
2838.282929,5.755000000000001e-26
2838.293696,5.298000000000001e-25
2838.296761,5.455e-25
2838.301156,3.797e-25
2838.302379,7.248000000000001e-25
2838.319921,2.789e-25
2838.345803,8.709e-27
2838.353886,9.369e-25
2838.356514,8.520000000000001e-27
2838.362747,5.912e-26
2838.366142,1.791e-25
2838.383431,9.192e-25
2838.384893,6.553e-24
2838.389543,9.421e-25
2838.390055,6.912e-24
2838.395797,2.454e-25
2838.405018,2.3340000000000003e-25
2838.408955,8.3e-25
2838.429846,3.975e-25
2838.434924,8.932e-25
2838.443388,1.195e-24
2838.466886,1.805e-25
2838.472983,1.016e-24
2838.473384,1.038e-24
2838.473672,2.065e-26
2838.476539,1.0709999999999999e-24
2838.482126,8.353000000000001e-26
2838.490387,2.0130000000000003e-26
2838.505502,9.558e-25
2838.512962,8.371000000000001e-26
2838.526922,1.768e-25
2838.53793,1.128e-25
2838.556345,1.365e-23
2838.557986,1.09e-25
2838.558221,1.4289999999999998e-23
2838.558383,2.352e-23
2838.558413,1.446e-26
2838.558655,1.262e-24
2838.560137,2.311e-23
2838.568256,9.785e-27
2838.592329,1.109e-24
2838.597651,2.399e-24
2838.599662,2.8020000000000003e-25
2838.605049,1.076e-25
2838.60866,1.034e-25
2838.609218,2.6570000000000003e-25
2838.61653,2.576e-24
2838.628389,2.191e-24
2838.629057,2.247e-24
2838.62947,1.511e-24
2838.643638,9.338e-25
2838.645663,9.599e-25
2838.657012,2.919e-23
2838.664001,2.868e-23
2838.670123,1.2999999999999998e-24
2838.67278,4.279e-24
2838.682525,4.547e-24
2838.683707,4.176e-25
2838.685867,7.353e-24
2838.685922,7.519e-24
2838.692793,4.262e-25
2838.697643,6.856e-26
2838.711663,4.153e-24
2838.711746,4.252e-24
2838.713605,2.0179999999999998e-24
2838.739095,7.225e-24
2838.739915,2.333e-24
2838.742966,7.088999999999999e-24
2838.745352,2.769e-24
2838.747562,1.063e-26
2838.758554,1.04e-26
2838.760588,3.329e-25
2838.763066,5.4259999999999996e-27
2838.769194,5.308e-27
2838.770604,1.498e-24
2838.771847,1.537e-24
2838.779273,2.4620000000000003e-26
2838.779683,9.137e-24
2838.782584,1.269e-23
2838.783052,9.611e-24
2838.786094,1.246e-23
2838.792728,3.196e-25
2838.796488,2.3980000000000003e-26
2838.801679,3.435e-25
2838.802675,3.022e-25
2838.808494,9.054e-24
2838.827039,6.524e-24
2838.827376,6.675e-24
2838.842164,6.094000000000001e-26
2838.845773,6.833e-24
2838.851529,1.2410000000000002e-25
2838.855396,1.191e-25
2838.856897,2.8010000000000003e-25
2838.86488,1.165e-23
2838.867221,1.222e-23
2838.870703,2.9570000000000004e-25
2838.873597,4.3520000000000005e-25
2838.876063,3.054e-25
2838.879049,1.206e-26
2838.890217,1.018e-25
2838.903242,1.376e-26
2838.903497,1.61e-26
2838.90493,2.707e-25
2838.910164,1.531e-23
2838.912908,1.602e-23
2838.927965,1.057e-25
2838.934871,1.497e-25
2838.940469,5.448e-24
2838.940475,5.576e-24
2838.942764,1.018e-24
2838.973092,1.053e-24
2838.975,3.642e-25
2838.985402,3.431e-25
2838.988288,8.284e-27
2838.997833,4.548e-25
2839.00405,1.4810000000000002e-25
2839.032773,6.658000000000001e-26
2839.046703,5.314e-24
2839.050567,5.2099999999999996e-24
2839.076115,2.9250000000000003e-26
2839.089084,1.429e-25
2839.093189,1.368e-25
2839.093857,2.8470000000000003e-26
2839.103054,6.332e-27
2839.110271,9.325e-25
2839.113579,2.759e-23
2839.114461,2.711e-23
2839.115542,6.846000000000001e-26
2839.125197,1.659e-23
2839.125297,1.495e-24
2839.128407,1.6289999999999998e-23
2839.139766,1.293e-26
2839.146478,4.149e-25
2839.148414,1.861e-24
2839.15105,1.264e-26
2839.157412,3.894e-25
2839.158118,1.028e-24
2839.184762,2.007e-23
2839.1877,1.971e-23
2839.191622,3.5809999999999996e-24
2839.195202,3.509e-24
2839.228402,6.725e-27
2839.234806,6.577e-27
2839.240198,4.944e-25
2839.245841,2.169e-23
2839.247325,2.132e-23
2839.264745,1.675e-26
2839.294249,2.201e-24
2839.296786,2.156e-24
2839.30489,1.587e-23
2839.306469,1.66e-23
2839.307161,4.727e-25
2839.315984,1.6410000000000002e-25
2839.31872,4.418e-25
2839.32035,1.5680000000000002e-25
2839.329931,1.2390000000000002e-25
2839.338231,6.886000000000001e-25
2839.36422,3.464e-26
2839.371154,7.057e-24
2839.38252,3.3690000000000003e-26
2839.394723,1.209e-25
2839.407532,8.987e-24
2839.409123,5.851e-25
2839.412595,6.646e-24
2839.412665,6.031e-25
2839.418647,7.033e-24
2839.429675,9.857e-26
2839.432053,4.877e-25
2839.437517,6.917000000000001e-25
2839.440042,3.376e-24
2839.440401,3.46e-24
2839.457044,5.392e-25
2839.462282,9.83e-26
2839.469342,5.0140000000000005e-25
2839.492231,6.765e-25
2839.503322,2.13e-24
2839.505054,8.833e-25
2839.513175,1.919e-24
2839.518917,2.363e-24
2839.522436,1.568e-26
2839.523834,3.023e-23
2839.527142,2.97e-23
2839.528772,1.092e-23
2839.533163,1.072e-23
2839.533328,1.881e-25
2839.534024,1.532e-26
2839.537954,1.793e-25
2839.552005,5.087e-25
2839.569434,1.558e-25
2839.577521,2.277e-24
2839.587628,1.51e-25
2839.587995,8.384e-25
2839.59612,6.16e-25
2839.600753,2.46e-24
2839.609299,5.695e-25
2839.609785,1.112e-26
2839.612024,1.192e-24
2839.612617,1.217e-24
2839.631594,9.861e-26
2839.643611,4.09e-26
2839.652544,2.872e-25
2839.65387,3.46e-25
2839.662501,3.974e-26
2839.673654,1.6720000000000002e-26
2839.675515,1.42e-23
2839.677126,4.232e-24
2839.67731,1.49e-23
2839.683514,8.306e-27
2839.688832,4.516e-24
2839.690192,8.12e-27
2839.694622,3.573e-25
2839.695594,9.625e-26
2839.714595,4.884e-25
2839.714649,2.071e-24
2839.715935,2.542e-24
2839.724012,4.988000000000001e-25
2839.724374,7.056e-25
2839.738619,6.48e-25
2839.740253,2.152e-25
2839.745162,2.046e-25
2839.767402,7.661000000000001e-26
2839.802929,1.044e-24
2839.805279,1.0739999999999999e-24
2839.810007,1.045e-25
2839.820253,9.371e-24
2839.824078,9.884e-24
2839.839418,7.651000000000001e-26
2839.841786,8.115e-25
2839.846905,3.063e-25
2839.847571,1.086e-25
2839.85202,2.503e-24
2839.852821,2.568e-24
2839.853308,7.884e-26
2839.857339,7.393e-25
2839.89559,1.894e-26
2839.903337,7.472e-26
2839.907494,1.849e-26
2839.914075,1.206e-23
2839.914306,4.814e-26
2839.914825,3.203e-25
2839.916619,1.268e-23
2839.920955,3.3120000000000003e-25
2839.928155,1.376e-26
2839.933824,4.6740000000000007e-26
2839.937254,2.459e-25
2839.94246,2.3310000000000003e-25
2839.942658,8.661e-24
2839.942869,8.862e-24
2839.948323,9.386e-25
2839.950429,5.793000000000001e-26
2839.957616,1.573e-26
2839.964513,1.6929999999999998e-24
2839.965518,8.467e-25
2839.965966,1.739e-24
2839.976524,5.359e-25
2839.977194,4.8159999999999996e-24
2839.977339,4.9339999999999996e-24
2839.99593,2.6520000000000003e-25
2839.996889,1.041e-24
2840.014678,5.662000000000001e-26
2840.016833,9.348e-27
2840.036226,1.39e-24
2840.038832,2.942e-23
2840.042223,2.891e-23
2840.043935,1.094e-24
2840.045197,1.043e-25
2840.050709,7.562000000000001e-25
2840.063246,9.752e-25
2840.067492,3.22e-23
2840.067629,3.111e-23
2840.075688,8.735e-24
2840.079285,2.884e-25
2840.079462,8.567e-24
2840.092376,5.581e-25
2840.112861,8.446e-25
2840.121799,7.639999999999999e-24
2840.122185,7.821e-24
2840.123922,2.8050000000000003e-25
2840.125699,7.039e-27
2840.128477,1.022e-26
2840.128533,1.29e-24
2840.129454,2.6510000000000003e-25
2840.135435,9.988e-27
2840.141296,1.124e-23
2840.144573,1.099e-23
2840.150684,1.132e-24
2840.166295,1.555e-23
2840.16973,1.526e-23
2840.176324,5.649000000000001e-26
2840.19651,5.479e-26
2840.201959,1.544e-24
2840.219964,6.348e-24
2840.220014,6.501e-24
2840.228152,1.328e-24
2840.251935,2.605e-25
2840.252425,1.198e-25
2840.255967,1.143e-25
2840.259244,2.2810000000000003e-26
2840.263905,1.891e-24
2840.27148,2.2250000000000003e-26
2840.283981,1.122e-25
2840.294308,2.522e-25
2840.29586,1.184e-24
2840.296433,1.578e-24
2840.299668,1.924e-26
2840.300451,3.198e-25
2840.306338,3.012e-25
2840.328792,1.226e-24
2840.341749,5.811e-27
2840.345488,1.639e-23
2840.3459,1.7199999999999998e-23
2840.347205,5.6939999999999996e-27
2840.350036,6.366e-24
2840.353785,6.24e-24
2840.364175,1.157e-25
2840.377557,1.073e-25
2840.398871,1.145e-25
2840.429683,6.608000000000001e-26
2840.429784,6.68e-24
2840.43692,7.094e-24
2840.450583,6.403e-26
2840.454199,1.053e-23
2840.454305,4.251e-24
2840.455301,1.077e-23
2840.457746,4.164e-24
2840.466654,3.644e-25
2840.472938,3.419e-25
2840.486662,8.764000000000001e-26
2840.489997,1.474e-24
2840.490893,2.105e-25
2840.495852,1.37e-25
2840.4991,1.305e-25
2840.501019,1.924e-24
2840.503236,2.59e-24
2840.505603,2.5359999999999998e-24
2840.507015,5.789e-25
2840.507576,2.042e-25
2840.516112,6.424e-25
2840.520212,6.6280000000000005e-25
2840.523659,2.042e-23
2840.52682,2.004e-23
2840.545008,7.995e-25
2840.546561,2.113e-24
2840.563289,1.253e-26
2840.570529,1.224e-26
2840.575455,2.299e-24
2840.57591,9.028e-26
2840.597728,2.481e-23
2840.600613,2.436e-23
2840.613415,2.737e-26
2840.618951,6.019e-25
2840.622588,4.154e-25
2840.625998,2.668e-26
2840.629319,3.88e-25
2840.630912,7.549000000000001e-25
2840.639387,2.722e-23
2840.641095,2.675e-23
2840.642336,1.262e-26
2840.670925,4.132e-24
2840.674399,7.709000000000001e-26
2840.679163,1.474e-23
2840.680509,3.876e-24
2840.680964,3.9749999999999996e-24
2840.681125,1.55e-23
2840.685084,4.431e-24
2840.685908,1.899e-26
2840.6935,1.5660000000000002e-25
2840.696064,7.461000000000001e-26
2840.697137,1.488e-25
2840.736479,5.684e-25
2840.743037,1.39e-24
2840.743841,1.421e-24
2840.746245,5.808e-25
2840.768167,4.739e-25
2840.775409,4.404e-25
2840.808199,3.567e-23
2840.812248,3.503e-23
2840.82933,7.221e-27
2840.834146,5.304000000000001e-25
2840.834354,1.156e-23
2840.834933,7.073e-27
2840.835323,1.183e-23
2840.836311,2.548e-24
2840.850182,9.536e-24
2840.854557,1.009e-23
2840.887061,3.637e-25
2840.889518,1.327e-23
2840.89374,1.302e-23
2840.903391,5.415e-25
2840.906674,1.786e-25
2840.910192,1.693e-25
2840.910486,8.967000000000001e-26
2840.911224,5.0030000000000005e-25
2840.918102,8.193000000000001e-25
2840.921504,2.073e-24
2840.931608,3.76e-25
2840.932975,8.669e-26
2840.945828,1.061e-25
2840.951757,3.4450000000000003e-25
2840.95306,1.16e-24
2840.955365,1.239e-23
2840.955789,1.195e-24
2840.958118,3.273e-26
2840.958168,1.307e-23
2840.958805,3.567e-25
2840.967445,1.5670000000000002e-26
2840.971064,3.189e-26
2840.977382,5.444e-25
2840.985812,1.104e-25
2840.988,1.531e-26
2840.995528,1.495e-26
2841.004185,1.797e-26
2841.023533,6.157e-25
2841.028211,6.204e-25
2841.028359,2.117e-26
2841.03263,1.6579999999999998e-23
2841.035256,1.744e-23
2841.036742,5.693e-25
2841.03812,1.052e-26
2841.060289,6.189e-25
2841.065784,2.844e-24
2841.066739,2.921e-24
2841.090182,2.036e-25
2841.093998,1.924e-25
2841.131737,6.393e-25
2841.137959,1.04e-25
2841.142603,7.136e-25
2841.14474,7.767e-27
2841.148828,1.903e-24
2841.150526,1.957e-24
2841.151972,6.495e-25
2841.161335,1.004e-25
2841.190393,9.966e-26
2841.19584,8.022000000000001e-26
2841.232553,5.557e-24
2841.232768,5.697e-24
2841.23458,1.134e-25
2841.246528,8.255e-25
2841.256924,7.439e-25
2841.270692,1.013e-23
2841.270812,1.037e-23
2841.276762,2.3190000000000003e-25
2841.277404,9.864e-25
2841.278998,2.599e-25
2841.280592,2.183e-25
2841.283205,1.028e-25
2841.285537,1.353e-25
2841.293365,3.901e-26
2841.295778,1.434e-24
2841.30666,8.941e-27
2841.306694,3.798e-26
2841.308315,2.779e-25
2841.312413,8.753999999999999e-27
2841.322838,1.318e-25
2841.323832,2.698e-25
2841.329241,6.364e-25
2841.339942,9.625e-25
2841.351635,8.568e-25
2841.35683,1.203e-25
2841.360062,1.194e-24
2841.371875,2.2080000000000003e-26
2841.38043,1.149e-23
2841.381165,1.16e-25
2841.381735,1.192e-23
2841.392957,1.236e-24
2841.398252,8.905e-24
2841.39867,9.121e-24
2841.402618,1.8640000000000003e-26
2841.402645,1.051e-23
2841.406316,1.031e-23
2841.407385,1.722e-23
2841.408871,1.811e-23
2841.410437,1.819e-26
2841.415034,3.644e-23
2841.41684,3.579e-23
2841.417411,7.298e-25
2841.422784,1.135e-24
2841.43617,9.944e-25
2841.436419,6.647e-24
2841.443104,2.6410000000000003e-25
2841.444892,7.088e-24
2841.447198,2.477e-25
2841.466449,1.162e-24
2841.467796,1.66e-24
2841.476961,6.91e-25
2841.489385,7.363e-24
2841.489487,7.543999999999999e-24
2841.491229,2.788e-25
2841.494962,1.358e-24
2841.504417,1.902e-24
2841.510673,1.166e-24
2841.526091,6.459e-25
2841.539853,1.897e-23
2841.540849,2.09e-24
2841.542939,4.519e-23
2841.543211,1.861e-23
2841.549552,4.437e-23
2841.55633,1.663e-24
2841.567109,1.389e-25
2841.567179,6.483e-25
2841.575459,1.388e-24
2841.588712,1.087e-25
2841.592488,1.337e-25
2841.594087,1.027e-25
2841.605439,3.008e-25
2841.60652,2.107e-24
2841.60966,2.8080000000000003e-25
2841.614658,7.009e-25
2841.619169,4.6350000000000007e-26
2841.619414,7.24e-25
2841.63074,6.697e-25
2841.631432,1.683e-24
2841.632901,4.5090000000000005e-26
2841.643985,7.592e-24
2841.647612,7.438e-24
2841.654071,3.9749999999999996e-24
2841.661184,2.359e-25
2841.666181,1.429e-26
2841.671345,4.2879999999999996e-24
2841.677443,5.484e-27
2841.68126,5.375e-27
2841.690445,6.7e-27
2841.698276,2.287e-25
2841.703773,3.034e-24
2841.705954,2.968e-24
2841.707998,5.024e-24
2841.711287,4.919e-24
2841.73766,6.629e-27
2841.74017,6.126e-27
2841.74947,6.581000000000001e-25
2841.752699,3.43e-25
2841.7572,3.186e-25
2841.759605,6.729e-25
2841.761079,2.729e-25
2841.762347,1.224e-25
2841.765755,1.514e-23
2841.767783,1.597e-23
2841.768806,1.599e-25
2841.770613,2.183e-26
2841.773743,1.103e-26
2841.779651,1.08e-26
2841.787852,5.718e-27
2841.795322,1.537e-25
2841.807176,2.261e-26
2841.815295,2.205e-26
2841.819403,3.74e-25
2841.837998,2.943e-25
2841.864335,3.871e-25
2841.866079,1.613e-24
2841.867117,1.65e-24
2841.869512,9.621e-24
2841.874536,1.022e-23
2841.878419,1.126e-25
2841.887079,2.934e-25
2841.892206,3.917e-25
2841.89695,3.617e-25
2841.900809,1.073e-25
2841.905107,7.405e-27
2841.910527,1.153e-25
2841.910925,4.429e-24
2841.911491,4.545e-24
2841.912101,2.501e-23
2841.915201,2.455e-23
2841.935542,5.488000000000001e-26
2841.9412,1.117e-25
2841.9497,5.336e-26
2841.961927,1.837e-25
2841.965677,7.226e-27
2841.974142,4.29e-23
2841.97496,4.213e-23
2841.975044,1.1630000000000002e-25
2841.978519,1.501e-25
2841.981518,3.678e-25
2841.984032,1.264e-23
2841.987135,1.337e-23
2841.989658,3.814e-25
2841.989692,1.763e-25
2841.993013,1.266e-23
2841.995419,1.238e-23
2841.997088,1.7820000000000002e-26
2842.000357,3.054e-23
2842.001972,3.422e-25
2842.003178,2.997e-23
2842.0147,6.69e-25
2842.019233,4.486e-25
2842.024063,1.407e-25
2842.024332,4.113e-25
2842.028131,3.586e-25
2842.028524,1.3190000000000002e-25
2842.038831,2.048e-26
2842.042836,3.481e-25
2842.049333,3.366e-23
2842.051013,3.307e-23
2842.05283,1.18e-26
2842.065694,1.611e-25
2842.092842,5.738e-27
2842.094026,1.282e-24
2842.097194,1.322e-24
2842.115964,6.929000000000001e-25
2842.136697,5.157e-25
2842.142189,4.69e-25
2842.146477,2.106e-25
2842.161252,1.144e-25
2842.161825,4.47e-25
2842.161993,8.471e-27
2842.162013,1.216e-25
2842.175618,2.018e-25
2842.185484,6.841e-27
2842.189431,6.703e-27
2842.193662,1.573e-25
2842.201687,2.732e-26
2842.210111,2.664e-26
2842.219784,8.677e-25
2842.230604,1.356e-26
2842.234523,1.4860000000000002e-25
2842.23667,1.327e-26
2842.2399,1.605e-23
2842.242493,6.479000000000001e-26
2842.242836,5.964000000000001e-25
2842.243959,1.575e-23
2842.248843,5.369e-25
2842.257103,6.293000000000001e-26
2842.269675,3.216e-24
2842.270807,3.305e-24
2842.276206,9.29e-25
2842.280158,1.066e-25
2842.303761,5.6640000000000005e-25
2842.32246,2.41e-25
2842.323544,2.128e-24
2842.325525,2.19e-24
2842.338622,6.9510000000000005e-25
2842.344937,8.062e-25
2842.345269,6.181e-25
2842.353126,2.304e-25
2842.384555,2.51e-26
2842.386973,4.693e-23
2842.388477,6.05e-26
2842.38964,4.608e-23
2842.390541,1.825e-25
2842.394358,1.695e-25
2842.400088,5.272e-25
2842.41061,6.475e-26
2842.422517,1.586e-25
2842.422782,1.48e-25
2842.423498,8.193000000000001e-25
2842.424074,1.745e-23
2842.424765,1.84e-23
2842.430989,7.171e-25
2842.43245,6.542e-24
2842.44259,7.007999999999999e-24
2842.450516,1.642e-24
2842.47774,6.382e-24
2842.478035,6.547e-24
2842.481283,1.502e-25
2842.489376,6.849e-25
2842.489875,2.753e-25
2842.497273,1.825e-24
2842.497686,9.807e-25
2842.506322,8.408e-25
2842.50885,7.417000000000001e-26
2842.513306,1.183e-23
2842.513538,1.211e-23
2842.522242,2.626e-25
2842.540033,7.625e-26
2842.550556,1.265e-25
2842.555122,7.399e-26
2842.560996,1.2009999999999999e-24
2842.571282,1e-24
2842.575358,7.357000000000001e-26
2842.586176,3.2910000000000003e-26
2842.587414,7.085e-25
2842.594914,3.2070000000000004e-26
2842.608568,1.417e-25
2842.61334,1.52e-24
2842.624225,1.019e-25
2842.626227,1.214e-24
2842.626408,3.756e-24
2842.64426,8.364e-25
2842.647707,4.08e-24
2842.648718,3.1410000000000003e-25
2842.651265,1.307e-25
2842.654384,2.0299999999999998e-24
2842.657074,4.522e-25
2842.658432,1.352e-24
2842.664127,2.072e-25
2842.665266,1.912e-25
2842.671335,4.386e-25
2842.67203,1.033e-23
2842.672181,1.51e-24
2842.672503,1.059e-23
2842.677249,1.661e-26
2842.67748,1.6410000000000002e-25
2842.681666,1.6160000000000002e-26
2842.682997,2.9890000000000003e-25
2842.683145,8.503e-27
2842.683478,1.624e-26
2842.684955,7.643e-26
2842.693666,1.4009999999999999e-24
2842.694199,2.385e-25
2842.694969,8.159000000000001e-25
2842.697645,2.186e-25
2842.704757,7.598e-25
2842.710279,7.858000000000001e-25
2842.719957,1.259e-23
2842.723522,1.234e-23
2842.726559,1.54e-23
2842.729469,1.504e-23
2842.748391,8.498e-24
2842.748549,8.713e-24
2842.753685,7.58e-25
2842.758956,1.549e-23
2842.761107,1.639e-23
2842.764214,7.755e-25
2842.77015,8.066000000000001e-26
2842.771316,2.4760000000000003e-26
2842.79898,3.58e-25
2842.816909,7.544e-27
2842.828171,8.946e-26
2842.835426,3.397e-25
2842.840254,1.531e-25
2842.843769,8.673000000000001e-26
2842.862628,7.101e-27
2842.876048,4.515e-23
2842.878066,9.62e-24
2842.878989,4.433e-23
2842.880857,2.734e-25
2842.882777,2.4850000000000003e-25
2842.884006,1.025e-23
2842.895876,3.535e-24
2842.897851,3.457e-24
2842.902403,2.25e-25
2842.903435,2.303e-23
2842.906711,2.259e-23
2842.908357,1.169e-25
2842.922376,1.025e-25
2842.928548,9.011e-24
2842.932042,8.825e-24
2842.940367,3.17e-25
2842.940646,4.078e-25
2842.943742,2.852e-25
2842.950132,6.936000000000001e-25
2842.952701,5.908e-24
2842.955826,5.782e-24
2842.960656,3.951e-26
2842.969716,3.848e-26
2842.979572,3.857e-25
2842.98121,1.863e-24
2842.982506,1.906e-24
2842.98799,3.867e-25
2842.993293,1.073e-25
2843.003792,1.279e-23
2843.004123,3.894e-25
2843.006115,5.201e-23
2843.007275,1.358e-23
2843.011063,5.114e-23
2843.013564,4.045e-25
2843.017236,2.024e-26
2843.027847,4.3590000000000005e-25
2843.033578,1.4399999999999997e-23
2843.034683,1.475e-23
2843.035968,1.119e-25
2843.03643,4.007e-25
2843.045097,7.167e-25
2843.061875,1.3180000000000002e-26
2843.064946,2.333e-26
2843.067478,3.69e-25
2843.07019,3.2790000000000004e-25
2843.073692,4.643000000000001e-25
2843.083676,2.083e-25
2843.088447,1.819e-25
2843.106913,1.047e-25
2843.11255,2.765e-26
2843.113695,2.028e-26
2843.114352,1.748e-23
2843.115489,4.3760000000000005e-25
2843.115846,2.022e-25
2843.116869,1.849e-23
2843.120092,1.9810000000000003e-26
2843.123056,1.014e-25
2843.131287,5.035e-24
2843.131978,5.171e-24
2843.13278,4.015e-25
2843.133571,4.3540000000000005e-25
2843.13493,1.591e-25
2843.1358,2.431e-25
2843.137255,3.807e-25
2843.139181,1.433e-25
2843.17023,1.053e-26
2843.174355,1.031e-26
2843.175232,3.2990000000000003e-25
2843.177395,6.598000000000001e-25
2843.180058,9.065e-27
2843.188016,1.7270000000000002e-25
2843.198081,5.288000000000001e-25
2843.202047,5.568e-25
2843.206606,1.411e-25
2843.216245,5.397e-25
2843.219569,5.21e-25
2843.223281,4.461e-25
2843.225818,1.409e-24
2843.229496,1.454e-24
2843.243249,4.965000000000001e-25
2843.270938,5.668e-27
2843.273288,5.555e-27
2843.277445,6.381e-25
2843.278358,1.238e-24
2843.28207,5.308000000000001e-25
2843.290306,3.051e-23
2843.290617,1.063e-25
2843.290691,1.543e-25
2843.29334,2.993e-23
2843.299239,1.634e-25
2843.311701,1.46e-25
2843.313758,6.028e-25
2843.325145,4.727e-26
2843.33348,8.08e-25
2843.334539,4.6010000000000006e-26
2843.338948,6.441e-25
2843.347264,1.524e-24
2843.35444,1.741e-25
2843.362951,5.634000000000001e-25
2843.365207,1.452e-25
2843.374531,1.079e-24
2843.376268,1.221e-25
2843.381786,8.027e-25
2843.382089,1.016e-25
2843.383851,1.328e-24
2843.392864,3.742e-23
2843.392993,1.181e-25
2843.395626,3.672e-23
2843.396982,6.9530000000000005e-25
2843.404511,1.583e-23
2843.405624,1.621e-23
2843.4059,1.585e-24
2843.417009,1.023e-24
2843.417361,2.267e-25
2843.417806,6.357e-24
2843.420639,6.884000000000001e-25
2843.429827,4.172e-23
2843.430056,6.848e-24
2843.431623,4.096e-23
2843.438001,2.8860000000000003e-26
2843.445291,1.499e-24
2843.458902,5.049e-26
2843.463688,3.618e-24
2843.465025,3.721e-24
2843.468993,1.816e-23
2843.470532,1.92e-23
2843.474743,6.399e-25
2843.483341,1.423e-25
2843.488652,2.367e-24
2843.489017,7.177e-25
2843.49096,2.439e-24
2843.499143,7.896000000000001e-26
2843.515013,8.384000000000001e-26
2843.51516,2.8010000000000003e-25
2843.51859,7.883000000000001e-25
2843.539947,2.466e-26
2843.542166,5.29e-26
2843.546518,2.409e-26
2843.551595,2.119e-25
2843.578861,7.28e-25
2843.580026,1.933e-23
2843.583922,1.895e-23
2843.587702,3.471e-24
2843.598439,2.956e-25
2843.607389,9.064e-25
2843.614314,3.802e-24
2843.636241,1.4199999999999999e-25
2843.646931,1.2990000000000002e-26
2843.648377,5.467e-23
2843.651156,3.104e-25
2843.651191,1.2710000000000002e-26
2843.652167,5.366e-23
2843.653592,1.372e-25
2843.663674,2.98e-25
2843.669998,6.694e-25
2843.671536,2.217e-25
2843.675717,8.304e-25
2843.679656,5.637000000000001e-26
2843.684524,6.484e-25
2843.685163,9.662e-27
2843.689248,1.824e-26
2843.689394,5.482e-26
2843.712748,7.294e-24
2843.713132,7.486999999999999e-24
2843.716901,9.647e-27
2843.717296,1.862e-25
2843.739175,1.385e-24
2843.749252,8.684000000000001e-25
2843.760203,8.89e-25
2843.768363,2.8190000000000003e-25
2843.774682,1.435e-24
2843.778699,8.530000000000001e-27
2843.782585,7.075e-27
2843.785102,6.931e-27
2843.786402,8.181000000000001e-25
2843.792822,8.473e-25
2843.813952,1.569e-23
2843.815158,1.371e-23
2843.815351,1.405e-23
2843.816303,1.664e-23
2843.823628,8.149e-27
2843.826296,2.8360000000000005e-26
2843.829942,6.903000000000001e-25
2843.835629,7.921e-25
2843.843122,3.183e-25
2843.846356,1.5620000000000002e-25
2843.876045,9.524e-24
2843.883004,1.02e-23
2843.883097,1.905e-25
2843.886838,1.6470000000000002e-25
2843.904863,1.589e-25
2843.909207,2.833e-25
2843.91096,4.408e-25
2843.91918,7.119e-25
2843.924769,5.239000000000001e-26
2843.929903,1.193e-23
2843.930416,1.223e-23
2843.945546,3.929e-25
2843.946259,1.089e-25
2843.952988,6.848e-26
2843.956016,2.989e-26
2843.956173,1.619e-25
2843.961455,1.351e-25
2843.962768,2.918e-26
2843.968664,1.066e-25
2843.96978,2.094e-25
2843.981631,1.806e-25
2843.995022,4.076e-25
2843.995831,1.767e-25
2843.997249,9.762e-24
2843.997471,1.002e-23
2844.002097,2.229e-25
2844.011706,1.283e-23
2844.012281,1.114e-25
2844.015645,1.367e-23
2844.019581,4.088e-25
2844.024204,6.699e-26
2844.027095,1.452e-25
2844.027611,1.501e-23
2844.028124,2.2960000000000003e-26
2844.030159,1.043e-25
2844.030572,4.255e-25
2844.03107,1.471e-23
2844.0343,6.51e-26
2844.036109,1.111e-26
2844.054743,2.833e-25
2844.064068,1.569e-23
2844.066506,1.464e-26
2844.06722,1.582e-23
2844.067806,7.857000000000001e-25
2844.079562,4.099e-24
2844.080005,2.653e-26
2844.081311,4.006e-24
2844.083063,7.601e-25
2844.08849,2.139e-24
2844.090073,2.191e-24
2844.093221,1.0820000000000002e-26
2844.11313,1.597e-26
2844.117519,1.5620000000000002e-26
2844.128063,1.905e-25
2844.133777,1.21e-25
2844.143805,1.4199999999999999e-25
2844.143822,2.787e-25
2844.146817,1.836e-25
2844.174938,1.997e-25
2844.188416,6.914e-24
2844.191362,6.763e-24
2844.202817,9.36e-27
2844.20338,2.616e-25
2844.203718,1.065e-23
2844.20707,1.042e-23
2844.232021,5.549e-23
2844.233865,5.445e-23
2844.249026,6.792e-25
2844.256904,2.784e-23
2844.25744,2.612e-25
2844.260096,2.73e-23
2844.291411,8.797e-27
2844.293976,8.614e-27
2844.3025,9.532e-25
2844.310195,1.778e-25
2844.335593,6.997e-25
2844.341588,5.695e-24
2844.342423,5.854e-24
2844.348428,1.539e-24
2844.352696,1.5899999999999999e-24
2844.3588,7.935e-26
2844.359919,2.198e-25
2844.361908,3.6110000000000006e-26
2844.368848,3.5230000000000006e-26
2844.369268,7.706e-26
2844.379465,2.115e-25
2844.380782,2.4870000000000003e-25
2844.385893,1.099e-24
2844.386203,6.876e-23
2844.392386,6.087e-24
2844.392444,6.746999999999999e-23
2844.402197,8.996e-25
2844.407347,6.6e-24
2844.418602,8.692000000000001e-25
2844.426291,3.2570000000000003e-26
2844.459373,1.806e-23
2844.460359,1.916e-23
2844.469581,1.717e-25
2844.502746,1.711e-25
2844.51725,1.796e-25
2844.524832,1.83e-25
2844.536127,9.725e-26
2844.537578,3.114e-24
2844.540775,1.7149999999999998e-23
2844.541743,1.673e-23
2844.54485,1.746e-25
2844.546628,1.026e-25
2844.560619,2.261e-25
2844.566888,2.04e-25
2844.568947,1.9570000000000003e-26
2844.571386,3.4469999999999996e-24
2844.573465,1.9130000000000003e-26
2844.575943,1.876e-25
2844.58241,2.531e-25
2844.584496,1.782e-25
2844.586904,1.126e-26
2844.591269,1.1e-25
2844.5993,1.113e-25
2844.602818,2.432e-25
2844.644147,2.619e-24
2844.646831,2.7e-24
2844.647817,4.048e-24
2844.649387,4.167e-24
2844.654249,6.6240000000000005e-25
2844.655174,1.939e-25
2844.658437,3.705e-23
2844.661401,3.634e-23
2844.664686,6.004e-27
2844.668712,1.055e-25
2844.679673,1.004e-24
2844.683456,9.37e-26
2844.689531,2.055e-26
2844.694312,9.092e-26
2844.697658,9.689e-25
2844.736305,9.894e-25
2844.738264,6.819e-25
2844.747711,1.014e-24
2844.757629,4.347e-26
2844.762619,9.626e-26
2844.764764,4.239e-26
2844.775007,4.565e-23
2844.777701,4.478e-23
2844.783046,1.09e-26
2844.783704,1.995e-25
2844.785759,1.067e-26
2844.794119,6.553e-23
2844.794889,6.432e-23
2844.795442,1.579e-23
2844.795535,2.907e-25
2844.797927,1.682e-23
2844.802945,3.915e-25
2844.814618,3.2160000000000005e-26
2844.816888,2.788e-25
2844.818586,5.116e-23
2844.820376,5.022e-23
2844.837536,2.397e-25
2844.846673,1.553e-25
2844.857871,3.212e-25
2844.859583,8.746000000000001e-25
2844.863276,9.325e-24
2844.867054,9.072e-25
2844.871545,1.004e-23
2844.906462,1.092e-24
2844.909879,2.317e-23
2844.913615,2.271e-23
2844.917512,8.949000000000001e-26
2844.92283,3.626e-25
2844.926485,1.052e-24
2844.937574,8.295e-24
2844.938059,8.521e-24
2844.950926,6.088e-27
2844.951793,5.961e-27
2844.955973,3.02e-25
2844.991792,1.536e-24
2844.998181,1.103e-25
2844.998357,1.065e-25
2844.999295,3.333e-25
2845.009444,1.069e-25
2845.009992,1.276e-23
2845.014313,2.389e-26
2845.014511,1.365e-23
2845.018963,2.334e-26
2845.021687,3.19e-25
2845.027893,4.252e-25
2845.028086,1.049e-25
2845.029434,1.5929999999999999e-24
2845.030027,2.6020000000000004e-26
2845.040738,4.434e-25
2845.043059,1.584e-23
2845.043329,1.625e-23
2845.045626,6.408e-25
2845.057017,1.04e-25
2845.062671,3.994e-25
2845.068495,1.612e-26
2845.073999,1.097e-25
2845.07604,1.872e-25
2845.086136,3.0170000000000004e-26
2845.088484,1.157e-24
2845.111032,1.112e-24
2845.115521,4.15e-25
2845.127198,6.591000000000001e-25
2845.143184,5.216000000000001e-26
2845.150523,5.082e-26
2845.154191,4.555e-25
2845.155313,1.789e-23
2845.156131,3.596e-26
2845.157743,1.905e-23
2845.182901,1.371e-23
2845.183476,1.407e-23
2845.186377,3.729e-25
2845.187978,2.444e-24
2845.189882,2.504e-24
2845.193689,3.813e-25
2845.196475,1.946e-25
2845.202295,5.122e-25
2845.207779,7.159e-23
2845.210043,7.026e-23
2845.217229,3.643e-25
2845.225732,1.097e-25
2845.231326,1.191e-24
2845.235738,1.116e-23
2845.236031,1.146e-23
2845.236383,8.936999999999999e-27
2845.23963,2.137e-25
2845.25485,4.728e-24
2845.256347,4.618e-24
2845.256931,1.142e-24
2845.269252,1.3450000000000002e-26
2845.269271,2.073e-23
2845.271826,2.022e-23
2845.272031,1.3160000000000002e-26
2845.276577,2.755e-25
2845.287727,4.15e-25
2845.295115,1.12e-26
2845.297614,1.054e-25
2845.302986,1.294e-25
2845.314676,1.254e-25
2845.319492,2.034e-25
2845.320988,6.095e-25
2845.325646,1.782e-23
2845.328582,1.2770000000000002e-26
2845.328953,1.745e-23
2845.340229,1.19e-24
2845.341945,1.078e-26
2845.351953,3.321e-25
2845.356039,5.7259999999999996e-24
2845.363795,2.912e-25
2845.369481,1.1379999999999999e-24
2845.374554,6.257e-24
2845.378712,4.3560000000000005e-25
2845.39829,8.106999999999999e-27
2845.403531,4.152e-25
2845.415145,8.053e-24
2845.417893,7.872e-24
2845.420078,1.152e-24
2845.42317,6.149e-25
2845.423677,5.47e-27
2845.429235,6.403e-26
2845.442531,7.841000000000001e-26
2845.449302,2.906e-26
2845.453649,1.098e-24
2845.454087,2.8370000000000003e-26
2845.461846,1.67e-24
2845.462836,3.755e-26
2845.466798,1.728e-24
2845.469493,1.252e-23
2845.472363,1.569e-25
2845.472691,1.225e-23
2845.473358,6.087000000000001e-26
2845.475392,1.078e-24
2845.475406,2.679e-24
2845.489565,1.859e-23
2845.491151,1.979e-23
2845.496448,2.636e-25
2845.499916,1.14e-25
2845.502404,6.32e-25
2845.505703,1.197e-25
2845.510324,9.721e-25
2845.514074,1.024e-24
2845.515483,3.94e-25
2845.518576,6.237e-26
2845.519284,3.006e-24
2845.524365,1.419e-26
2845.526129,6.073e-26
2845.526805,8.443e-25
2845.528523,5.405e-25
2845.528645,8.406e-25
2845.533729,6.931000000000001e-25
2845.537426,4.819e-25
2845.541823,6.41e-24
2845.542822,6.594e-24
2845.554357,4.97e-25
2845.555073,9.189e-25
2845.556936,1.388e-26
2845.560115,3.553e-25
2845.573121,1.932e-23
2845.574147,1.981e-23
2845.580609,4.725e-25
2845.580656,7.901000000000001e-25
2845.590504,5.0220000000000005e-25
2845.593379,7.381e-27
2845.59386,7.541e-27
2845.594556,6.469e-25
2845.597877,1.514e-25
2845.600273,5.0010000000000005e-25
2845.600363,3.351e-23
2845.600611,2.371e-25
2845.60116,3.6020000000000004e-25
2845.60251,1.378e-25
2845.603466,3.283e-23
2845.610018,1.465e-25
2845.612505,6.631e-26
2845.637185,4.48e-25
2845.646168,3.35e-25
2845.660014,1.19e-24
2845.661573,6.612000000000001e-25
2845.663736,1.3220000000000002e-25
2845.665474,2.023e-25
2845.670968,9.746e-25
2845.672165,6.809e-23
2845.674876,6.68e-23
2845.683339,2.309e-26
2845.691582,2.73e-25
2845.704811,5.188e-25
2845.713993,2.37e-25
2845.714987,1.121e-24
2845.718227,9.48e-25
2845.720405,5.883000000000001e-26
2845.720617,5.6640000000000005e-25
2845.726886,1.149e-24
2845.740539,1.6550000000000002e-26
2845.743036,5.637e-27
2845.743452,1.6180000000000002e-26
2845.748487,5.37e-25
2845.754347,6.408e-26
2845.786897,5.856e-25
2845.79002,2.88e-24
2845.791906,2.107e-25
2845.793137,2.973e-24
2845.813763,7.965e-23
2845.814127,5.455e-27
2845.819415,7.814e-23
2845.820052,1.573e-23
2845.822055,4.506e-24
2845.822873,1.682e-23
2845.823893,4.643e-24
2845.82665,6.827000000000001e-26
2845.828151,1.096e-26
2845.839722,9.015e-24
2845.840994,3.674e-26
2845.849675,9.761e-24
2845.84971,1.0810000000000002e-25
2845.853712,4.486e-25
2845.862329,7.925e-25
2845.863891,6.014e-25
2845.873875,3.522e-26
2845.877476,6.45e-25
2845.877777,1.05e-26
2845.8788,3.438e-26
2845.882863,1.766e-25
2845.88381,7.433000000000001e-26
2845.891586,7.232000000000001e-26
2845.895481,1.707e-25
2845.901494,2.198e-25
2845.907191,6.096e-25
2845.911111,6.291000000000001e-25
2845.916759,1.04e-25
2845.924288,9.281e-25
2845.929494,6.687e-25
2845.932991,9.642e-25
2845.933914,2.128e-23
2845.935144,2.182e-23
2845.958632,1.514e-25
2845.964649,5.956000000000001e-25
2845.968459,6.798e-25
2845.968813,5.1290000000000005e-26
2845.974324,2.097e-25
2845.982012,1.473e-25
2845.996933,1.256e-23
2845.997707,9.447e-27
2845.998772,9.243e-27
2846.002171,1.3509999999999998e-23
2846.012945,1.023e-25
2846.015976,5.759e-25
2846.016369,4.479e-23
2846.017563,5.457e-26
2846.019259,4.391e-23
2846.023328,2.947e-26
2846.024916,7.344e-25
2846.029055,4.3760000000000005e-25
2846.03459,4.002e-25
2846.041068,1.639e-26
2846.044122,4.574e-25
2846.056754,6.916000000000001e-25
2846.058211,5.507e-25
2846.060323,1.073e-25
2846.070438,1.7470000000000003e-26
2846.08196,3.43e-26
2846.082288,1.588e-24
2846.085492,6.085e-25
2846.089091,4.163e-25
2846.094641,1.5910000000000003e-26
2846.120481,1.646e-24
2846.13682,5.535e-25
2846.147047,5.544e-23
2846.149116,1.351e-25
2846.149676,5.435999999999999e-23
2846.15221,9.387e-24
2846.15281,9.65e-24
2846.156505,6.965e-27
2846.157951,2.055e-25
2846.162909,8.365000000000001e-25
2846.171075,1.984e-25
2846.183708,6.27e-23
2846.185551,6.151e-23
2846.191327,1.039e-26
2846.197223,7.845000000000001e-25
2846.204605,2.027e-26
2846.207598,1.982e-26
2846.211665,5.681e-25
2846.222474,6.729e-27
2846.229525,2.765e-23
2846.233101,2.708e-23
2846.23761,2.1660000000000003e-25
2846.238888,8.83e-26
2846.244208,9.978e-27
2846.246899,8.584e-26
2846.250941,3.817e-25
2846.259327,5.567e-25
2846.278855,1.437e-24
2846.279736,2.776e-24
2846.282001,2.847e-24
2846.288078,4.2550000000000006e-26
2846.291112,6.775e-27
2846.291416,9.536e-25
2846.293146,4.15e-26
2846.30334,1.023e-24
2846.308531,5.268e-24
2846.317814,6.822e-27
2846.319119,1.819e-23
2846.319391,1.867e-23
2846.326834,6.679e-27
2846.327404,3.608e-25
2846.328662,8.901e-25
2846.331818,5.812e-24
2846.344301,5.195e-25
2846.364584,8.285e-27
2846.370577,2.26e-25
2846.373461,9.471e-27
2846.391139,1.281e-25
2846.392715,1.339e-25
2846.400033,2.159e-24
2846.41038,1.089e-24
2846.421747,1.568e-23
2846.421756,5.426e-24
2846.422373,1.61e-23
2846.422972,5.297e-24
2846.423144,2.383e-25
2846.424958,4.2170000000000005e-26
2846.425729,7.988e-27
2846.430209,9.112e-27
2846.436809,2.298e-25
2846.439256,1.491e-25
2846.446784,8.233e-23
2846.450271,8.077e-23
2846.451162,1.011e-24
2846.451378,1.811e-23
2846.452691,1.936e-23
2846.458627,2.4669999999999998e-24
2846.463249,1.055e-25
2846.464027,1.27e-23
2846.464399,1.304e-23
2846.472954,5.195e-25
2846.498419,9.392e-25
2846.519713,1.247e-24
2846.526066,1.017e-25
2846.531766,3.092e-25
2846.538048,2.304e-23
2846.539496,2.247e-23
2846.545735,5.3280000000000005e-25
2846.552597,2.228e-25
2846.561012,2.946e-25
2846.564865,1.15e-24
2846.56606,1.801e-24
2846.571806,1.866e-24
2846.583812,1.046e-25
2846.584025,1.164e-26
2846.58412,1.1380000000000002e-26
2846.592071,1.016e-25
2846.596682,8.202000000000001e-25
2846.603852,5.615e-26
2846.61398,2.105e-23
2846.617164,2.06e-23
2846.619279,1.433e-24
2846.619484,2.13e-25
2846.632887,9.332e-24
2846.63542,9.118e-24
2846.648652,6.984e-26
2846.654062,7.75e-25
2846.655308,2.4760000000000003e-26
2846.658428,2.419e-26
2846.670009,1.312e-24
2846.671786,1.39e-24
2846.671828,2.586e-26
2846.678449,2.757e-25
2846.685449,1.263e-24
2846.691889,5.122e-26
2846.692694,2.6550000000000003e-25
2846.697106,4.993e-26
2846.697886,1.296e-24
2846.708844,1.657e-24
2846.723845,1.103e-24
2846.725869,1.465e-23
2846.728899,1.432e-23
2846.730948,1.196e-24
2846.731987,7.177e-24
2846.733173,7.389e-24
2846.733297,9.373e-25
2846.739596,7.132e-25
2846.767033,1.502e-24
2846.788385,1.555e-23
2846.791426,1.6709999999999998e-23
2846.79215,2.295e-25
2846.795311,4.841e-25
2846.805294,8.587e-24
2846.807967,1.0069999999999999e-24
2846.815994,4.17e-26
2846.817446,9.367e-24
2846.822014,7.599000000000001e-26
2846.822257,8.453e-25
2846.864323,7.241000000000001e-26
2846.86611,4.962000000000001e-25
2846.918583,1.234e-25
2846.923869,3.182e-25
2846.926261,3.15e-24
2846.927104,1.198e-25
2846.929877,3.2549999999999998e-24
2846.930603,4.011e-25
2846.932273,2.4e-25
2846.933731,4.014e-23
2846.936742,3.932e-23
2846.938737,3.06e-25
2846.969309,6.174e-25
2846.973734,1.222e-23
2846.979896,1.322e-23
2846.980501,9.77e-25
2846.986394,4.989e-24
2846.98854,5.1449999999999996e-24
2846.990653,1.017e-24
2846.993865,1.4430000000000002e-26
2846.995133,1.41e-26
2846.999278,3.801e-25
2847.008532,3.337e-26
2847.009203,8.298e-23
2847.011068,8.138e-23
2847.020898,5.383e-26
2847.023047,4.452e-25
2847.04079,4.665000000000001e-25
2847.043024,5.783e-25
2847.046104,2.278e-23
2847.046347,9.878e-26
2847.046566,2.22e-23
2847.047892,2.635e-25
2847.052449,5.472e-26
2847.066383,1.021e-25
2847.068804,3.902e-26
2847.076324,1.837e-26
2847.085335,6.146e-26
2847.090707,5.986000000000001e-26
2847.096177,1.038e-25
2847.097584,3.0130000000000003e-26
2847.100795,2.941e-26
2847.103907,4.481e-25
2847.110563,3.998e-25
2847.138469,2.794e-25
2847.15547,1.769e-23
2847.157855,1.901e-23
2847.15918,4.672e-26
2847.159406,3.664e-25
2847.164751,1.945e-24
2847.168456,4.166e-25
2847.172799,4.59e-25
2847.174949,3.517e-25
2847.177371,1.511e-24
2847.186789,1.028e-22
2847.192659,1.009e-22
2847.193028,2.23e-25
2847.208391,1.443e-25
2847.210626,1.385e-25
2847.228509,2.0250000000000003e-26
2847.243202,1.452e-25
2847.249476,4.706e-24
2847.252,1.408e-25
2847.254834,2.135e-25
2847.258276,1.976e-26
2847.261764,2.162e-24
2847.263437,1.668e-24
2847.27461,1.291e-24
2847.27936,5.2549999999999996e-24
2847.296539,1.732e-24
2847.309138,1.545e-24
2847.328779,2.403e-25
2847.336724,1.797e-24
2847.346106,1.141e-24
2847.356655,1.057e-23
2847.357383,1.087e-23
2847.357924,3.483e-25
2847.363826,3.136e-24
2847.364196,5.391e-23
2847.366497,3.219e-24
2847.367008,5.282e-23
2847.384322,8.969000000000001e-25
2847.385063,4.209e-25
2847.390553,1.812e-24
2847.391569,3.436e-25
2847.398753,4.12e-25
2847.401339,4.033e-25
2847.403529,1.249e-25
2847.423042,1.216e-25
2847.446427,4.881e-26
2847.456054,8.297e-25
2847.462511,1.891e-24
2847.46581,4.219e-25
2847.468405,7.349e-26
2847.469144,1.84e-23
2847.470758,1.977e-23
2847.473939,7.153000000000001e-26
2847.476768,2.518e-25
2847.483852,1.155e-24
2847.495721,1.563e-24
2847.496003,1.042e-26
2847.503581,1.019e-26
2847.50872,6.703e-23
2847.508942,1.68e-25
2847.511278,6.57e-23
2847.5135,7.349e-26
2847.514549,1.637e-24
2847.527544,3.653e-26
2847.53088,3.5640000000000004e-26
2847.53158,1.7670000000000002e-26
2847.53175,2.083e-23
2847.532075,2.138e-23
2847.532166,1.7260000000000002e-26
2847.538967,3.283e-23
2847.542383,3.214e-23
2847.551925,7.622e-23
2847.553765,7.474999999999999e-23
2847.554743,1.05e-24
2847.55767,1.703e-25
2847.565686,8.257e-26
2847.566763,1.65e-25
2847.567604,1.408e-24
2847.570927,1.671e-25
2847.573702,9.831e-23
2847.57444,9.643e-23
2847.580299,6.195e-24
2847.581202,6.0429999999999996e-24
2847.599274,4.141e-25
2847.60084,4.825e-25
2847.617916,4.615e-25
2847.647851,1.414e-24
2847.654096,1.784e-23
2847.654791,1.833e-23
2847.656665,2.878e-26
2847.660879,1.452e-24
2847.661057,1.93e-24
2847.661519,3.934e-25
2847.667725,2.002e-24
2847.667779,6.653e-25
2847.679862,3.764e-25
2847.681975,1.4369999999999998e-23
2847.682433,1.478e-23
2847.732679,6.253000000000001e-25
2847.745152,3.852e-25
2847.759859,8.037e-24
2847.769443,2.738e-23
2847.771658,2.668e-23
2847.774945,8.843999999999999e-24
2847.779269,8.42e-26
2847.783955,1.519e-23
2847.787509,1.6419999999999998e-23
2847.806735,5.521e-25
2847.815179,4.764e-26
2847.822847,2.207e-25
2847.824692,5.27e-25
2847.83762,2.411e-24
2847.841116,8.758000000000001e-26
2847.841646,1.076e-23
2847.84394,1.051e-23
2847.846818,8.519000000000001e-26
2847.847157,2.4810000000000003e-25
2847.847863,1.971e-24
2847.861987,1.992e-25
2847.871393,1.928e-25
2847.880269,2.117e-25
2847.892651,2.475e-23
2847.895695,2.421e-23
2847.912072,7.994e-24
2847.913471,8.237e-24
2847.917323,2.3760000000000003e-26
2847.939448,1.175e-23
2847.94067,2.1690000000000003e-26
2847.942141,2.1180000000000003e-26
2847.944141,5.968e-26
2847.946864,1.279e-23
2847.947249,3.417e-25
2847.948282,4.413e-26
2847.951721,4.3040000000000006e-26
2847.953749,1.503e-25
2847.959463,1.447e-25
2847.967294,2.3010000000000003e-26
2847.972841,1.706e-23
2847.97569,1.667e-23
2847.986343,3.7770000000000006e-26
2847.98643,1.073e-22
2847.988361,1.053e-22
2847.991826,6.303000000000001e-26
2848.002747,6.3070000000000005e-25
2848.003838,2.607e-25
2848.009836,4.47e-25
2848.010834,3.495e-25
2848.021678,6.006e-25
2848.028198,1.02e-24
2848.030821,4.6980000000000005e-25
2848.032746,9.448e-26
2848.036845,1.5899999999999999e-24
2848.038201,5.099e-27
2848.04006,1.063e-24
2848.046183,4.42e-26
2848.05286,3.423e-24
2848.057052,3.542e-24
2848.072728,2.542e-23
2848.073678,2.61e-23
2848.08461,9.948e-26
2848.088507,3.945e-25
2848.092057,1.422e-24
2848.092669,1.8e-26
2848.100394,8.765e-26
2848.102603,9.972e-25
2848.108765,9.434e-26
2848.140828,5.492e-24
2848.14107,8.358000000000001e-26
2848.143326,5.67e-24
2848.147295,5.6269999999999996e-27
2848.148658,4.116e-25
2848.156152,2.3230000000000003e-25
2848.164059,9.27e-25
2848.165893,2.246e-25
2848.169867,3.9e-25
2848.178198,4.033e-24
2848.188651,6.245000000000001e-26
2848.188871,7.195000000000001e-25
2848.197259,8.279e-25
2848.200923,3.083e-25
2848.203461,1.04e-25
2848.206927,3.909e-25
2848.208888,6.834e-25
2848.20934,1.011e-25
2848.217556,4.576e-24
2848.22142,6.348000000000001e-26
2848.221536,1.338e-24
2848.242638,2.329e-24
2848.257067,4.786e-23
2848.257078,4.213e-25
2848.25998,4.687e-23
2848.262864,3.1510000000000003e-25
2848.263486,2.673e-26
2848.266257,1.982e-24
2848.279965,1.225e-24
2848.284195,2.0159999999999998e-24
2848.312487,5.228e-27
2848.313938,4.012e-25
2848.317373,1.0099999999999999e-24
2848.323764,1.766e-24
2848.335848,1.6250000000000003e-26
2848.346913,2.523e-25
2848.350324,7.33e-27
2848.355003,7.014e-25
2848.357395,5.314e-26
2848.360574,1.065e-26
2848.360961,5.179000000000001e-26
2848.3651,8.199000000000001e-25
2848.380674,5.469e-26
2848.386336,7.766e-25
2848.391258,1.798e-24
2848.400062,1.752e-23
2848.401761,1.893e-23
2848.412843,6.615000000000001e-25
2848.41446,8.989e-26
2848.422711,2.805e-23
2848.424036,2.8799999999999995e-23
2848.427367,1.009e-22
2848.429898,9.888e-23
2848.432244,1.865e-24
2848.436468,2.639e-26
2848.437476,2.5760000000000003e-26
2848.440164,2.702e-25
2848.440311,3.523e-24
2848.440899,2.765e-25
2848.442102,2.1630000000000003e-25
2848.44344,3.618e-24
2848.450264,2.609e-25
2848.471665,9.72e-26
2848.495708,2.079e-25
2848.501253,2.8250000000000003e-25
2848.513255,2.6570000000000003e-25
2848.528222,1.092e-24
2848.531424,9.338e-25
2848.5509,1.184e-23
2848.551774,1.219e-23
2848.554043,8.816e-25
2848.55545,1.232e-25
2848.561514,1.196e-25
2848.57268,1.059e-24
2848.589245,1.1859999999999998e-22
2848.591764,1.566e-26
2848.594637,1.1629999999999998e-22
2848.598107,1.53e-26
2848.602363,1.574e-24
2848.616045,1.617e-24
2848.630137,1.518e-25
2848.639045,1.465e-25
2848.640363,3.1680000000000004e-26
2848.667187,2.464e-25
2848.68783,1.063e-24
2848.701844,6.459e-23
2848.703196,7.356999999999999e-24
2848.704573,6.326e-23
2848.71203,1e-24
2848.714022,3.1340000000000003e-25
2848.722303,8.185e-24
2848.724509,3.022e-25
2848.726007,2.517e-25
2848.730496,7.036e-24
2848.731049,6.858e-24
2848.737567,1.469e-23
2848.741543,1.5979999999999998e-23
2848.745952,7.797e-27
2848.746821,2.053e-24
2848.752893,2.832e-24
2848.754437,7.968e-27
2848.754562,2.133e-24
2848.756775,6.377e-26
2848.759069,2.395e-24
2848.760458,6.210000000000001e-26
2848.775951,5.424e-26
2848.782451,2.369e-23
2848.78281,2.434e-23
2848.786652,1.845e-24
2848.795799,2.8560000000000004e-26
2848.809329,1.078e-24
2848.819381,3.035e-24
2848.821186,2.562e-24
2848.822391,2.7820000000000005e-26
2848.827646,2.516e-25
2848.831071,1.667e-24
2848.834298,1.211e-24
2848.835608,2.428e-25
2848.838248,3.881e-23
2848.839377,3.2130000000000003e-26
2848.841053,3.1340000000000004e-26
2848.8415,3.797e-23
2848.846736,1.008e-25
2848.860288,8.067999999999999e-23
2848.86033,1.134e-24
2848.862743,9.826e-26
2848.862775,7.905e-23
2848.862889,1.0059999999999999e-24
2848.873548,2.021e-23
2848.874307,2.078e-23
2848.879799,2.184e-25
2848.889682,1.6189999999999998e-23
2848.890238,1.666e-23
2848.894623,1.112e-23
2848.89708,1.454e-25
2848.900225,9.245e-23
2848.902079,9.063e-23
2848.90334,1.411e-25
2848.90361,1.221e-23
2848.904099,4.233e-25
2848.92877,2.585e-25
2848.937136,2.229e-25
2848.947098,1.491e-24
2848.956395,4.04e-25
2848.957766,4.271e-26
2848.967384,4.341000000000001e-25
2848.970801,1.38e-24
2848.977725,3.625e-25
2848.988628,3.4899999999999998e-25
2848.989365,4.419e-25
2848.9965,1.374e-24
2848.998985,1.287e-24
2849.004642,3.046e-23
2849.004796,2.6580000000000003e-25
2849.005939,2.967e-23
2849.006142,2.719e-24
2849.007428,4.389e-25
2849.014307,4.659000000000001e-25
2849.014905,5.05e-26
2849.024292,2.365e-24
2849.031157,7.268000000000001e-25
2849.041423,1.235e-23
2849.041471,2.3449999999999998e-24
2849.043454,1.205e-23
2849.044736,8.928e-26
2849.050826,2.102e-25
2849.067351,1.055e-24
2849.072576,2.084e-24
2849.078746,1.924e-25
2849.081241,1.102e-24
2849.082074,8.856e-24
2849.083237,6.875000000000001e-25
2849.083715,9.135e-24
2849.093406,3.239e-24
2849.0973,1.576e-24
2849.099382,9.423e-26
2849.101086,2.022e-25
2849.114752,1.682e-23
2849.117175,1.829e-23
2849.121822,6.095e-26
2849.128053,1.4619999999999999e-24
2849.131057,1.4180000000000002e-26
2849.131266,3.87e-25
2849.134647,1.963e-25
2849.144975,7.626000000000001e-26
2849.14707,3.755e-24
2849.148804,7.422e-26
2849.161647,2.897e-23
2849.164539,2.832e-23
2849.169808,3.698e-24
2849.174663,3.831e-24
2849.194985,4.046e-25
2849.203317,1.2189999999999998e-22
2849.206608,1.195e-22
2849.210407,1.977e-23
2849.213058,1.931e-23
2849.213738,1.805e-24
2849.217793,7.565e-26
2849.228355,1.711e-25
2849.231271,4.183e-25
2849.234822,1.658e-25
2849.239278,1.488e-25
2849.242624,4.021e-25
2849.247626,1.663e-24
2849.25058,7.693e-26
2849.251126,1.44e-25
2849.264038,1.685e-25
2849.265383,9.809e-26
2849.285348,6.012e-24
2849.28825,6.214e-24
2849.288914,2.449e-25
2849.298641,3.882e-26
2849.300018,3.785e-26
2849.304693,9.351e-26
2849.30545,1.072e-25
2849.31855,1.7190000000000002e-25
2849.320027,2.075e-24
2849.348692,3.225e-24
2849.355473,2.7939999999999998e-24
2849.357845,1.897e-24
2849.366768,1.139e-25
2849.38881,6.373e-26
2849.407742,1.753e-23
2849.409366,1.906e-23
2849.416027,2.399e-24
2849.435685,1.468e-25
2849.458959,2.172e-24
2849.46864,1.196e-26
2849.474656,4.815e-25
2849.475359,1.223e-26
2849.478248,2.597e-25
2849.486499,4.621e-25
2849.488851,1.496e-25
2849.501489,2.7959999999999998e-24
2849.50477,1.1399999999999999e-24
2849.509253,3.934e-24
2849.509778,2.969e-23
2849.509948,2.889e-23
2849.5129,4.044e-24
2849.523122,9.09e-26
2849.524806,2.062e-24
2849.526922,8.837000000000001e-26
2849.540401,4.207e-25
2849.549163,1.74e-24
2849.549275,2.007e-25
2849.551453,2.5e-24
2849.552105,1.069e-24
2849.555961,1.944e-25
2849.561635,1.879e-24
2849.563573,1.79e-24
2849.570324,5.682e-23
2849.573124,1.933e-24
2849.573135,5.561e-23
2849.588788,4.024e-25
2849.593698,1.271e-25
2849.610556,2.32e-26
2849.615865,2.2640000000000003e-26
2849.616013,2.008e-24
2849.626913,3.404e-26
2849.634928,6.54e-24
2849.645559,1.296e-25
2849.649043,2.025e-25
2849.659736,7.379999999999999e-24
2849.660965,1.616e-24
2849.662661,3.391e-26
2849.691125,4.688e-26
2849.693008,4.5670000000000006e-26
2849.69635,1.951e-25
2849.696363,7.424e-25
2849.703587,1.498e-24
2849.705479,1.4000000000000002e-23
2849.707878,5.53e-25
2849.708981,3.272e-26
2849.71026,1.536e-23
2849.720256,5.298000000000001e-25
2849.73022,2.311e-25
2849.73494,1.319e-23
2849.735978,1.36e-23
2849.738086,1.095e-25
2849.74367,7.041e-25
2849.746408,1.2189999999999998e-22
2849.748274,1.194e-22
2849.749676,6.215000000000001e-26
2849.750235,4.803e-25
2849.765904,3.064e-24
2849.78037,2.71e-24
2849.783319,1.4199999999999999e-25
2849.787021,2.63e-24
2849.788681,1.116e-25
2849.793081,4.882e-25
2849.797869,1.376e-25
2849.81242,2.365e-24
2849.823332,2.168e-24
2849.832328,2.256e-24
2849.838716,1.034e-23
2849.839257,2.4910000000000003e-25
2849.849877,1.148e-23
2849.859842,2.347e-25
2849.86676,2.271e-25
2849.868857,9.384e-26
2849.872366,7.947e-24
2849.872528,7.74e-24
2849.89037,1.08e-25
2849.894405,1.049e-25
2849.900382,2.477e-25
2849.918223,9.557e-26
2849.92429,4.818e-26
2849.930933,6.339e-25
2849.933416,2.46e-25
2849.943898,6.061e-25
2849.94469,1.5119999999999998e-22
2849.950192,1.4819999999999998e-22
2849.961547,4.287e-25
2849.975224,5.765000000000001e-26
2849.979233,2.685e-23
2849.979631,2.761e-23
2849.986021,7.997000000000001e-26
2849.987585,6.504000000000001e-26
2849.991358,4.537e-25
2849.99231,2.311e-24
2850.021259,5.806e-26
2850.02699,8.344000000000001e-26
2850.029366,7.703e-23
2850.032009,7.541e-23
2850.034193,8.142000000000001e-26
2850.035227,6.829000000000001e-26
2850.045578,5.956000000000001e-26
2850.069184,2.765e-24
2850.084299,8.83e-26
2850.085318,2.278e-23
2850.086156,2.344e-23
2850.08706,1.814e-23
2850.087726,1.868e-23
2850.089584,6.779000000000001e-26
2850.097923,1.079e-24
2850.108963,3.752e-25
2850.11104,6.318e-27
2850.114227,1.131e-24
2850.118066,5.627e-26
2850.119775,5.479e-26
2850.127379,4.565e-23
2850.130465,4.465e-23
2850.136596,6.899000000000001e-26
2850.143816,7.253000000000001e-25
2850.151,2.087e-25
2850.157428,6.92e-25
2850.160053,2.738e-25
2850.166028,4.141e-25
2850.16722,2.6450000000000003e-25
2850.175584,3.93e-25
2850.179555,5.716e-26
2850.186102,1.262e-25
2850.1891,1.186e-24
2850.189771,1.8010000000000002e-26
2850.194947,1.845e-26
2850.201498,9.668e-23
2850.20391,9.468e-23
2850.211038,3.967e-25
2850.218039,6.875e-26
2850.225439,5.816e-26
2850.2271,3.551e-23
2850.228236,3.98e-26
2850.228986,3.454e-23
2850.231426,1.116e-24
2850.232219,1.409e-23
2850.233959,1.374e-23
2850.236773,1.936e-25
2850.241984,9.759e-24
2850.243901,1.008e-23
2850.24737,1.279e-25
2850.248183,1.114e-22
2850.250026,1.091e-22
2850.251197,1.329e-25
2850.25155,1.2420000000000002e-25
2850.251742,2.242e-24
2850.25176,3.874e-26
2850.26487,1.32e-25
2850.277089,3.97e-24
2850.281457,1.868e-25
2850.281895,1.282e-25
2850.282238,7.977e-26
2850.282712,4.118e-24
2850.282995,2.059e-24
2850.293628,7.148000000000001e-26
2850.295103,7.78e-26
2850.29747,3.564e-24
2850.301511,3.145e-24
2850.30536,1.623e-23
2850.307562,1.779e-23
2850.313065,1.4489999999999998e-22
2850.313784,1.42e-22
2850.317298,8.002e-27
2850.319644,1.063e-25
2850.332172,3.778e-24
2850.334131,3.33e-24
2850.346523,8.285e-25
2850.350706,7.489e-25
2850.357061,7.285000000000001e-26
2850.357924,1.013e-25
2850.358934,8.726000000000001e-26
2850.360852,7.886000000000001e-25
2850.363401,1.716e-24
2850.370137,2.231e-25
2850.392822,8.875000000000001e-26
2850.394006,7.121e-25
2850.40078,1.598e-24
2850.419945,6.544e-24
2850.42096,3.374e-23
2850.42331,6.771e-24
2850.423688,3.296e-23
2850.438563,2.279e-23
2850.440997,2.225e-23
2850.44991,3.184e-25
2850.457342,3.072e-25
2850.48844,1.911e-24
2850.496893,6.744000000000001e-26
2850.498989,6.562000000000001e-26
2850.503244,3.367e-24
2850.503666,1.969e-24
2850.515445,3.018e-24
2850.518144,5.28e-25
2850.521383,2.874e-24
2850.532234,3.281e-23
2850.533114,3.374e-23
2850.539047,9.451e-25
2850.539137,9.968e-27
2850.542727,2.61e-24
2850.550587,1.761e-25
2850.554175,8.972e-25
2850.554361,5.5799999999999996e-24
2850.557567,3.389e-26
2850.562026,3.302e-26
2850.563737,5.386e-25
2850.570714,4.366e-24
2850.574951,4.493e-24
2850.587615,6.414e-24
2850.593644,1.51e-25
2850.597974,1.464e-25
2850.623119,3.444e-26
2850.642726,1.316e-23
2850.648354,1.457e-23
2850.650101,2.112e-25
2850.667652,2.008e-24
2850.687049,1.197e-25
2850.695588,7.121000000000001e-26
2850.706324,1.164e-25
2850.71157,2.0849999999999998e-24
2850.72138,1.077e-24
2850.723134,1.581e-22
2850.724773,1.55e-22
2850.729411,3.692e-25
2850.737128,3.558e-25
2850.737406,1.019e-24
2850.744217,2.258e-25
2850.77181,9.409e-24
2850.781015,4.04e-25
2850.786029,1.058e-23
2850.7883,1.892e-25
2850.789457,1.181e-26
2850.801491,1.06e-25
2850.814026,1.837e-25
2850.814042,3.885e-24
2850.819485,3.476e-24
2850.823081,3.877e-25
2850.856368,1.775e-25
2850.86244,1.216e-24
2850.867672,1.233e-24
2850.871034,3.628e-23
2850.872434,3.731e-23
2850.873534,6.712999999999999e-23
2850.876237,6.567999999999999e-23
2850.881552,6.503e-27
2850.888231,5.404e-26
2850.890186,5.259000000000001e-26
2850.890567,2.27e-24
2850.893512,1.226e-24
2850.894725,8.042000000000001e-26
2850.896738,7.818000000000001e-26
2850.900663,1.148e-24
2850.901034,2.368e-24
2850.903643,2.669e-26
2850.907483,2.737e-26
2850.908769,1.4629999999999998e-23
2850.909993,1.509e-23
2850.910554,1.157e-24
2850.926246,4.062e-25
2850.928154,6.596e-26
2850.928164,1.317e-25
2850.929555,1.777e-25
2850.934037,1.7220000000000002e-25
2850.937472,1.119e-25
2850.943004,9.012e-27
2850.962117,4.319000000000001e-25
2850.96659,3.033e-26
2850.967725,2.389e-24
2850.981514,1.2880000000000002e-26
2850.986676,1.553e-24
2850.992103,1.9180000000000003e-26
2850.994247,7.475e-25
2850.994739,2.208e-24
2850.998556,4.271e-25
2851.00507,6.961e-26
2851.005649,8.687e-24
2851.005929,8.926e-24
2851.006579,4.11e-25
2851.0204,7.694000000000001e-26
2851.02929,7.145e-26
2851.03304,1.522e-23
2851.034144,7.124e-25
2851.035671,1.6839999999999998e-23
2851.04429,8.041000000000001e-26
2851.053516,1.06e-25
2851.05457,1.791e-24
2851.055432,1.3959999999999999e-24
2851.056377,1.472e-25
2851.073635,1.313e-24
2851.074811,1.032e-25
2851.081032,8.167000000000001e-26
2851.087804,1.675e-24
2851.119861,1.092e-24
2851.124489,3.609e-25
2851.125176,1.544e-25
2851.13906,1.147e-24
2851.141697,1.4679999999999998e-22
2851.144065,1.4379999999999998e-22
2851.187876,1.423e-25
2851.195031,3.788e-25
2851.205044,3.025e-23
2851.205504,3.113e-23
2851.207123,1.5899999999999999e-24
2851.226666,1.489e-24
2851.227935,1.173e-24
2851.244501,3.078e-24
2851.246236,3.626e-24
2851.254843,2.084e-25
2851.256492,3.285e-24
2851.257342,4.928e-25
2851.257496,9.568e-26
2851.259487,2.018e-25
2851.259811,9.295e-26
2851.262855,2.819e-24
2851.265696,4.735e-25
2851.267027,1.115e-25
2851.270336,1.133e-24
2851.27079,5.764e-25
2851.274169,2.023e-23
2851.274957,2.085e-23
2851.275274,4.7670000000000006e-26
2851.282667,7.364e-26
2851.285071,2.554e-23
2851.285985,2.631e-23
2851.289961,8.422000000000001e-26
2851.304684,1.06e-25
2851.305308,1.592e-23
2851.306925,1.7599999999999997e-23
2851.317909,4.5830000000000005e-26
2851.319156,5.897e-25
2851.323735,1.7349999999999998e-22
2851.328789,1.7000000000000002e-22
2851.346718,9.145e-23
2851.348566,1.813e-24
2851.34927,8.948999999999999e-23
2851.368492,9.173e-26
2851.368921,1.478e-25
2851.369674,1.6889999999999998e-24
2851.374691,4.232e-24
2851.380811,1.732e-25
2851.381204,4.398e-24
2851.385384,3.909e-25
2851.39157,8.946e-26
2851.391795,1.069e-23
2851.394028,1.105e-23
2851.405972,1.035e-25
2851.406389,5.344e-23
2851.409305,5.224e-23
2851.414037,1.6000000000000002e-23
2851.415453,1.5589999999999998e-23
2851.420391,2.084e-24
2851.421052,1.675e-25
2851.424867,3.757e-25
2851.433919,3.936e-23
2851.434862,3.827e-23
2851.436538,2.1499999999999998e-24
2851.437587,4.8790000000000006e-26
2851.440114,1.053e-25
2851.441368,4.7480000000000006e-26
2851.460088,4.462e-24
2851.479731,2.07e-24
2851.501263,1.556e-25
2851.502696,1.918e-24
2851.505767,5.6720000000000005e-25
2851.50663,5.266e-24
2851.514481,5.441e-25
2851.524871,1.232e-24
2851.529588,5.5e-26
2851.53259,1.153e-22
2851.534924,1.129e-22
2851.544608,7.079999999999999e-24
2851.548507,7.335e-24
2851.549887,5.337000000000001e-26
2851.559686,1.167e-24
2851.568977,8.015e-26
2851.569702,2.438e-25
2851.574515,2.357e-25
2851.578719,1.3379999999999998e-22
2851.580551,1.31e-22
2851.584237,1.214e-23
2851.591278,1.361e-23
2851.60058,2.37e-24
2851.604947,3.891e-26
2851.607643,3.9960000000000006e-26
2851.624757,4.8159999999999996e-24
2851.625789,2.181e-24
2851.627031,7.388e-25
2851.628614,1.134e-25
2851.629667,4.961e-24
2851.630915,1.1e-25
2851.636776,7.761e-26
2851.641808,2.8550000000000005e-26
2851.646084,8.220000000000001e-26
2851.657305,2.615e-23
2851.659501,2.551e-23
2851.661384,7.579000000000001e-26
2851.664008,7.056e-25
2851.670586,3.91e-23
2851.672926,2.504e-24
2851.673136,3.819e-23
2851.693384,8.313e-24
2851.696629,2.327e-24
2851.703292,6.186e-26
2851.711056,2.7249999999999998e-24
2851.712073,9.5e-24
2851.713389,6.038e-26
2851.734581,1.843e-24
2851.73904,2.488e-24
2851.74383,6.515e-25
2851.752935,6.238000000000001e-25
2851.764474,1.731e-24
2851.79916,4.134e-24
2851.799384,4.366e-24
2851.801521,3.948e-24
2851.802252,3.74e-24
2851.811069,3.15e-24
2851.821905,2.133e-24
2851.842594,2.849e-24
2851.853411,5.966000000000001e-26
2851.863732,6.425e-26
2851.86769,2.217e-24
2851.873998,2.843e-25
2851.87474,7.565e-26
2851.87899,2.746e-25
2851.88326,3.732e-25
2851.889597,6.281000000000001e-26
2851.900473,3.671e-24
2851.91638,1.706e-25
2851.917851,5.413e-27
2851.918148,1.7719999999999998e-22
2851.92018,1.924e-25
2851.92123,1.7359999999999998e-22
2851.926768,3.989e-25
2851.931941,3.689e-23
2851.93199,3.797e-23
2851.936714,3.281e-24
2851.937132,1.622e-25
2851.948499,2.358e-24
2851.955623,3.847e-24
2851.956972,3.243e-24
2851.960697,2.465e-24
2851.964849,3.5159999999999996e-24
2851.971526,7.467e-25
2851.973041,2.9909999999999998e-24
2851.973589,1.3399999999999999e-25
2851.975479,1.57e-25
2851.976134,1.299e-25
2851.979003,4.327e-24
2851.979154,3.753e-25
2851.979829,8.321000000000001e-26
2851.981061,7.136e-25
2851.988964,1.785e-25
2851.994393,6.999e-26
2852.0039,8.549000000000001e-26
2852.007801,6.248000000000001e-25
2852.016355,3.613e-25
2852.021956,3.805e-24
2852.048602,2.02e-25
2852.055268,5.206000000000001e-26
2852.058502,7.455000000000001e-26
2852.059015,6.407e-25
2852.072381,1.613e-23
2852.073814,1.666e-23
2852.082091,5.096e-26
2852.084596,3.585e-25
2852.097327,3.431e-25
2852.100876,6.955e-27
2852.108167,6.683000000000001e-26
2852.112332,1.128e-25
2852.130426,9.694e-24
2852.131202,9.97e-24
2852.1331,1.09e-24
2852.143822,3.571e-25
2852.149847,1.069e-25
2852.155795,1.149e-24
2852.156598,6.984e-26
2852.164183,9.501e-26
2852.16667,7.896e-23
2852.167143,1.423e-23
2852.167829,3.3060000000000003e-25
2852.169259,7.72e-23
2852.170099,1.592e-23
2852.171504,3.608e-25
2852.173012,3.19e-25
2852.176451,1.235e-24
2852.188854,8.543e-25
2852.198859,8.147e-25
2852.208399,1.173e-24
2852.23391,4.38e-24
2852.238734,3.999e-24
2852.249088,7.238000000000001e-25
2852.254953,6.929000000000001e-26
2852.258208,6.732e-26
2852.283365,8.99e-27
2852.283539,6.926000000000001e-25
2852.288834,5.585e-26
2852.290556,5.744e-26
2852.319741,1.577e-25
2852.322323,1.528e-25
2852.345224,2.256e-24
2852.348814,3.17e-24
2852.362419,2.33e-24
2852.36747,2.587e-24
2852.385384,3.394e-23
2852.385876,3.496e-23
2852.388527,2.417e-24
2852.395807,9.759e-25
2852.403507,1.874e-24
2852.406335,9.283e-25
2852.418183,3.893e-24
2852.430665,1.767e-24
2852.443445,1.759e-22
2852.445292,1.722e-22
2852.450952,2.244e-23
2852.451128,3.835e-25
2852.451877,2.315e-23
2852.455209,2.381e-25
2852.456516,3.694e-25
2852.462595,4.481e-24
2852.468582,1.167e-26
2852.470144,4.664e-24
2852.476285,2.85e-23
2852.477292,2.938e-23
2852.482993,1.509e-25
2852.490182,5.04e-26
2852.503327,1.095e-23
2852.508891,1.654e-25
2852.512198,1.246e-23
2852.519626,1.463e-25
2852.526599,1.184e-25
2852.531499,1.165e-23
2852.534093,1.206e-23
2852.561782,1.205e-25
2852.562335,3.578e-25
2852.577274,9.528e-26
2852.579611,2.4940000000000003e-25
2852.58688,1.807e-23
2852.587936,1.7599999999999997e-23
2852.592382,1.113e-24
2852.597509,3.4490000000000003e-25
2852.60023,1.775e-25
2852.602874,7.049e-24
2852.603491,1.056e-24
2852.612578,6.594e-26
2852.628449,8.238e-24
2852.642272,4.518e-23
2852.643842,4.388e-23
2852.645692,1.851e-25
2852.648482,1.792e-25
2852.653929,1.081e-22
2852.656387,1.057e-22
2852.658145,3.372e-24
2852.659327,7.612e-24
2852.659911,2.184e-22
2852.66156,1.514e-26
2852.663841,7.898e-24
2852.665047,2.139e-22
2852.671442,5.277e-24
2852.672442,3.128e-24
2852.675291,6.226999999999999e-23
2852.677122,5.442e-24
2852.67803,6.084e-23
2852.685249,4.02e-24
2852.693175,3.702e-24
2852.703892,7.514e-26
2852.705826,9.004e-26
2852.721289,7.276e-26
2852.723944,4.435e-25
2852.728738,6.721e-25
2852.729551,4.267e-25
2852.753716,6.610000000000001e-26
2852.764303,5.973e-26
2852.766304,1.965e-25
2852.778573,1.2679999999999999e-24
2852.782912,6.906000000000001e-25
2852.790332,1.2e-24
2852.792639,6.325e-26
2852.817022,8.684e-26
2852.817222,1.226e-24
2852.826694,6.29e-26
2852.832276,3.2830000000000003e-25
2852.842855,2.054e-25
2852.846731,1.167e-24
2852.853339,1.369e-22
2852.855592,1.34e-22
2852.860441,7.033e-25
2852.861077,1.099e-25
2852.866632,2.986e-23
2852.868566,2.911e-23
2852.870597,1.937e-26
2852.885563,3.532e-25
2852.892689,6.743e-25
2852.899022,1.038e-25
2852.906515,1.5969999999999997e-22
2852.908324,1.563e-22
2852.910123,1.291e-23
2852.910517,4.51e-23
2852.912788,2.21e-24
2852.912874,4.402e-23
2852.913342,1.466e-23
2852.927095,1.086e-25
2852.933661,8.551e-26
2852.945744,9.919e-26
2852.95095,7.897e-26
2852.951405,4.1499999999999993e-23
2852.951847,8.135000000000001e-26
2852.952228,4.275e-23
2852.954372,1.445e-24
2852.959817,2.298e-24
2852.966866,1.362e-24
2852.968124,2.1660000000000003e-25
2852.969608,1.02e-25
2852.970776,6.268000000000001e-26
2852.97099,2.094e-25
2852.973996,2.834e-25
2852.986245,5.118e-25
2852.992087,4.916e-25
2852.997089,2.427e-24
2853.011339,2.542e-24
2853.012358,2.096e-22
2853.01307,2.052e-22
2853.013509,9.711e-26
2853.016376,9.417e-26
2853.018393,1.396e-25
2853.020561,5.445e-27
2853.039035,6.702e-26
2853.05144,2.642e-24
2853.053469,1.354e-25
2853.061395,1.8859999999999998e-24
2853.070341,2.479e-24
2853.086285,1.783e-24
2853.090009,3.229e-25
2853.094385,2.9630000000000003e-25
2853.110773,2.346e-26
2853.11797,7.319e-27
2853.119771,1.645e-24
2853.133101,1.545e-24
2853.134937,3.387e-25
2853.137546,1.0719999999999999e-24
2853.149785,1.141e-25
2853.161713,1.358e-23
2853.163315,1.5409999999999998e-23
2853.164501,1.134e-24
2853.168299,3.269e-25
2853.168674,3.405e-25
2853.198277,1.005e-26
2853.202051,9.726e-26
2853.210804,1.681e-24
2853.22021,4.782e-24
2853.222547,4.398e-24
2853.225768,1.769e-23
2853.22744,1.829e-23
2853.238051,5.891e-25
2853.244147,5.6490000000000005e-25
2853.246869,1.075e-23
2853.248207,1.107e-23
2853.257932,4.531e-24
2853.259301,1.417e-26
2853.260542,4.168e-24
2853.263153,2.423e-24
2853.274208,2.528e-25
2853.274759,1.873e-24
2853.277261,2.441e-25
2853.278995,4.6e-23
2853.280454,4.738e-23
2853.281548,2.506e-24
2853.282294,5.243e-26
2853.289049,1.7519999999999998e-24
2853.297758,2.07e-26
2853.308418,3.1780000000000004e-26
2853.325563,2.21e-24
2853.349215,3.464e-24
2853.362084,3.23e-24
2853.363702,4.16e-24
2853.371233,3.855e-24
2853.418123,2.288e-22
2853.419201,9.586e-24
2853.41932,2.135e-24
2853.4195,2.2400000000000002e-22
2853.431039,1.113e-23
2853.433078,7.17e-25
2853.434728,1.987e-24
2853.447212,1.206e-24
2853.449748,9.243e-23
2853.452216,9.033e-23
2853.461108,6.783e-25
2853.46325,1.655e-25
2853.474628,1.151e-24
2853.476559,3.27e-25
2853.479349,6.766e-25
2853.485721,6.477e-25
2853.490356,7.382e-25
2853.491422,6.514e-25
2853.49877,5.603e-24
2853.507925,1.115e-25
2853.51927,1.027e-25
2853.535757,6.765e-24
2853.540781,4.709e-24
2853.54333,1.284e-25
2853.54954,4.911e-24
2853.553436,2.438e-24
2853.558321,9.657e-26
2853.570162,2.256e-24
2853.573789,2.941e-25
2853.576952,2.836e-25
2853.576986,1.246e-25
2853.583911,1.376e-25
2853.586797,3.786e-23
2853.587372,3.903e-23
2853.587447,1.101e-25
2853.587647,1.136e-25
2853.593006,3.413e-25
2853.606403,2.25e-25
2853.608212,4.702e-24
2853.612734,4.3529999999999996e-24
2853.61744,2.476e-23
2853.618519,2.557e-23
2853.619554,1.4010000000000002e-25
2853.651339,1.57e-25
2853.656082,3.163e-23
2853.656244,5.184e-27
2853.657184,3.264e-23
2853.661087,1.262e-23
2853.664095,1.308e-23
2853.677081,2.7919999999999998e-24
2853.687191,2.351e-25
2853.695387,2.567e-24
2853.696962,3.186e-25
2853.708278,1.879e-24
2853.710145,7.756e-25
2853.71083,5.743e-24
2853.716608,1.343e-25
2853.716819,7.409e-25
2853.717394,5.9289999999999996e-24
2853.719206,1.3e-25
2853.724924,2.6699999999999998e-24
2853.7287,3.079e-25
2853.731268,1.782e-24
2853.742037,2.514e-24
2853.750751,2.031e-23
2853.751404,1.975e-23
2853.756711,1.016e-25
2853.758331,9.921e-26
2853.764089,8.132e-24
2853.769313,8.451e-24
2853.77142,9.818e-26
2853.772799,2.701e-25
2853.777398,7.052e-26
2853.77999,1.172e-25
2853.782946,1.206e-24
2853.790218,3.2099999999999997e-24
2853.810455,2.927e-24
2853.815168,2.098e-22
2853.817378,2.053e-22
2853.822003,5.574000000000001e-26
2853.822422,4.985e-23
2853.823012,4.839e-23
2853.82413,1.16e-24
2853.833487,6.663e-27
2853.838862,2.929e-25
2853.859444,3.412e-25
2853.862787,3.2860000000000003e-25
2853.877542,6.903e-26
2853.89279,3.7109999999999996e-24
2853.898211,6.316000000000001e-26
2853.903075,1.179e-25
2853.908934,1.077e-25
2853.915454,3.352e-24
2853.926662,1.214e-25
2853.930433,8.874e-25
2853.933537,5.521000000000001e-26
2853.934106,7.220999999999999e-23
2853.936661,7.050999999999999e-23
2853.937437,8.458e-25
2853.950974,1.2709999999999998e-22
2853.953331,1.243e-22
2853.962934,3.677e-25
2853.984709,4.325e-24
2853.985118,1.153e-23
2853.989434,1.333e-23
2853.993149,1.306e-25
2854.005629,8.636e-27
2854.00639,5.929e-26
2854.010533,3.86e-24
2854.015887,2.493e-22
2854.020631,2.441e-22
2854.02854,3.522e-24
2854.036295,2.472e-24
2854.040271,3.299e-24
2854.04318,2.321e-24
2854.051099,6.494e-25
2854.052989,2.5969999999999998e-24
2854.054674,3.002e-25
2854.0578,1.174e-25
2854.065824,5.096e-24
2854.066444,1.177e-24
2854.066539,3.391e-23
2854.068185,3.304e-23
2854.075546,3.832e-25
2854.079703,6.246000000000001e-25
2854.0839,4.249e-24
2854.090158,1.14e-25
2854.090368,3.958e-24
2854.092047,1.126e-24
2854.092088,2.415e-24
2854.093158,9.171e-26
2854.095978,4.4789999999999996e-24
2854.096849,9.057e-26
2854.120197,7.58e-25
2854.132048,8.619e-26
2854.133071,1.035e-24
2854.13413,8.581e-26
2854.135849,6.0999999999999996e-24
2854.136765,3.948e-25
2854.137871,3.173e-25
2854.140214,1.014e-24
2854.140246,3.797e-25
2854.14075,5.177e-23
2854.142896,5.049e-23
2854.147583,9.637e-25
2854.163948,1.618e-22
2854.165272,1.099e-24
2854.166117,1.5829999999999998e-22
2854.172438,5.249e-24
2854.174191,1.13e-26
2854.174404,2.58e-24
2854.180742,7.818e-25
2854.194184,2.6719999999999998e-24
2854.194595,1.5650000000000002e-25
2854.194984,1.513e-25
2854.207937,2.282e-25
2854.218647,1.899e-22
2854.220429,1.859e-22
2854.232664,5.046e-25
2854.248414,2.9780000000000003e-25
2854.278687,2.881e-25
2854.289849,5.043e-25
2854.312593,4.618e-23
2854.312828,4.761e-23
2854.314637,6.507000000000001e-26
2854.317622,8.05e-24
2854.334098,9.615e-24
2854.339482,1.156e-24
2854.341371,1.492e-26
2854.344176,1.856e-24
2854.347257,1.096e-24
2854.354988,1.186e-23
2854.356963,1.222e-23
2854.364555,6.772e-26
2854.365557,1.765e-24
2854.367115,1.836e-25
2854.367316,2.1660000000000003e-25
2854.368922,1.93e-23
2854.369551,1.773e-25
2854.370866,1.997e-23
2854.377334,3.954e-24
2854.387959,2.6719999999999998e-24
2854.401631,4.556e-25
2854.403568,2.525e-24
2854.405298,4.3750000000000005e-25
2854.42673,1.317e-25
2854.433168,4.045e-25
2854.435473,5.027e-24
2854.436996,2.56e-25
2854.445387,9.97e-26
2854.510486,1.988e-26
2854.522372,2.676e-25
2854.524639,1.072e-25
2854.528237,1.318e-24
2854.536464,1.246e-24
2854.542074,4.209e-25
2854.561801,1.067e-25
2854.588989,7.79e-26
2854.591262,2.532e-22
2854.592968,1.038e-25
2854.593801,5.02e-24
2854.594192,2.478e-22
2854.596364,4.673e-24
2854.609225,4.91e-24
2854.619403,5.131e-24
2854.630421,6.176e-25
2854.632888,7.239000000000001e-26
2854.657082,5.246e-25
2854.657507,5.949000000000001e-25
2854.660917,5.029e-25
2854.673562,4.7509999999999996e-24
2854.674933,1.1399999999999999e-24
2854.675917,4.424e-24
2854.686824,2.663e-26
2854.688149,1.558e-25
2854.694278,1.361e-25
2854.698591,3.547e-24
2854.698955,1.092e-24
2854.704025,1.971e-25
2854.70518,1.104e-25
2854.706471,1.4999999999999998e-24
2854.70655,1.311e-25
2854.709358,3.336e-24
2854.715207,1.414e-24
2854.722753,1.077e-22
2854.724824,1.586e-25
2854.725092,1.052e-22
2854.727517,4.312e-24
2854.734004,4.035e-24
2854.742978,6.206e-24
2854.745478,9.907e-24
2854.7501,4.205e-23
2854.750317,1.176e-23
2854.750562,6.416e-24
2854.75071,4.339e-23
2854.769812,2.13e-25
2854.770706,2.054e-25
2854.771511,1.536e-25
2854.773599,2.718e-23
2854.774851,2.81e-23
2854.779432,9.41e-26
2854.78055,1.3589999999999998e-23
2854.784032,1.41e-23
2854.787199,2.1590000000000003e-25
2854.789293,2.767e-25
2854.789331,7.932e-25
2854.81824,2.6799999999999998e-25
2854.826728,3.493e-23
2854.827942,3.608e-23
2854.847328,1.821e-25
2854.852143,1.3990000000000002e-25
2854.853325,8.198000000000001e-25
2854.858879,8.63e-24
2854.864927,8.983e-24
2854.874181,1.708e-24
2854.875365,1.441e-25
2854.879509,3.5330000000000006e-26
2854.883495,1.603e-24
2854.887315,4.3670000000000005e-25
2854.897377,8.577000000000001e-26
2854.900939,6.027e-25
2854.904975,5.766e-25
2854.905652,2.269e-23
2854.905855,2.205e-23
2854.906552,5.482e-27
2854.936769,4.852e-24
2854.938296,9.65e-26
2854.941153,4.539e-24
2854.941294,2.795e-25
2854.961184,1.692e-25
2854.961981,1.826e-25
2854.967441,2.48e-25
2854.968116,1.625e-25
2854.969101,1.818e-24
2854.969808,2.388e-25
2854.97178,5.1490000000000005e-26
2854.976757,1.056e-23
2854.97834,1.251e-23
2854.989112,1.734e-24
2854.992653,4.536e-25
2855.012783,6.245000000000001e-26
2855.014997,5.637999999999999e-23
2855.016262,5.468e-23
2855.016931,7.325e-27
2855.027619,2.756e-25
2855.031358,1.945e-24
2855.035836,9.437e-26
2855.04064,2.651e-24
2855.041334,1.818e-24
2855.054967,2.512e-24
2855.060909,5.754e-26
2855.066055,2.49e-24
2855.075482,5.820000000000001e-26
2855.079023,2.6570000000000003e-25
2855.079207,2.721e-24
2855.085684,2.623e-24
2855.100111,2.492e-22
2855.100599,2.824e-24
2855.101919,2.438e-22
2855.106236,4.419e-26
2855.112287,9.976e-27
2855.116157,2.922e-25
2855.119496,9.759e-25
2855.127767,2.394e-24
2855.13477,6.909000000000001e-25
2855.139007,6.597000000000001e-25
2855.158237,1.042e-24
2855.177994,2.218e-24
2855.178126,2.493e-24
2855.179443,1.7230000000000002e-25
2855.182847,8.332999999999999e-23
2855.185209,8.132e-23
2855.188736,2.063e-24
2855.191207,1.392e-26
2855.19372,1.691e-25
2855.19908,5.835e-25
2855.206421,6.329999999999999e-24
2855.213823,6.991e-26
2855.224809,5.628000000000001e-25
2855.225296,2.071e-24
2855.231284,7.884e-24
2855.237868,1.488e-22
2855.240119,1.454e-22
2855.251604,2.004e-26
2855.257025,3.832e-23
2855.258351,3.73e-23
2855.258467,2.894e-25
2855.272688,1.097e-24
2855.276355,8.347e-26
2855.290236,3.009e-26
2855.290551,5.558e-27
2855.295322,1.052e-24
2855.301734,4.794e-26
2855.303806,1.229e-25
2855.310878,2.865e-25
2855.312213,2.755e-25
2855.314076,2.533e-24
2855.319597,2.556e-25
2855.325435,4.635000000000001e-25
2855.325716,2.342e-24
2855.329945,5.145e-23
2855.33073,5.309e-23
2855.331344,2.9e-24
2855.332462,3.1e-22
2855.335276,1.1620000000000002e-25
2855.337235,3.033e-22
2855.344736,1.573e-25
2855.34734,2.477e-25
2855.348869,3.028e-25
2855.355947,3.541e-24
2855.357487,7.906000000000001e-25
2855.361277,5.912e-23
2855.361955,7.532000000000001e-25
2855.363194,5.761999999999999e-23
2855.365948,3.342e-24
2855.427347,4.809e-25
2855.439544,8.205000000000001e-25
2855.439587,2.9e-24
2855.442928,4.3199999999999995e-24
2855.448399,4.059e-24
2855.452297,2.663e-24
2855.454793,1.3e-23
2855.457492,1.341e-23
2855.460178,7.18e-27
2855.464233,1.904e-22
2855.466313,1.861e-22
2855.501837,2.093e-23
2855.50409,2.169e-23
2855.507177,8.498e-25
2855.519569,3.3140000000000003e-25
2855.520058,5.529e-26
2855.52195,3.182e-25
2855.523481,1.807e-25
2855.52629,2.247e-22
2855.528036,2.197e-22
2855.533588,1.735e-25
2855.554504,3.334e-24
2855.568511,3.037e-24
2855.569852,9.032e-25
2855.574563,8.584e-25
2855.583057,1.768e-24
2855.601893,1.6889999999999998e-24
2855.622861,9.366e-27
2855.624557,1.076e-25
2855.646694,5.715999999999999e-23
2855.648227,5.896e-23
2855.649562,6.814000000000001e-26
2855.658793,3.855e-24
2855.664159,3.208e-25
2855.667896,5.0759999999999996e-24
2855.671702,2.977e-22
2855.672031,1.074e-25
2855.672417,2.913e-22
2855.674411,3.478e-24
2855.679748,5.317e-24
2855.682963,2.608e-24
2855.696182,2.479e-24
2855.71823,3.359e-25
2855.731423,1.194e-25
2855.74759,4.847e-25
2855.749982,1.778e-25
2855.7524,4.492e-24
2855.757078,5.479e-25
2855.758325,8.176e-24
2855.765905,1.007e-23
2855.767943,6.656e-24
2855.770079,4.005e-24
2855.771357,1.03e-24
2855.776343,9.766e-25
2855.776706,6.89e-24
2855.779598,1.236e-26
2855.781589,5.291000000000001e-25
2855.782725,1.915e-25
2855.785025,3.053e-25
2855.787305,1.811e-25
2855.793338,1.655e-25
2855.813933,2.566e-25
2855.815793,3.812e-25
2855.816091,1.707e-25
2855.817524,3.654e-25
2855.835242,5.294e-24
2855.839324,2.347e-25
2855.846217,5.0220000000000005e-25
2855.855668,4.647e-24
2855.859717,1.048e-24
2855.865968,2.277e-25
2855.881126,1.0069999999999999e-24
2855.889876,1.4549999999999998e-23
2855.893905,1.5119999999999998e-23
2855.893913,3.166e-25
2855.907163,6.336e-24
2855.917357,2.402e-25
2855.919292,5.087e-24
2855.919441,2.967e-23
2855.920889,3.071e-23
2855.922105,4.778e-24
2855.92761,4.643e-23
2855.928321,4.796e-23
2855.931487,5.4499999999999996e-24
2855.931809,1.653e-26
2855.943679,9.095e-24
2855.950687,9.484e-24
2855.962346,1.174e-24
2855.967635,1.11e-24
2855.967856,7.757e-24
2855.972222,1.291e-25
2855.977802,2.841e-24
2855.981771,2.4950000000000003e-25
2855.985692,1.2489999999999998e-22
2855.986353,3.838e-23
2855.987683,3.968e-23
2855.987894,1.2189999999999998e-22
2855.998308,6.477e-24
2856.001082,2.953e-24
2856.005401,3.507e-24
2856.014707,3.32e-24
2856.025099,4.386e-25
2856.027569,4.196e-25
2856.027816,7.468000000000001e-26
2856.045742,4.805e-24
2856.046959,4.314e-24
2856.04797,4.513e-24
2856.051285,2.448e-23
2856.051587,2.52e-23
2856.052772,4.069e-24
2856.067282,1.261e-25
2856.069664,8.373000000000001e-25
2856.071278,3.249e-25
2856.071633,3.252e-22
2856.072776,3.182e-22
2856.075991,4.406e-24
2856.076012,2.6550000000000003e-25
2856.0816,2.243e-26
2856.086293,2.4749999999999998e-24
2856.096559,8.924e-25
2856.109475,2.616e-24
2856.114205,1.59e-26
2856.11805,5.89e-24
2856.118867,1.0380000000000002e-26
2856.141119,8.693e-25
2856.1426,1.337e-24
2856.143007,1.6330000000000002e-26
2856.143576,9.583e-25
2856.148254,1.259e-24
2856.150781,1.063e-26
2856.153844,5e-25
2856.159666,2.389e-26
2856.167242,3.404e-25
2856.169459,6.189999999999999e-23
2856.169723,5.997e-23
2856.174952,6.630000000000001e-27
2856.185075,2.4570000000000003e-26
2856.186047,1.707e-24
2856.203869,1.634e-24
2856.206558,1.182e-24
2856.208176,6.745e-27
2856.219369,4.843e-24
2856.223712,4.565e-24
2856.232243,3.0910000000000003e-26
2856.23721,2.487e-24
2856.247475,1.131e-24
2856.249325,5.175e-25
2856.251647,2.379e-25
2856.252893,3.5190000000000005e-26
2856.259876,2.276e-25
2856.261945,1.883e-25
2856.274949,3.625e-26
2856.278778,6.944000000000001e-25
2856.282933,5.0260000000000005e-25
2856.285037,4.798e-25
2856.289506,2.592e-24
2856.304414,5.113e-25
2856.31226,1.523e-24
2856.315071,2.546e-24
2856.318211,1.429e-24
2856.327321,2.426e-24
2856.327828,4.943e-25
2856.333897,6.982e-25
2856.348468,2.143e-25
2856.373942,1.658e-25
2856.374109,2.082e-25
2856.377059,3.528e-25
2856.389176,4.316e-26
2856.390442,5.0840000000000006e-26
2856.401688,1.554e-25
2856.409225,5.248e-26
2856.417078,7.322000000000001e-26
2856.421528,9.569e-23
2856.423686,9.332e-23
2856.436025,9.944e-25
2856.438087,4.307e-23
2856.439059,4.189e-23
2856.447777,2.945e-22
2856.449833,2.88e-22
2856.456351,9.571e-25
2856.46044,4.637000000000001e-25
2856.471239,1.734e-24
2856.477643,1.62e-24
2856.484458,3.364e-25
2856.485287,5.756e-25
2856.487922,5.483e-25
2856.488655,1.585e-25
2856.514593,1.734e-22
2856.516732,1.6939999999999998e-22
2856.536915,6.265e-24
2856.544263,5.093e-25
2856.54629,1.415e-23
2856.547353,8.18e-24
2856.549814,1.461e-23
2856.553753,1.012e-25
2856.562296,6.024000000000001e-26
2856.567791,7.212000000000001e-26
2856.572096,6.718e-23
2856.57366,6.336e-27
2856.57376,6.543e-23
2856.581576,2.384e-25
2856.583476,7.462e-26
2856.584528,1.462e-25
2856.606868,4.3750000000000005e-25
2856.615125,6.024000000000001e-26
2856.619586,1.977e-24
2856.624502,2.256e-23
2856.626488,1.837e-24
2856.627109,2.341e-23
2856.629721,5.085e-27
2856.636732,5.266e-25
2856.640488,3.4469999999999996e-24
2856.649265,3.273e-24
2856.651944,5.665e-23
2856.652351,5.851999999999999e-23
2856.665283,3.5209999999999995e-22
2856.667121,6.247e-26
2856.669923,3.443e-22
2856.678205,8.407000000000001e-25
2856.678384,3.346e-25
2856.681051,8.580000000000001e-27
2856.711006,6.575000000000001e-25
2856.713482,6.247000000000001e-25
2856.716756,5.199999999999999e-24
2856.727139,1.953e-25
2856.730596,5.461e-24
2856.744717,2.576e-25
2856.7493,2.017e-25
2856.75017,6.955e-24
2856.751733,9.016e-24
2856.753632,8.752000000000001e-25
2856.754354,2.23e-22
2856.756342,2.179e-22
2856.757266,2.258e-24
2856.762965,4.249e-24
2856.764745,2.086e-24
2856.767701,4.021e-24
2856.772444,7.917e-26
2856.77415,1.1880000000000002e-26
2856.774429,3.1530000000000003e-25
2856.778062,1.636e-24
2856.779422,1.005e-25
2856.784707,6.027000000000001e-26
2856.785777,7.080999999999999e-24
2856.792226,1.043e-25
2856.793239,6.593999999999999e-27
2856.795006,1.569e-24
2856.795911,7.340999999999999e-24
2856.816223,6.805e-26
2856.819565,2.647e-22
2856.821269,2.587e-22
2856.840495,1.988e-25
2856.841088,4.744e-25
2856.847026,1.947e-25
2856.851717,1.6910000000000003e-26
2856.860831,2.766e-25
2856.863509,4.591e-25
2856.870431,2.931e-24
2856.871746,1.892e-25
2856.875987,3.619e-25
2856.878807,1.687e-25
2856.878882,2.026e-25
2856.884289,2.586e-24
2856.886319,3.11e-25
2856.892449,2.373e-24
2856.892963,2.9630000000000003e-25
2856.89594,3.0539999999999998e-24
2856.901094,7.505e-25
2856.90397,7.111e-25
2856.911521,2.237e-24
2856.911856,2.4980000000000003e-26
2856.915544,3.4590000000000003e-25
2856.918913,5.129e-25
2856.936894,2.468e-24
2856.937055,2.224e-25
2856.943145,1.21e-25
2856.948287,2.357e-24
2856.948351,8.643999999999999e-27
2856.951513,3.881e-26
2856.965379,6.478e-26
2856.971521,1.6460000000000002e-25
2856.978169,3.799e-25
2856.989052,1.547e-23
2856.993715,1.61e-23
2857.000634,2.973e-24
2857.001613,9.379e-25
2857.001668,3.476e-24
2857.008499,5.298000000000001e-25
2857.009613,2.706e-24
2857.01847,9.514e-24
2857.018961,1.379e-25
2857.021063,9.032e-25
2857.026601,9.941e-24
2857.029133,1.434e-25
2857.037897,2.376e-25
2857.054944,3.22e-23
2857.056614,3.337e-23
2857.063865,7.816e-25
2857.073298,5.103e-23
2857.074053,5.276e-23
2857.080341,3.767e-25
2857.095686,1.148e-26
2857.096905,2.423e-24
2857.099006,8.553e-25
2857.101878,8.079e-25
2857.106287,3.438e-24
2857.116271,3.098e-24
2857.121553,8.454e-25
2857.123334,3.236e-25
2857.124433,2.571e-24
2857.136392,4.193e-23
2857.137857,4.341e-23
2857.159603,6.494000000000001e-26
2857.176763,3.5970000000000004e-25
2857.187689,2.701e-23
2857.188561,2.784e-23
2857.190268,5.692e-25
2857.194956,2.107e-25
2857.195831,4.998e-24
2857.198918,4.726e-24
2857.201218,4.006e-24
2857.212471,3.567e-24
2857.222554,3.552e-22
2857.22555,3.473e-22
2857.236096,1.549e-26
2857.238556,1.441e-22
2857.24061,1.406e-22
2857.263238,8.27e-25
2857.269886,3.364e-24
2857.273228,9.744e-25
2857.276434,9.173e-25
2857.27786,5.111e-25
2857.278129,3.202e-24
2857.27937,1.862e-25
2857.285383,4.721e-24
2857.287179,1.943e-25
2857.298294,4.139e-24
2857.306792,2.233e-25
2857.313501,2.549e-24
2857.315148,5.378e-25
2857.321854,4.186e-24
2857.327221,3.972e-24
2857.330827,2.069e-25
2857.334991,1.759e-25
2857.342709,8.636000000000001e-25
2857.345316,6.899e-23
2857.346286,6.677999999999999e-23
2857.358701,5.651e-24
2857.358865,1.711e-25
2857.359097,1.558e-24
2857.364687,5.273e-25
2857.367097,4.3760000000000005e-25
2857.367462,2.659e-24
2857.370841,2.128e-26
2857.373889,4.854e-24
2857.374107,4.707e-24
2857.375274,1.497e-24
2857.376288,4.452e-24
2857.388617,4.24e-25
2857.421026,6.918e-24
2857.435026,4.043e-25
2857.438831,4.096e-25
2857.439584,5.776e-24
2857.440377,3.831e-25
2857.446165,1.11e-24
2857.449491,1.04e-24
2857.455789,4.693e-24
2857.460151,4.451e-24
2857.47203,8.759e-24
2857.48037,4.194e-24
2857.496304,6.999e-24
2857.501479,6.107e-24
2857.501833,2.989e-26
2857.529622,3.881e-25
2857.541343,3.227e-25
2857.548675,2.375e-24
2857.553178,2.48e-25
2857.556482,8.792e-25
2857.558902,2.599e-25
2857.5593,2.273e-24
2857.57492,8.485e-25
2857.602184,1.264e-24
2857.605831,1.18e-24
2857.609724,4.815e-23
2857.610301,4.6800000000000006e-23
2857.621172,5.041e-25
2857.629485,1.53e-23
2857.632163,4.3040000000000006e-26
2857.633954,1.582e-23
2857.650162,1.0929999999999998e-22
2857.652101,1.066e-22
2857.654133,2.3e-25
2857.657989,2.152e-25
2857.667508,6.247e-23
2857.66828,6.46e-23
2857.673273,3.997e-25
2857.675554,2.379e-25
2857.675765,6.361e-25
2857.694177,8.853e-26
2857.705357,5.196e-25
2857.716207,3.466e-22
2857.717953,3.3869999999999995e-22
2857.736909,2.418e-23
2857.739923,2.513e-23
2857.748505,2.098e-25
2857.751912,1.441e-24
2857.755758,5.274e-24
2857.755792,1.338e-24
2857.757336,2.984e-24
2857.767212,6.36e-26
2857.771975,5.554e-24
2857.7732,7.595e-23
2857.774239,3.932e-25
2857.774587,7.391e-23
2857.781158,2.012e-22
2857.782475,4.205e-25
2857.783178,1.964e-22
2857.785502,3.1169999999999998e-24
2857.796529,7.468e-24
2857.808261,7.756e-24
2857.812356,1.581e-25
2857.822203,7.917000000000001e-25
2857.832731,3.265e-25
2857.835451,1.539e-25
2857.836645,3.4380000000000004e-25
2857.839423,5.947000000000001e-25
2857.849684,1.063e-25
2857.859189,6.013e-26
2857.861563,3.761e-25
2857.879027,1.95e-25
2857.882206,3.26e-24
2857.882438,4.014e-25
2857.888279,1.646e-24
2857.890087,3.11e-24
2857.892528,1.52e-24
2857.90251,2.228e-25
2857.903137,3.893e-25
2857.905073,5.237e-25
2857.905623,8.3e-25
2857.908669,6.548e-25
2857.909138,6.093e-27
2857.90942,4.93e-25
2857.917465,9.543e-26
2857.929134,1.474e-24
2857.941725,2.272e-25
2857.944716,1.418e-24
2857.948914,4.925e-25
2857.962363,4.322e-22
2857.966776,4.2250000000000003e-22
2857.973649,6.885e-23
2857.9755,7.194e-23
2857.987202,2.092e-25
2857.987598,6.523e-27
2858.011441,8.382e-27
2858.015874,1.885e-24
2858.017078,6.199e-25
2858.020433,1.728e-24
2858.020798,6.402e-25
2858.030568,5.072e-25
2858.034165,2.599e-22
2858.036056,2.538e-22
2858.044537,4.059e-24
2858.048702,3.862e-24
2858.067998,7.364e-26
2858.078065,1.634e-23
2858.083227,9.875e-24
2858.083464,1.704e-23
2858.092559,6.988e-25
2858.092679,1.034e-23
2858.093161,4.751e-25
2858.097746,2.329e-24
2858.100632,8.194000000000001e-25
2858.101097,1.183e-26
2858.102034,3.026e-25
2858.105869,8.357e-26
2858.107023,3.102e-22
2858.107503,1.357e-25
2858.108678,3.03e-22
2858.110434,4.258e-25
2858.1128,4.509e-25
2858.118296,7.918e-25
2858.122384,2.761e-25
2858.127169,8.466e-27
2858.130653,2.483e-24
2858.131723,2.167e-24
2858.136788,1.971e-24
2858.150226,2.27e-24
2858.160159,2.177e-24
2858.176171,1.727e-26
2858.180111,3.476e-23
2858.18025,4.522e-25
2858.182034,3.607e-23
2858.190913,2.39e-25
2858.199419,4.261e-25
2858.219466,9.314e-25
2858.227388,5.575e-23
2858.228263,5.772e-23
2858.235583,2.6370000000000003e-26
2858.237604,2.506e-24
2858.243223,2.257e-24
2858.250364,1.899e-24
2858.25707,1.169e-26
2858.261152,4.769e-25
2858.270297,1.04e-25
2858.270646,2.225e-25
2858.272685,9.504e-25
2858.275656,4.557e-23
2858.276426,4.2790000000000006e-26
2858.277268,4.723e-23
2858.277587,1.5590000000000002e-25
2858.279116,1.413e-25
2858.291184,4.152e-22
2858.291909,4.058e-22
2858.293907,7.597000000000001e-26
2858.301489,1.377e-25
2858.303359,6.783e-25
2858.306984,6.332e-25
2858.310011,2.678e-25
2858.310605,3.698e-24
2858.315062,2.963e-23
2858.316579,3.057e-23
2858.332516,2.921e-24
2858.338838,2.598e-24
2858.34038,4.907e-25
2858.351608,7.294e-25
2858.378848,4.497e-25
2858.378973,5.516e-25
2858.37973,1.6230000000000002e-26
2858.380027,5.885e-25
2858.387107,3.663e-25
2858.398501,2.608e-25
2858.404219,2.621e-24
2858.407055,3.555e-25
2858.416938,3.4429999999999996e-24
2858.420905,8.789999999999999e-25
2858.422614,4.775e-24
2858.424156,3.014e-24
2858.425996,4.541e-24
2858.438539,7.683e-25
2858.458916,4.031e-25
2858.460221,2.736e-24
2858.463969,4.3680000000000005e-25
2858.474964,7.284e-23
2858.474992,7.532999999999999e-23
2858.479284,5.575e-25
2858.481347,1.655e-22
2858.481609,2.787e-24
2858.483159,5.017e-24
2858.483242,1.614e-22
2858.488164,1.387e-24
2858.490575,4.122e-24
2858.492277,3.139e-24
2858.495183,2.309e-26
2858.499001,3.534e-24
2858.499717,3.001e-24
2858.503136,1.3359999999999999e-24
2858.506684,5.384e-27
2858.51209,1.0999999999999998e-24
2858.53859,3.862e-25
2858.551993,3.951e-24
2858.553468,5.046e-24
2858.553833,1.046e-24
2858.554762,8.23e-25
2858.557062,3.767e-24
2858.557951,4.578e-25
2858.558488,6.106e-25
2858.563614,4.206e-24
2858.575033,2.704e-25
2858.581188,4.609e-25
2858.595548,2.8010000000000003e-25
2858.605433,6.388e-24
2858.605512,3.39e-26
2858.616228,7.223000000000001e-25
2858.618274,5.106e-24
2858.619097,5.508000000000001e-26
2858.631445,7.674e-25
2858.631506,7.125e-25
2858.63406,7.594e-25
2858.634854,4.707e-25
2858.636223,8.824e-25
2858.638759,2.9909999999999998e-24
2858.639113,5.257e-25
2858.639408,8.145e-25
2858.64406,1.143e-25
2858.645804,4.427e-24
2858.646154,8.533e-24
2858.650226,4.22e-24
2858.651017,7.346e-25
2858.658246,4.481e-24
2858.660435,4.262e-24
2858.664096,6.347e-24
2858.670116,3.133e-24
2858.6839,4.539e-22
2858.684834,4.436e-22
2858.70438,1.643e-23
2858.709936,1.701e-23
2858.711685,6.853e-25
2858.713149,5.173e-26
2858.723676,5.0220000000000005e-25
2858.735261,1.257e-25
2858.741977,2.156e-24
2858.751271,2.071e-24
2858.756376,5.6510000000000005e-25
2858.756967,1.225e-25
2858.759451,4.176e-25
2858.771934,5.354e-23
2858.77207,5.198e-23
2858.776164,3.725e-25
2858.784841,5.288e-24
2858.80024,7.803e-24
2858.803922,5.587e-24
2858.813847,8.118e-24
2858.81787,1.679e-25
2858.823175,8.268000000000001e-26
2858.835424,3.251e-25
2858.839047,2.576e-23
2858.839375,4.3580000000000005e-25
2858.842529,2.681e-23
2858.846502,6.328e-25
2858.860785,1.0059999999999999e-24
2858.861817,9.223e-25
2858.868758,1.243e-22
2858.870464,1.211e-22
2858.881098,3.324e-25
2858.900358,3.229e-25
2858.90933,1.161e-24
2858.912367,1.056e-24
2858.914046,4.478e-25
2858.922083,3.162e-25
2858.923109,2.619e-24
2858.934546,1.81e-25
2858.93581,6.707e-25
2858.946119,1.382e-25
2858.950024,6.806e-23
2858.950599,7.046e-23
2858.956564,6.453e-27
2858.964586,8.540999999999999e-23
2858.965666,8.306e-23
2858.966338,4.652000000000001e-25
2858.980891,2.458e-25
2859.009628,6.1459999999999996e-27
2859.012937,1.101e-25
2859.016799,5.314e-26
2859.021245,2.507e-25
2859.036154,1.296e-24
2859.037551,2.322e-22
2859.039446,2.265e-22
2859.039514,4.059e-22
2859.041413,3.965e-22
2859.05063,1.251e-24
2859.057209,5.137e-25
2859.06249,1.3399999999999999e-24
2859.064433,1.206e-24
2859.065731,8.923e-27
2859.071375,5.494e-26
2859.07435,5.574e-25
2859.081099,3.003e-24
2859.088305,2.877e-24
2859.088613,2.187e-24
2859.10077,7.255e-27
2859.105487,4.117e-25
2859.110831,2.244e-25
2859.117296,8.956e-27
2859.120344,7.296e-26
2859.124969,5.898000000000001e-26
2859.127578,1.565e-24
2859.128271,2.344e-24
2859.130807,1.39e-24
2859.134486,4.071e-25
2859.13792,1.016e-23
2859.148936,1.067e-23
2859.15292,1.081e-24
2859.156765,6.998e-25
2859.156898,1.714e-23
2859.157306,5.3430000000000005e-25
2859.157845,1.344e-26
2859.163155,1.791e-23
2859.16558,1.734e-25
2859.167168,5.996000000000001e-26
2859.173078,6.777e-25
2859.178017,4.227e-25
2859.180785,1.113e-25
2859.192654,1.287e-26
2859.20187,1.085e-25
2859.204968,6.161e-25
2859.206296,2.144e-26
2859.207649,3.906e-25
2859.231792,1.843e-24
2859.23473,1.612e-24
2859.235054,3.848e-25
2859.249117,4.713e-25
2859.255605,3.69e-26
2859.265408,1.014e-24
2859.270868,5.647e-27
2859.271761,4.884e-22
2859.271967,1.683e-25
2859.276436,7.14e-26
2859.278789,4.745999999999999e-22
2859.278899,6.004e-25
2859.288051,3.774e-24
2859.291749,3.607e-24
2859.292063,5.159e-25
2859.294924,3.73e-23
2859.29502,2.2069999999999998e-24
2859.297136,3.876e-23
2859.298928,1.8899999999999998e-24
2859.299537,4.916e-25
2859.300093,8.393e-27
2859.303788,3.0159999999999995e-22
2859.305578,2.943e-22
2859.308677,1.9080000000000003e-26
2859.313327,7.737e-25
2859.320092,3.741e-25
2859.32353,2.034e-24
2859.32565,1.122e-24
2859.332235,1.957e-24
2859.341197,8.967000000000001e-26
2859.347292,6.364e-27
2859.354909,6.062e-23
2859.355846,6.283e-23
2859.35635,3.859e-25
2859.364407,3.001e-25
2859.364712,2.702e-24
2859.369057,2.248e-24
2859.375597,4.991000000000001e-25
2859.381101,3.619e-22
2859.382701,3.534e-22
2859.382869,1.021e-25
2859.383035,2.918e-25
2859.387652,2.97e-26
2859.3886,5.255e-25
2859.396524,5.687e-25
2859.398363,7.355e-25
2859.405026,4.924e-23
2859.406808,5.111e-23
2859.414751,3.422e-24
2859.420332,2.7289999999999998e-24
2859.426822,3.96e-25
2859.433398,3.23e-23
2859.435646,3.336e-23
2859.457921,4.571e-24
2859.465255,3.401e-24
2859.47074,2.6659999999999998e-24
2859.476808,1.038e-24
2859.478164,4.9e-26
2859.47861,5.466e-25
2859.488404,6.711e-24
2859.490692,3.173e-25
2859.499913,4.332e-24
2859.510146,3.2930000000000003e-25
2859.510696,4.318000000000001e-25
2859.514929,2.942e-24
2859.528632,2.786e-24
2859.550159,3.091e-24
2859.558646,8.775e-26
2859.573094,1.2039999999999999e-24
2859.587145,1.164e-24
2859.592023,3.591e-25
2859.594236,4.227e-25
2859.59893,4.447e-24
2859.602624,4.248e-24
2859.603337,5.597000000000001e-25
2859.633271,8.274e-23
2859.633955,7.989999999999999e-23
2859.635862,1.815e-26
2859.651209,1.741e-25
2859.660262,9.439999999999999e-25
2859.660518,3.682e-25
2859.662222,4.907e-25
2859.668742,6.414e-25
2859.670086,7.542000000000001e-25
2859.672813,2.8549999999999998e-24
2859.679626,2.74e-24
2859.684469,6.217e-25
2859.685157,5.394e-25
2859.692585,5.3260000000000005e-25
2859.694485,2.6370000000000003e-26
2859.699081,2.9e-25
2859.714059,1.892e-22
2859.715784,1.843e-22
2859.737142,3.635e-24
2859.742016,3.48e-24
2859.744934,4.75e-25
2859.746364,1.414e-25
2859.770977,1.751e-23
2859.774642,5.144e-25
2859.777784,1.816e-23
2859.78185,3.1410000000000003e-25
2859.783349,3.627e-25
2859.789194,4.073e-24
2859.793704,3.899e-24
2859.796946,8.067e-24
2859.801028,4.059e-25
2859.803921,5.234e-24
2859.809798,4.867e-22
2859.812567,3.318e-25
2859.812764,8.411e-24
2859.81536,4.78e-22
2859.826489,5.551e-24
2859.837026,2.695e-25
2859.842366,1.198e-25
2859.855072,2.622e-25
2859.858275,6.635000000000001e-26
2859.868593,3.901e-25
2859.872795,1.533e-25
2859.872896,1.246e-24
2859.87916,3.4e-25
2859.884301,1.003e-24
2859.884329,3.3170000000000003e-25
2859.893654,7.955e-25
2859.895628,1.907e-24
2859.897699,4.156e-24
2859.898674,2.529e-25
2859.899939,3.9709999999999996e-24
2859.903339,1.869e-24
2859.903774,1.838e-24
2859.91061,1.2099999999999999e-24
2859.924358,5.741999999999999e-23
2859.924716,5.919e-23
2859.930903,2.726e-23
2859.934928,2.843e-23
2859.951683,3.111e-25
2859.963716,7.425e-23
2859.964506,7.697e-23
2859.969389,1.172e-24
2859.971583,1.52e-25
2859.983689,1.116e-26
2860.000218,8.103e-25
2860.016522,2.837e-25
2860.018039,3.045e-25
2860.022138,3.379e-24
2860.024603,1.355e-24
2860.030038,5.0020000000000005e-25
2860.039799,2.707e-25
2860.045706,4.009e-26
2860.052268,1.2049999999999999e-24
2860.069205,1.992e-24
2860.071157,9.145e-25
2860.076714,7.719e-25
2860.076834,1.5499999999999998e-24
2860.077325,1.406e-22
2860.07878,1.369e-22
2860.081165,2.763e-25
2860.082802,3.1180000000000004e-25
2860.085571,9.402e-25
2860.090367,1.273e-24
2860.098932,1.113e-24
2860.106065,1.307e-24
2860.112621,1.076e-24
2860.117483,2.1499999999999998e-24
2860.130231,5.647000000000001e-26
2860.146249,9.556e-23
2860.14699,9.285e-23
2860.153087,5.642000000000001e-25
2860.156787,6.726e-27
2860.165478,2.723e-24
2860.167366,5.32e-25
2860.169989,5.847e-25
2860.182511,1.036e-23
2860.184404,9.568e-27
2860.18518,5.6730000000000005e-25
2860.19539,1.091e-23
2860.197783,1.438e-24
2860.201225,6.165e-25
2860.208497,2.775e-25
2860.210438,7.448e-25
2860.225532,1.7849999999999998e-23
2860.227258,1.4280000000000002e-26
2860.232796,1.869e-23
2860.237124,2.7e-24
2860.243812,2.5949999999999998e-24
2860.247004,5.355000000000001e-26
2860.257535,1.503e-26
2860.261373,8.294e-23
2860.262888,8.597e-23
2860.271497,2.8399999999999998e-25
2860.272422,1.327e-25
2860.283776,2.668e-22
2860.285535,2.601e-22
2860.291538,4.733e-22
2860.293201,4.621e-22
2860.296896,5.551000000000001e-26
2860.298949,2.408e-25
2860.316457,2.345e-25
2860.319545,7.306e-26
2860.362663,7.425000000000001e-26
2860.369402,4.36e-25
2860.371507,8.821000000000001e-26
2860.382659,5.0080000000000005e-25
2860.383996,2.512e-25
2860.386059,2.826e-24
2860.386374,5.363e-27
2860.399381,3.978e-23
2860.401924,4.141e-23
2860.402018,3.713e-25
2860.42043,3.867e-25
2860.426039,2.979e-24
2860.442881,1.594e-25
2860.445297,2.57e-25
2860.457527,1.776e-24
2860.458599,4.003e-25
2860.465147,1.715e-24
2860.486036,6.552e-23
2860.487113,6.8e-23
2860.493751,3.423e-24
2860.497058,3.284e-24
2860.521303,3.852e-25
2860.523765,5.291e-23
2860.525735,5.5e-23
2860.542689,3.498e-23
2860.544408,2.711e-24
2860.544588,2.26e-25
2860.545768,3.618e-23
2860.549638,5.92e-22
2860.553696,5.780999999999999e-22
2860.563118,3.482e-22
2860.5648,3.397e-22
2860.58148,1.378e-24
2860.589771,3.204e-25
2860.604234,1.088e-25
2860.604252,2.311e-25
2860.604494,2.836e-24
2860.606937,3.577e-25
2860.613659,1.022e-24
2860.627044,9.898e-25
2860.64833,4.201e-22
2860.649868,4.1e-22
2860.652535,1.245e-25
2860.65998,1.837e-24
2860.660501,5.302000000000001e-25
2860.665606,1.301e-24
2860.669192,1.1620000000000002e-25
2860.6752,5.149e-25
2860.677077,8.336e-25
2860.68334,5.59e-26
2860.690327,2.021e-25
2860.712449,9.667e-25
2860.724202,4.044e-24
2860.72822,3.878e-24
2860.738925,8.665e-23
2860.73921,8.982e-23
2860.746463,7.957e-25
2860.748411,2.065e-25
2860.75017,2.141e-25
2860.75631,9.125e-25
2860.767181,2.086e-25
2860.786673,8.245e-24
2860.797374,1.678e-24
2860.805112,8.616e-24
2860.807116,1.268e-25
2860.808442,5.19e-25
2860.81176,2.5359999999999998e-24
2860.812888,5.102e-24
2860.814363,1.909e-24
2860.818068,2.441e-24
2860.821262,1.795e-25
2860.823839,1.29e-26
2860.82927,1.851e-23
2860.837529,1.923e-23
2860.839748,5.435e-24
2860.851188,1.5650000000000002e-25
2860.862042,2.398e-25
2860.870848,5.683e-22
2860.871585,5.547999999999999e-22
2860.877052,3.265e-24
2860.877821,1.834e-25
2860.881805,3.137e-24
2860.883047,2.628e-25
2860.885747,3.662e-24
2860.888344,1.5269999999999999e-24
2860.890367,3.517e-24
2860.914313,1.777e-24
2860.936691,2.152e-22
2860.937443,1.585e-25
2860.938231,2.095e-22
2860.941283,6.713e-27
2860.958679,5.55e-25
2860.992528,1.619e-25
2860.999156,2.828e-24
2861.001482,1.414e-24
2861.010468,1.645e-24
2861.012465,2.866e-23
2861.017121,2.994e-23
2861.017571,1.5899999999999999e-24
2861.038915,1.392e-25
2861.039067,1.738e-24
2861.062123,1.366e-24
2861.067156,6.304999999999999e-23
2861.068071,6.507e-23
2861.08765,7.966000000000001e-26
2861.089612,3.074e-26
2861.091962,3.761e-24
2861.092576,1.4199999999999999e-25
2861.094285,3.608e-24
2861.098579,1.891e-24
2861.10688,2.942e-25
2861.107237,3.908e-25
2861.117193,9.337e-25
2861.125725,1.215e-25
2861.130329,9.05e-25
2861.139713,2.2250000000000003e-26
2861.140272,4.784e-25
2861.1495,3.004e-25
2861.154522,4.649000000000001e-25
2861.165688,3.766e-25
2861.178009,1.2390000000000002e-25
2861.18585,1.806e-25
2861.189673,5.731e-26
2861.190681,1.894e-25
2861.197915,1.054e-25
2861.206855,8.003999999999999e-23
2861.20723,1.847e-25
2861.207602,8.308e-23
2861.210647,1.954e-25
2861.216951,1.046e-23
2861.219043,1.7220000000000002e-25
2861.232069,1.105e-23
2861.248867,1.075e-25
2861.252328,2.631e-24
2861.255146,6.219e-22
2861.255528,9.095e-26
2861.255893,6.072e-22
2861.275873,1.5829999999999998e-22
2861.277055,1.5389999999999998e-22
2861.279081,1.481e-24
2861.283941,1.844e-23
2861.292394,1.935e-23
2861.298202,2.786e-24
2861.298603,7.804e-26
2861.30519,9.271e-26
2861.308287,4.227e-25
2861.318186,1.0629999999999998e-22
2861.31855,1.032e-22
2861.327177,6.660000000000001e-26
2861.32777,4.539e-25
2861.341288,5.652000000000001e-26
2861.344027,8.451e-25
2861.347015,7.952e-26
2861.350207,2.372e-24
2861.353397,1.4009999999999999e-24
2861.35649,2.286e-24
2861.374378,6.783e-26
2861.387315,5.755000000000001e-26
2861.407414,8.082e-25
2861.418871,2.5379999999999998e-24
2861.493465,4.217e-23
2861.49639,4.397e-23
2861.504582,6.618000000000001e-26
2861.519824,3.051e-22
2861.521439,2.9719999999999995e-22
2861.52287,8.971e-26
2861.525955,2.327e-24
2861.539463,2.205e-24
2861.553161,1.514e-24
2861.553899,3.607e-25
2861.559767,1.4649999999999999e-24
2861.56071,1.358e-25
2861.566151,4.311e-25
2861.567167,9.114e-26
2861.567492,2.155e-24
2861.568031,1.633e-25
2861.586593,5.208e-25
2861.589261,1.456e-25
2861.590356,5.491e-22
2861.592095,5.358e-22
2861.592397,6.376000000000001e-26
2861.594878,7.044e-23
2861.596044,7.321e-23
2861.600092,2.7329999999999998e-24
2861.609298,4.294e-25
2861.609533,8.48e-25
2861.612685,1.063e-25
2861.614873,3.591e-24
2861.617162,5.415000000000001e-26
2861.620474,1.668e-25
2861.622469,8.229000000000001e-25
2861.623133,4.176e-25
2861.623694,4.067e-25
2861.624068,2.06e-24
2861.632392,5.652e-23
2861.632807,1.3380000000000002e-26
2861.634578,5.884e-23
2861.636595,1.627e-25
2861.641333,5.0710000000000005e-26
2861.642926,3.763e-23
2861.646955,3.897e-23
2861.661685,3.032e-24
2861.662316,2.862e-24
2861.66466,2.917e-24
2861.67322,2.787e-24
2861.684848,2.1479999999999998e-24
2861.704367,1.196e-24
2861.704665,6.480000000000001e-27
2861.725085,1.87e-24
2861.734466,1.021e-25
2861.746968,3.782e-25
2861.752491,5.608000000000001e-25
2861.758703,1.4060000000000002e-25
2861.76943,8.314e-24
2861.790999,8.711e-24
2861.794846,2.501e-24
2861.798028,3.595e-24
2861.800774,3.714e-22
2861.80167,3.649e-25
2861.802375,3.459e-24
2861.803944,6.052e-25
2861.811587,4.883e-24
2861.812237,4.002e-22
2861.813806,3.901e-22
2861.814415,1.4629999999999999e-24
2861.816985,6.611e-26
2861.835269,6.654999999999999e-22
2861.8438,5.228e-24
2861.857178,1.316e-25
2861.878904,9.718e-23
2861.879253,1.941e-23
2861.879308,9.361e-23
2861.8892,2.019e-23
2861.900351,2.784e-22
2861.902947,4.855e-22
2861.904418,4.735e-22
2861.909416,2.203e-24
2861.910149,1.511e-25
2861.915303,2.126e-24
2861.920243,2.806e-24
2861.935266,3.219e-24
2861.940012,3.101e-24
2861.944656,3.351e-24
2861.965966,1.556e-24
2861.968221,4.2990000000000006e-26
2861.971464,2.8669999999999998e-24
2861.976149,2.763e-24
2861.978407,2.4930000000000003e-26
2861.985986,1.016e-25
2861.997467,1.418e-24
2862.001156,8.459e-25
2862.018252,1.0810000000000002e-25
2862.032337,1.476e-24
2862.039542,1.461e-25
2862.053648,2.5299999999999998e-24
2862.055263,1.426e-25
2862.057074,2.321e-24
2862.059425,8.104e-25
2862.067575,3.835e-25
2862.072006,1.559e-24
2862.081027,3.733e-25
2862.083716,2.992e-23
2862.087605,1.384e-24
2862.089111,3.133e-23
2862.090547,7.66e-25
2862.093703,1.341e-24
2862.103334,7.439e-25
2862.113858,2.3449999999999998e-24
2862.149239,2.435e-22
2862.15058,2.369e-22
2862.160172,3.184e-25
2862.163723,3.128e-24
2862.167146,2.495e-24
2862.200455,6.882999999999999e-23
2862.201997,7.110999999999999e-23
2862.204002,3.252e-25
2862.214391,6.517000000000001e-26
2862.218175,8.633999999999999e-23
2862.219023,8.974e-23
2862.22687,4.95e-25
2862.233932,5.3270000000000005e-25
2862.240477,3.326e-24
2862.241179,1.045e-23
2862.242916,3.201e-24
2862.250504,2.882e-24
2862.252842,2.446e-24
2862.259011,1.107e-23
2862.299883,2.819e-22
2862.30724,9.531e-26
2862.313524,3.055e-25
2862.325809,2.293e-24
2862.332098,1.889e-23
2862.341964,1.988e-23
2862.361544,3.904e-24
2862.363678,6.459e-22
2862.367586,4.951e-25
2862.377808,3.629e-25
2862.39946,3.8e-22
2862.41711,1.3160000000000002e-26
2862.420263,2.037e-24
2862.426208,1.969e-24
2862.429183,3.505e-25
2862.440572,3.8449999999999996e-24
2862.447567,2.96e-25
2862.447876,1.274e-25
2862.449533,6.1209999999999996e-27
2862.460845,7.526000000000001e-26
2862.463225,1.2440000000000002e-25
2862.463866,8.136e-26
2862.464407,1.7719999999999998e-22
2862.46466,3.417e-24
2862.465292,1.722e-22
2862.480338,1.1409999999999998e-22
2862.480394,1.177e-22
2862.492228,6.107e-24
2862.496715,7.252000000000001e-26
2862.496785,7.962e-26
2862.50855,9.671e-23
2862.510063,1.005e-22
2862.515094,3.408e-25
2862.515811,4.3529999999999996e-24
2862.528191,3.319e-25
2862.532342,3.473e-24
2862.552941,5.378e-25
2862.560253,6.88e-25
2862.572938,6.688e-25
2862.577168,4.442e-23
2862.580536,4.64e-23
2862.611695,1.258e-24
2862.616307,1.534e-25
2862.617295,1.22e-24
2862.623727,7.192e-24
2862.625304,5.035e-24
2862.62918,3.5960000000000004e-25
2862.642318,1.607e-24
2862.648526,8.375000000000001e-25
2862.657951,2.748e-24
2862.702143,1.5269999999999999e-24
2862.702384,8.037e-25
2862.702711,7.863000000000001e-26
2862.703458,7.526999999999999e-23
2862.704436,1.094e-25
2862.704789,7.835e-23
2862.722574,2.881e-24
2862.723427,5.023e-24
2862.729104,6.273000000000001e-26
2862.730458,6.001e-23
2862.73289,6.258999999999999e-23
2862.734095,4.0199999999999993e-23
2862.739214,4.169e-23
2862.745211,8.255e-24
2862.745695,3.471e-22
2862.747156,3.379e-22
2862.749799,1.112e-25
2862.754622,5.884e-24
2862.770547,8.674e-24
2862.786448,2.524e-26
2862.791683,2.625e-24
2862.794375,2.533e-24
2862.799795,4.568e-24
2862.803584,4.608e-26
2862.804553,4.238e-24
2862.809595,4.677e-24
2862.81005,1.962e-25
2862.810129,5.51e-26
2862.816539,5.981000000000001e-26
2862.819752,7.958e-25
2862.820211,3.128e-24
2862.824885,3.018e-24
2862.825926,6.344999999999999e-22
2862.827484,6.186999999999999e-22
2862.838788,4.921e-24
2862.843891,1.276e-25
2862.845468,1.105e-25
2862.860469,1.08e-25
2862.867339,7.442e-25
2862.895914,3.62e-24
2862.911859,7.578000000000001e-26
2862.920909,2.015e-23
2862.932834,2.101e-23
2862.937568,2.77e-24
2862.942452,2.676e-24
2862.94316,1.027e-24
2862.951853,3.013e-25
2862.954936,2.636e-24
2862.961887,1.009e-22
2862.962394,1.048e-22
2862.964622,2.937e-25
2862.966097,1.872e-24
2862.968263,3.352e-24
2862.970677,1.954e-24
2862.971636,1.811e-24
2862.984225,5.509e-26
2862.99344,2.357e-25
2862.999764,3.4550000000000003e-25
2863.018438,6.144e-25
2863.018818,2.479e-24
2863.020109,2.464e-24
2863.02379,5.803000000000001e-26
2863.024768,2.38e-24
2863.031072,5.9790000000000005e-25
2863.033441,2.092e-24
2863.038486,1.145e-24
2863.048169,3.341e-25
2863.051068,4.577999999999999e-22
2863.052517,4.458999999999999e-22
2863.094315,7.961999999999999e-22
2863.098019,7.767e-22
2863.099976,1.586e-25
2863.128511,1.135e-24
2863.133594,1.103e-24
2863.134737,5.967000000000001e-25
2863.137454,5.369e-24
2863.141227,6.254000000000001e-25
2863.144637,3.101e-23
2863.1499,5.583e-22
2863.150901,3.254e-23
2863.151296,5.441999999999999e-22
2863.155808,4.243e-25
2863.159783,1.828e-25
2863.175839,5.901000000000001e-26
2863.177704,5.697e-27
2863.178877,2.296e-25
2863.180738,1.256e-26
2863.193236,5.751e-26
2863.193637,4.7389999999999996e-24
2863.203277,8.283e-24
2863.212095,4.754e-24
2863.216251,3.405e-25
2863.218741,6.438e-24
2863.23291,5.305000000000001e-25
2863.255109,1.03e-23
2863.261492,1.008e-25
2863.261494,3.48e-25
2863.266291,4.312e-24
2863.276268,1.096e-23
2863.282498,5.028e-25
2863.286184,8.21e-25
2863.294138,8.18e-26
2863.308264,1.635e-24
2863.324244,7.466999999999999e-23
2863.326498,7.723999999999999e-23
2863.336206,7.891000000000001e-25
2863.342641,2.877e-24
2863.345223,2.776e-24
2863.351702,2.742e-22
2863.352825,2.665e-22
2863.362616,1.558e-24
2863.366084,4.664000000000001e-25
2863.369965,1.918e-23
2863.375163,2.097e-24
2863.37784,2.6520000000000003e-25
2863.381524,2.024e-23
2863.390306,2.586e-25
2863.392261,2.3190000000000003e-25
2863.410684,7.631e-22
2863.410866,7.674000000000001e-26
2863.411433,7.441999999999999e-22
2863.411792,7.024e-26
2863.422337,1.924e-24
2863.422448,9.205e-23
2863.423378,9.582e-23
2863.430065,6.84e-26
2863.439072,1.4020000000000002e-25
2863.447089,1.714e-24
2863.45281,1.659e-24
2863.465157,5.457e-25
2863.467385,3.338e-25
2863.47779,5.315000000000001e-25
2863.508286,6.877e-24
2863.517068,1.136e-25
2863.548179,8.005e-24
2863.554789,3.9770000000000006e-26
2863.563844,5.923e-24
2863.57064,2.4350000000000003e-26
2863.582967,6.623e-24
2863.597922,4.174e-26
2863.609623,4.512e-26
2863.612838,3.266e-25
2863.616204,4.025e-24
2863.632343,1.255e-22
2863.63287,1.295e-22
2863.634877,1.018e-24
2863.639388,9.904e-25
2863.640209,8.332e-26
2863.642935,1.974e-22
2863.643494,1.916e-22
2863.646025,2.779e-24
2863.650476,4.647e-23
2863.654359,4.865e-23
2863.658577,3.162e-25
2863.659402,8.107000000000001e-26
2863.677847,3.744e-24
2863.702042,2.742e-24
2863.702649,2.622e-24
2863.713981,8.042e-24
2863.743891,8.48e-24
2863.752981,2.557e-25
2863.76909,2.879e-24
2863.777179,4.145e-24
2863.785575,8.364999999999999e-22
2863.786157,8.156999999999999e-22
2863.79077,2.6659999999999998e-24
2863.793057,2.3220000000000003e-25
2863.793161,7.997999999999999e-23
2863.794618,8.339999999999999e-23
2863.79576,2.578e-24
2863.80524,2.267e-25
2863.81278,5.199000000000001e-26
2863.816183,4.262e-23
2863.818253,6.333e-23
2863.820969,6.616e-23
2863.822559,4.428e-23
2863.822653,1.443e-24
2863.823236,7.236000000000001e-26
2863.824926,4.498e-24
2863.861131,9.852e-26
2863.873841,5.566e-25
2863.881294,9.578e-26
2863.883338,2.224e-24
2863.885795,2.151e-24
2863.890194,1.3250000000000002e-25
2863.890487,5.244e-27
2863.891333,9.311e-26
2863.892489,2.336e-24
2863.897521,2.261e-24
2863.897763,1.556e-24
2863.898985,6.617e-24
2863.900066,4.818e-25
2863.904516,6.343000000000001e-26
2863.912752,4.6970000000000005e-25
2863.914163,7.976e-25
2863.92629,1.175e-26
2863.933937,5.494e-24
2863.936822,1.346e-25
2863.954216,2.071e-23
2863.956404,5.924e-24
2863.957793,2.782e-25
2863.960823,7.677e-25
2863.961383,3.93e-22
2863.962679,3.823e-22
2863.963894,1.643e-24
2863.96847,2.165e-23
2863.9822,1.557e-24
2863.982766,7.030000000000001e-26
2863.987417,1.51e-24
2863.993446,5.033e-24
2863.999254,6.3190000000000005e-25
2864.013611,1.569e-24
2864.022715,2.073e-24
2864.026124,8.854000000000001e-26
2864.027376,2.008e-24
2864.047889,1.084e-25
2864.050419,7.021e-25
2864.052754,7.354e-25
2864.065138,1.527e-25
2864.074596,1.1610000000000002e-25
2864.078762,1.886e-25
2864.082251,1.117e-22
2864.082353,2.391e-25
2864.082381,1.073e-22
2864.095783,1.128e-25
2864.097709,7.658e-26
2864.100272,7.291e-22
2864.101845,7.105999999999999e-22
2864.104795,1.025e-23
2864.107136,1.156e-25
2864.112985,8.379e-24
2864.135238,9.072e-25
2864.139183,8.835e-25
2864.170879,2.8260000000000005e-26
2864.195206,3.188e-23
2864.197489,2.024e-25
2864.201326,3.11e-25
2864.202501,3.355e-23
2864.204604,1.114e-23
2864.206229,9.073e-24
2864.209407,1.977e-25
2864.213245,2.062e-25
2864.217028,3.066e-25
2864.217512,2.957e-26
2864.236911,1.233e-25
2864.258628,9.995e-24
2864.260362,2.9710000000000003e-25
2864.261986,3.618e-25
2864.267579,2.057e-25
2864.279065,8.471e-24
2864.279671,5.21e-22
2864.280643,1.364e-25
2864.280993,5.071999999999999e-22
2864.283913,1.069e-23
2864.302915,1.3240000000000002e-25
2864.308664,3.7e-25
2864.320283,7.424e-24
2864.323285,4.229e-25
2864.325049,4.351e-24
2864.325634,9.864e-24
2864.326297,2.88e-24
2864.332688,1.904e-25
2864.334973,2.289e-26
2864.336081,4.126e-25
2864.350363,8.401e-24
2864.35583,8.906e-22
2864.359801,8.68e-22
2864.377011,2.7249999999999998e-24
2864.378482,4.065e-24
2864.384843,6.39e-22
2864.38616,6.224e-22
2864.393199,4.2460000000000005e-26
2864.397496,1.927e-23
2864.397796,2.437e-24
2864.397841,2.203e-25
2864.400548,2.357e-24
2864.407859,5.596000000000001e-26
2864.411099,2.042e-23
2864.420839,5.465000000000001e-26
2864.43028,8.722e-26
2864.430505,9.812e-23
2864.430598,1.412e-24
2864.431457,1.023e-22
2864.436119,1.37e-24
2864.438512,8.048e-23
2864.441574,8.337e-23
2864.479309,1.598e-25
2864.502736,1.549e-25
2864.532485,7.686e-25
2864.544076,3.072e-22
2864.54496,2.983e-22
2864.576178,7.408e-25
2864.591139,1.756e-25
2864.602797,5.511000000000001e-26
2864.602811,1.716e-25
2864.609272,1.633e-24
2864.624989,8.021e-25
2864.628327,7.822e-25
2864.630578,1.217e-25
2864.647769,7.683e-24
2864.655021,1.562e-24
2864.655539,1.086e-26
2864.662274,6.125e-24
2864.669376,7.972e-25
2864.67063,1.867e-25
2864.675672,7.653e-24
2864.6835,1.293e-25
2864.693815,6.946e-24
2864.69529,1.808e-25
2864.706232,9.718e-26
2864.709933,2.227e-24
2864.711191,8.101e-24
2864.712278,5.646e-24
2864.713373,4.828e-23
2864.71522,2.157e-24
2864.715584,1.102e-22
2864.717092,1.1489999999999998e-22
2864.717161,1.35e-25
2864.717862,5.066e-23
2864.725228,5.852e-26
2864.730989,1.54e-25
2864.731136,6.738000000000001e-26
2864.734256,3.69e-25
2864.73902,1.207e-23
2864.74322,3.603e-24
2864.744663,6.576e-26
2864.744991,2.7249999999999998e-24
2864.747229,3.604e-25
2864.74781,1.021e-23
2864.760958,8.678000000000001e-25
2864.774557,1.3719999999999998e-22
2864.775611,1.417e-22
2864.799882,1.93e-24
2864.802536,3.947e-24
2864.805069,1.872e-24
2864.811462,2.187e-22
2864.811662,2.12e-22
2864.812325,2.859e-25
2864.814704,2.864e-24
2864.822646,3.352e-25
2864.830474,1.9740000000000003e-26
2864.844998,6.064e-25
2864.85348,2.773e-25
2864.854644,2.1740000000000003e-25
2864.867693,8.787e-22
2864.869765,2.522e-24
2864.870555,8.565999999999999e-22
2864.879562,8.445e-23
2864.880468,6.229e-25
2864.880525,2.061e-26
2864.880624,2.103e-25
2864.881036,6.976e-26
2864.881218,8.821999999999999e-23
2864.88681,5.948000000000001e-26
2864.88917,4.484e-23
2864.895509,6.639e-23
2864.897002,4.666e-23
2864.898454,5.6e-25
2864.898554,6.951e-23
2864.91363,8.34e-26
2864.914146,2.372e-24
2864.923512,5.928000000000001e-25
2864.934816,5.683e-26
2864.936017,1.845e-24
2864.938285,1.788e-24
2864.958108,1.2689999999999999e-24
2864.963034,1.233e-24
2864.972799,8.673e-25
2864.973987,1.516e-25
2864.976656,8.268e-25
2864.97901,1.71e-24
2864.979142,2.104e-23
2864.98369,1.659e-24
2864.985429,1.4820000000000002e-25
2864.988862,7.284000000000001e-26
2864.995882,2.942e-24
2864.996155,2.205e-23
2865.021825,1.078e-25
2865.022734,4.604e-24
2865.031383,2.525e-25
2865.037381,9.854e-24
2865.041706,2.791e-24
2865.045726,8.084000000000001e-26
2865.058762,1.594e-25
2865.058783,2.439e-25
2865.059822,7.885000000000001e-26
2865.063982,9.213e-26
2865.06961,8.762e-24
2865.069707,4.318e-24
2865.070498,1.099e-25
2865.081964,2.117e-26
2865.095772,1.151e-23
2865.099398,1.016e-25
2865.106584,1.619e-25
2865.110417,7.046e-25
2865.113099,6.879000000000001e-25
2865.114457,1.002e-23
2865.133209,3.199e-25
2865.140089,8.236000000000001e-26
2865.141165,7.349e-25
2865.144147,1.148e-22
2865.144843,1.1969999999999998e-22
2865.146428,3.1270000000000003e-25
2865.158134,3.915e-26
2865.166887,4.427e-22
2865.168003,4.303e-22
2865.182223,7.092e-25
2865.183396,9.745e-26
2865.20088,2.925e-25
2865.229816,2.8220000000000003e-25
2865.235395,3.251e-23
2865.24392,3.431e-23
2865.244445,1.607e-24
2865.25157,9.528e-24
2865.276441,1.821e-25
2865.28205,1.025e-23
2865.286763,1.5399999999999999e-24
2865.306912,2.861e-25
2865.307003,3.802e-25
2865.319207,8.345e-22
2865.320638,8.126999999999999e-22
2865.346045,1.303e-25
2865.351639,9.667e-26
2865.355301,3.891e-25
2865.357271,1.274e-25
2865.363166,3.38e-25
2865.366327,9.422e-26
2865.369739,9.939e-27
2865.370567,1.1399999999999999e-24
2865.375934,1.108e-24
2865.379109,6.641999999999999e-24
2865.384617,8.588e-24
2865.393769,3.256e-25
2865.398718,2.65e-25
2865.405238,2.021e-24
2865.408186,1.959e-24
2865.414627,1.916e-23
2865.421974,6.157e-24
2865.422688,7.831e-24
2865.430727,2.037e-23
2865.437891,2.573e-25
2865.497988,5.901999999999999e-22
2865.499174,5.74e-22
2865.501368,3.4370000000000004e-25
2865.505312,1.339e-25
2865.51827,3.897e-25
2865.519245,2.755e-25
2865.531143,1.354e-26
2865.53201,5.067e-26
2865.532798,2.696e-25
2865.535212,1.36e-25
2865.543243,8.616999999999999e-23
2865.547229,8.939e-23
2865.550693,3.747e-25
2865.555277,2.279e-25
2865.578112,1.824e-24
2865.583664,1.7699999999999998e-24
2865.584514,1.41e-26
2865.585291,6.132e-25
2865.587245,5.9940000000000005e-25
2865.587672,1.441e-25
2865.591134,1.018e-25
2865.596403,1.051e-21
2865.596801,1.0339999999999998e-22
2865.597938,1.08e-22
2865.599735,1.0240000000000001e-21
2865.611476,7.277999999999999e-22
2865.612703,7.084e-22
2865.621215,1.412e-25
2865.627403,2.6470000000000003e-25
2865.630157,7.06e-24
2865.647584,6.282e-26
2865.648886,1.152e-25
2865.654871,2.968e-24
2865.655152,1.318e-25
2865.659622,1.564e-24
2865.664193,1.122e-25
2865.66497,1.52e-24
2865.666215,4.482e-25
2865.672124,1.3689999999999998e-23
2865.67264,7.508e-24
2865.676346,1.186e-23
2865.696593,2.823e-24
2865.697066,2.9319999999999998e-24
2865.700638,4.303e-25
2865.707281,1.115e-25
2865.709446,4.788e-24
2865.718305,1.091e-25
2865.726359,3.423e-22
2865.726982,3.322e-22
2865.740214,6.976e-25
2865.741147,1.459e-23
2865.742851,1.263e-23
2865.751225,4.508e-24
2865.753076,1.4030000000000002e-25
2865.757248,5.613e-26
2865.760109,3.838e-25
2865.765842,4.979e-23
2865.767245,5.488000000000001e-26
2865.771045,5.238e-23
2865.772124,3.25e-24
2865.776965,2.688e-24
2865.778918,6.741e-25
2865.784091,1.105e-23
2865.785325,9.422e-26
2865.807025,5.145e-25
2865.810251,9.943e-24
2865.813281,1.938e-26
2865.84366,4.929e-25
2865.847172,1.298e-23
2865.84944,2.83e-24
2865.86221,1.148e-23
2865.869445,1.568e-24
2865.888734,1.382e-24
2865.892771,2.356e-25
2865.893424,1.343e-24
2865.89349,3.39e-25
2865.894255,1.014e-24
2865.89891,9.867e-25
2865.90674,3.5690000000000003e-26
2865.906748,2.308e-25
2865.906967,1.49e-22
2865.90751,1.028e-24
2865.907546,1.599e-25
2865.908618,1.5419999999999998e-22
2865.908771,1.505e-24
2865.910624,1.005e-21
2865.91138,9.792e-22
2865.920183,9.78e-25
2865.926967,1.78e-25
2865.937476,1.368e-25
2865.940715,5.896e-25
2865.948893,1.4999999999999998e-24
2865.949716,8.861999999999999e-23
2865.951018,1.456e-24
2865.951424,6.789000000000001e-26
2865.951546,9.276e-23
2865.953034,4.676e-23
2865.95343,1.332e-25
2865.962374,6.914e-23
2865.962562,4.876e-23
2865.965803,7.255e-23
2865.969796,2.334e-22
2865.969992,2.409e-22
2865.976194,2.441e-25
2865.979817,5.637000000000001e-25
2865.988609,9.587e-26
2865.995637,2.11e-23
2866.013555,2.372e-25
2866.013619,1.4790000000000002e-25
2866.015948,2.217e-23
2866.039127,1.872e-25
2866.057647,5.302000000000001e-25
2866.058843,5.19e-25
2866.059358,1.5630000000000002e-25
2866.061787,6.583000000000001e-26
2866.063372,8.347e-26
2866.067296,6.746e-25
2866.069804,9.033e-27
2866.084724,7.053e-24
2866.109172,6.434e-25
2866.109977,9.345e-24
2866.122066,6.5709999999999996e-24
2866.13916,6.822000000000001e-26
2866.142202,8.583999999999999e-24
2866.149535,6.667e-26
2866.186772,7.71e-25
2866.193033,1.174e-25
2866.217419,1.62e-25
2866.228199,1.904e-25
2866.228768,1.521e-23
2866.231728,1.112e-25
2866.2318,7.334e-25
2866.233698,8.877e-24
2866.234054,1.575e-25
2866.235443,1.342e-23
2866.240266,1.292e-25
2866.243203,1.202e-22
2866.243345,1.2559999999999998e-22
2866.246068,3.741e-25
2866.249089,2.982e-24
2866.252338,1.999e-25
2866.26517,3.285e-23
2866.26678,9.026e-25
2866.266865,1.961e-25
2866.270002,9.094999999999999e-27
2866.270832,9.613e-24
2866.272029,8.786e-25
2866.275177,3.478e-23
2866.275366,1.1040000000000001e-21
2866.275802,1.075e-21
2866.27737,1.934e-25
2866.288593,9.616e-26
2866.291364,2.828e-24
2866.299132,8.804e-25
2866.30333,2.962e-24
2866.326579,9.46e-27
2866.329186,2.224e-25
2866.329637,6.577000000000001e-25
2866.341571,2.824e-24
2866.343651,3.964e-25
2866.347787,8.349000000000001e-25
2866.362202,4.963e-22
2866.363124,4.82e-22
2866.364214,1.643e-24
2866.366226,6.362e-25
2866.367387,1.5959999999999999e-24
2866.385312,4.91e-24
2866.39365,4.06e-25
2866.395864,1.4649999999999999e-24
2866.399169,5.625e-26
2866.401624,1.425e-24
2866.404352,1.005e-24
2866.421274,1.88e-23
2866.42284,4.637e-24
2866.437526,2.3340000000000003e-25
2866.440458,2.008e-23
2866.457243,9.498e-25
2866.471603,1.244e-24
2866.477114,1.2099999999999999e-24
2866.477817,2.1640000000000003e-25
2866.484296,1.517e-24
2866.488723,1.912e-25
2866.502383,1.147e-24
2866.504023,7.017e-25
2866.506075,1.858e-25
2866.51168,8.263000000000001e-26
2866.519451,1.208e-23
2866.520063,4.529e-25
2866.520358,4.44e-25
2866.520992,1.459e-24
2866.522446,8.07e-26
2866.530081,1.761e-26
2866.541294,1.097e-23
2866.541645,6.6999999999999985e-25
2866.544736,2.235e-25
2866.545928,8.263000000000001e-26
2866.555893,3.4550000000000003e-25
2866.560312,1.0799999999999999e-24
2866.569223,9.499e-22
2866.570619,9.243999999999998e-22
2866.577229,6.236e-24
2866.580435,2.1730000000000003e-25
2866.582321,5.744e-26
2866.593136,1.311e-24
2866.598639,1.681e-25
2866.59879,1.426e-23
2866.600354,1.0889999999999998e-22
2866.601468,1.139e-22
2866.60434,1.156e-25
2866.611004,1.278e-23
2866.613838,1.652e-25
2866.628483,6.668e-24
2866.637206,2.116e-24
2866.638422,9.162e-23
2866.640502,3.2310000000000005e-26
2866.64347,9.519e-23
2866.6572,1.228e-24
2866.676459,1.4999999999999998e-24
2866.706062,6.652e-22
2866.707103,6.464999999999999e-22
2866.712238,2.6530000000000003e-25
2866.734535,2.384e-24
2866.748233,1.3979999999999999e-24
2866.75032,3.581e-25
2866.751398,2.249e-25
2866.751697,1.096e-24
2866.756295,1.067e-24
2866.756416,8.162e-27
2866.76779,2.718e-25
2866.769507,2.183e-25
2866.779297,7.365e-24
2866.791091,7.947e-25
2866.795485,7.741e-25
2866.797759,4.196e-25
2866.805639,2.637e-24
2866.807862,5.095e-23
2866.812264,6.892e-24
2866.813915,5.374999999999999e-23
2866.816775,2.778e-25
2866.824109,9.963e-24
2866.826569,8.248999999999999e-22
2866.827702,8.022999999999999e-22
2866.833532,1.1700000000000001e-21
2866.836393,1.139e-21
2866.845771,3.169e-25
2866.8519,9.209e-24
2866.860206,3.809e-25
2866.866186,1.227e-24
2866.874812,9.972e-26
2866.875591,1.29e-25
2866.881121,2.78e-24
2866.882474,1.2259999999999998e-22
2866.883976,1.283e-22
2866.885982,9.734e-26
2866.891701,1.166e-24
2866.898547,3.795e-22
2866.898883,3.679e-22
2866.909435,6.16e-25
2866.920978,1.195e-24
2866.923008,1.162e-24
2866.929354,1.4010000000000002e-25
2866.941309,2.9279999999999998e-24
2866.944116,5.965000000000001e-25
2866.945406,1.379e-25
2866.976564,2.797e-24
2866.980914,3.779e-25
2866.981483,3.849e-25
2867.003635,2.083e-23
2867.005357,1.616e-25
2867.005452,2.6380000000000003e-25
2867.00677,7.732000000000001e-26
2867.007745,4.832e-23
2867.014251,9.238e-23
2867.016348,9.692e-23
2867.018688,7.149999999999999e-23
2867.01926,5.049999999999999e-23
2867.022568,7.521e-23
2867.024364,2.558e-25
2867.027918,2.196e-23
2867.029562,1.6089999999999998e-22
2867.031888,1.667e-22
2867.043677,5.9809999999999996e-27
2867.05042,4.974e-24
2867.052384,1.702e-25
2867.05787,1.096e-25
2867.076404,3.052e-25
2867.084417,4.712e-24
2867.088257,1.888e-25
2867.089013,1.457e-24
2867.103327,6.2129999999999996e-27
2867.104324,2.035e-25
2867.117892,2.554e-22
2867.118531,2.639e-22
2867.118994,7.01e-25
2867.123381,1.402e-24
2867.124156,6.832e-25
2867.127982,9.544e-26
2867.137251,5.024e-26
2867.138495,1.98e-25
2867.163843,1.155e-24
2867.169663,1.125e-24
2867.177213,3.19e-25
2867.180905,7.598e-26
2867.185039,9.725e-26
2867.196289,1.647e-23
2867.198792,1.4729999999999998e-23
2867.204647,8.026e-24
2867.228559,1.199e-25
2867.232661,1.744e-23
2867.233187,1.592e-26
2867.234477,1.5589999999999998e-23
2867.235737,9.706e-25
2867.240148,1.17e-25
2867.241415,9.456e-25
2867.243987,1.293e-23
2867.245654,1.154e-25
2867.246228,1.348e-25
2867.248008,1.026e-25
2867.250487,8.764e-24
2867.250893,3.085e-25
2867.262598,1.185e-23
2867.262727,1.138e-25
2867.270658,2.9880000000000003e-25
2867.273934,1.31e-24
2867.277358,1.274e-24
2867.279269,7.262000000000001e-26
2867.284484,3.287e-23
2867.285984,1.276e-22
2867.286398,6.136e-26
2867.286836,1.336e-22
2867.292424,4.514e-25
2867.294383,6.003e-26
2867.296294,3.493e-23
2867.323466,1.537e-23
2867.334075,1.392e-23
2867.334116,1.145e-21
2867.336039,1.115e-21
2867.344461,1.709e-25
2867.360425,2.911e-26
2867.377311,4.089e-25
2867.383743,2.261e-25
2867.383931,1.794e-25
2867.4007,1.515e-25
2867.41732,1.817e-23
2867.421969,3.41e-25
2867.428378,1.119e-25
2867.4292,4.191e-25
2867.430095,7.338999999999999e-27
2867.433099,3.162e-25
2867.434228,2.297e-25
2867.434793,3.215e-25
2867.440366,1.951e-23
2867.462949,7.583e-24
2867.479606,5.734e-25
2867.487728,3.5970000000000004e-25
2867.492379,7.125e-24
2867.498263,6.620000000000001e-26
2867.508403,3.48e-25
2867.512557,5.558e-25
2867.514536,3.437e-24
2867.516546,5.15e-24
2867.51916,3.557e-25
2867.527177,1.045e-23
2867.547325,5.534e-22
2867.548035,5.37e-22
2867.551511,9.711e-24
2867.554994,3.269e-24
2867.560703,1.143e-24
2867.568831,8.513e-25
2867.568841,2.869e-24
2867.570566,6.516e-26
2867.572025,8.31e-25
2867.572926,1.438e-25
2867.579041,5.544e-24
2867.584951,1.4010000000000002e-25
2867.601511,2.746e-24
2867.603002,3.275e-25
2867.624577,6.496e-26
2867.649069,6.107e-25
2867.653207,5.957000000000001e-25
2867.654938,1.842e-25
2867.669286,2.564e-25
2867.6733,1.768e-23
2867.679116,1.599e-23
2867.683608,1.389e-24
2867.685032,8.365e-26
2867.687698,1.794e-25
2867.691264,1.317e-24
2867.704833,4.986e-24
2867.707056,7.506000000000001e-26
2867.715316,7.341e-26
2867.715901,1.339e-24
2867.715962,4.182e-25
2867.724031,9.669e-23
2867.7299,1.133e-22
2867.730303,1.006e-22
2867.730579,1.3399999999999999e-25
2867.731283,1.1889999999999998e-22
2867.735858,4.735e-24
2867.737614,4.042e-25
2867.749216,3.717e-25
2867.762883,4.113e-25
2867.765377,5.377000000000001e-26
2867.771241,1.077e-21
2867.772522,1.047e-21
2867.825137,2.568e-24
2867.839407,5.169999999999999e-23
2867.842917,3.871e-25
2867.84648,5.471e-23
2867.851184,9.331e-25
2867.853166,9.088e-25
2867.862218,4.481e-26
2867.863939,1.486e-24
2867.882765,8.945e-25
2867.884692,2.6410000000000003e-25
2867.887287,8.703e-25
2867.887317,2.682e-25
2867.90379,2.712e-24
2867.903851,7.46e-22
2867.904736,7.244e-22
2867.907914,1.717e-25
2867.909194,1.41e-24
2867.920394,1.673e-25
2867.923208,1.4330000000000002e-26
2867.926944,5.3420000000000005e-25
2867.932044,5.213e-25
2867.935602,4.849e-25
2867.951957,7.436e-25
2867.957289,1.363e-23
2867.957804,7.253000000000001e-25
2867.958305,4.68e-25
2867.967355,4.938e-25
2867.970206,3.231e-25
2867.973513,1.257e-23
2868.003037,2.019e-23
2868.021471,6.404000000000001e-26
2868.032154,2.136e-23
2868.032842,9.302e-22
2868.033869,9.04e-22
2868.040146,5.304000000000001e-25
2868.053031,8.789000000000001e-26
2868.053266,4.943e-23
2868.055236,3.782e-25
2868.05659,1.3600000000000001e-21
2868.05842,3.967e-25
2868.059414,1.325e-21
2868.059855,1.628e-23
2868.06064,4.185e-22
2868.060657,4.053e-22
2868.064502,9.566e-23
2868.064513,7.339e-23
2868.066849,1.006e-22
2868.067125,5.177e-23
2868.067201,2.6130000000000003e-26
2868.068705,1.488e-23
2868.068929,7.740999999999999e-23
2868.071522,5.146e-25
2868.091246,6.571e-27
2868.09809,7.615e-25
2868.113548,1.255e-25
2868.117881,9.15e-26
2868.126425,8.943000000000001e-26
2868.131221,7.292e-25
2868.13358,1.025e-24
2868.135761,7.715e-24
2868.137282,9.981e-25
2868.142329,1.726e-22
2868.145423,1.7909999999999998e-22
2868.146653,5.608000000000001e-25
2868.148771,4.125e-25
2868.162284,7.274e-24
2868.163835,6.954e-24
2868.170491,5.405e-25
2868.182853,1.089e-25
2868.185953,2.788e-24
2868.196555,1.659e-25
2868.216368,2.673e-24
2868.21928,1.08e-23
2868.221367,7.673999999999999e-24
2868.228008,1.617e-25
2868.233529,2.045e-25
2868.240854,1.009e-23
2868.246484,1.991e-25
2868.255949,2.779e-22
2868.257083,2.8749999999999995e-22
2868.259333,2.221e-25
2868.268084,1.315e-24
2868.292371,8.736000000000001e-26
2868.293278,3.252e-23
2868.298518,1.2689999999999999e-24
2868.307305,3.471e-23
2868.31776,1.544e-25
2868.331897,2.151e-25
2868.335904,2.18e-25
2868.339993,6.438e-25
2868.340341,6.353e-25
2868.348595,4.949e-24
2868.349118,6.47e-25
2868.349849,4.158e-25
2868.354786,4.887e-25
2868.361794,1.314e-22
2868.36221,1.378e-22
2868.370533,1.299e-21
2868.371285,1.263e-21
2868.374188,6.226e-25
2868.377092,4.712e-24
2868.402597,1.725e-23
2868.40364,4.179e-25
2868.430557,1.864e-23
2868.436992,4.318000000000001e-25
2868.447551,3.771e-24
2868.457554,4.287e-25
2868.460949,1.831e-25
2868.468626,4.605e-25
2868.472511,4.496e-25
2868.503575,1.92e-25
2868.518877,1.111e-25
2868.524764,4.094e-24
2868.527712,1.086e-25
2868.537778,2.6670000000000003e-25
2868.542998,7.447e-25
2868.549772,2.427e-25
2868.551874,1.77e-25
2868.553405,6.798e-25
2868.555138,6.554000000000001e-25
2868.55956,1.297e-25
2868.563225,2.36e-25
2868.569414,7.155e-25
2868.575266,3.9920000000000005e-26
2868.584352,6.028e-26
2868.589704,2.71e-25
2868.590729,5.901000000000001e-26
2868.591049,4.878e-25
2868.600599,1.284e-26
2868.61805,1.885e-25
2868.620212,5.594000000000001e-25
2868.620986,4.737e-25
2868.623761,4.289e-25
2868.626228,5.463e-25
2868.651886,1.97e-25
2868.65921,7.327000000000001e-26
2868.660294,1.417e-23
2868.668007,3.846e-24
2868.670448,7.391e-26
2868.674586,1.314e-23
2868.677518,1.853e-23
2868.678394,1.959e-23
2868.679067,1.691e-23
2868.680362,1.7879999999999998e-23
2868.685818,2.554e-25
2868.690344,3.995e-25
2868.695407,3.903e-25
2868.697327,7.774e-26
2868.698476,5.398e-25
2868.706927,3.661e-24
2868.70784,4.447e-25
2868.722253,6.14e-22
2868.722731,5.952e-22
2868.724242,5.653e-26
2868.724674,1.429e-21
2868.724979,1.3900000000000001e-21
2868.727418,1.177e-22
2868.728294,8.553e-25
2868.728767,1.2379999999999998e-22
2868.729148,1.4850000000000002e-25
2868.736402,1.52e-25
2868.738371,7.149e-25
2868.740186,5.86e-27
2868.740349,6.9720000000000005e-25
2868.755465,1.704e-23
2868.756188,8.203000000000001e-25
2868.759388,1.449e-25
2868.761326,2.3350000000000003e-26
2868.762351,2.26e-25
2868.763658,1.569e-23
2868.775829,1.765e-25
2868.780732,1.786e-25
2868.792665,2.689e-24
2868.797788,7.767e-24
2868.800046,1.012e-22
2868.807739,1.056e-22
2868.821098,2.583e-24
2868.821888,7.346e-24
2868.839966,2.484e-24
2868.842445,1.237e-24
2868.850862,6.086e-26
2868.850871,3.027e-25
2868.856646,2.87e-25
2868.860444,5.198e-23
2868.868754,5.521e-23
2868.870624,2.79e-25
2868.871203,1.195e-24
2868.880402,4.36e-25
2868.900495,1.104e-23
2868.905004,9.805e-25
2868.910044,1.345e-25
2868.919182,1.313e-25
2868.919808,1.036e-23
2868.922061,2.629e-24
2868.928147,1.842e-24
2868.934531,9.384e-25
2868.942316,7.867000000000001e-25
2868.946324,7.671e-25
2868.961557,4.515e-25
2868.981741,4.87e-24
2868.988641,4.928e-25
2868.991441,5.457e-26
2868.993706,1.911e-23
2868.997159,1.2140000000000001e-21
2868.998367,1.179e-21
2869.004811,1.697e-25
2869.006763,1.7539999999999998e-24
2869.008063,4.647e-24
2869.009194,1.33e-22
2869.010695,1.3979999999999998e-22
2869.028775,2.03e-23
2869.037671,7.424e-26
2869.044246,7.265e-26
2869.055881,4.882e-25
2869.060979,4.768e-25
2869.072664,1.941e-23
2869.073122,1.122e-24
2869.078118,1.786e-23
2869.089546,4.998e-23
2869.090435,9.971e-26
2869.091381,8.324999999999999e-22
2869.092052,6.429000000000001e-26
2869.092098,8.076e-22
2869.099749,7.474e-23
2869.104468,1.0709999999999999e-24
2869.104806,7.908e-23
2869.106191,5.249e-23
2869.107423,9.835e-23
2869.110102,1.037e-22
2869.110272,5.64e-24
2869.120007,4.3750000000000005e-25
2869.132306,4.461e-25
2869.154155,3.385e-25
2869.160923,4.335000000000001e-25
2869.162056,1.434e-25
2869.162563,3.829e-25
2869.168685,3.2860000000000003e-25
2869.176681,5.074e-25
2869.183168,4.957000000000001e-25
2869.184044,6.309e-24
2869.191134,5.42e-25
2869.198375,4.524e-25
2869.212297,4.44e-22
2869.212633,4.589e-22
2869.223298,1.392e-25
2869.227938,1.044e-21
2869.228022,1.2410000000000002e-25
2869.228856,1.014e-21
2869.229823,1.4060000000000002e-25
2869.232642,1.282e-24
2869.240467,4.134e-25
2869.245253,1.84e-22
2869.246652,4.041e-25
2869.249226,1.912e-22
2869.250158,3.407e-25
2869.252692,1.3230000000000002e-25
2869.253789,3.3299999999999998e-25
2869.253813,4.497e-25
2869.265709,1.147e-26
2869.266028,1.221e-24
2869.268526,1.509e-21
2869.270843,1.467e-21
2869.275782,3.5530000000000005e-26
2869.281801,1.291e-25
2869.291386,1.623e-25
2869.291469,3.176e-23
2869.300837,1.583e-25
2869.30826,3.407e-23
2869.342801,4.337000000000001e-25
2869.351926,1.4549999999999998e-23
2869.352582,1.774e-25
2869.36469,1.357e-23
2869.369296,2.066e-24
2869.376852,1.601e-23
2869.377168,5.207e-27
2869.383548,1.4629999999999999e-24
2869.383962,3.005e-22
2869.385652,3.114e-22
2869.387629,1.384e-22
2869.388608,1.455e-22
2869.388991,2.575e-24
2869.396423,1.001e-25
2869.406689,1.156e-24
2869.408893,2.933e-25
2869.411188,1.743e-23
2869.413938,2.868e-25
2869.415669,2.477e-24
2869.418512,4.48e-25
2869.419246,1.391e-24
2869.420817,2.604e-25
2869.4255,4.225e-25
2869.433928,1.118e-24
2869.442301,3.978e-25
2869.443278,2.0960000000000003e-26
2869.449072,7.745e-24
2869.45255,4.9999999999999996e-26
2869.457414,3.86e-25
2869.466317,2.267e-24
2869.471125,7.346e-24
2869.48016,1.7599999999999997e-23
2869.480873,9.111e-26
2869.481653,4.337000000000001e-25
2869.486959,1.631e-23
2869.487651,8.911e-26
2869.525819,1.669e-24
2869.548995,4.252e-25
2869.564166,1.581e-24
2869.570854,1.117e-23
2869.581393,5.374e-25
2869.583409,5.248e-25
2869.588398,1.052e-23
2869.604294,4.754e-24
2869.609008,5.279000000000001e-26
2869.614101,5.172e-26
2869.622176,4.388e-25
2869.62873,4.545e-24
2869.656469,7.986e-25
2869.65903,1.124e-25
2869.659426,1.903e-24
2869.662904,1.95e-25
2869.663907,4.056e-25
2869.666252,1.135e-25
2869.672681,1.902e-25
2869.680278,3.1280000000000003e-25
2869.682274,1.499e-25
2869.685912,7.666e-25
2869.686781,8.243000000000001e-26
2869.691309,3.945e-25
2869.693871,2.061e-25
2869.699312,5.928000000000001e-25
2869.700847,1.797e-24
2869.703653,5.787e-25
2869.712357,4.1699999999999996e-24
2869.721085,4.662000000000001e-25
2869.721202,6.242000000000001e-25
2869.728269,3.594e-25
2869.733638,3.178e-25
2869.733687,3.514e-25
2869.736818,4.518e-25
2869.73879,4.125e-25
2869.750063,3.9669999999999996e-24
2869.75412,3.717e-25
2869.758636,1.464e-21
2869.760173,1.4220000000000001e-21
2869.760827,3.636e-25
2869.767157,1.173e-25
2869.784324,2.17e-24
2869.795211,1.145e-25
2869.802328,5.858000000000001e-26
2869.80956,4.253e-25
2869.812704,3.001e-25
2869.819056,2.936e-25
2869.821716,1.21e-22
2869.823407,1.276e-22
2869.829181,1.996e-25
2869.829332,1.75e-25
2869.829371,2.041e-24
2869.834183,5.477e-26
2869.846737,2.384e-24
2869.857826,2.079e-25
2869.861698,5.72e-26
2869.866441,1.051e-22
2869.870931,5.175e-23
2869.875792,1.098e-22
2869.880756,5.519999999999999e-23
2869.882502,5.155e-26
2869.886483,5.244000000000001e-26
2869.886982,6.775999999999999e-22
2869.887206,6.562e-22
2869.900443,2.477e-24
2869.904874,1.9899999999999999e-25
2869.912376,3.964e-25
2869.91396,1.114e-25
2869.91881,1.022e-26
2869.920947,1.089e-25
2869.923298,5.181000000000001e-26
2869.931163,6.849000000000001e-26
2869.932514,2.528e-24
2869.943916,2.078e-25
2869.949853,2.318e-24
2869.960813,1.0739999999999999e-24
2869.965539,3.1590000000000004e-26
2869.974941,2.449e-24
2869.97544,1.7539999999999998e-23
2869.980848,4.083e-25
2869.986669,1.04e-24
2869.990509,5.447e-25
2869.993985,2.474e-25
2869.997364,2.421e-25
2870.000058,2.359e-24
2870.006901,5.274e-25
2870.007678,2.831e-24
2870.017937,1.873e-23
2870.019314,6.018e-26
2870.022599,3.563e-25
2870.024602,2.3370000000000003e-25
2870.033839,1.48e-23
2870.034718,2.277e-25
2870.042136,4.059e-24
2870.045329,1.386e-23
2870.062478,2.636e-24
2870.069931,3.775e-25
2870.077559,2.098e-23
2870.07972,1.942e-23
2870.082281,2.115e-25
2870.087324,2.07e-25
2870.089641,7.656e-24
2870.09134,6.548e-26
2870.096569,6.412e-26
2870.100276,5.996000000000001e-26
2870.105858,3.246e-24
2870.109948,7.281e-24
2870.111968,5.702000000000001e-26
2870.113147,1.8640000000000003e-26
2870.115678,1.984e-23
2870.116523,4.988e-23
2870.116615,1.837e-23
2870.119275,1.129e-25
2870.122435,4.423e-26
2870.124404,7.547999999999999e-23
2870.130237,8.014e-23
2870.136213,3.885e-25
2870.136507,5.255e-23
2870.137469,1.004e-22
2870.139495,4.627e-24
2870.140513,1.062e-22
2870.143378,1.802e-23
2870.150105,1.679e-23
2870.167555,3.002e-24
2870.177862,5.835e-25
2870.181902,1.363e-21
2870.183009,1.323e-21
2870.18584,3.669e-25
2870.198403,1.635e-25
2870.211623,3.564e-25
2870.212121,3.571e-25
2870.216271,4.605e-24
2870.23041,1.119e-23
2870.239058,4.411e-24
2870.246377,1.057e-23
2870.250575,6.346e-25
2870.263659,1.412e-25
2870.267671,6.137e-25
2870.268624,9.241e-22
2870.26916,8.956999999999999e-22
2870.272512,1.034e-25
2870.275816,3.664e-25
2870.278941,3.057e-23
2870.290851,2.6620000000000003e-25
2870.293367,8.273000000000001e-26
2870.297199,2.608e-25
2870.299229,3.298e-23
2870.299578,1.011e-25
2870.336915,2.14e-25
2870.336935,1.358e-25
2870.33761,3.337e-25
2870.338317,1.947e-22
2870.339694,1.4419999999999998e-23
2870.343299,2.027e-22
2870.343433,2.096e-25
2870.344139,1.326e-25
2870.344853,4.522e-25
2870.352603,2.598e-25
2870.353796,4.837e-22
2870.354527,5.005e-22
2870.358226,2.543e-25
2870.372962,8.173000000000001e-26
2870.37648,2.79e-25
2870.379133,3.965e-25
2870.381229,3.876e-25
2870.382499,1.5849999999999998e-23
2870.386951,2.717e-25
2870.389904,7.028e-25
2870.39981,3.428e-25
2870.400358,2.016e-25
2870.403762,4.386e-25
2870.40846,4.286e-25
2870.413814,1.166e-21
2870.414608,1.1310000000000001e-21
2870.423281,5.493000000000001e-26
2870.426734,2.042e-23
2870.432067,1.9e-23
2870.438162,1.4000000000000002e-22
2870.43886,1.4759999999999998e-22
2870.440486,4.226e-25
2870.443169,5.3310000000000005e-25
2870.448039,3.099e-25
2870.453154,4.995e-26
2870.464071,5.596000000000001e-26
2870.473377,1.733e-21
2870.476058,1.684e-21
2870.490666,1.06e-25
2870.493345,1.141e-25
2870.499075,4.343000000000001e-25
2870.501284,7.373e-25
2870.501923,3.23e-22
2870.504243,3.352e-22
2870.50481,9.919e-25
2870.508338,3.182e-25
2870.514492,1.287e-25
2870.519135,7.121e-25
2870.519705,6.459000000000001e-26
2870.529401,9.613e-25
2870.543049,2.858e-25
2870.550522,2.313e-24
2870.559683,1.043e-25
2870.560116,9.072e-27
2870.56155,6.583000000000001e-26
2870.56337,8.092000000000001e-26
2870.568739,7.92e-26
2870.57276,3.044e-25
2870.574241,2.232e-24
2870.601531,2.931e-25
2870.601827,7.554000000000001e-26
2870.614796,1.091e-25
2870.62277,2.615e-25
2870.642594,2.805e-26
2870.644768,7.703e-26
2870.651404,4.373e-24
2870.669596,8.786000000000001e-26
2870.679516,2.681e-25
2870.687321,2.377e-25
2870.68828,4.1539999999999996e-24
2870.698091,3.3e-25
2870.700325,1.764e-25
2870.703452,1.7280000000000002e-25
2870.703749,1.49e-23
2870.708024,9.244e-26
2870.710189,1.497e-25
2870.711378,5.008e-26
2870.713677,8.962000000000001e-26
2870.714219,1.401e-23
2870.715241,1.467e-25
2870.718541,3.32e-25
2870.719515,7.506e-24
2870.722957,1.016e-25
2870.723334,3.215e-25
2870.729382,3.23e-25
2870.736816,2.145e-25
2870.738317,7.156e-24
2870.742407,2.435e-25
2870.742635,8.543e-25
2870.749801,1.6480000000000002e-25
2870.757228,1.61e-25
2870.761298,8.24e-25
2870.761852,1.168e-25
2870.768224,1.037e-25
2870.768725,9.075e-26
2870.771244,1.656e-26
2870.771359,1.924e-25
2870.775997,6.9480000000000005e-25
2870.786213,1.336e-25
2870.790209,1.646e-21
2870.790314,2.197e-25
2870.79094,1.598e-21
2870.791047,1.714e-25
2870.794865,8.871000000000001e-26
2870.79597,1.518e-25
2870.79668,1.7270000000000002e-25
2870.808352,1.193e-25
2870.808831,6.38e-26
2870.811447,1.2379999999999998e-22
2870.813109,1.5e-25
2870.813132,1.31e-22
2870.817686,4.429e-24
2870.819604,3.645e-25
2870.819789,1.47e-25
2870.823336,1.968e-25
2870.826404,1.984e-25
2870.826784,2.392e-25
2870.833999,1.364e-25
2870.839021,4.25e-24
2870.841337,3.915e-26
2870.841568,1.753e-25
2870.844859,5.087e-26
2870.845095,1.551e-25
2870.847994,2.271e-24
2870.856222,6.039000000000001e-26
2870.860513,1.822e-23
2870.865905,1.706e-23
2870.870811,5.095e-23
2870.871536,1.4820000000000002e-25
2870.874508,3.703e-25
2870.879146,1.111e-23
2870.882516,5.46e-23
2870.884798,1.4e-25
2870.893796,1.053e-23
2870.923181,1.081e-22
2870.928582,1.846e-25
2870.934374,1.808e-25
2870.93448,1.132e-22
2870.937773,2.414e-24
2870.947939,1.5409999999999998e-23
2870.955664,2.187e-24
2870.972697,2.037e-25
2870.974629,9.873e-25
2870.99417,9.509e-25
2870.996466,2.115e-25
2870.999859,1.656e-23
2871.006915,7.658e-26
2871.025099,9.964e-26
2871.030613,9.748e-26
2871.038672,9.108e-25
2871.041452,7.194999999999999e-22
2871.041508,7.438e-22
2871.045945,6.562000000000001e-26
2871.050786,3.938e-25
2871.05491,3.187e-25
2871.059986,3.1180000000000004e-25
2871.062017,3.829e-25
2871.062102,8.835e-25
2871.089532,2.561e-24
2871.093914,2.218e-25
2871.095703,1.403e-22
2871.097217,1.484e-22
2871.11035,7.682e-25
2871.11574,2.172e-24
2871.130528,2.872e-25
2871.13274,2.81e-25
2871.133625,1.815e-21
2871.133814,1.762e-21
2871.134108,4.902e-23
2871.138201,2.098e-24
2871.138407,7.552999999999999e-23
2871.139923,1.277e-25
2871.145187,8.051e-23
2871.152559,1.995e-25
2871.153782,1.302e-25
2871.158134,5.183e-23
2871.158964,1.016e-22
2871.159772,1.274e-25
2871.160218,1.946e-25
2871.162471,1.0779999999999998e-22
2871.172217,8.11e-25
2871.184499,4.18e-25
2871.189798,8.030000000000001e-27
2871.197264,1.1379999999999999e-24
2871.198686,7.802e-25
2871.200647,2.953e-25
2871.217759,1.095e-24
2871.224925,2.879e-25
2871.226631,1.863e-25
2871.241298,1.034e-25
2871.248144,1.014e-25
2871.255523,2.8899999999999995e-23
2871.255762,7.923000000000001e-26
2871.280317,3.14e-23
2871.281029,7.748e-26
2871.289899,1.604e-25
2871.290476,1.245e-23
2871.292303,1.041e-25
2871.297365,1.021e-25
2871.31016,2.488e-26
2871.33871,7.305e-24
2871.340315,2.085e-25
2871.34347,6.333000000000001e-26
2871.344873,1.3849999999999998e-23
2871.347706,6.202000000000001e-26
2871.356203,6.979e-24
2871.364959,1.488e-23
2871.369247,1.235e-25
2871.372129,1.21e-25
2871.373217,4.656000000000001e-25
2871.374521,1.404e-23
2871.376443,2.1690000000000003e-25
2871.380583,6.938000000000001e-25
2871.384024,1.521e-21
2871.384857,4.523e-25
2871.385027,1.475e-21
2871.408548,4.2309999999999996e-24
2871.410538,1.309e-24
2871.417765,1.4690000000000003e-26
2871.418633,2.32e-25
2871.421501,2.046e-22
2871.427649,2.133e-22
2871.428597,4.067e-24
2871.429347,2.162e-23
2871.431746,2.022e-23
2871.432075,1.257e-24
2871.435596,1.0210000000000001e-21
2871.435934,9.882e-22
2871.449247,1.46e-22
2871.450017,4.177e-25
2871.450327,1.544e-22
2871.455958,1.288e-25
2871.456076,4.662e-26
2871.461929,1.263e-25
2871.474829,3.464e-26
2871.476532,1.222e-25
2871.482195,1.195e-25
2871.485145,5.238e-22
2871.486318,5.427999999999999e-22
2871.487172,1.834e-23
2871.489824,4.425e-24
2871.49295,1.7229999999999998e-23
2871.509695,4.428e-26
2871.510512,2.041e-23
2871.51102,1.91e-23
2871.511303,4.298e-25
2871.517111,5.3240000000000005e-25
2871.51713,1.095e-23
2871.526327,4.193e-24
2871.530653,1.0399999999999998e-23
2871.545212,2.405e-25
2871.553111,2.346e-25
2871.562391,8.317000000000001e-25
2871.583478,1.297e-25
2871.584748,8.074e-25
2871.588789,1.295e-21
2871.589453,1.255e-21
2871.589536,7.869000000000001e-25
2871.609824,3.45e-22
2871.612859,3.585e-22
2871.614448,1.503e-24
2871.621879,6.2970000000000005e-25
2871.637127,1.44e-24
2871.652076,2.275e-25
2871.654724,7.040000000000001e-26
2871.657545,2.228e-25
2871.661027,1.909e-21
2871.662917,1.853e-21
2871.670596,2.027e-24
2871.685835,5.487e-25
2871.69192,1.96e-24
2871.693491,2.629e-25
2871.697907,5.3250000000000005e-25
2871.702346,6.694e-26
2871.715219,3.548e-25
2871.716871,2.564e-25
2871.723925,1.033e-25
2871.733585,6.883e-26
2871.735324,2.071e-23
2871.740673,1.945e-23
2871.75803,6.735e-26
2871.768406,3.8950000000000005e-26
2871.807995,7.088e-27
2871.80899,1.722e-24
2871.831577,7.854e-26
2871.832929,1.647e-24
2871.834572,2.042e-25
2871.835907,7.688e-26
2871.836934,2e-25
2871.841853,2.145e-24
2871.860007,4.953e-23
2871.866507,7.705000000000001e-26
2871.872199,1.254e-22
2871.874079,5.338e-23
2871.874299,1.3309999999999998e-22
2871.887585,2.275e-25
2871.902209,7.558000000000001e-26
2871.902965,1.982e-25
2871.910746,1.267e-23
2871.91767,1.495e-25
2871.923487,1.461e-25
2871.927762,2.89e-25
2871.935912,2.8170000000000003e-25
2871.935961,2.284e-24
2871.947235,7.058e-24
2871.949062,4.222e-25
2871.950112,8.81e-26
2871.950725,2.767e-25
2871.963581,6.755999999999999e-24
2871.964145,2.2030000000000003e-26
2871.970224,1.101e-22
2871.974857,1.3719999999999998e-23
2871.983828,1.1559999999999998e-22
2871.988641,6.446e-25
2871.988863,4.016e-24
2871.994155,1.969e-24
2872.001171,6.251000000000001e-25
2872.005529,4.29e-25
2872.006087,8.582000000000001e-26
2872.007764,3.866e-24
2872.012965,1.4729999999999998e-23
2872.019497,1.879e-24
2872.021817,1.3949999999999998e-23
2872.0437,2.007e-25
2872.052758,1.2990000000000002e-26
2872.062817,2.079e-25
2872.074166,7.023000000000001e-26
2872.075954,7.553000000000001e-25
2872.078901,8.497000000000001e-26
2872.097319,7.338e-25
2872.108819,8.643e-25
2872.141727,7.483e-23
2872.141742,1.835e-21
2872.142184,4.729e-23
2872.142995,1.78e-21
2872.144286,1.071e-23
2872.14968,8.012999999999999e-23
2872.15287,1.441e-25
2872.156835,1.02e-23
2872.168543,1.02e-22
2872.169935,2.249e-24
2872.171155,5.02e-23
2872.172589,1.087e-22
2872.176606,2.3290000000000003e-25
2872.185464,7.845999999999999e-22
2872.18583,8.12e-22
2872.18921,3.0610000000000004e-26
2872.194694,1.596e-25
2872.196847,2.141e-24
2872.199146,2.273e-25
2872.200561,1.5640000000000002e-25
2872.20157,1.821e-23
2872.202156,5.951000000000001e-26
2872.205901,1.718e-23
2872.215093,1.881e-24
2872.220957,2.671e-23
2872.225825,5.825000000000001e-26
2872.228062,1.007e-23
2872.232983,4.31e-24
2872.235384,1.8209999999999998e-24
2872.24377,2.119e-25
2872.251683,2.927e-23
2872.269652,4.071e-24
2872.281637,7.551000000000001e-25
2872.294652,7.314e-25
2872.298942,1.138e-23
2872.30021,3.4610000000000003e-25
2872.306982,1.82e-25
2872.308621,3.371e-25
2872.309335,9.705e-26
2872.313761,9.496e-26
2872.314905,5.352000000000001e-26
2872.318262,5.242000000000001e-26
2872.336317,2.566e-24
2872.336607,4.888e-25
2872.348517,1.821e-25
2872.354493,1.779e-25
2872.357996,7.389e-26
2872.365003,2.435e-24
2872.406847,7.054e-26
2872.41482,6.2369999999999996e-27
2872.440882,2.618e-25
2872.452781,4.08e-25
2872.4723,1.45e-22
2872.4733,1.5379999999999998e-22
2872.490321,1.427e-25
2872.492865,1.398e-25
2872.493284,2.925e-24
2872.49478,2.133e-22
2872.502285,2.228e-22
2872.517038,4.203e-25
2872.523993,2.768e-24
2872.545098,6.774e-24
2872.551089,1.6900000000000001e-21
2872.551779,8.172000000000001e-25
2872.551994,1.638e-21
2872.558635,3.788e-24
2872.560432,6.496e-24
2872.564821,8.819e-25
2872.576508,3.651e-24
2872.578354,8.533e-25
2872.579349,6.823e-25
2872.592276,1.121e-21
2872.592399,1.084e-21
2872.599792,6.6330000000000005e-25
2872.606335,5.639e-22
2872.608007,5.851e-22
2872.610391,1.948e-26
2872.637612,7.989e-25
2872.640811,3.333e-24
2872.649972,2.052e-25
2872.653933,1.448e-23
2872.661434,5.12e-26
2872.661767,7.701e-25
2872.662088,1.374e-23
2872.662559,4.13e-25
2872.667234,1.466e-25
2872.671243,4.021e-25
2872.671727,2.004e-25
2872.673857,3.143e-24
2872.676437,1.146e-26
2872.679342,6.248000000000001e-25
2872.682347,1.1e-25
2872.684368,5.014e-26
2872.688603,1.0790000000000002e-25
2872.707655,3.66e-22
2872.711508,3.81e-22
2872.73297,2.156e-23
2872.735647,2.032e-23
2872.73584,1.147e-25
2872.749229,1.735e-24
2872.754234,1.4310000000000001e-21
2872.754753,1.385e-21
2872.760737,1.039e-23
2872.763962,3.632e-26
2872.768579,1.681e-24
2872.769074,2.21e-25
2872.770353,9.857e-25
2872.770781,2.109e-25
2872.772433,9.921e-24
2872.775216,2.1580000000000003e-25
2872.776628,1.195e-25
2872.778864,3.799e-24
2872.781155,1.169e-25
2872.781861,2.7050000000000004e-26
2872.786719,1.806e-23
2872.79113,7.417e-25
2872.791854,1.709e-23
2872.804558,2.188e-25
2872.814647,3.5689999999999996e-24
2872.820788,6.661000000000001e-26
2872.82416,6.523e-26
2872.829678,2.008e-24
2872.838196,1.027e-24
2872.838408,4.745e-23
2872.848102,2.162e-21
2872.848262,4.121e-25
2872.850453,2.097e-21
2872.852249,1.263e-22
2872.852282,9.925e-25
2872.854416,1.3459999999999998e-22
2872.85551,5.146e-23
2872.861699,2.031e-23
2872.861889,1.914e-23
2872.863124,9.237e-24
2872.863501,3.4420000000000004e-26
2872.874435,2.578e-25
2872.886727,4.029e-24
2872.905003,7.399e-26
2872.907395,4.335e-24
2872.924198,3.789e-24
2872.928521,2.1439999999999998e-24
2872.943403,1.01e-23
2872.946439,4.053e-24
2872.955955,7.088000000000001e-26
2872.998231,2.035e-23
2873.001355,2.266e-25
2873.003681,1.925e-23
2873.007515,1.1079999999999998e-22
2873.010362,5.473e-27
2873.014809,4.914e-25
2873.023781,4.779e-25
2873.02387,1.1669999999999998e-22
2873.026332,4.953e-24
2873.03775,3.035e-26
2873.037751,1.917e-25
2873.052387,1.98e-25
2873.065819,3.191e-25
2873.069349,4.607e-24
2873.072561,6.13e-25
2873.074206,4.859e-25
2873.092144,5.964000000000001e-25
2873.10176,1.193e-24
2873.108222,7.256000000000001e-26
2873.111376,4.384e-26
2873.113568,1.8e-25
2873.116439,1.151e-24
2873.117866,3.551e-24
2873.1323,6.459e-24
2873.132335,4.938e-25
2873.133613,4.296e-26
2873.13429,7.330999999999999e-23
2873.134587,1.758e-25
2873.134813,3.427e-24
2873.135562,5.676e-24
2873.139842,1.386e-25
2873.140585,4.457e-23
2873.141942,1.437e-22
2873.142923,2.887e-25
2873.143495,1.53e-22
2873.143714,7.892e-23
2873.146736,6.204e-24
2873.148111,9.334e-26
2873.150252,7.225e-24
2873.156913,9.749e-25
2873.158767,1.623e-25
2873.168728,1.014e-22
2873.169384,2.044e-21
2873.170074,1.981e-21
2873.173454,1.0849999999999998e-22
2873.174828,2.396e-23
2873.175685,4.755e-23
2873.179344,2.674e-25
2873.183565,5.244e-24
2873.185658,2.608e-25
2873.213575,2.655e-23
2873.217094,1.367e-25
2873.233553,1.466e-25
2873.234903,6.5299999999999995e-24
2873.238182,1.433e-25
2873.241312,1.7180000000000002e-26
2873.245833,8.352e-24
2873.252282,2.411e-25
2873.273003,1.5919999999999999e-24
2873.279675,1.413e-23
2873.282794,7.088000000000001e-26
2873.287329,1.345e-23
2873.288717,1.009e-26
2873.289419,5.985e-24
2873.291492,1.544e-24
2873.310427,8.263000000000001e-26
2873.313921,8.087000000000001e-26
2873.315182,2.064e-25
2873.319232,8.506999999999999e-22
2873.319945,8.816e-22
2873.321052,5.02e-24
2873.336609,6.811000000000001e-26
2873.355514,1.381e-24
2873.356963,5.826e-25
2873.364004,1.677e-25
2873.366236,5.6620000000000005e-25
2873.366308,1.002e-23
2873.370832,1.3309999999999999e-24
2873.377256,9.585e-24
2873.398296,4.762e-24
2873.429637,1.6490000000000002e-25
2873.44223,5.464e-26
2873.44449,3.02e-25
2873.449402,3.935e-25
2873.453743,5.369e-26
2873.457147,3.599e-24
2873.470931,1.495e-22
2873.472091,1.592e-22
2873.478965,5.699e-25
2873.479578,6.514000000000001e-26
2873.481811,1.079e-24
2873.485154,5.761e-26
2873.496184,3.368e-24
2873.497143,2.383e-26
2873.502317,2.259e-21
2873.502403,2.189e-21
2873.503888,1.765e-23
2873.507353,1.675e-23
2873.516968,4.059e-25
2873.53691,6.276000000000001e-26
2873.54655,5.563e-26
2873.551936,3.737e-26
2873.555575,5.48e-25
2873.558127,2.204e-22
2873.567219,2.308e-22
2873.567375,1.57e-25
2873.57351,3.663e-26
2873.574353,5.3350000000000005e-25
2873.579329,3.223e-25
2873.585822,3.1430000000000003e-25
2873.5877,1.535e-25
2873.599456,1.5959999999999999e-24
2873.615465,1.536e-24
2873.66383,2.127e-25
2873.666558,3.3089999999999996e-24
2873.680039,1.792e-25
2873.682666,3.198e-24
2873.684776,1.751e-25
2873.688666,5.698e-26
2873.689021,6.886000000000001e-25
2873.698612,6.686e-25
2873.70095,5.601000000000001e-26
2873.707553,1.115e-25
2873.708849,6.1199999999999996e-24
2873.717356,6.033999999999999e-22
2873.719592,6.27e-22
2873.722481,5.888e-24
2873.729756,1.868e-21
2873.730532,1.808e-21
2873.731712,9.645e-25
2873.738571,1.183e-21
2873.738673,1.225e-21
2873.74063,1.09e-25
2873.74512,1.65e-25
2873.745691,1.263e-25
2873.786412,1.453e-24
2873.787934,4.098e-24
2873.794252,1.021e-25
2873.795402,3.857e-22
2873.797766,9.984e-26
2873.798058,6.877000000000001e-26
2873.800196,4.021e-22
2873.803832,5.04e-24
2873.80411,1.41e-24
2873.805846,4.465e-23
2873.809847,6.755e-26
2873.810463,1.861e-24
2873.826909,4.881e-23
2873.83158,7.309999999999999e-25
2873.833584,1.839e-24
2873.836047,3.917e-24
2873.850343,1.767e-24
2873.867082,1.5130000000000003e-26
2873.881275,1.259e-22
2873.88395,1.3459999999999998e-22
2873.889893,8.859e-27
2873.900999,1.3689999999999998e-23
2873.905635,2.948e-25
2873.906247,5.578e-24
2873.908079,1.306e-23
2873.908982,1.573e-21
2873.909345,1.521e-21
2873.914482,1.993e-24
2873.945636,1.116e-24
2873.949929,8.707e-25
2873.950345,3.0579999999999998e-24
2873.951059,1.775e-25
2873.96124,9.599e-24
2873.961352,1.831e-25
2873.96903,3.872e-25
2873.970924,1.302e-25
2873.97152,9.199e-24
2873.97197,4.772e-25
2873.97571,3.773e-25
2873.983064,3.17e-26
2873.987735,2.087e-23
2873.990714,1.98e-23
2873.991891,2.841e-24
2874.004006,3.108e-26
2874.010984,8.113e-25
2874.011305,2.3690000000000002e-21
2874.011366,1.364e-25
2874.012821,2.296e-21
2874.020912,7.871000000000001e-25
2874.023245,2.823e-26
2874.023429,1.265e-25
2874.028375,4.873e-25
2874.031038,1.334e-25
2874.034983,1.101e-22
2874.04184,1.7279999999999998e-23
2874.0437,2.102e-26
2874.044132,7.643e-25
2874.046397,4.747e-25
2874.04653,1.644e-23
2874.052191,3.879e-24
2874.054652,1.1639999999999998e-22
2874.057898,2.115e-24
2874.064091,5.858000000000001e-26
2874.06565,5.736e-26
2874.066596,7.381e-25
2874.075475,2.029e-24
2874.092119,2.582e-25
2874.116024,7.092e-23
2874.116145,2.1820000000000003e-25
2874.116431,2.062e-23
2874.120992,2.131e-25
2874.127325,7.682e-23
2874.129072,4.074e-23
2874.135104,7.237000000000001e-26
2874.145146,8.624e-26
2874.147586,7.113000000000001e-26
2874.154841,6.939e-26
2874.157228,8.468e-26
2874.157599,9.987e-23
2874.158505,1.824e-25
2874.163154,1.0739999999999998e-22
2874.166396,2.316e-23
2874.168819,1.86e-23
2874.168868,1.96e-23
2874.171886,4.371e-23
2874.172218,3.669e-25
2874.173138,2.667e-26
2874.187732,4.637e-24
2874.190648,5.558e-25
2874.193129,3.405e-24
2874.200124,2.068e-25
2874.204709,3.067e-24
2874.209062,5.2e-26
2874.215244,1.945e-23
2874.21581,1.012e-25
2874.220055,2.967e-24
2874.220582,5.115e-26
2874.220855,1.85e-23
2874.223041,3.269e-24
2874.23204,2.141e-25
2874.250481,5.65e-25
2874.250586,2.74e-25
2874.261065,2.356e-26
2874.263818,1.257e-25
2874.267387,1.23e-25
2874.272392,2.426e-24
2874.274737,5.764e-24
2874.287648,5.553e-24
2874.289453,1.318e-24
2874.290867,2.323e-24
2874.306423,1.281e-24
2874.314544,5.528000000000001e-26
2874.314899,2.3390000000000003e-25
2874.320909,5.429e-26
2874.322855,9.529e-25
2874.333138,9.236e-25
2874.34845,4.636000000000001e-25
2874.355326,4.514e-25
2874.372215,2.451e-24
2874.404707,2.6760000000000003e-26
2874.417478,2.258e-24
2874.425047,2.625e-26
2874.439156,3.743e-25
2874.439404,3.393e-25
2874.44275,9.170000000000001e-22
2874.443849,9.516e-22
2874.445518,1.179e-25
2874.453983,7.314000000000001e-26
2874.455271,1.19e-24
2874.456785,7.158000000000001e-26
2874.464184,1.455e-22
2874.464573,1.153e-25
2874.465521,1.556e-22
2874.474632,1.329e-26
2874.477063,2.779e-24
2874.47969,7.757e-27
2874.483536,2.255e-21
2874.483547,1.077e-25
2874.484532,2.183e-21
2874.490939,4.312e-25
2874.495943,1.058e-25
2874.496528,2.656e-24
2874.503915,1.318e-23
2874.508249,4.202e-25
2874.510413,3.867e-25
2874.510653,1.26e-23
2874.539595,6.876e-26
2874.54183,2.6490000000000003e-25
2874.545184,9.138e-24
2874.546262,6.749000000000001e-26
2874.546794,2.585e-25
2874.552223,2.858e-24
2874.554872,8.772e-24
2874.570078,2.753e-24
2874.57259,9.159e-26
2874.585281,8.998000000000001e-26
2874.590267,9.628e-26
2874.611506,2.257e-22
2874.611619,6.6240000000000005e-25
2874.62247,2.37e-22
2874.624632,1.116e-24
2874.635294,1.0799999999999999e-24
2874.655016,5.297000000000001e-26
2874.665289,5.186000000000001e-26
2874.668471,6.046e-26
2874.671906,3.178e-24
2874.692469,3.029e-24
2874.71759,5.532e-25
2874.724065,6.672e-26
2874.724671,5.383e-25
2874.725943,1.543e-25
2874.728233,1.836e-24
2874.729566,1.508e-25
2874.732318,2.826e-24
2874.735715,6.561e-26
2874.746968,2.7369999999999998e-24
2874.754938,8.521e-26
2874.756302,1.37e-25
2874.761937,8.361000000000001e-26
2874.762064,4.108e-23
2874.765843,1.843e-26
2874.76791,1.6629999999999998e-23
2874.770626,1.586e-23
2874.778851,1.672e-24
2874.780626,1.598e-25
2874.782122,1.19e-24
2874.784886,1.707e-24
2874.786696,1.6460000000000002e-25
2874.788428,4.535e-23
2874.798417,1.157e-24
2874.813317,1.341e-25
2874.816811,2.249e-26
2874.817762,1.845e-25
2874.818196,6.415e-22
2874.821075,6.676999999999999e-22
2874.826048,1.316e-25
2874.829975,5.3969999999999996e-24
2874.836573,2.207e-26
2874.842234,5.2059999999999996e-24
2874.849676,1.2449999999999998e-22
2874.852557,1.3379999999999998e-22
2874.856912,3.628e-24
2874.869804,1.014e-25
2874.873049,4.033e-22
2874.874396,1.285e-21
2874.874411,2.415e-24
2874.874773,1.332e-21
2874.878703,3.45e-24
2874.878715,2.054e-21
2874.878931,4.214e-22
2874.879388,1.987e-21
2874.880801,3.346e-25
2874.883964,2.331e-24
2874.884592,1.13e-24
2874.888273,9.924e-26
2874.894612,1.834e-24
2874.916317,1.303e-24
2874.927383,1.26e-24
2874.943251,3.796e-25
2874.957128,3.204e-25
2874.959887,3.702e-25
2874.960665,1.052e-25
2874.962213,3.1250000000000003e-25
2874.968026,1.032e-25
2874.973841,8.527e-25
2875.001141,1.155e-25
2875.014054,1.134e-25
2875.017419,9.007000000000001e-26
2875.01922,8.811000000000001e-26
2875.023259,1.263e-24
2875.032071,4.138e-24
2875.044473,1.662e-23
2875.052532,1.0779999999999998e-22
2875.053966,1.72e-21
2875.054157,1.662e-21
2875.055247,3.924e-24
2875.058587,6.773e-27
2875.076235,1.143e-22
2875.076452,6.58e-25
2875.080865,1.165e-26
2875.08161,1.132e-24
2875.083748,6.397e-25
2875.086435,5.51e-25
2875.086813,6.76e-23
2875.099097,1.019e-24
2875.100554,7.376e-23
2875.106395,1.261e-23
2875.107293,3.567e-23
2875.108423,1.365e-24
2875.110839,1.902e-23
2875.112619,1.208e-23
2875.1186,8.645e-24
2875.127748,8.312e-24
2875.134516,1.664e-25
2875.136499,9.723e-23
2875.143116,1.052e-22
2875.147602,1.632e-25
2875.147833,1.422e-22
2875.149474,1.5279999999999998e-22
2875.151889,3.754e-25
2875.153331,2.044e-25
2875.156871,1.295e-25
2875.159991,3.853e-23
2875.164631,1.27e-25
2875.165588,2.049e-24
2875.169276,1.981e-24
2875.175162,1.886e-25
2875.175583,2.931e-25
2875.178876,1.842e-25
2875.180479,2.645e-21
2875.182502,2.5600000000000007e-21
2875.193425,1.962e-23
2875.196573,1.873e-23
2875.19737,4.716e-24
2875.197909,1.517e-24
2875.209407,1.4649999999999999e-24
2875.219309,1.882e-26
2875.222121,4.458e-24
2875.225523,5.278e-26
2875.229697,8.529000000000001e-26
2875.23357,2.1810000000000003e-26
2875.23852,1.8470000000000003e-26
2875.240179,3.1170000000000004e-25
2875.241486,8.384000000000001e-26
2875.249382,2.591e-24
2875.252327,1.609e-23
2875.256709,1.5379999999999998e-23
2875.260365,1.622e-26
2875.261296,7.784e-25
2875.263394,2.511e-24
2875.264412,1.069e-24
2875.270097,4.204e-25
2875.277627,5.444e-26
2875.280082,1.04e-24
2875.283649,1.077e-25
2875.284193,8.678000000000001e-26
2875.288078,5.356e-26
2875.302013,6.3170000000000005e-25
2875.302108,8.5e-26
2875.306657,2.65e-25
2875.331155,6.82e-25
2875.343662,1.589e-25
2875.351858,1.557e-25
2875.352792,5.373e-24
2875.362018,3.862e-25
2875.363645,6.423e-25
2875.367229,3.765e-25
2875.374545,5.024e-24
2875.379352,5.061e-24
2875.382444,7.107e-25
2875.385285,3.325e-25
2875.386157,1.812e-23
2875.386213,4.853e-24
2875.39197,1.731e-23
2875.401283,3.245e-25
2875.40382,6.875000000000001e-25
2875.409344,1.593e-25
2875.416109,1.115e-25
2875.418846,1.09e-25
2875.420778,1.451e-25
2875.422246,3.509e-25
2875.425036,7.8e-25
2875.429245,1.6869999999999998e-24
2875.42977,1.742e-24
2875.430189,3.929e-25
2875.431376,1.756e-23
2875.431606,1.841e-23
2875.43256,7.578000000000001e-25
2875.433926,1.424e-25
2875.438202,1.818e-26
2875.438273,2.056e-26
2875.439277,1.555e-25
2875.445081,4.103e-25
2875.447201,2.056e-25
2875.452695,1.481e-22
2875.453917,1.592e-22
2875.460665,2.016e-25
2875.46941,1.761e-24
2875.481371,1.699e-24
2875.49727,1.35e-24
2875.497654,3.63e-25
2875.49831,6.123e-24
2875.507737,2.487e-21
2875.508357,2.405e-21
2875.521147,1.942e-25
2875.524343,1.4010000000000002e-25
2875.526306,1.441e-25
2875.526977,5.745e-24
2875.52982,1.902e-25
2875.533192,3.4670000000000003e-25
2875.556007,9.827e-22
2875.557542,1.0210000000000001e-21
2875.574987,1.684e-25
2875.612139,1.5670000000000002e-26
2875.615842,2.297e-25
2875.619616,2.243e-25
2875.626013,5.897e-27
2875.63082,1.539e-26
2875.632561,1.969e-25
2875.63389,6.984e-24
2875.654872,2.289e-22
2875.663045,2.035e-25
2875.664437,1.018e-26
2875.665049,6.523e-24
2875.666237,1.439e-24
2875.66806,2.41e-22
2875.669812,1.483e-24
2875.680841,8.131e-24
2875.685686,1.199e-23
2875.688654,7.395000000000001e-26
2875.689445,2.365e-25
2875.689508,7.829e-24
2875.691698,1.15e-23
2875.695739,1.333e-25
2875.698639,2.316e-25
2875.706042,7.245e-26
2875.706635,3.671e-23
2875.725963,1.086e-25
2875.730817,2.039e-24
2875.734628,7.677e-25
2875.736317,9.554e-25
2875.737898,1.067e-25
2875.740316,4.103e-23
2875.743278,1.965e-24
2875.751407,9.303e-25
2875.751434,2.532e-25
2875.752417,1.548e-24
2875.755898,2.362e-24
2875.756518,4.639000000000001e-25
2875.759483,7.98e-24
2875.761861,4.519e-25
2875.763344,9.217e-25
2875.765301,2.4810000000000003e-25
2875.769322,2.292e-24
2875.771108,8.946e-25
2875.772033,1.442e-25
2875.793645,7.412e-24
2875.812953,1.496e-24
2875.817022,2.899e-25
2875.823565,8.103e-26
2875.830818,2.664e-21
2875.830825,2.7550000000000002e-21
2875.831522,1.815e-25
2875.832344,7.925e-26
2875.832414,2.83e-25
2875.838201,7.033000000000001e-26
2875.844918,1.782e-25
2875.84868,2.872e-25
2875.848738,6.917000000000001e-26
2875.848823,1.2159999999999998e-22
2875.852362,1.3149999999999998e-22
2875.858444,2.81e-25
2875.862088,1.892e-25
2875.868457,1.669e-24
2875.875013,9.142e-24
2875.882036,1.227e-24
2875.883973,3.825e-25
2875.885944,2.049e-25
2875.887819,1.263e-24
2875.895159,2.293e-25
2875.908464,4.651e-24
2875.908841,6.773999999999999e-22
2875.911062,1.833e-25
2875.912458,7.063999999999999e-22
2875.912885,8.437999999999999e-24
2875.919591,4.498e-24
2875.935217,1.364e-25
2875.937226,1.333e-25
2875.940575,4.185e-22
2875.947724,4.382e-22
2875.956311,1.189e-23
2875.969871,2.258e-25
2875.980362,1.052e-23
2875.982131,2.355e-24
2875.993948,1.527e-23
2875.995133,2.266e-24
2875.995793,1.414e-26
2875.995985,1.462e-23
2875.998987,3.4750000000000003e-25
2875.999915,1.386e-21
2876.000581,1.439e-21
2876.009373,3.398e-25
2876.013396,1.276e-26
2876.022971,9.629e-24
2876.034288,2.246e-21
2876.034808,2.17e-21
2876.042029,1.325e-24
2876.044521,2.788e-25
2876.046499,6.33e-23
2876.047277,3.106e-25
2876.048186,1.3979999999999998e-23
2876.048384,2.721e-25
2876.060032,1.036e-22
2876.061572,3.043e-25
2876.063483,6.969e-23
2876.074697,2.921e-23
2876.075329,1.216e-23
2876.078018,1.047e-24
2876.083154,6.272e-26
2876.085384,1.076e-24
2876.088705,1.1039999999999998e-22
2876.091377,1.086e-24
2876.099395,1.053e-24
2876.100039,6.147000000000001e-26
2876.104391,9.346e-23
2876.106164,9.917e-25
2876.112368,1.018e-22
2876.114364,2.622e-25
2876.124285,1.103e-23
2876.140351,3.183e-23
2876.140507,4.191e-25
2876.140618,5.554e-25
2876.145052,2.277e-25
2876.146099,5.406e-25
2876.151571,4.096e-25
2876.176532,2.576e-25
2876.179008,1.23e-25
2876.181033,1.198e-25
2876.182787,5.12e-27
2876.188397,1.871e-21
2876.188402,1.805e-21
2876.191767,6.342e-25
2876.197832,8.495e-25
2876.212379,8.278e-25
2876.212868,1.378e-25
2876.220443,3.547e-25
2876.22335,2.714e-24
2876.224959,1.354e-25
2876.23274,7.604e-24
2876.233393,2.263e-25
2876.236939,2.606e-24
2876.237967,1.189e-24
2876.238431,2.515e-25
2876.240958,7.331e-24
2876.247051,2.221e-25
2876.251861,2.1419999999999998e-24
2876.252144,3.3130000000000003e-25
2876.25226,8.881e-27
2876.253244,2.456e-25
2876.255268,8.918e-25
2876.259681,1.555e-24
2876.26374,9.154e-25
2876.264417,5.1340000000000005e-26
2876.264744,2.08e-24
2876.270374,1.133e-23
2876.273389,5.038e-25
2876.273762,5.053e-26
2876.275889,1.089e-23
2876.285196,4.921e-25
2876.291207,3.002e-25
2876.319679,2.882e-21
2876.320857,2.787e-21
2876.324362,1.117e-23
2876.334793,3.798e-25
2876.335213,1.674e-25
2876.33792,1.635e-25
2876.349544,3.718e-25
2876.353827,1.114e-25
2876.359667,4.802e-25
2876.360229,1.544e-23
2876.389055,9.051e-26
2876.39603,4.404e-25
2876.397793,6.037e-25
2876.398245,3.237e-25
2876.399683,8.9e-26
2876.401953,1.4960000000000002e-26
2876.405484,7.136e-25
2876.409136,1.275e-24
2876.41041,5.893e-25
2876.413766,1.4089999999999998e-22
2876.414653,7.591000000000001e-25
2876.415507,1.522e-22
2876.417423,1.235e-24
2876.417959,1.4629999999999998e-23
2876.422129,1.4029999999999998e-23
2876.423857,7.78e-25
2876.431701,4.282e-24
2876.431783,1.241e-26
2876.442334,4.145e-24
2876.454473,3.12e-24
2876.463935,3.373e-25
2876.467654,5.294000000000001e-26
2876.467869,3.2890000000000003e-25
2876.468701,2.9909999999999998e-24
2876.468977,7.258000000000001e-25
2876.478346,3.355e-25
2876.48014,5.64e-26
2876.48406,5.192e-26
2876.510321,5.793000000000001e-26
2876.51077,1.648e-23
2876.513887,7.212000000000001e-25
2876.514326,6.6270000000000005e-25
2876.516819,1.5799999999999998e-23
2876.519953,6.446e-25
2876.52739,7.034e-25
2876.556879,6.451e-25
2876.566514,6.601000000000001e-25
2876.569003,1.392e-26
2876.614048,4.627e-25
2876.621849,8.587e-25
2876.626411,2.8120000000000003e-25
2876.629285,4.527e-25
2876.63632,8.369000000000001e-25
2876.638808,3.146e-23
2876.640346,2.757e-25
2876.642408,6.428e-25
2876.648946,7.515000000000001e-25
2876.649094,1.615e-23
2876.649455,1.686e-23
2876.649493,2.1710000000000003e-25
2876.658505,1.573e-26
2876.658994,1.047e-21
2876.661022,1.089e-21
2876.662986,7.328e-25
2876.663289,6.226e-25
2876.663754,2.122e-25
2876.675496,3.579e-24
2876.682513,6.601e-26
2876.682527,5.473e-25
2876.682987,3.574e-23
2876.688169,2.294e-22
2876.690419,1.742e-25
2876.690426,3.425e-24
2876.692339,5.59e-25
2876.702674,1.71e-25
2876.704025,2.423e-22
2876.713347,1.386e-24
2876.713553,6.794000000000001e-26
2876.71662,1.493e-24
2876.721868,1.019e-24
2876.725194,1.445e-24
2876.737265,1.932e-24
2876.737397,9.928e-25
2876.744553,1.024e-25
2876.749646,1.878e-24
2876.750437,9.995e-26
2876.76059,1.623e-24
2876.773162,7.071e-24
2876.780981,6.826e-24
2876.784061,2.714e-21
2876.784808,2.622e-21
2876.792079,4.634e-25
2876.800048,1.417e-25
2876.801844,4.723e-25
2876.803597,1.176e-22
2876.807595,1.2800000000000001e-22
2876.810928,7.724e-27
2876.814141,1.206e-24
2876.816325,2.036e-25
2876.818514,1.987e-25
2876.824953,1.065e-23
2876.830377,1.025e-23
2876.830829,1.174e-24
2876.836427,1.501e-24
2876.842115,4.449e-26
2876.845612,6.361e-24
2876.84615,4.3540000000000005e-25
2876.848056,8.872e-25
2876.858061,4.364e-26
2876.861796,6.680000000000001e-26
2876.87119,6.573000000000001e-26
2876.87194,4.066e-25
2876.87219,7.682000000000001e-26
2876.875965,3.962e-25
2876.877638,7.88e-25
2876.88342,7.66e-25
2876.885108,5.617000000000001e-25
2876.885941,3.916e-25
2876.886417,4.098e-24
2876.895444,3.979e-25
2876.898877,1.424e-24
2876.900861,5.493e-25
2876.902121,3.913e-24
2876.904181,7.928000000000001e-26
2876.90975,1.221e-25
2876.916836,1.384e-24
2876.917244,1.193e-25
2876.930188,1.16e-25
2876.940914,1.141e-25
2876.944286,3.922e-24
2876.950666,2.255e-25
2876.954464,3.7999999999999995e-24
2876.955099,5.1280000000000006e-26
2876.964457,3.3010000000000003e-25
2876.972631,5.0360000000000005e-26
2876.973093,2.252e-25
2876.973473,3.341e-25
2876.976297,1.675e-24
2876.981068,7.8e-24
2876.989278,7.104999999999999e-22
2876.993742,7.423e-22
2876.994863,5.795e-23
2876.99565,1.627e-24
2876.997953,4.306e-22
2876.999801,2.194e-25
2877.00659,4.520999999999999e-22
2877.010598,3.48e-25
2877.013831,1.743e-24
2877.016243,6.454e-23
2877.018647,6.263000000000001e-26
2877.022712,1.685e-24
2877.024827,3.412e-25
2877.027924,2.775e-25
2877.030389,2.122e-23
2877.036181,2.793e-25
2877.038799,5.976000000000001e-26
2877.04663,1.966e-24
2877.049082,6.071e-26
2877.049218,8.883e-26
2877.050167,1.866e-25
2877.055333,6.205000000000001e-26
2877.057298,9.722e-23
2877.061878,8.850999999999999e-23
2877.063897,1.824e-25
2877.067515,1.907e-24
2877.068609,7.625e-26
2877.071652,9.724e-23
2877.072683,1.825e-25
2877.076594,2.3280000000000003e-25
2877.082287,9.203e-26
2877.083721,2.32e-25
2877.08723,4.685e-24
2877.089652,6.616000000000001e-25
2877.092184,1.042e-22
2877.093369,6.763000000000001e-26
2877.102111,1.881e-25
2877.103216,6.456e-25
2877.103793,4.463e-24
2877.104882,9.254e-26
2877.110118,2.3e-24
2877.11069,1.947e-25
2877.112486,7.065000000000001e-26
2877.113272,1.3529999999999998e-22
2877.113509,2.338e-23
2877.115095,1.4709999999999998e-22
2877.115099,1.488e-21
2877.116087,1.546e-21
2877.116088,1.907e-25
2877.120917,4.9e-25
2877.127357,1.12e-25
2877.130404,1.624e-25
2877.13269,2.229e-24
2877.132942,1.533e-25
2877.133021,1.155e-25
2877.135909,1.35e-25
2877.136398,2.509e-25
2877.139379,6.569e-26
2877.148041,6.795e-25
2877.15862,2.193e-25
2877.164344,6.6420000000000005e-25
2877.164712,2.445e-21
2877.165116,2.359e-21
2877.167014,2.684e-24
2877.17105,2.153e-25
2877.176291,1.544e-24
2877.182141,1.368e-23
2877.183545,1.314e-23
2877.187261,1.074e-26
2877.191447,2.598e-24
2877.19242,4.042e-25
2877.20649,3.721e-26
2877.211803,2.477e-25
2877.212105,1.734e-24
2877.213626,1.02e-25
2877.214511,2.417e-25
2877.21758,3.1249999999999998e-24
2877.221997,3.652e-26
2877.22402,1.6869999999999998e-24
2877.228581,1.15e-24
2877.23056,9.341e-25
2877.236504,9.072e-25
2877.244073,3.02e-24
2877.247956,1.062e-25
2877.262089,3.629e-24
2877.269619,3.397e-25
2877.270211,4.884e-25
2877.274318,4.756e-25
2877.277931,5.348e-24
2877.288097,7.279e-25
2877.290868,3.502e-24
2877.291504,2.052e-25
2877.295451,5.082e-24
2877.300768,2.028e-24
2877.300824,4.204e-24
2877.30355,6.538e-24
2877.309978,1.959e-24
2877.310984,6.32e-24
2877.312687,1.95e-21
2877.312893,2.0240000000000002e-21
2877.322295,3.728e-25
2877.332149,4.051e-24
2877.334075,4.861e-24
2877.362139,5.609e-24
2877.365401,1.1610000000000002e-25
2877.367098,1.384e-24
2877.367133,2.934e-25
2877.36825,4.675e-24
2877.375286,1.233e-25
2877.375692,5.133e-25
2877.381728,6.698e-27
2877.385317,6.462e-24
2877.385975,4.293e-25
2877.393213,9.946e-24
2877.394476,1.4119999999999998e-22
2877.395747,1.5349999999999998e-22
2877.398119,9.587e-24
2877.399521,5.3849999999999996e-24
2877.400514,4.206e-25
2877.401279,1.22e-25
2877.401775,5.516000000000001e-26
2877.402915,8.193000000000001e-25
2877.403913,7.432e-24
2877.404153,1.869e-24
2877.407308,8.03e-26
2877.418224,8.538e-24
2877.419804,8.003e-25
2877.426332,6.1889999999999996e-24
2877.428537,9.801e-24
2877.42936,1.097e-25
2877.435115,1.124e-23
2877.43818,1.29e-23
2877.440439,1.596e-25
2877.441183,5.466e-25
2877.446165,3.5729999999999996e-24
2877.447447,1.6189999999999998e-23
2877.449075,7.102e-24
2877.449227,8.659e-26
2877.451275,1.5509999999999998e-23
2877.452588,3.048e-25
2877.453659,1.56e-25
2877.455923,3.465e-24
2877.458511,6.099e-24
2877.458674,8.517000000000001e-26
2877.461601,1.4820000000000002e-25
2877.46817,8.136999999999999e-24
2877.470543,3.1710000000000002e-21
2877.47224,3.062e-21
2877.472431,1.457e-25
2877.477109,5.7789999999999996e-24
2877.484071,9.311e-24
2877.497286,1.065e-23
2877.497993,1.2710000000000002e-26
2877.50338,8.009e-25
2877.504442,1.306e-25
2877.508403,1.217e-23
2877.519938,5.797e-25
2877.533056,5.6590000000000005e-25
2877.538173,1.2420000000000002e-25
2877.5385,1.299e-23
2877.542349,1.393e-25
2877.542533,1.25e-23
2877.557138,2.526e-23
2877.557825,9.397e-27
2877.560731,3.0990000000000005e-26
2877.568834,8.147e-25
2877.570595,5.566000000000001e-26
2877.573089,1.104e-24
2877.575815,3.0420000000000003e-26
2877.577432,2.355e-24
2877.579205,1.0709999999999999e-24
2877.580991,5.483000000000001e-26
2877.586996,2.27e-24
2877.588897,1.465e-23
2877.59521,1.409e-23
2877.61718,2.934e-23
2877.617479,2.752e-25
2877.621373,2.705e-25
2877.628961,6.949999999999999e-24
2877.630092,2.701e-25
2877.630415,1.438e-25
2877.64878,6.564e-24
2877.6498,9.844e-25
2877.65331,1.056e-26
2877.657453,5.847e-25
2877.659762,2.994e-25
2877.661657,5.69e-25
2877.662114,2.919e-25
2877.66677,2.611e-25
2877.667313,9.61e-25
2877.66738,1.224e-24
2877.671267,1.582e-25
2877.676373,1.549e-24
2877.687854,1.508e-24
2877.692318,9.741e-26
2877.711322,2.2700000000000003e-22
2877.730408,2.407e-22
2877.742321,1.504e-25
2877.744124,1.613e-25
2877.751701,1.1070000000000001e-21
2877.752563,5.275000000000001e-25
2877.754289,1.155e-21
2877.765419,1.036e-25
2877.767431,5.166e-25
2877.767769,9.325e-26
2877.772475,9.541e-26
2877.774632,1.122e-22
2877.779579,1.231e-22
2877.780876,1.195e-25
2877.78814,1.787e-25
2877.789266,7.917999999999999e-24
2877.796772,1.848e-24
2877.798354,1.3309999999999999e-24
2877.804908,2.962e-21
2877.805063,2.235e-25
2877.805424,2.858e-21
2877.81026,1.712e-25
2877.810486,7.451e-24
2877.813118,5.6550000000000005e-25
2877.820249,1.358e-25
2877.821467,1.449e-23
2877.821912,1.508e-23
2877.821988,6.014e-24
2877.823476,4.992000000000001e-25
2877.829086,5.819e-24
2877.832977,1.328e-25
2877.833379,1.1930000000000002e-26
2877.834092,5.485e-25
2877.837131,1.343e-25
2877.843822,2.726e-24
2877.853204,1.122e-25
2877.853767,2.625e-24
2877.866175,2.365e-25
2877.870203,2.7980000000000003e-25
2877.888767,1.179e-24
2877.893082,2.005e-25
2877.905227,1.2999999999999998e-24
2877.906946,1.15e-24
2877.908353,8.133e-26
2877.911238,6.146e-26
2877.911526,1.26e-24
2877.914213,5.793e-27
2877.919198,1.813e-25
2877.919458,2.522e-26
2877.921655,9.247e-24
2877.925605,1.769e-25
2877.926593,8.924999999999999e-24
2877.927466,2.953e-25
2877.931339,5.156e-23
2877.936077,3.2820000000000004e-25
2877.937394,3.238e-24
2877.93941,9.022e-24
2877.939796,5.054e-25
2877.94676,3.143e-24
2877.951983,1.022e-24
2877.952492,4.937e-25
2877.959061,5.822999999999999e-23
2877.962251,8.456e-24
2877.972806,1.154e-23
2877.979192,1.369e-25
2877.983296,1.886e-25
2877.986218,2.237e-25
2877.990245,3.4530000000000003e-25
2877.994235,1.853e-25
2878.000157,3.677e-25
2878.008377,8.234e-23
2878.013222,2.451e-25
2878.020576,9.139e-23
2878.026708,1.118e-25
2878.034662,6.976e-25
2878.036213,1.1e-25
2878.03896,6.785e-25
2878.044063,8.852999999999999e-23
2878.045151,4.391e-22
2878.046253,3.616e-25
2878.04818,2.039e-25
2878.04899,3.523e-25
2878.051735,3.859e-25
2878.055548,4.621999999999999e-22
2878.059486,7.396e-22
2878.060542,3.981e-25
2878.064935,7.743999999999999e-22
2878.067,3.44e-25
2878.06768,2.48e-25
2878.079367,1.029e-23
2878.079808,3.375e-25
2878.080353,1.29e-23
2878.086846,9.546e-23
2878.099937,3.148e-24
2878.103851,2.05e-24
2878.104114,9.598e-24
2878.10988,4.169e-25
2878.110294,3.027e-24
2878.110385,6.459e-25
2878.112138,2.466e-25
2878.115765,4.196e-25
2878.119103,3.175e-21
2878.119198,3.2900000000000002e-21
2878.119887,1.407e-24
2878.1256,6.3230000000000005e-25
2878.130062,1.377e-24
2878.131722,2.701e-25
2878.137615,2.731e-25
2878.138778,1.372e-24
2878.141137,1.341e-24
2878.156262,4.616e-25
2878.163118,4.385e-25
2878.164674,4.327000000000001e-25
2878.167226,2.792e-25
2878.189593,1.151e-25
2878.196183,2.9870000000000003e-25
2878.201847,1.126e-25
2878.203177,7.288e-26
2878.206349,4.382e-25
2878.209101,1.175e-23
2878.210228,4.515e-25
2878.212177,3.078e-25
2878.213388,7.177e-26
2878.219943,1.586e-21
2878.221293,1.652e-21
2878.226973,1.5259999999999999e-24
2878.233467,1.478e-24
2878.236126,1.091e-23
2878.240042,4.3690000000000005e-25
2878.243493,3.837e-25
2878.243562,3.244e-25
2878.246642,3.343e-25
2878.25024,4.566e-25
2878.265138,4.297e-25
2878.270599,3.588e-25
2878.27995,3.497e-25
2878.281129,4.175e-25
2878.28237,4.548e-25
2878.284177,3.813e-25
2878.287592,4.011e-25
2878.297549,2.645e-21
2878.297777,2.549e-21
2878.305569,3.74e-25
2878.305974,4.469e-25
2878.30832,2.273e-25
2878.310948,5.759e-25
2878.311548,1.799e-24
2878.320515,4.34e-25
2878.320671,3.967e-25
2878.320961,1.306e-22
2878.323236,1.4309999999999998e-22
2878.325543,4.169e-25
2878.328563,1.3459999999999998e-23
2878.32861,2.609e-25
2878.330881,5.501e-24
2878.332425,1.198e-23
2878.333232,1.154e-23
2878.337637,5.329e-24
2878.340285,8.076e-27
2878.341138,1.3299999999999999e-24
2878.343231,1.673e-24
2878.345777,3.627e-24
2878.34921,4.386e-25
2878.356583,3.481e-24
2878.358367,1.241e-23
2878.361508,4.287e-25
2878.362884,1.63e-24
2878.375581,8.329000000000001e-25
2878.386648,4.172e-25
2878.40108,8.297e-25
2878.40131,3.1480000000000003e-25
2878.405483,8.062e-25
2878.417882,2.919e-24
2878.42022,2.716e-25
2878.424844,3.061e-25
2878.4265,2.094e-21
2878.426878,2.836e-24
2878.426933,2.177e-21
2878.437672,1.549e-23
2878.458471,1.8009999999999998e-23
2878.459461,7.881000000000001e-25
2878.464704,4.342000000000001e-25
2878.467209,4.227e-25
2878.470966,1.4159999999999998e-23
2878.475045,7.711e-25
2878.475221,8.541e-24
2878.479584,8.253e-24
2878.484468,1.407e-25
2878.486058,1.605e-24
2878.487836,1.442e-25
2878.495272,2.392e-25
2878.500726,1.4289999999999998e-23
2878.505427,1.3769999999999998e-23
2878.506328,2.349e-25
2878.507191,4.284e-25
2878.513487,2.184e-25
2878.514513,9.795e-26
2878.514952,6.201e-25
2878.520204,4.201e-25
2878.525465,1.6470000000000002e-25
2878.531974,2.135e-24
2878.536303,1.791e-23
2878.538329,1.787e-24
2878.544329,2.162e-23
2878.545031,1.729e-24
2878.548387,9.702e-26
2878.553192,3.742e-25
2878.554147,1.695e-25
2878.557404,9.659e-27
2878.558874,1.984e-24
2878.560177,9.497e-26
2878.573162,1.217e-24
2878.574147,1.623e-23
2878.579341,1.931e-24
2878.58134,4.169e-24
2878.583856,1.187e-24
2878.586496,3.435e-21
2878.587368,3.313e-21
2878.592635,3.994e-24
2878.593935,8.931e-25
2878.594236,1.439e-25
2878.603803,1.414e-25
2878.613708,1.128e-23
2878.614579,1.065e-24
2878.617661,1.088e-23
2878.620366,1.274e-23
2878.624232,2.088e-23
2878.625177,3.679e-25
2878.626965,1.229e-23
2878.638325,7.044e-27
2878.661429,9.088e-25
2878.668356,1.868e-23
2878.690971,7.928e-27
2878.713817,1.055e-22
2878.719709,1.168e-22
2878.724228,2.212e-22
2878.738278,4.049e-25
2878.747275,2.356e-22
2878.74817,3.788e-25
2878.754481,1.164e-24
2878.757281,9.834e-25
2878.760091,3.704e-25
2878.76179,9.548e-25
2878.766887,2.3449999999999998e-24
2878.771761,5.721e-25
2878.788227,2.281e-24
2878.796867,3.976e-25
2878.799814,9.581e-25
2878.806623,4.782e-24
2878.815788,9.37e-25
2878.818455,4.573e-24
2878.823666,9.502e-26
2878.827114,5.0069999999999996e-24
2878.833582,4.854e-24
2878.833748,9.354e-26
2878.834112,1.164e-21
2878.837344,1.216e-21
2878.838821,5.205e-25
2878.839294,2.086e-24
2878.841613,5.064e-25
2878.846218,2.015e-24
2878.85532,4.4e-23
2878.857172,2.6520000000000003e-25
2878.862675,2.584e-25
2878.882956,4.839e-25
2878.887729,2.619e-24
2878.892336,5.064e-23
2878.896287,2.545e-24
2878.896644,8.143e-26
2878.904614,4.7e-25
2878.907989,7.974000000000001e-26
2878.917535,5.7e-26
2878.924866,5.61e-26
2878.938056,5.317000000000001e-25
2878.943972,7.492e-23
2878.947944,1.271e-23
2878.948432,1.319e-23
2878.951288,5.212e-25
2878.959563,8.424e-23
2878.962386,8.954e-27
2878.967344,2.763e-24
2878.975707,7.858e-24
2878.980235,7.600999999999999e-24
2878.989622,2.685e-24
2878.997531,3.021e-25
2879.005666,1.0709999999999999e-24
2879.008711,2.9660000000000003e-25
2879.016002,1.045e-24
2879.01992,7.723e-23
2879.021625,5.475e-24
2879.024824,2.194e-24
2879.034048,5.224e-24
2879.038115,1.225e-22
2879.040305,1.355e-22
2879.043341,3.199e-21
2879.043835,3.0820000000000002e-21
2879.046501,1.175e-24
2879.050238,6.467e-25
2879.067874,3.115e-25
2879.072949,8.393e-23
2879.075325,2.62e-25
2879.082124,4.431999999999999e-22
2879.094624,4.68e-22
2879.102833,1.162e-24
2879.10746,1.127e-24
2879.113095,5.284000000000001e-25
2879.119444,7.64e-22
2879.126045,8.018e-22
2879.129868,2.428e-24
2879.131465,1.161e-24
2879.136657,3.256e-25
2879.137031,2.3429999999999998e-24
2879.13849,2.742e-25
2879.147853,1.135e-24
2879.14822,3.186e-25
2879.151808,1.844e-25
2879.160317,3.2449999999999998e-24
2879.161441,1.812e-25
2879.183604,3.151e-24
2879.19348,2.089e-25
2879.195701,2.142e-25
2879.204516,5.497e-26
2879.20856,5.607e-26
2879.21533,4.31e-25
2879.226342,6.258e-24
2879.230459,6.21e-25
2879.233113,6.037e-25
2879.234235,6.803e-26
2879.23942,5.958e-24
2879.244756,2.9920000000000003e-25
2879.245139,6.663000000000001e-26
2879.246953,3.808e-25
2879.280893,6.786e-25
2879.282523,2.27e-25
2879.288738,3.662e-25
2879.29614,1.283e-22
2879.297451,1.418e-22
2879.314434,1.682e-21
2879.314547,4.532e-24
2879.316192,1.754e-21
2879.320702,4.398e-24
2879.334446,9.596e-24
2879.345881,3.801e-24
2879.346781,2.338e-24
2879.355177,2.275e-24
2879.359603,6.573000000000001e-25
2879.36637,5.088e-26
2879.370256,3.686e-24
2879.373065,6.441e-25
2879.381287,2.369e-25
2879.392142,1.183e-25
2879.409025,2.847e-21
2879.409112,2.739e-21
2879.41005,2.818e-24
2879.41747,2.716e-24
2879.419575,6.37e-26
2879.420769,7.143e-24
2879.422777,6.5e-26
2879.426409,5.499e-26
2879.426904,2.0849999999999998e-24
2879.427558,9.382e-25
2879.43364,1.234e-25
2879.434578,6.782e-24
2879.437556,9.156e-25
2879.438058,1.369e-24
2879.442807,1.326e-24
2879.443578,1.215e-25
2879.443885,1.534e-24
2879.444517,1.026e-23
2879.444759,9.911e-24
2879.445983,4.64e-25
2879.454408,9.503e-25
2879.454437,1.4009999999999999e-24
2879.454666,6.003e-27
2879.467456,8.334000000000001e-26
2879.467577,1.216e-23
2879.471263,1.369e-24
2879.490075,3.802e-25
2879.50133,5.91e-26
2879.501386,3.731e-25
2879.502219,1.231e-23
2879.507517,1.189e-23
2879.510814,6.045e-26
2879.514658,2.786e-25
2879.516736,7.179e-24
2879.520599,6.952e-24
2879.524106,4.438e-24
2879.525881,2.727e-25
2879.530221,2.236e-21
2879.530911,2.328e-21
2879.549657,4.299e-24
2879.554727,9.105e-25
2879.557172,7.470000000000001e-26
2879.561213,5.658e-26
2879.564522,7.351e-26
2879.565008,7.231e-27
2879.571692,5.543000000000001e-26
2879.581354,7.009e-25
2879.589671,7.393e-25
2879.592545,7.182e-25
2879.59522,1.858e-24
2879.6049,8.144999999999999e-24
2879.605024,1.085e-23
2879.611929,1.049e-23
2879.615582,6.743000000000001e-26
2879.619531,7.711e-24
2879.624746,7.346e-26
2879.62703,7.499e-26
2879.643337,9.591e-24
2879.647257,9.276e-24
2879.657592,2.529e-24
2879.658274,9.73e-23
2879.665758,1.091e-22
2879.673091,5.22e-27
2879.678601,9.894e-25
2879.67984,3.262e-24
2879.681846,5.889e-27
2879.687538,3.139e-24
2879.695064,5.167e-24
2879.697588,4.3530000000000005e-25
2879.699422,2.354e-25
2879.702096,4.106e-25
2879.704811,1.001e-24
2879.709126,2.313e-25
2879.718073,4.225e-25
2879.718333,3.723e-21
2879.719706,3.586e-21
2879.72189,5e-24
2879.725852,6.607000000000001e-25
2879.726749,2.117e-22
2879.7285,3.826e-25
2879.733266,3.723e-25
2879.735164,7.279000000000001e-26
2879.748246,1.0069999999999999e-24
2879.754716,2.265e-22
2879.762718,1.607e-24
2879.76516,3.519e-23
2879.767599,1.556e-24
2879.768751,1.686e-24
2879.771838,8.098e-25
2879.778729,9.28e-24
2879.785544,7.931e-25
2879.786043,1.646e-24
2879.786583,6.885e-26
2879.78828,4.082e-24
2879.791355,2.3360000000000003e-25
2879.794187,3.965e-24
2879.794289,8.758e-24
2879.795213,2.076e-24
2879.803293,2.022e-24
2879.816822,4.16e-23
2879.817921,3.79e-25
2879.820039,8.428e-26
2879.820764,9.834e-26
2879.821317,8.607000000000001e-26
2879.825375,1.468e-25
2879.838833,8.177000000000001e-25
2879.839706,4.028e-25
2879.848513,7.985e-25
2879.858826,6e-24
2879.862636,3.917e-25
2879.868106,6.619999999999999e-23
2879.88215,2.373e-25
2879.887038,5.798e-24
2879.887424,4.589e-26
2879.888631,7.57e-23
2879.889532,3.051e-25
2879.89078,3.1330000000000003e-25
2879.893048,2.3230000000000003e-25
2879.906215,1.215e-21
2879.910189,1.272e-21
2879.939237,3.766e-24
2879.942244,1.057e-23
2879.94316,5.067e-26
2879.947237,3.62e-24
2879.956444,8.764e-25
2879.958867,9.94e-24
2879.959251,8.507e-25
2879.972755,3.641e-25
2879.972903,4.767e-25
2879.974929,6.194e-26
2879.984228,6.304e-23
2879.984354,4.6770000000000005e-25
2879.986997,6.538e-24
2879.991178,6.338e-24
2879.996262,1.45e-25
2880.001084,8.445e-26
2880.005477,9.619e-26
2880.005651,9.829e-26
2880.01546,6.949e-24
2880.024361,1.489e-25
2880.027934,1.09e-23
2880.02842,1.129e-23
2880.032027,1.596e-25
2880.041859,1.57e-25
2880.044965,6.650000000000001e-27
2880.045185,6.706e-24
2880.050889,6.919e-23
2880.055108,2.5e-24
2880.060517,3.4540000000000004e-21
2880.06089,3.323e-21
2880.064053,6.064e-25
2880.07443,2.022e-24
2880.076986,1.881e-24
2880.082006,1.8189999999999998e-24
2880.092217,1.973e-24
2880.09337,5.98e-26
2880.095292,6.074000000000001e-26
2880.095434,1.205e-23
2880.097014,2.931e-25
2880.108818,4.424e-22
2880.113283,1.128e-23
2880.123852,4.688e-22
2880.131724,1.346e-24
2880.13929,2.725e-25
2880.149971,6.43e-26
2880.165034,8.028e-24
2880.169125,7.826e-22
2880.170916,2.286e-25
2880.174768,9.94e-25
2880.177082,8.234999999999999e-22
2880.180062,1.117e-25
2880.181104,1.092e-25
2880.184536,7.66e-25
2880.185618,1.1449999999999998e-22
2880.18718,9.754e-26
2880.18824,4.339e-24
2880.1887,1.281e-22
2880.188731,9.731e-25
2880.189281,4.769e-25
2880.194551,9.595e-26
2880.196416,7.736e-24
2880.196567,4.1619999999999996e-24
2880.228584,1.926e-25
2880.232773,1.835e-24
2880.237075,2.995e-25
2880.238281,1.374e-23
2880.239118,2.012e-25
2880.239467,7.094e-25
2880.24057,1.788e-24
2880.246857,2.941e-25
2880.248844,6.931000000000001e-25
2880.249707,1.971e-25
2880.254313,3.658e-24
2880.257563,1.28e-23
2880.25992,3.556e-24
2880.298886,1.036e-24
2880.301868,1.005e-24
2880.307611,9.253e-24
2880.331359,2.8070000000000003e-25
2880.335756,2.017e-25
2880.340817,8.900999999999999e-24
2880.344599,1.262e-25
2880.346984,1.233e-25
2880.354555,2.776e-24
2880.367285,3.7e-21
2880.367462,3.8460000000000004e-21
2880.370759,1.569e-23
2880.371493,2.416e-24
2880.380734,2.196e-24
2880.385905,2.121e-24
2880.389808,2.356e-24
2880.391743,1.454e-23
2880.398565,1.771e-21
2880.400786,1.85e-21
2880.426847,4.987e-24
2880.435532,4.776e-24
2880.443252,1.064e-23
2880.446018,5.955000000000001e-25
2880.452491,1.039e-23
2880.457617,5.84e-25
2880.458356,1.006e-23
2880.478478,1.022e-23
2880.487723,7.631e-25
2880.492834,1.7979999999999998e-23
2880.499333,1.418e-25
2880.501299,5.119e-25
2880.503204,1.385e-25
2880.515876,1.6549999999999998e-23
2880.517616,8.326e-24
2880.517907,8.599e-24
2880.518129,5.91e-24
2880.519354,2.927e-21
2880.51947,3.047e-21
2880.521519,5.7339999999999996e-24
2880.521595,5.351e-27
2880.524808,1.081e-24
2880.536886,1.764e-24
2880.537526,5.443e-25
2880.540312,2.415e-24
2880.541706,5.288000000000001e-25
2880.542737,9.053e-24
2880.549964,8.770999999999999e-24
2880.559136,4.315e-25
2880.567831,4.385e-25
2880.568262,4.51e-25
2880.568398,1.216e-24
2880.572015,1.221e-23
2880.579831,8.779e-23
2880.582634,1.19e-24
2880.585529,1.698e-25
2880.589342,9.994e-23
2880.59582,1.664e-25
2880.598937,6.670000000000001e-26
2880.604453,2.067e-23
2880.605431,6.564e-26
2880.60949,1.171e-23
2880.619751,2.057e-25
2880.623524,2.373e-21
2880.624501,2.475e-21
2880.627143,7.988e-24
2880.629462,6.125e-25
2880.629475,2.023e-25
2880.630044,1.888e-23
2880.631065,7.741e-24
2880.638551,5.9870000000000005e-25
2880.640861,7.891000000000001e-25
2880.642166,1.221e-24
2880.644359,1.584e-25
2880.645137,1.183e-24
2880.649541,8.442e-25
2880.649881,1.547e-25
2880.655056,5.719e-24
2880.657155,2.499e-23
2880.659754,1.614e-24
2880.659965,2.878e-24
2880.660258,7.661e-25
2880.664135,5.467e-24
2880.667282,1.574e-24
2880.670691,3.261e-25
2880.674052,2.556e-24
2880.678841,2.804e-24
2880.679384,2.466e-24
2880.693949,1.4000000000000002e-23
2880.694332,2.1439999999999998e-24
2880.69548,3.175e-25
2880.696327,4.148e-25
2880.705167,3.262e-24
2880.705535,2.391e-23
2880.710561,3.173e-24
2880.718684,1.98e-22
2880.733948,1.339e-23
2880.734068,3.078e-23
2880.734383,2.163e-23
2880.737359,5.288000000000001e-25
2880.752858,2.131e-22
2880.756299,1.089e-24
2880.762842,2.895e-24
2880.764766,3.796e-25
2880.77463,3.727e-25
2880.775508,5.062e-25
2880.779801,1.76e-25
2880.780155,5.613e-23
2880.787162,1.718e-25
2880.795943,2.787e-23
2880.80611,1.269e-25
2880.808262,6.566e-23
2880.8091,1.601e-23
2880.812113,4.008e-21
2880.812709,3.856e-21
2880.813455,1.248e-25
2880.815478,6.888e-26
2880.828193,1.109e-24
2880.829146,2.492e-23
2880.850911,5.376e-25
2880.851955,1.5279999999999998e-23
2880.866546,5.957000000000001e-25
2880.86907,7.374e-26
2880.872865,6.548e-24
2880.875428,3.285e-23
2880.882378,6.245e-24
2880.884161,5.769e-25
2880.905816,1.944e-25
2880.909422,7.412e-25
2880.914865,2.8899999999999995e-23
2880.915232,1.896e-25
2880.917502,1.83e-23
2880.921177,7.266000000000001e-25
2880.921372,1.426e-25
2880.922117,1.039e-22
2880.92509,1.18e-22
2880.931376,1.398e-25
2880.935906,4.566e-23
2880.939864,3.416e-24
2880.940384,8.739e-25
2880.952735,1.482e-24
2880.9554,5.33e-24
2880.956874,2.966e-24
2880.959281,5.176e-24
2880.95934,3.326e-24
2880.962382,2.858e-24
2880.963621,1.7409999999999998e-23
2880.966483,1.435e-24
2880.967261,1.449e-24
2880.967992,1.259e-21
2880.969603,1.389e-24
2880.972828,1.3210000000000001e-21
2881.008778,5.263e-25
2881.011344,6.97e-25
2881.017592,5.148e-25
2881.019176,2.089e-23
2881.021297,5.076e-23
2881.0226,2.134e-25
2881.034205,5.348e-26
2881.034321,2.08e-25
2881.045994,5.141e-25
2881.060797,9.155e-24
2881.061238,9.456e-24
2881.069074,1.982e-23
2881.07575,1.413e-24
2881.080272,7.484e-24
2881.083028,1.379e-24
2881.090265,7.119999999999999e-24
2881.108223,6.014e-25
2881.114123,2.385e-23
2881.125155,4.358999999999999e-22
2881.130396,2.3280000000000003e-25
2881.143279,4.637999999999999e-22
2881.144709,2.267e-25
2881.14562,9.199e-25
2881.146283,1.034e-25
2881.149887,2.893e-24
2881.154982,2.817e-24
2881.157483,1.095e-22
2881.158831,1.2419999999999998e-22
2881.166512,1.587e-25
2881.168463,2.255e-23
2881.172847,5.047e-25
2881.177292,5.902e-25
2881.196232,2.6390000000000003e-25
2881.202318,2.722e-23
2881.205876,2.595e-25
2881.207786,1.539e-24
2881.20835,2.706e-25
2881.208494,7.943e-22
2881.211213,4.043e-24
2881.218063,8.383999999999999e-22
2881.222127,6.868e-26
2881.223843,6.398e-25
2881.224095,6.21e-25
2881.229243,3.434e-24
2881.229499,2.521e-25
2881.231329,3.932e-24
2881.232484,6.182e-25
2881.23494,3.304e-24
2881.244897,8.742e-26
2881.246594,1.193e-25
2881.24674,2.454e-25
2881.248027,2.938e-24
2881.251405,8.6e-26
2881.256323,1.169e-25
2881.26139,3.689e-21
2881.261618,3.543e-21
2881.261979,2.564e-23
2881.277271,8.542e-24
2881.282493,4.793e-25
2881.283687,3.11e-23
2881.28371,1.668e-25
2881.28721,1.68e-24
2881.287556,6.065e-25
2881.287801,8.105e-24
2881.288098,7.639e-25
2881.290361,1.624e-24
2881.291826,7.408e-25
2881.291951,4.706e-25
2881.292445,4.704e-25
2881.320274,2.711e-25
2881.327786,1.7999999999999997e-24
2881.340834,2.637e-25
2881.342619,1.759e-24
2881.343956,1.425e-25
2881.349889,2.916e-23
2881.351951,8.594e-24
2881.358374,8.335e-24
2881.362971,2.566e-25
2881.363114,9.192e-25
2881.375036,9.007000000000001e-25
2881.377427,4.502e-25
2881.385975,4.405e-25
2881.390196,2.5010000000000003e-25
2881.403165,2.893e-25
2881.404697,5.17e-26
2881.409867,5.088e-26
2881.411592,6.967000000000001e-26
2881.413309,6.25e-25
2881.413733,8.857000000000001e-26
2881.414726,4.528e-25
2881.415132,1.6440000000000002e-25
2881.4225,1.616e-25
2881.427501,2.8120000000000003e-25
2881.43339,7.408e-24
2881.440955,7.19e-24
2881.447513,1.225e-25
2881.447793,6.914000000000001e-26
2881.46386,9.739e-24
2881.472323,1.853e-21
2881.474031,4.769e-24
2881.474991,9.214e-24
2881.475072,1.94e-21
2881.478717,3.062e-25
2881.479796,4.768e-24
2881.481237,1.231e-24
2881.482724,4.634e-24
2881.488272,1.2019999999999999e-24
2881.490804,1.246e-25
2881.491127,3.965e-24
2881.494833,4.635e-24
2881.49703,3.809e-24
2881.498625,7.685999999999999e-23
2881.507364,2.9730000000000003e-25
2881.511413,8.93e-23
2881.517803,1.276e-25
2881.520125,1.322e-23
2881.527225,7.799e-26
2881.547603,3.21e-25
2881.551086,6.849e-24
2881.551877,7.06e-24
2881.55391,5.587e-25
2881.56119,9.927e-26
2881.564732,6.515e-24
2881.568835,6.331e-24
2881.570653,9.739e-26
2881.577389,2.554e-24
2881.578043,8.316000000000001e-26
2881.581182,3.114e-25
2881.582303,2.488e-24
2881.587062,1.226e-24
2881.588805,6.9670000000000005e-25
2881.592208,7.393e-25
2881.59243,1.962e-24
2881.594884,8.975000000000001e-25
2881.595719,1.895e-24
2881.610654,3.332e-25
2881.611322,3.109e-21
2881.611613,3.242e-21
2881.614543,1.14e-25
2881.620214,2.024e-24
2881.636505,2.786e-24
2881.638457,9.334e-26
2881.640031,1.11e-23
2881.647764,1.75e-23
2881.649861,3.228e-25
2881.651844,1.046e-23
2881.668915,3.418e-25
2881.678462,4.461e-23
2881.693558,2.178e-24
2881.694065,8.842e-25
2881.699735,1.797e-22
2881.706639,2.503e-21
2881.70794,2.615e-21
2881.708716,2.128e-24
2881.714374,3.3020000000000003e-25
2881.719122,5.394e-23
2881.723704,3.4580000000000003e-25
2881.72834,5.608e-24
2881.73535,3.834e-25
2881.741892,1.948e-22
2881.742545,4.567e-24
2881.743635,3.753e-25
2881.748672,4.38e-24
2881.749877,5.445e-24
2881.758426,7.068e-25
2881.76201,3.374e-25
2881.771578,3.3160000000000003e-25
2881.771961,5.694000000000001e-26
2881.774078,3.25e-25
2881.77672,3.4420000000000004e-25
2881.783641,2.468e-24
2881.790255,6.029e-25
2881.793132,1.199e-25
2881.8003,5.916000000000001e-25
2881.805779,1.264e-23
2881.807098,1.1359999999999999e-24
2881.816694,7.707e-25
2881.818368,1.187e-23
2881.819196,1.113e-24
2881.827919,1.19e-24
2881.830186,3.356e-25
2881.833734,1.442e-25
2881.846446,3.213e-25
2881.849395,7.784e-26
2881.853739,8.948e-25
2881.854558,8.669e-25
2881.86879,3.385e-24
2881.872987,2.476e-23
2881.874286,8.074000000000001e-26
2881.87558,1.068e-24
2881.879361,1.142e-25
2881.88077,4.26e-24
2881.88239,1.043e-24
2881.884393,4.143e-24
2881.88588,1.123e-25
2881.887083,3.184e-25
2881.89122,2.285e-24
2881.894576,2.203e-24
2881.902187,1.212e-24
2881.903576,1.962e-25
2881.906809,1.095e-25
2881.908579,3.226e-25
2881.909122,1.31e-25
2881.910273,4.093e-25
2881.91375,8.069e-25
2881.923888,4.278e-21
2881.924937,4.109e-21
2881.92871,7.797e-25
2881.933796,1.914e-25
2881.94062,1.601e-25
2881.945091,2.463e-25
2881.951538,2.907e-25
2881.958587,7.979e-25
2881.961092,1.4399999999999997e-23
2881.974157,6.574e-24
2881.974575,1.347e-23
2881.979184,3.068e-25
2881.98348,5.249e-24
2881.983566,1.059e-24
2881.985244,2.8000000000000003e-23
2881.986961,1.024e-24
2881.989853,5.025e-24
2881.996486,6.377e-24
2882.000908,2.243e-24
2882.00551,2.187e-24
2882.007409,9.279e-23
2882.011959,1.0739999999999998e-22
2882.013326,2.122e-25
2882.015079,6.821000000000001e-26
2882.016653,4.979000000000001e-25
2882.017653,1.053e-24
2882.019421,1.294e-21
2882.020717,2.086e-25
2882.02078,6.712e-26
2882.025268,1.362e-21
2882.029479,2.4980000000000003e-25
2882.045854,7.531e-24
2882.046204,7.764e-24
2882.050055,2.627e-24
2882.061232,2.8020000000000003e-25
2882.06556,2.565e-24
2882.082574,3.249e-25
2882.088197,1.705e-25
2882.091434,7.254000000000001e-25
2882.095905,1.263e-25
2882.097675,1.657e-25
2882.105959,1.6419999999999998e-23
2882.120484,1.529e-23
2882.125934,6.907000000000001e-25
2882.127442,4.795e-25
2882.129896,1.922e-25
2882.130751,9.531e-26
2882.131032,4.231e-22
2882.152973,4.522999999999999e-22
2882.161783,2.409e-25
2882.176656,2.653e-24
2882.18015,2.555e-24
2882.181399,4.505e-25
2882.201108,6.972e-24
2882.208078,6.771999999999999e-24
2882.211503,7.683e-24
2882.213938,6.02e-24
2882.220581,5.751e-24
2882.225256,1.333e-25
2882.234685,7.446e-24
2882.237284,8.688000000000001e-26
2882.237509,7.982999999999999e-22
2882.240363,1.876e-23
2882.241374,1.3979999999999999e-24
2882.246977,9.358e-26
2882.249012,8.453999999999999e-22
2882.25366,1.369e-24
2882.256118,1.737e-23
2882.259527,9.216e-25
2882.266114,9.007000000000001e-25
2882.267448,1.123e-25
2882.27198,3.346e-24
2882.274192,3.937e-21
2882.274374,3.776e-21
2882.274852,1.7539999999999998e-24
2882.276892,5.946e-24
2882.279782,1.457e-25
2882.284807,5.78e-24
2882.28571,9.232e-26
2882.28718,2.445e-25
2882.288049,7.557000000000001e-25
2882.292004,1.856e-25
2882.298194,7.412e-25
2882.313514,1.423e-25
2882.316788,4.297e-25
2882.322197,9.027e-25
2882.326302,4.221e-25
2882.331205,4.99e-25
2882.364278,2.149e-23
2882.371211,6.477e-25
2882.381511,1.976e-23
2882.397286,3.158e-24
2882.39979,6.455e-23
2882.402151,3.771e-24
2882.404493,1.961e-24
2882.40462,3.671e-24
2882.408945,1.913e-24
2882.413159,3.081e-24
2882.417671,7.714e-23
2882.419011,2.741e-25
2882.426883,2.686e-25
2882.433911,6.892e-24
2882.440395,8.955e-24
2882.440853,6.57e-24
2882.45389,3.072e-24
2882.45467,1.235e-24
2882.455962,1.194e-24
2882.456283,5.219e-24
2882.457484,2.955e-24
2882.460326,5.0759999999999996e-24
2882.464498,8.668e-24
2882.466353,8.634000000000001e-25
2882.470571,1.088e-25
2882.477672,2.471e-23
2882.479409,1.051e-25
2882.491139,7.354e-26
2882.496715,2.255e-23
2882.504229,1.4850000000000002e-25
2882.510783,1.46e-25
2882.51709,1.027e-25
2882.51787,1.061e-24
2882.522857,5.602000000000001e-25
2882.532976,7.188e-26
2882.535705,1.925e-21
2882.539052,2.0200000000000003e-21
2882.544276,5.5189999999999996e-24
2882.5455,5.679e-24
2882.549567,5.269000000000001e-26
2882.558137,1.4840000000000002e-25
2882.558861,3.145e-23
2882.565102,3.718e-24
2882.575368,4.216e-21
2882.575626,4.396e-21
2882.58049,2.858e-23
2882.599143,6.169e-25
2882.601434,2.729e-25
2882.601814,2.583e-23
2882.605574,6.002e-25
2882.608845,2.682e-25
2882.622838,4.011e-23
2882.626798,1.449e-24
2882.629964,1.3989999999999999e-24
2882.632104,7.917000000000001e-25
2882.638486,7.741e-25
2882.64152,1.386e-24
2882.6434,7.876999999999999e-24
2882.650673,7.49e-24
2882.660851,1.041e-23
2882.665448,1.611e-25
2882.665944,1.715e-24
2882.669444,1.562e-22
2882.672651,3.331e-23
2882.678429,1.679e-24
2882.685952,1.006e-23
2882.69396,2.317e-24
2882.696953,2.975e-23
2882.699452,3.282e-21
2882.699982,3.429e-21
2882.707263,8.933e-26
2882.712495,8.788000000000001e-26
2882.719059,3.55e-24
2882.722103,1.7089999999999998e-22
2882.722802,3.408e-24
2882.72452,6.786000000000001e-26
2882.728399,3.2099999999999997e-24
2882.733433,5.147e-25
2882.735256,3.782e-24
2882.741728,9.855e-25
2882.744714,2.302e-25
2882.751521,3.688e-24
2882.752349,2.257e-25
2882.754009,3.926e-23
2882.762959,3.338e-24
2882.764704,7.977e-23
2882.766357,3.252e-24
2882.76958,9.47e-23
2882.775874,9.436e-25
2882.779363,2.623e-21
2882.781031,2.746e-21
2882.782409,3.453e-23
2882.786127,9.252e-25
2882.792716,1.237e-24
2882.806931,1.705e-24
2882.811045,1.664e-24
2882.824285,4.701e-23
2882.834112,4.962000000000001e-25
2882.842397,8.989999999999999e-24
2882.84246,3.207e-25
2882.845577,1.082e-24
2882.85004,8.526e-24
2882.858127,1.043e-24
2882.858827,4.047e-23
2882.86088,5.45e-25
2882.863022,2.834e-24
2882.870347,5.352e-25
2882.872886,1.206e-23
2882.892817,1.292e-24
2882.896394,8.824000000000001e-26
2882.899074,1.165e-23
2882.912878,8.908e-25
2882.922367,2.844e-25
2882.933517,9.546e-26
2882.952609,3.881e-24
2882.969581,1.317e-24
2882.969638,1.311e-24
2882.974955,4.091e-24
2882.97824,8.519e-23
2882.978832,3.921e-24
2882.979623,1.009e-22
2882.979635,1.011e-25
2882.982386,6.073e-24
2882.982597,6.2499999999999996e-24
2882.99446,6.77e-25
2882.996872,4.575e-21
2882.997222,4.387e-21
2883.000567,5.549e-24
2883.000631,6.6230000000000005e-25
2883.008065,5.398e-24
2883.015177,1.048e-25
2883.016238,9.63e-26
2883.023848,1.682e-24
2883.025537,1.622e-24
2883.030901,1.025e-23
2883.038959,9.692e-24
2883.041669,1.032e-24
2883.059543,1.925e-25
2883.060478,1.32e-21
2883.063972,4.516e-24
2883.06696,1.887e-25
2883.06752,1.393e-21
2883.067578,1.1590000000000002e-25
2883.073173,4.683e-24
2883.074782,6.415e-26
2883.076517,1.3949999999999998e-23
2883.080654,4.399999999999999e-24
2883.080811,2.097e-24
2883.081449,4.559e-24
2883.093506,2.051e-24
2883.095774,3.1180000000000004e-25
2883.103889,1.345e-23
2883.117711,1.925e-25
2883.123408,1.19e-24
2883.124382,1.891e-25
2883.126302,4.033e-22
2883.128724,8.451000000000001e-26
2883.15125,2.153e-25
2883.153027,4.335e-22
2883.160624,1.021e-25
2883.16189,1.13e-25
2883.168454,9.879e-25
2883.170966,1.54e-25
2883.178882,3.497e-25
2883.185964,1.476e-24
2883.186316,3.435e-25
2883.189962,1.442e-24
2883.208905,1.168e-23
2883.217432,1.101e-23
2883.21952,4.704e-24
2883.220207,1.959e-24
2883.223235,1.887e-24
2883.223565,4.5e-24
2883.24091,3.833e-25
2883.241434,5.428000000000001e-26
2883.241685,1.535e-25
2883.252675,5.359e-26
2883.253728,1.174e-24
2883.256111,7.932999999999999e-22
2883.258023,5.287000000000001e-26
2883.264097,1.151e-24
2883.269962,8.434e-22
2883.271755,1.608e-23
2883.285614,2.925e-24
2883.287618,2.851e-24
2883.29137,5.074e-23
2883.300425,1.548e-23
2883.301206,4.099e-24
2883.305307,3.991e-24
2883.308286,9.856e-25
2883.309702,1.169e-25
2883.309754,1.132e-24
2883.315336,1.15e-25
2883.316647,1.792e-25
2883.318436,6.328e-23
2883.333122,1.995e-24
2883.339132,9.322e-25
2883.343444,1.189e-25
2883.34513,5.762e-25
2883.351113,5.64e-25
2883.363604,1.602e-25
2883.367007,1.175e-25
2883.370809,1.571e-25
2883.376403,1.3299999999999998e-23
2883.382872,1.711e-25
2883.383439,5.373e-24
2883.385466,1.249e-23
2883.394148,6.887000000000001e-25
2883.400566,5.232e-24
2883.403586,6.76e-25
2883.406245,1.643e-23
2883.416417,1.934e-25
2883.424513,2.041e-25
2883.430267,3.8979999999999996e-24
2883.438148,3.9800000000000006e-21
2883.43821,4.158e-21
2883.440856,1.2689999999999999e-24
2883.442418,5.223e-25
2883.452004,4.3640000000000005e-25
2883.454183,5.3969999999999996e-24
2883.458399,5.153e-24
2883.458612,1.851e-23
2883.458671,4.564e-24
2883.485975,2.554e-24
2883.488713,1.779e-23
2883.495416,5.776e-26
2883.496155,4.36e-24
2883.497807,4.4789999999999996e-24
2883.498894,2.497e-24
2883.523588,2.318e-23
2883.533388,1.516e-23
2883.534462,5.04e-25
2883.543066,1.417e-23
2883.555697,9.493e-25
2883.558935,2.265e-24
2883.560966,2.178e-24
2883.567406,1.271e-24
2883.571023,1.241e-24
2883.58849,7.828000000000001e-26
2883.588916,1.98e-21
2883.592726,2.088e-21
2883.594428,9.327e-25
2883.601823,2.567e-24
2883.605024,2.503e-24
2883.621557,9.312e-25
2883.626145,2.676e-25
2883.627063,1.2709999999999998e-22
2883.632586,1.357e-24
2883.633806,1.035e-25
2883.637099,2.125e-23
2883.645958,9.145e-25
2883.658716,6.29e-25
2883.663676,1.302e-25
2883.664682,1.088e-25
2883.668782,2.039e-23
2883.669042,1.439e-24
2883.677904,6.182e-24
2883.67802,1.092e-25
2883.679448,1.382e-24
2883.679849,1.7279999999999998e-23
2883.68232,5.889e-24
2883.685835,4.882e-25
2883.688621,1.562e-24
2883.690244,1.608e-23
2883.691618,4.78e-25
2883.693664,6.373e-24
2883.693938,1.406e-22
2883.711266,6.201e-24
2883.721472,2.4850000000000003e-25
2883.721604,1.456e-24
2883.721723,1.5640000000000002e-25
2883.723734,2.1580000000000003e-25
2883.728338,6.585000000000001e-25
2883.732104,1.426e-24
2883.746132,4.464e-25
2883.750987,4.335e-24
2883.75113,1.13e-24
2883.75359,4.384e-25
2883.756082,2.35e-25
2883.758234,2.646e-24
2883.75897,4.2229999999999996e-24
2883.761877,3.754e-25
2883.765784,2.622e-24
2883.768757,2.517e-24
2883.771693,3.444e-21
2883.772448,3.605e-21
2883.784837,1.091e-24
2883.78529,6.584e-23
2883.793374,8.112e-23
2883.805225,3.686e-24
2883.807221,2.435e-23
2883.812655,1.547e-24
2883.815776,1.974e-23
2883.822182,3.62e-24
2883.827013,1.826e-23
2883.830829,3.529e-24
2883.840665,2.332e-23
2883.841822,2.73e-21
2883.843912,2.864e-21
2883.861721,1.64e-24
2883.863915,1.083e-24
2883.866419,3.262e-25
2883.869643,4.802e-24
2883.869665,4.9339999999999996e-24
2883.881438,3.101e-24
2883.890114,8.733e-25
2883.891367,7.068e-24
2883.894596,3.03e-24
2883.895998,6.717e-24
2883.916778,8.67e-25
2883.921259,1.09e-24
2883.924798,1.065e-24
2883.926196,8.507e-25
2883.926724,6.946e-26
2883.932651,3.2469999999999998e-24
2883.94115,2.262e-23
2883.951527,1.393e-24
2883.953393,2.078e-23
2883.968981,2.786e-23
2883.969169,1.52e-25
2883.974448,1.494e-25
2883.983106,5.782000000000001e-26
2883.994651,7.534e-24
2884.004401,2.662e-23
2884.012763,7.325e-24
2884.014424,4.117e-25
2884.018322,1.56e-24
2884.020033,4.033e-25
2884.030932,1.42e-24
2884.037796,4.488e-24
2884.055949,2.601e-23
2884.058012,3.018e-24
2884.060347,2.892e-24
2884.066668,2.113e-25
2884.069418,2.37e-23
2884.087237,4.807e-21
2884.08796,4.601e-21
2884.090187,7.387000000000001e-26
2884.091128,1.3330000000000001e-21
2884.094073,8.071e-24
2884.098949,7.65e-24
2884.099511,3.158e-24
2884.099597,1.412e-21
2884.103571,3.0799999999999997e-24
2884.110751,3.758e-22
2884.113764,1.468e-25
2884.122378,3.183e-23
2884.130592,2.225e-24
2884.132119,2.172e-24
2884.141803,2.834e-25
2884.143578,4.066e-22
2884.143694,5.22e-25
2884.147372,7.496000000000001e-26
2884.159763,2.27e-25
2884.16003,3.034e-23
2884.16014,3.008e-23
2884.163186,3.529e-23
2884.175134,2.715e-23
2884.179546,1.798e-24
2884.190147,1.7599999999999998e-24
2884.209098,4.73e-23
2884.22477,1.441e-25
2884.228284,5.042e-25
2884.253672,3.506e-23
2884.264225,7.783e-22
2884.265142,3.474e-24
2884.267203,3.751e-24
2884.267403,3.632e-23
2884.268137,3.323e-24
2884.270625,3.127e-23
2884.277266,5.87e-25
2884.280614,3.663e-24
2884.280959,8.311999999999999e-22
2884.28166,9.283e-25
2884.284756,9.076e-25
2884.286321,9.206e-24
2884.286407,8.879e-24
2884.291469,8.699e-24
2884.302833,5.677e-25
2884.305065,8.625e-24
2884.306053,9.837e-26
2884.307601,3.452e-23
2884.310319,5.573e-25
2884.313579,1.11e-25
2884.314064,3.197e-25
2884.320308,3.14e-25
2884.321094,1.264e-25
2884.333411,3.4570000000000003e-25
2884.336461,4.133e-23
2884.338825,3.387e-25
2884.34048,8.237e-26
2884.343242,5.311000000000001e-25
2884.347074,1.298e-25
2884.353781,1.9e-25
2884.355807,1.167e-25
2884.356038,3.63e-23
2884.364086,1.524e-24
2884.364427,1.338e-24
2884.369584,8.448e-26
2884.376569,1.954e-25
2884.376711,3.269e-25
2884.382847,2.263e-24
2884.38725,1.3309999999999999e-24
2884.391585,1.897e-24
2884.397243,1.936e-24
2884.400124,1.815e-24
2884.400271,1.8899999999999998e-24
2884.404041,4.141e-23
2884.405613,3.377e-24
2884.407632,3.465e-24
2884.408358,4.947e-23
2884.413531,5.258e-26
2884.414446,1.248e-24
2884.428715,1.087e-24
2884.431677,4.258e-23
2884.435895,2.8e-25
2884.438128,1.066e-24
2884.445418,5.383e-26
2884.445519,4.188e-21
2884.445585,4.384e-21
2884.447129,4.434e-24
2884.447175,3.925e-23
2884.450917,1.2009999999999999e-24
2884.453033,3.325e-24
2884.455541,2.886e-25
2884.460685,1.309e-25
2884.461359,3.243e-24
2884.467884,1.049e-23
2884.469057,6.056999999999999e-23
2884.473341,9.882e-24
2884.498323,5.0599999999999993e-23
2884.511285,6.916e-27
2884.519523,3.983e-24
2884.522151,3.803e-24
2884.523894,2.748e-24
2884.532261,4.72e-23
2884.532919,2.682e-24
2884.552202,1.153e-24
2884.560483,1.973e-25
2884.5635,5.045e-23
2884.563714,4.048e-25
2884.565063,9.538e-26
2884.566062,1.94e-25
2884.568937,1.043e-23
2884.570558,9.395e-26
2884.571287,9.179e-23
2884.574595,6.59e-23
2884.578829,4.459e-23
2884.580337,4.18e-25
2884.586553,1.2659999999999999e-24
2884.587681,2.008e-24
2884.588181,1.012e-23
2884.609868,7.888000000000001e-25
2884.611569,1.922e-24
2884.612936,7.716e-25
2884.613551,1.768e-25
2884.627479,2.2129999999999998e-24
2884.631085,2.031e-21
2884.636101,2.142e-21
2884.638227,2.166e-24
2884.638873,1.196e-23
2884.639705,2.889e-25
2884.643271,4.521e-24
2884.644682,1.122e-23
2884.644958,2.832e-25
2884.652016,5.382e-23
2884.656951,4.412e-24
2884.658135,1.031e-22
2884.702667,5.064e-23
2884.706637,3.822e-24
2884.706855,3.725e-24
2884.708076,6.975000000000001e-26
2884.708823,7.082e-26
2884.716783,6.31e-25
2884.719569,4.564e-24
2884.72202,1.911e-24
2884.722648,4.348e-24
2884.728925,1.7539999999999998e-24
2884.732458,5.746e-25
2884.735512,4.9339999999999996e-24
2884.743337,4.6900000000000004e-21
2884.743678,4.909e-21
2884.746231,5.946000000000001e-25
2884.752656,2.078e-24
2884.758087,5.61e-23
2884.759509,7.272999999999999e-23
2884.763231,6.142e-23
2884.768215,2.424e-25
2884.799189,1.363e-23
2884.805402,1.273e-23
2884.811451,2.445e-25
2884.813172,3.015e-24
2884.818841,5.752e-23
2884.824706,1.196e-24
2884.837314,5.149e-25
2884.837977,3.589e-21
2884.839022,3.765e-21
2884.842246,1.222e-23
2884.849269,7.192000000000001e-25
2884.852765,2.382e-24
2884.854947,2.332e-24
2884.856784,7.058e-25
2884.862121,1.185e-23
2884.86578,7.019999999999999e-23
2884.875947,4.2269999999999996e-24
2884.888964,5.063e-26
2884.893896,2.822e-21
2884.896472,2.968e-21
2884.896758,4.096e-25
2884.898669,2.616e-25
2884.903472,3.075e-25
2884.915407,4.979000000000001e-25
2884.927587,6.538e-23
2884.930073,1.358e-24
2884.930622,3.362e-25
2884.936389,8.015e-25
2884.936893,2.403e-25
2884.937454,1.661e-24
2884.938489,1.623e-24
2884.939492,1.3319999999999999e-24
2884.941952,2.357e-25
2884.942266,5.216e-24
2884.945175,4.956e-24
2884.947522,8.314e-25
2884.948861,1.555e-23
2884.948867,6.6460000000000005e-25
2884.951402,6.503e-25
2884.955541,1.445e-23
2884.992497,3.712e-24
2884.996272,6.819000000000001e-26
2884.998239,1.786e-23
2885.003678,1.49e-24
2885.007357,1.17e-25
2885.009643,5.431e-24
2885.020845,2.482e-24
2885.023611,5.297e-24
2885.027801,2.365e-24
2885.032804,1.983e-25
2885.048077,1.233e-25
2885.065446,2.714e-24
2885.076343,2.655e-24
2885.084053,3.397e-22
2885.085873,1.52e-24
2885.087839,1.777e-23
2885.088954,9.41e-26
2885.095067,1.6419999999999998e-23
2885.097419,2.796e-23
2885.101571,5.15e-24
2885.106337,1.427e-23
2885.107337,2.505e-24
2885.111332,1.334e-21
2885.111697,4.64e-25
2885.114127,2.438e-24
2885.120841,2.461e-24
2885.121523,1.417e-21
2885.124831,3.706e-22
2885.126894,1.3819999999999998e-23
2885.130021,5.957e-24
2885.133277,5.6449999999999996e-24
2885.136434,5.376e-26
2885.139245,1.998e-25
2885.141082,5.103e-21
2885.141211,4.876e-21
2885.141264,1.248e-24
2885.14916,1.433e-24
2885.149275,2.242e-24
2885.152034,1.4009999999999999e-24
2885.162064,1.965e-25
2885.165693,1.359e-25
2885.168952,1.0999999999999998e-24
2885.177681,1.144e-24
2885.178306,2.049e-24
2885.187715,2.001e-24
2885.190134,2.547e-25
2885.195447,2.5020000000000003e-25
2885.216117,2.036e-23
2885.223997,1.868e-23
2885.224283,1.956e-25
2885.225542,1.953e-25
2885.23295,1.199e-24
2885.243177,9.612e-25
2885.251446,5.598000000000001e-25
2885.254022,5.48e-25
2885.26156,3.048e-25
2885.261743,7.522999999999999e-22
2885.271502,2.565e-24
2885.271645,5.107e-25
2885.273838,2.629e-24
2885.275068,1.899e-25
2885.282069,8.076e-22
2885.293942,7.007000000000001e-26
2885.297651,2.3260000000000003e-25
2885.29865,2.325e-24
2885.302192,2.302e-24
2885.303844,1.344e-26
2885.305496,1.717e-24
2885.325272,6.792e-24
2885.327838,1.794e-24
2885.328499,6.416e-24
2885.333662,2.342e-23
2885.334793,5.931000000000001e-25
2885.34233,2.132e-23
2885.351396,1.663e-24
2885.361216,1.662e-23
2885.366321,6.5019999999999996e-24
2885.380596,6.338e-24
2885.382509,1.608e-23
2885.38523,9.078e-25
2885.392778,8.907e-25
2885.419299,2.194e-24
2885.42084,1.6909999999999998e-24
2885.422973,1.486e-24
2885.42434,2.56e-24
2885.429553,1.551e-24
2885.430278,1.657e-24
2885.440449,2.71e-23
2885.443842,9.26e-26
2885.450126,2.441e-23
2885.455607,7.496e-27
2885.468489,5.229e-25
2885.47488,5.135e-25
2885.492739,2.906e-24
2885.493249,2.835e-24
2885.49344,3.316e-24
2885.497253,7.741e-24
2885.499627,4.963e-23
2885.500222,5.703e-26
2885.500766,7.288e-24
2885.504495,3.243e-24
2885.512317,3.375e-23
2885.523308,5.0210000000000005e-25
2885.535077,4.922e-23
2885.536436,3.16e-23
2885.546149,2.779e-25
2885.547276,2.814e-23
2885.559319,1.734e-24
2885.559651,1.761e-24
2885.564432,3.23e-24
2885.568019,4.661000000000001e-25
2885.569938,4.564e-25
2885.570088,3.061e-24
2885.571629,5.13e-24
2885.573407,4.361e-21
2885.573798,4.575e-21
2885.578618,2.612e-24
2885.587039,1.2440000000000002e-25
2885.595691,4.86e-25
2885.606885,1.93e-23
2885.615984,5.689999999999999e-23
2885.621571,3.725e-23
2885.628034,2.9620000000000003e-25
2885.628978,1.865e-23
2885.63402,3.267e-23
2885.642095,9.361e-25
2885.663198,2.061e-21
2885.667842,8.818e-24
2885.668707,1.228e-25
2885.669184,2.181e-21
2885.671443,8.269e-24
2885.690892,1.981e-24
2885.695583,2.076e-24
2885.695766,4.461e-23
2885.699262,8.589e-25
2885.706507,1.217e-24
2885.707033,1.191e-24
2885.70764,1.289e-25
2885.710425,3.833e-23
2885.713308,7.759e-24
2885.714462,1.853e-24
2885.719045,1.796e-24
2885.722491,6.984e-26
2885.724881,1.703e-25
2885.72791,7.558e-24
2885.758869,5.461999999999999e-23
2885.763157,1.96e-24
2885.76784,3.28e-25
2885.773375,3.222e-25
2885.776811,4.563e-23
2885.784884,5.784e-25
2885.785456,1.4999999999999998e-24
2885.795252,1.467e-24
2885.810548,6.917e-23
2885.821783,1.005e-23
2885.821834,1.391e-24
2885.822331,1.273e-24
2885.825662,9.382e-24
2885.833941,1.236e-25
2885.834117,5.53e-23
2885.834187,1.216e-25
2885.835289,1.6480000000000002e-25
2885.840757,1.622e-25
2885.843347,2.235e-23
2885.846026,3.895e-25
2885.848088,3.816e-25
2885.857638,1.041e-24
2885.858941,3.428e-24
2885.85943,2.383e-25
2885.860372,1.019e-24
2885.862372,3.397e-24
2885.863126,1.293e-24
2885.86631,2.157e-23
2885.869925,1.363e-24
2885.889384,1.479e-24
2885.890174,3.716e-21
2885.891513,3.908e-21
2885.901089,2.097e-24
2885.905899,1.224e-24
2885.908945,2.224e-25
2885.910557,2.054e-24
2885.910887,1.142e-24
2885.911461,4.038e-24
2885.912157,1.288e-25
2885.918471,1.12e-24
2885.922683,3.947e-24
2885.933276,4.835e-24
2885.935644,2.895e-21
2885.938786,3.053e-21
2885.9492,8.513e-26
2885.952263,1.446e-24
2885.965002,2.61e-24
2885.968061,2.748e-24
2885.969454,1.146e-23
2885.973529,1.065e-23
2885.974852,1.459e-26
2885.99403,3.418e-25
2886.005824,2.531e-24
2886.009464,3.2099999999999997e-24
2886.014576,2.1810000000000003e-25
2886.029723,4.188e-24
2886.030165,6.6499999999999995e-25
2886.034356,3.943e-24
2886.036579,6.528e-25
2886.042711,4.236e-24
2886.045694,2.944e-22
2886.045966,5.349e-26
2886.049579,1.583e-24
2886.050604,9.228e-24
2886.065556,8.981999999999999e-24
2886.070604,2.582e-23
2886.071003,2.58e-24
2886.092684,1.912e-24
2886.094518,2.488e-23
2886.095285,1.957e-24
2886.097099,3.244e-22
2886.103962,1.309e-23
2886.108357,1.209e-23
2886.109238,2.415e-24
2886.121032,1.32e-21
2886.129709,2.433e-24
2886.133327,1.408e-21
2886.134545,5.0230000000000005e-25
2886.134734,1.615e-24
2886.137896,3.199e-25
2886.139127,3.1350000000000003e-25
2886.149654,2.221e-24
2886.164656,5.8999999999999995e-24
2886.178409,6.828e-26
2886.183717,1.029e-25
2886.20169,4.846e-25
2886.208404,5.276e-21
2886.208796,5.029e-21
2886.212037,5.322000000000001e-26
2886.212383,1.294e-24
2886.213455,6.672e-26
2886.215887,1.543e-25
2886.216688,1.2649999999999999e-24
2886.228068,2.119e-24
2886.229432,1.344e-24
2886.22973,1.5e-23
2886.234446,1.376e-23
2886.237689,3.406e-24
2886.23936,3.607e-24
2886.248512,7.142e-22
2886.269018,4.6950000000000005e-25
2886.273387,7.713999999999999e-22
2886.27489,1.347e-24
2886.277907,3.113e-25
2886.281012,1.522e-23
2886.284384,1.318e-24
2886.286839,2.421e-24
2886.288657,2.976e-23
2886.292503,7.462e-25
2886.296001,8.774000000000001e-26
2886.300505,9.383e-26
2886.313614,2.863e-23
2886.319508,4.899999999999999e-24
2886.330908,4.786e-24
2886.343997,1.725e-23
2886.345555,1.079e-24
2886.346821,2.984e-23
2886.349141,1.569e-23
2886.350498,7.063000000000001e-26
2886.355086,3.3050000000000003e-25
2886.35566,1.056e-24
2886.360571,1.273e-25
2886.367304,3.477e-24
2886.369936,4.202e-25
2886.370829,2.59e-24
2886.37284,1.366e-25
2886.375275,4.127e-25
2886.378211,1.094e-23
2886.380338,2.5359999999999998e-24
2886.393538,1.064e-23
2886.395871,2.606e-25
2886.397621,1.137e-25
2886.398387,1.334e-25
2886.420207,3.6499999999999996e-24
2886.423672,5.429e-24
2886.426118,1.431e-24
2886.427556,5.067e-24
2886.429243,2.083e-25
2886.430822,1.224e-25
2886.433741,1.402e-24
2886.437956,8.755e-25
2886.437958,8.57e-25
2886.44839,1.996e-23
2886.454038,1.797e-23
2886.457002,1.245e-24
2886.457998,2.889e-24
2886.466593,3.382e-25
2886.47966,6.02e-25
2886.479683,9.546e-26
2886.481818,1.489e-25
2886.494237,1.278e-24
2886.494328,4.497e-24
2886.495391,1.031e-24
2886.496646,2.249e-23
2886.497506,3.422e-23
2886.498115,4.048e-23
2886.501645,4.4139999999999996e-24
2886.502146,4.7099999999999995e-24
2886.522987,7.426e-25
2886.523611,3.286e-23
2886.525583,7.272e-25
2886.541253,7.758e-25
2886.541963,2.327e-23
2886.546676,1.975e-25
2886.548261,2.07e-23
2886.570857,1.231e-24
2886.57401,4.529e-21
2886.574397,4.762e-21
2886.580365,5.826e-24
2886.581045,8.427000000000001e-25
2886.587481,8.269e-25
2886.589598,2.6670000000000003e-25
2886.590838,4.168e-24
2886.593516,5.233e-25
2886.601923,1.318e-25
2886.606962,3.68e-25
2886.625189,2.743e-23
2886.632325,2.402e-23
2886.684806,2.072e-21
2886.691986,2.2e-21
2886.696131,1.293e-23
2886.69715,3.926e-23
2886.697592,1.414e-25
2886.697782,3.284e-23
2886.698948,2.7e-24
2886.706058,2.817e-23
2886.711859,1.256e-23
2886.715473,3.944e-24
2886.717385,1.868e-25
2886.717579,5.9249999999999996e-24
2886.724526,3.764e-23
2886.729171,5.784e-24
2886.749561,6.145e-24
2886.750048,5.705e-24
2886.75267,7.066e-24
2886.756075,6.523e-24
2886.759785,4.0199999999999993e-23
2886.769699,3.353e-23
2886.776674,7.468000000000001e-26
2886.789006,9.624e-25
2886.79125,2.58e-24
2886.792273,2.179e-24
2886.792627,3.36e-24
2886.799256,9.423e-25
2886.809003,2.998e-24
2886.811018,5.09e-23
2886.817527,3.2950000000000003e-25
2886.822482,9.264e-25
2886.823528,4.071e-23
2886.827288,9.07e-25
2886.828272,2.734e-25
2886.830109,3.189e-24
2886.834481,4.744e-24
2886.838093,3.238e-25
2886.839671,3.1209999999999998e-24
2886.851174,6.798999999999999e-23
2886.859263,7.622e-25
2886.865798,6.492e-24
2886.868055,1.3989999999999999e-24
2886.868678,5.0599999999999993e-23
2886.869784,7.467e-25
2886.870872,1.431e-24
2886.871015,4.131e-25
2886.871159,5.086e-21
2886.87159,5.348e-21
2886.872462,4.635000000000001e-25
2886.887583,4.496e-23
2886.895752,3.891e-24
2886.902603,1.368e-24
2886.90934,1.5899999999999999e-24
2886.910598,1.555e-24
2886.916374,4.302e-23
2886.928245,1.348e-24
2886.931025,1.786e-24
2886.932118,5.37e-25
2886.934829,3.819e-21
2886.935284,4.494e-25
2886.936537,4.028e-21
2886.937247,4.158e-25
2886.937619,5.272e-25
2886.938692,1.75e-24
2886.942974,2.111e-25
2886.944055,2.076e-25
2886.966989,2.947e-21
2886.970797,3.1180000000000002e-21
2886.975366,8.063e-24
2886.97671,7.39e-24
2886.979755,1.25e-24
2886.983188,5.524e-24
2886.994807,2.388e-22
2886.996422,3.433e-25
2887.00005,1.309e-25
2887.002977,4.446e-24
2887.004364,1.523e-23
2887.020524,1.478e-23
2887.022421,9.305e-24
2887.025629,8.459e-24
2887.036167,1.369e-25
2887.049824,6.617000000000001e-25
2887.060378,2.783e-25
2887.060886,2.666e-22
2887.065734,2.736e-25
2887.068801,5.141e-23
2887.0692,3.633e-25
2887.074473,5.302000000000001e-26
2887.083343,4.825e-24
2887.089022,1.669e-24
2887.099176,4.908e-23
2887.105676,7.14e-24
2887.117472,6.966e-24
2887.120155,1.289e-21
2887.121748,1.064e-24
2887.128201,1.043e-24
2887.131335,6.057e-25
2887.131873,6.182e-25
2887.133179,9.212e-26
2887.135054,1.382e-21
2887.14603,5.196e-25
2887.148472,5.093e-25
2887.157065,1.2679999999999999e-24
2887.17028,7.088000000000001e-26
2887.17404,1.074e-23
2887.17619,9.666e-24
2887.177322,1.704e-24
2887.177545,1.097e-24
2887.209979,6.776e-24
2887.224306,6.628999999999999e-22
2887.227679,1.223e-24
2887.234134,7.332000000000001e-26
2887.237857,1.254e-23
2887.240794,5.869999999999999e-23
2887.241196,1.115e-23
2887.244928,5.2840000000000004e-21
2887.244995,5.556e-21
2887.255055,7.212999999999999e-22
2887.257105,6.756e-25
2887.260422,1.065e-25
2887.267883,6.6210000000000005e-25
2887.272957,5.59e-23
2887.278944,3.911e-24
2887.286556,5.04e-24
2887.288571,3.826e-24
2887.302912,1.7879999999999998e-23
2887.306803,1.698e-25
2887.307274,4.792e-24
2887.308774,1.051e-25
2887.316432,4.833e-24
2887.319536,1.735e-23
2887.327136,2.97e-25
2887.327705,5.177e-25
2887.329324,4.155e-24
2887.339568,6.89e-26
2887.340849,1.478e-23
2887.343893,1.292e-23
2887.352548,1.728e-24
2887.353769,2.922e-25
2887.362844,1.344e-24
2887.371673,5.6660000000000005e-25
2887.38182,2.815e-24
2887.386895,6.515e-25
2887.391969,6.383e-25
2887.403062,1.7699999999999998e-23
2887.403548,6.694999999999999e-23
2887.407002,1.516e-23
2887.414847,4.543e-24
2887.424321,1.554e-25
2887.42554,2.221e-24
2887.433253,2.176e-24
2887.437746,6.358e-23
2887.464945,2.695e-24
2887.47185,2.167e-23
2887.476189,1.804e-23
2887.483638,4.629e-24
2887.483798,8.575e-24
2887.484334,3.2509999999999998e-24
2887.495812,8.361e-24
2887.503261,2.414e-25
2887.508403,6.829e-25
2887.50935,3.2950000000000003e-25
2887.513761,6.703e-25
2887.521159,2.745e-23
2887.52666,2.19e-23
2887.535262,2.901e-25
2887.535616,4.394e-25
2887.538491,1.145e-24
2887.540195,1.121e-24
2887.557043,7.63e-23
2887.563744,3.667e-23
2887.570922,2.731e-23
2887.582191,6.5549999999999996e-24
2887.591775,2.094e-23
2887.593581,7.223999999999999e-23
2887.593813,5.383e-23
2887.594269,3.974e-25
2887.594396,4.266e-25
2887.596569,1.005e-24
2887.599551,1.026e-24
2887.605068,3.476e-23
2887.608901,2.029e-23
2887.60963,3.229e-25
2887.65178,1.338e-24
2887.658253,1.312e-24
2887.667362,4.6540000000000004e-21
2887.668142,4.907e-21
2887.67223,6.703e-24
2887.673631,1.434e-25
2887.676146,7.096e-25
2887.691819,4.299e-24
2887.69589,2.063e-21
2887.69658,1.332e-25
2887.700996,7.600999999999999e-24
2887.701252,8.693e-23
2887.704526,2.2e-21
2887.710605,6.077e-24
2887.716143,3.74e-25
2887.717371,4.78e-24
2887.719061,6.149e-24
2887.727075,4.673e-24
2887.731003,3.497e-25
2887.731953,1.391e-25
2887.73797,2.155e-25
2887.740511,8.202e-23
2887.75349,5.391e-26
2887.757991,5.845000000000001e-26
2887.771822,1.3999999999999999e-24
2887.785083,3.949e-25
2887.787071,4.203e-25
2887.788157,4.286e-25
2887.810874,1.243e-24
2887.817564,2.4019999999999998e-24
2887.836133,9.907e-23
2887.851944,1.026e-23
2887.864191,1.0000000000000001e-23
2887.870955,2.444e-23
2887.87625,1.2e-24
2887.878607,9.31e-23
2887.879812,9.522e-25
2887.888622,2.366e-23
2887.909722,2.753e-24
2887.912325,2.832e-24
2887.912806,2.051e-24
2887.913675,4.407e-25
2887.917485,2.695e-24
2887.923872,4.407e-24
2887.927076,6.487e-24
2887.929816,1.72e-22
2887.946113,1.505e-23
2887.946787,1.389e-24
2887.953197,9.761e-24
2887.957865,2.009e-24
2887.961626,1.13e-22
2887.966703,3.897e-21
2887.96881,4.122e-21
2887.987949,2.9750000000000002e-21
2887.989568,7.221000000000001e-26
2887.992549,3.158e-21
2888.007967,1.057e-22
2888.012313,5.284e-24
2888.017048,1.954e-22
2888.019498,1.236e-24
2888.020992,6.298e-24
2888.031705,3.536e-25
2888.033481,3.4740000000000003e-25
2888.053599,8.66e-25
2888.054615,2.883e-24
2888.059074,8.497e-25
2888.066271,2.722e-23
2888.06877,1.091e-23
2888.07764,1.291e-22
2888.089385,3.18e-25
2888.106419,2.26e-24
2888.106534,5.018e-24
2888.108592,1.24e-21
2888.114123,8.102e-25
2888.114556,5.487e-24
2888.11632,7.936e-25
2888.12218,1.746e-24
2888.125305,1.788e-24
2888.126768,1.338e-21
2888.128744,1.2009999999999998e-22
2888.13005,2.764e-24
2888.132926,7.574e-24
2888.137455,1.026e-23
2888.140451,2.845e-23
2888.145408,5.821e-24
2888.1552,5.688e-24
2888.158705,2.751e-23
2888.166012,2.205e-24
2888.171551,1.676e-24
2888.173325,1.672e-24
2888.178043,1.643e-24
2888.180995,4.601e-25
2888.184028,1.4789999999999998e-22
2888.188772,5.971e-22
2888.191134,4.134e-25
2888.207965,4.469e-24
2888.210115,1.224e-23
2888.213831,1.783e-24
2888.21775,8.922000000000001e-26
2888.222612,1.192e-23
2888.22729,6.556999999999999e-22
2888.234957,7.603e-26
2888.239218,4.607e-25
2888.241195,1.3669999999999998e-22
2888.244431,4.525e-25
2888.246269,4.016e-25
2888.249417,7.7e-24
2888.254238,4.964e-24
2888.255645,8.505e-24
2888.262969,6.001e-24
2888.277238,7.086e-25
2888.280335,7.233000000000001e-25
2888.28225,1.164e-25
2888.287403,5.648e-21
2888.287451,5.3560000000000004e-21
2888.308637,1.347e-25
2888.316297,8.058e-24
2888.342295,1.4040000000000002e-25
2888.382512,5.3490000000000005e-25
2888.383534,3.399e-24
2888.391352,3.327e-24
2888.400264,3.303e-23
2888.400761,5.251e-25
2888.413277,7.891e-24
2888.417007,4.021e-25
2888.419154,3.189e-23
2888.430538,3.51e-24
2888.430658,7.573e-24
2888.443112,4.034e-24
2888.443673,1.102e-25
2888.45571,1.207e-24
2888.482198,4.233e-25
2888.504019,3.6459999999999996e-24
2888.516481,1.166e-24
2888.55831,1.456e-23
2888.563082,7.064e-24
2888.571075,1.4159999999999998e-23
2888.572974,6.898e-24
2888.592464,5.114e-25
2888.597226,7.713e-24
2888.605405,1.093e-24
2888.610778,1.0719999999999999e-24
2888.621211,5.063e-26
2888.63584,5.633000000000001e-25
2888.638561,5.522e-25
2888.650392,3.824e-23
2888.650914,8.409000000000001e-26
2888.659585,4.763e-21
2888.66039,5.037e-21
2888.661508,2.579e-24
2888.667121,5.277000000000001e-26
2888.668806,1.361e-25
2888.669977,3.687e-23
2888.671601,7.605e-24
2888.677795,2.881e-24
2888.680739,2.093e-24
2888.687253,2.051e-24
2888.6964,2.031e-21
2888.706362,5.656e-24
2888.706831,2.176e-21
2888.715754,5.575e-26
2888.717461,2.909e-24
2888.729818,1.133e-25
2888.759551,4.998000000000001e-25
2888.786371,2.793e-24
2888.789885,5.382e-24
2888.795624,7.065e-24
2888.838996,3.86e-25
2888.840817,2.618e-24
2888.84701,4.183e-24
2888.847543,9.272e-23
2888.854889,4.092e-24
2888.890827,3.753e-25
2888.890835,4.416e-23
2888.893734,7.032e-26
2888.895,5.447e-26
2888.895088,1.678e-25
2888.89653,1.725e-23
2888.909136,4.907e-25
2888.909582,1.677e-23
2888.909718,4.763e-25
2888.911179,4.252e-23
2888.9123,5.0050000000000005e-25
2888.94268,5.681e-26
2888.943643,4.983e-24
2888.946873,1.929e-24
2888.955968,8.485e-24
2888.958786,5.366e-21
2888.959324,5.674e-21
2888.966805,2.115e-24
2888.967149,1.08e-22
2888.970409,8.542e-24
2888.980415,8.336e-24
2888.989893,3.945e-21
2888.992492,4.186e-21
2888.998467,2.9750000000000002e-21
2889.001235,1.295e-24
2889.004021,3.1710000000000002e-21
2889.005,4.662000000000001e-25
2889.011046,1.176e-23
2889.019032,1.347e-25
2889.026108,2.281e-23
2889.028426,1.141e-23
2889.037981,9.287e-24
2889.046163,5.068e-26
2889.050501,7.174e-24
2889.052349,1.4030000000000002e-25
2889.058694,8.905000000000001e-26
2889.086191,1.172e-21
2889.091603,1.161e-24
2889.096464,5.814e-25
2889.098808,5.709e-25
2889.108566,1.273e-21
2889.121591,5.087e-23
2889.125142,2.061e-25
2889.126181,4.282e-25
2889.132512,1.376e-24
2889.135593,8.749e-24
2889.136365,1.093e-23
2889.136488,6.233e-24
2889.137239,5.936000000000001e-26
2889.137969,1.349e-24
2889.141339,5.155999999999999e-22
2889.142768,4.891e-23
2889.148295,1.123e-24
2889.14894,1.812e-24
2889.179609,2.6029999999999998e-24
2889.186145,2.5499999999999998e-24
2889.186421,6.196e-26
2889.188215,4.498e-25
2889.19043,5.728e-22
2889.210068,1.133e-25
2889.221542,2.2149999999999998e-24
2889.224773,2.038e-23
2889.238135,1.98e-23
2889.244168,1.852e-24
2889.267703,2.0849999999999998e-24
2889.278021,8.857e-24
2889.286282,1.452e-24
2889.300132,5.128e-24
2889.308076,5.014e-24
2889.308552,5.574e-21
2889.308795,5.894e-21
2889.309815,1.572e-24
2889.342658,5.848e-23
2889.347148,1.451e-25
2889.36263,2.511e-25
2889.364752,5.611999999999999e-23
2889.367412,1.029e-23
2889.370449,2.898e-24
2889.371706,7.487e-25
2889.376772,7.348e-25
2889.377543,1.004e-23
2889.378474,1.414e-23
2889.389694,5.92e-24
2889.392271,6.367e-26
2889.405961,2.348e-25
2889.409838,1.191e-23
2889.433762,2.786e-24
2889.443303,6.653000000000001e-26
2889.46448,5.644e-24
2889.469041,1.872e-25
2889.479175,3.578e-25
2889.502432,9.804e-26
2889.517954,4.072e-24
2889.52305,1.295e-23
2889.527996,3.482e-25
2889.54304,2.401e-23
2889.55403,6.708e-23
2889.556735,2.329e-23
2889.574601,2.439e-25
2889.57714,6.426e-23
2889.595247,1.342e-25
2889.595555,1.0699999999999998e-23
2889.599261,2.871e-24
2889.612868,3.011e-25
2889.624039,6.879000000000001e-26
2889.625905,1.702e-25
2889.626723,1.394e-25
2889.636937,5.0220000000000005e-26
2889.660844,1.724e-24
2889.662326,3.215e-25
2889.665563,2.889e-23
2889.66623,1.69e-24
2889.667958,3.226e-24
2889.67452,3.158e-24
2889.676766,7.195e-26
2889.679271,1.092e-24
2889.686265,1.974e-21
2889.698942,2.127e-21
2889.70637,1.171e-24
2889.718573,1.107e-24
2889.719962,4.824e-21
2889.721228,5.1180000000000004e-21
2889.725163,1.8209999999999998e-24
2889.730206,4.304e-25
2889.732242,8.712e-24
2889.739144,5.417e-26
2889.740955,1.738e-23
2889.742921,6.265e-24
2889.747944,1.027e-23
2889.750935,6.122e-24
2889.752414,1.4469999999999998e-23
2889.754105,1.236e-23
2889.755704,7.68e-23
2889.764376,1.205e-23
2889.77163,1.0719999999999999e-24
2889.775472,5.875e-25
2889.779944,7.342e-23
2889.78049,1.194e-24
2889.784587,4.941e-25
2889.794186,8.23e-25
2889.807153,4.5e-25
2889.809543,6.664e-25
2889.832667,9.699e-24
2889.838632,5.0840000000000006e-26
2889.84005,8.549e-25
2889.85133,2.818e-23
2889.855443,1.349e-23
2889.856117,8.384e-25
2889.859239,1.105e-24
2889.861898,7.349e-26
2889.863501,2.952e-24
2889.86459,2.7979999999999998e-24
2889.865385,2.732e-23
2889.865888,4.716e-25
2889.883971,3.4899999999999998e-25
2889.908816,2.927e-24
2889.916598,7.694000000000001e-26
2889.921653,1.698e-23
2889.946617,6.512e-25
2889.947673,8.779e-23
2889.955513,5.625e-24
2889.973177,8.373e-23
2889.991655,6.703000000000001e-26
2889.998525,2.946e-21
2890.001199,3.959e-21
2890.004359,4.218e-21
2890.005245,3.154e-21
2890.013647,2.854e-24
2890.052716,1.084e-21
2890.060138,2.683e-23
2890.062494,6.086e-24
2890.068896,8.162e-24
2890.072112,2.748e-24
2890.074955,9.484e-25
2890.080589,1.187e-21
2890.081005,4.17e-22
2890.082273,7.875000000000001e-26
2890.090803,1.482e-23
2890.105972,6.6999999999999985e-25
2890.111641,3.2950000000000003e-25
2890.112338,9.034e-25
2890.125227,8.161000000000001e-25
2890.129927,1.002e-22
2890.130029,5.814e-24
2890.130506,1.48e-23
2890.134101,9.394e-25
2890.136907,9.217e-25
2890.138604,2.231e-23
2890.138879,8.254e-26
2890.14093,1.441e-23
2890.142303,1.954e-23
2890.145038,4.704e-22
2890.145953,3.984e-24
2890.149366,7.071e-24
2890.149643,3.299e-23
2890.152543,3.899e-24
2890.155855,8.688000000000001e-25
2890.156856,9.534e-23
2890.157707,3.209e-25
2890.164086,3.195e-23
2890.169041,2.154e-24
2890.169392,1.865e-24
2890.174488,2.11e-24
2890.175366,7.626e-24
2890.17775,2.038e-23
2890.183458,7.449e-24
2890.199522,6.501e-25
2890.20049,2.174e-23
2890.202835,3.394e-24
2890.20425,2.583e-24
2890.227258,6.959e-26
2890.237436,8.297e-26
2890.239898,6.922000000000001e-26
2890.249859,2.444e-24
2890.254294,1.795e-23
2890.259043,3.303e-24
2890.268451,1.907e-24
2890.285961,1.856e-23
2890.292129,9.999e-24
2890.296446,3.329e-25
2890.302453,1.142e-22
2890.304146,8.367e-26
2890.320904,1.023e-25
2890.323919,5.5460000000000004e-21
2890.324234,5.884e-21
2890.329245,1.956e-23
2890.331002,1.084e-22
2890.332232,1.3210000000000002e-25
2890.336313,8.736000000000001e-25
2890.336636,1.047e-24
2890.36289,8.78e-26
2890.363827,1.372e-25
2890.386434,1.015e-24
2890.437979,3.85e-23
2890.446626,1.103e-23
2890.452842,3.725e-23
2890.458234,1.197e-24
2890.463164,1.173e-24
2890.465235,1.302e-22
2890.475364,1.921e-25
2890.476954,1.028e-25
2890.481093,1.6709999999999998e-23
2890.495639,1.231e-22
2890.496627,1.765e-23
2890.500421,2.378e-24
2890.50722,1.718e-23
2890.508014,4.6980000000000005e-25
2890.512484,8.895000000000001e-26
2890.521167,1.044e-23
2890.527374,4.521e-24
2890.54849,4.917e-23
2890.564158,4.915e-25
2890.567925,1.563e-23
2890.573372,9.347e-26
2890.573807,3.51e-23
2890.597482,9.252e-24
2890.605656,9.031e-24
2890.61347,4.902e-24
2890.618251,1.4829999999999998e-22
2890.620091,4.795e-24
2890.623346,6.042e-25
2890.647105,2.783e-24
2890.650805,1.3979999999999998e-22
2890.657466,6.396e-25
2890.659444,5.802e-23
2890.661089,4.061e-23
2890.664875,2.901e-24
2890.665384,1.891e-21
2890.66784,6.387e-25
2890.674648,2.6799999999999998e-24
2890.680048,2.624e-24
2890.680918,2.0500000000000003e-21
2890.701335,2.684e-24
2890.702036,4.859e-21
2890.703399,5.174e-21
2890.710783,1.274e-25
2890.716335,4.481e-23
2890.719243,9.392e-26
2890.720567,3.078e-23
2890.720888,9.882e-24
2890.724895,6.1649999999999996e-24
2890.726319,1.218e-24
2890.731656,4.33e-23
2890.734157,5.806e-26
2890.736359,3.015e-25
2890.761468,1.69e-22
2890.779896,2.938e-25
2890.782484,9.882e-26
2890.786332,5.8999999999999995e-24
2890.796547,1.5859999999999998e-22
2890.797157,5.905e-26
2890.799827,1.226e-25
2890.816489,1.245e-25
2890.830081,2.702e-23
2890.852481,2.098e-23
2890.860342,1.297e-25
2890.863259,2.041e-23
2890.875804,4.716e-23
2890.889845,1.345e-25
2890.891766,2.407e-23
2890.892699,2.884e-24
2890.894842,1.927e-22
2890.915106,9.903e-26
2890.932934,1.8000000000000001e-22
2890.934396,3.758e-23
2890.939635,1.58e-25
2890.945799,9.838e-25
2890.947965,3.999e-23
2890.96008,6.335e-24
2890.965889,1.635e-24
2890.972953,2.999e-23
2890.980769,1.044e-25
2890.982098,2.221e-23
2890.984712,5.2e-23
2890.988066,2.8860000000000002e-21
2890.988095,7.759e-25
2890.992659,9.547e-25
2890.996228,3.105e-21
2891.00053,5.019e-23
2891.003025,3.937e-21
2891.005866,2.995e-22
2891.006037,1.104e-23
2891.006152,5.494e-21
2891.006824,5.850000000000001e-21
2891.00688,4.212e-21
2891.007795,9.726e-22
2891.009263,1.118e-23
2891.017527,1.091e-23
2891.018308,2.201e-22
2891.033159,5.471000000000001e-26
2891.034366,3.383e-23
2891.043061,1.076e-21
2891.060069,2.046e-22
2891.060112,2.849e-24
2891.069525,2.714e-23
2891.07061,6.011e-24
2891.077266,5.876e-24
2891.078514,9.281e-24
2891.092102,3.45e-22
2891.095292,9.153e-25
2891.102434,7.582000000000001e-25
2891.106268,2.709e-24
2891.107383,1.038e-25
2891.113492,1.011e-25
2891.131764,2.521e-22
2891.134315,1.158e-23
2891.140505,3.591e-25
2891.141944,1.493e-24
2891.145121,1.4629999999999999e-24
2891.153453,8.014999999999999e-24
2891.158704,1.58e-24
2891.163332,3.322e-24
2891.164413,1.963e-25
2891.165859,4.837e-25
2891.168777,3.252e-24
2891.1726,4.42e-25
2891.173276,8.779999999999999e-25
2891.175674,1.096e-25
2891.178118,2.328e-22
2891.183472,1.903e-24
2891.196353,1.345e-24
2891.197852,1.853e-23
2891.198081,2.487e-23
2891.200638,1.099e-23
2891.20906,2.416e-23
2891.210166,4.658000000000001e-25
2891.210429,1.318e-24
2891.212829,6.345e-26
2891.218997,5.051e-25
2891.235049,2.9e-22
2891.236491,1.843e-24
2891.243109,6.019999999999999e-23
2891.248486,6.853e-26
2891.259468,5.801e-23
2891.263856,6.671e-23
2891.270858,2.69e-24
2891.272454,1.739e-23
2891.280032,5.188e-23
2891.286645,1.9469999999999998e-24
2891.28737,2.656e-22
2891.29048,1.086e-25
2891.292408,1.955e-25
2891.305818,1.153e-23
2891.321362,2.5969999999999998e-24
2891.332189,5.709e-21
2891.332591,6.078e-21
2891.353295,2.742e-25
2891.361523,1.148e-25
2891.376994,6.167e-24
2891.386274,2.441e-25
2891.394498,2.673e-25
2891.410717,1.347e-23
2891.410886,2.114e-25
2891.419079,1.314e-23
2891.42548,2.151e-25
2891.433238,5.911e-24
2891.451816,8.603000000000001e-26
2891.468719,1.13e-25
2891.491522,6.949999999999999e-23
2891.499411,1.881e-24
2891.500516,4.234e-23
2891.504223,1.843e-24
2891.507256,6.458e-25
2891.508475,6.688e-23
2891.5173,7.343e-24
2891.523994,7.174e-24
2891.533436,2.937e-23
2891.534023,4.973e-24
2891.542737,1.197e-25
2891.544634,2.852e-23
2891.546066,9.176e-25
2891.556491,1.118e-24
2891.579284,3.755e-23
2891.590265,8.912e-25
2891.60673,3.036e-25
2891.628375,2.786e-23
2891.633605,1.779e-21
2891.63886,1.171e-25
2891.641265,1.26e-25
2891.642848,1.083e-25
2891.646766,4.103e-24
2891.652182,4.015e-24
2891.652849,1.944e-21
2891.671433,1.305e-25
2891.674572,6.419e-23
2891.690808,4.28e-24
2891.696489,5.666e-26
2891.703398,2.582e-23
2891.711479,5.316999999999999e-23
2891.716036,1.2430000000000002e-25
2891.722539,4.2189999999999996e-24
2891.72995,8.005e-23
2891.730825,3.697e-23
2891.731132,4.84e-21
2891.73304,5.1770000000000004e-21
2891.738445,5.475999999999999e-23
2891.747556,7.691e-23
2891.751931,1.129e-23
2891.771691,3.189e-25
2891.77561,2.9869999999999998e-24
2891.797295,4.724e-23
2891.801845,1.618e-23
2891.803358,1.208e-25
2891.806951,3.368e-23
2891.810312,1.576e-23
2891.811204,1.195e-23
2891.812651,3.348e-25
2891.81332,2.2149999999999998e-24
2891.821216,1.368e-25
2891.823265,2.852e-24
2891.827809,3.775e-25
2891.858555,3.459e-23
2891.861659,4.964000000000001e-25
2891.869993,3.355e-23
2891.870779,1.137e-23
2891.876301,1.212e-24
2891.88395,1.285e-25
2891.884556,9.67e-26
2891.884936,2.578e-24
2891.885934,6.781000000000001e-26
2891.903159,1.996e-23
2891.911818,1.61e-22
2891.91271,5.175e-25
2891.931141,2.747e-24
2891.932137,2.491e-24
2891.950612,6.899000000000001e-26
2891.950798,8.368999999999999e-22
2891.951389,1.175e-24
2891.953517,3.526e-25
2891.953602,8.939e-24
2891.958157,7.117e-24
2891.958391,9.2e-23
2891.960338,8.729e-24
2891.960413,1.24e-25
2891.96241,2.4780000000000003e-25
2891.966838,7.019e-26
2891.96703,2.79e-21
2891.968249,1.879e-23
2891.976715,8.823999999999999e-23
2891.977012,3.021e-21
2891.981565,2.14e-24
2891.986471,1.737e-25
2891.993532,3.876e-21
2891.996345,9.387e-22
2891.998221,4.168e-21
2892.001453,2.418e-25
2892.018859,6.0999999999999996e-24
2892.033516,1.914e-22
2892.04467,1.3230000000000002e-25
2892.052304,4.6820000000000005e-25
2892.055464,3.57e-25
2892.067694,3.635e-25
2892.068945,5.688e-26
2892.070638,5.857e-24
2892.077838,1.055e-23
2892.084506,1.892e-25
2892.10397,1.22e-25
2892.111354,1.267e-25
2892.115502,5.051e-24
2892.117743,2.333e-24
2892.120954,4.939e-24
2892.121216,2.284e-24
2892.131652,1.263e-25
2892.134375,8.495e-25
2892.137437,8.502e-25
2892.138059,2.217e-25
2892.142578,1.519e-24
2892.149124,9.08e-24
2892.170591,8.251e-23
2892.173447,4.06e-23
2892.175493,5.009e-24
2892.17684,1.055e-22
2892.179213,8.264e-25
2892.179553,6.749999999999999e-23
2892.18265,1.936e-23
2892.185146,3.935e-23
2892.19122,1.924e-24
2892.191232,1.885e-23
2892.195961,1.01e-22
2892.199592,1.356e-25
2892.228232,4.863e-24
2892.22902,8.696000000000001e-26
2892.231037,8.302e-25
2892.249757,8.980999999999999e-23
2892.251506,7.318e-23
2892.25522,1.289e-25
2892.258359,1.663e-24
2892.265671,5.217e-23
2892.275278,2.85e-25
2892.284191,5.766e-25
2892.292858,1.295e-23
2892.298825,1.969e-24
2892.318174,5.565e-21
2892.318763,6.065e-25
2892.318889,5.952e-21
2892.325976,4.676e-23
2892.337469,2.984e-24
2892.347774,1.383e-25
2892.352958,3.097e-23
2892.360982,9.855e-25
2892.379474,1.084e-23
2892.385292,1.2079999999999998e-22
2892.386256,1.058e-23
2892.387455,2.8589999999999998e-24
2892.392689,1.303e-25
2892.397239,3.695e-25
2892.405299,1.154e-22
2892.416671,2.883e-23
2892.419006,2.264e-25
2892.449272,1.551e-24
2892.457241,7.91e-23
2892.457728,2.086e-24
2892.463297,2.37e-25
2892.470022,2.042e-24
2892.475773,4.285e-23
2892.477431,1.216e-23
2892.478118,4.752e-23
2892.48329,1.078e-25
2892.483401,6.741e-23
2892.489356,2.451e-24
2892.48996,1.4030000000000002e-25
2892.490101,4.6e-23
2892.491877,5.0140000000000005e-25
2892.495904,2.912e-24
2892.500618,2.851e-24
2892.502782,4.844e-25
2892.514709,6.746e-23
2892.519598,1.503e-24
2892.523264,1.309e-25
2892.529392,6.987e-25
2892.531381,1.159e-23
2892.533612,2.371e-24
2892.537917,3.93e-23
2892.540077,5.218e-25
2892.540457,5.384e-24
2892.553133,2.309e-23
2892.558228,5.919e-23
2892.561839,2.246e-23
2892.563664,2.227e-25
2892.577162,6.193e-24
2892.5826,6.053e-24
2892.583743,1.3800000000000001e-22
2892.590371,6.438e-25
2892.590693,1.638e-21
2892.597313,2.104e-23
2892.600701,2.1740000000000003e-25
2892.604742,1.3159999999999998e-22
2892.614876,1.806e-21
2892.625703,1.415e-25
2892.636922,9.074e-26
2892.642558,4.0239999999999996e-24
2892.647252,1.308e-25
2892.650541,5.975e-24
2892.65483,1.987e-23
2892.65499,2.6619999999999998e-24
2892.657916,8.707e-25
2892.698445,5.745e-24
2892.701203,4.786e-21
2892.702489,1.2039999999999999e-24
2892.703342,5.144e-21
2892.703403,2.551e-24
2892.719826,1.717e-24
2892.719909,7.827e-25
2892.72802,5.907e-25
2892.72848,1.282e-23
2892.729953,1.337e-25
2892.733118,2.847e-24
2892.737967,6.02e-25
2892.743069,3.366e-25
2892.755392,1.4199999999999999e-25
2892.75947,7.614e-25
2892.764393,1.298e-25
2892.772184,1.5759999999999998e-22
2892.772575,5.546e-23
2892.784868,5.363e-23
2892.786159,2.736e-24
2892.794299,1.4979999999999998e-22
2892.79495,1.311e-23
2892.797256,8.154000000000001e-25
2892.799577,1.238e-24
2892.801783,1.279e-23
2892.803387,2.573e-24
2892.809821,9.719e-23
2892.816325,1.915e-24
2892.818858,8.223e-23
2892.856011,1.783e-25
2892.874788,1.278e-25
2892.878852,1.416e-25
2892.880583,6.746999999999999e-22
2892.881822,1.853e-24
2892.913297,2.744e-23
2892.922138,2.668e-23
2892.93532,2.659e-21
2892.941058,7.705e-22
2892.947634,2.9e-21
2892.950605,1.796e-22
2892.950881,7.967e-24
2892.951122,2.6e-24
2892.952131,1.17e-25
2892.969376,1.659e-25
2892.973986,1.703e-22
2892.974012,3.773e-21
2892.978272,1.248e-25
2892.979752,4.081e-21
2892.981143,1.21e-25
2892.981563,2.277e-24
2892.990046,2.074e-24
2892.996302,1.4020000000000002e-25
2893.007841,2.505e-24
2893.013176,5.438e-21
2893.014031,5.842e-21
2893.016038,1.436e-23
2893.017825,6.056e-23
2893.019687,2.37e-24
2893.024392,8.74e-26
2893.02564,7.569e-24
2893.031108,7.393e-24
2893.03127,7.889e-26
2893.042473,2.199e-24
2893.056822,6.453e-23
2893.059621,3.589e-24
2893.063329,3.511e-24
2893.066005,3.347e-23
2893.066063,5.477e-23
2893.068292,1.2e-23
2893.069455,6.232999999999999e-23
2893.074815,1.207e-25
2893.084134,2.314e-24
2893.097662,8.025e-26
2893.107714,1.379e-25
2893.109398,5.536e-25
2893.112569,1.58e-25
2893.118994,2.046e-22
2893.121079,3.129e-23
2893.125749,2.241e-24
2893.131902,2.351e-25
2893.133092,1.221e-23
2893.136859,1.029e-23
2893.143822,1.934e-22
2893.152071,8.624e-25
2893.157017,1.989e-25
2893.160119,1.65e-25
2893.164254,1.153e-25
2893.182293,1.166e-23
2893.187198,5.067e-25
2893.192185,1.943e-25
2893.192597,1.927e-24
2893.200008,1.579e-23
2893.202013,2.063e-25
2893.206898,1.54e-23
2893.208671,4.776e-23
2893.213245,1.345e-25
2893.232499,9.231e-23
2893.233791,5.267e-25
2893.242572,2.283e-24
2893.24644,1.0790000000000002e-25
2893.25227,8.037e-23
2893.252648,8.943e-25
2893.253806,6.210000000000001e-26
2893.260747,4.407e-23
2893.263144,3.252e-23
2893.272079,5.7989999999999996e-24
2893.272131,3.159e-23
2893.277332,2.331e-22
2893.278522,7.847999999999999e-23
2893.280515,2.18e-23
2893.293415,1.5e-23
2893.293477,7.161e-25
2893.303833,2.195e-22
2893.304992,1.974e-24
2893.312481,6.983e-23
2893.312967,1.3e-25
2893.315864,5.655e-21
2893.31641,6.075e-21
2893.316593,5.5839999999999996e-24
2893.321127,8.678000000000001e-26
2893.325659,1.118e-25
2893.330865,7.489e-23
2893.331005,6.9710000000000005e-25
2893.331882,2.064e-23
2893.335284,8.74e-25
2893.343869,7.223999999999999e-23
2893.351621,1.155e-25
2893.368832,6.157e-24
2893.372511,8.401000000000001e-26
2893.379364,5.386e-26
2893.387937,1e-25
2893.399606,6.012e-24
2893.407049,1.2440000000000002e-25
2893.422608,9.583e-25
2893.425597,2.655e-22
2893.428424,2.569e-25
2893.430449,9.775e-25
2893.446393,8.802000000000001e-26
2893.448356,4.44e-24
2893.452992,4.341e-24
2893.454053,2.49e-22
2893.465811,9.215e-24
2893.471279,8.997e-24
2893.490185,7.759e-26
2893.491028,2.992e-24
2893.495665,1.175e-25
2893.495667,7.656000000000001e-26
2893.51316,3.084e-25
2893.534418,6.418e-26
2893.536262,1.463e-21
2893.550598,5.65e-24
2893.560215,5.0510000000000005e-26
2893.563755,3.028e-22
2893.567221,1.634e-21
2893.579082,1.094e-25
2893.594529,2.826e-22
2893.594669,1.896e-23
2893.594706,8.667999999999999e-23
2893.60162,1.847e-23
2893.602675,3.841e-23
2893.608117,8.349e-23
2893.609657,1.652e-25
2893.611821,3.727e-23
2893.623079,2.894e-24
2893.630409,3.1839999999999998e-24
2893.641133,3.114e-24
2893.649313,3.205e-25
2893.657656,9.998e-26
2893.668731,6.681000000000001e-26
2893.669278,2.169e-24
2893.691761,3.459e-22
2893.700754,4.676e-21
2893.703576,5.055e-21
2893.708512,2.103e-24
2893.71498,9.706e-26
2893.725334,3.211e-22
2893.729316,1.062e-24
2893.731746,1.465e-23
2893.731922,8.908e-26
2893.742426,1.767e-25
2893.747584,1.102e-22
2893.752452,9.554e-23
2893.757869,6.766e-23
2893.767823,3.5399999999999995e-23
2893.775848,1.7280000000000002e-25
2893.778257,1.213e-23
2893.783693,5.0240000000000005e-25
2893.791676,4.325e-24
2893.794851,4.831999999999999e-22
2893.796439,1.177e-22
2893.797593,6.173e-23
2893.798318,1.018e-22
2893.802698,7.658e-26
2893.808303,1.132e-24
2893.809546,3.961e-22
2893.816119,3.322e-23
2893.823403,1.161e-23
2893.827468,5.215e-25
2893.846574,3.654e-22
2893.848349,1.001e-22
2893.849616,1.071e-25
2893.853829,8.776000000000001e-26
2893.858134,6.512e-25
2893.862207,9.625e-23
2893.865577,4.007e-25
2893.871338,6.219e-26
2893.878332,5.659e-22
2893.882906,4.991000000000001e-25
2893.8835,5.583e-24
2893.892797,2.489e-21
2893.893788,6.344e-25
2893.893811,1.118e-23
2893.899308,1.091e-23
2893.900676,1.128e-25
2893.908215,2.739e-21
2893.917,4.555e-22
2893.921787,7.542000000000001e-25
2893.925026,5.383e-24
2893.927997,1.217e-25
2893.930017,5.178e-23
2893.931892,4.522e-23
2893.939896,8.862e-24
2893.941211,4.385e-23
2893.943466,3.626e-21
2893.949018,8.285000000000001e-26
2893.950532,3.95e-21
2893.952902,2.225e-23
2893.958434,4.169e-22
2893.966022,5.436e-24
2893.969913,5.313e-24
2893.97456,4.803e-23
2893.978921,2.269e-23
2893.982891,4.1619999999999996e-24
2893.98594,2.209e-23
2893.989364,1.041e-22
2893.999193,2.112e-23
2894.005259,9.21e-23
2894.013945,5.268e-22
2894.021735,7.271e-24
2894.030791,8.8e-23
2894.049268,1.365e-23
2894.058328,7.921e-23
2894.061243,4.773999999999999e-22
2894.070942,7.038e-24
2894.078383,5.0220000000000005e-25
2894.091795,1.153e-22
2894.092679,7.703e-26
2894.106146,1.107e-22
2894.11739,1.162e-23
2894.129006,1.529e-25
2894.133051,1.5249999999999999e-24
2894.138993,1.557e-24
2894.169859,9.11e-26
2894.187609,1.911e-24
2894.220371,1.027e-25
2894.238068,9.274e-26
2894.244795,2.0199999999999998e-24
2894.250796,5.308e-23
2894.251697,1.6809999999999998e-23
2894.260303,5.142e-23
2894.266452,2.8120000000000003e-25
2894.270168,5.387e-21
2894.271348,5.821e-21
2894.271899,1.062e-25
2894.281872,1.96e-24
2894.289279,6.3050000000000005e-25
2894.300013,1.096e-25
2894.3052,1.959e-24
2894.310649,1.225e-22
2894.31173,8.94e-25
2894.312698,1.352e-23
2894.317424,1.08e-22
2894.317725,1.928e-25
2894.318204,1.318e-23
2894.31985,1.5620000000000002e-25
2894.321416,3.221e-24
2894.325045,1.324e-22
2894.33994,1.269e-22
2894.345949,9.157e-25
2894.347252,1.515e-25
2894.351635,1.527e-25
2894.352774,2.706e-23
2894.357345,6.668e-24
2894.359869,2.632e-23
2894.361922,6.5139999999999996e-24
2894.412977,1.193e-23
2894.41387,5.888e-25
2894.417278,8.951000000000001e-25
2894.439793,3.1169999999999998e-24
2894.447792,5.74e-25
2894.453204,5.555e-26
2894.454628,1.144e-23
2894.458611,3.68e-23
2894.469638,1.255e-21
2894.482961,1.275e-25
2894.484811,5.0120000000000005e-25
2894.484825,5.333e-24
2894.486297,7.359e-23
2894.493808,2.442e-25
2894.500369,7.926e-25
2894.501474,3.466e-23
2894.51026,1.423e-21
2894.519828,6.761999999999999e-23
2894.523701,5.148e-24
2894.524311,1.001e-25
2894.527466,5.196e-25
2894.548098,1.5189999999999997e-22
2894.548613,1.032e-25
2894.554258,5.9089999999999996e-24
2894.559387,6.211e-23
2894.563598,1.4529999999999998e-22
2894.5691,6.011e-23
2894.570839,5.5229999999999996e-24
2894.614569,2.244e-23
2894.628675,7.264000000000001e-26
2894.640115,5.497e-23
2894.64127,4.474e-25
2894.656613,2.135e-23
2894.656831,3.108e-25
2894.656943,4.5230000000000004e-21
2894.660236,4.922e-21
2894.678849,5.124e-23
2894.682499,7.557e-26
2894.688196,6.618000000000001e-25
2894.688234,2.589e-22
2894.694955,1.6679999999999998e-23
2894.714606,9.955e-25
2894.716224,3.217e-23
2894.720075,1.6289999999999998e-23
2894.720422,4.791e-24
2894.72099,5.687e-24
2894.723401,3.126e-23
2894.725612,1.588e-23
2894.729782,4.68e-24
2894.736988,1.582e-25
2894.746139,1.143e-22
2894.759112,1.025e-22
2894.760954,1.7389999999999998e-22
2894.771811,9.614e-23
2894.777128,1.66e-22
2894.794802,8.737e-23
2894.798413,7.011e-26
2894.806259,3.983e-25
2894.810453,3.154e-22
2894.810689,1.869e-24
2894.835663,8.111e-24
2894.839235,2.279e-21
2894.8397,7.919e-24
2894.845803,1.815e-24
2894.85068,1.002e-25
2894.853104,2.383e-24
2894.857366,2.435e-24
2894.857668,7.248e-23
2894.858836,2.5350000000000002e-21
2894.867604,7.006e-23
2894.889245,1.373e-25
2894.902478,3.434e-21
2894.911278,3.771e-21
2894.913623,8.699e-24
2894.915564,5.154e-26
2894.91949,1.343e-25
2894.927675,9.745e-24
2894.936295,1.243e-24
2894.941414,5.144e-25
2894.94149,8.475e-24
2894.960675,5.294000000000001e-25
2894.96361,1.987e-22
2894.979749,5.172e-21
2894.980539,1.892e-22
2894.980877,5.624e-21
2894.98269,1.965e-25
2894.986059,1.874e-23
2894.992989,5.164e-25
2895.004527,2.547e-25
2895.021751,1.555e-23
2895.03729,1.163e-23
2895.039519,4.881e-25
2895.061421,6.711e-25
2895.069276,3.811e-23
2895.070046,1.379e-25
2895.0759,1.117e-23
2895.07607,5.057e-24
2895.076543,3.701e-23
2895.079264,5.053e-25
2895.086568,5.736e-26
2895.091655,1.314e-23
2895.11258,4.888e-24
2895.117811,1.956e-23
2895.123368,1.905e-23
2895.138505,3.773e-23
2895.145638,8.433e-23
2895.146054,3.362e-24
2895.155819,8.141e-23
2895.156061,2.267e-22
2895.165127,8.865e-25
2895.172031,1.5279999999999999e-24
2895.17384,2.154e-22
2895.176222,1.876e-24
2895.176933,3.564e-23
2895.18137,6.424000000000001e-26
2895.203402,7.839999999999999e-23
2895.220358,2.445e-25
2895.223363,9.869e-24
2895.227898,9.63e-24
2895.232252,7.249999999999999e-23
2895.240786,1.959e-23
2895.250982,1.19e-24
2895.252842,3.2569999999999998e-24
2895.259524,5.388e-21
2895.260205,5.859e-21
2895.265586,2.238e-23
2895.269599,7.834000000000001e-25
2895.281721,1.325e-22
2895.284893,1.1859999999999998e-22
2895.287947,8.372999999999999e-24
2895.29884,1.406e-22
2895.299472,1.925e-24
2895.300876,1.257e-22
2895.30146,9.509e-26
2895.304032,2.135e-23
2895.308195,7.163e-24
2895.314087,8.271e-25
2895.316839,1.628e-24
2895.338302,2.585e-22
2895.339158,5.738e-23
2895.355,5.089e-24
2895.357046,2.448e-22
2895.359629,2.288e-24
2895.36696,1.718e-24
2895.372103,1.067e-25
2895.373303,5.371999999999999e-23
2895.374765,3.329e-24
2895.385893,7.123000000000001e-26
2895.386022,3.999e-25
2895.389536,1.008e-21
2895.40028,1.67e-24
2895.411928,4.501e-23
2895.416512,9.182e-25
2895.419295,4.367e-23
2895.423297,9.785e-23
2895.427908,5.817e-25
2895.43263,1.801e-24
2895.433748,9.435e-23
2895.436032,8.011000000000001e-26
2895.444655,1.168e-21
2895.45034,3.048e-25
2895.450566,1.2e-25
2895.455466,6.897e-24
2895.476752,1.231e-22
2895.478609,8.977000000000001e-25
2895.479361,1.175e-25
2895.488002,1.116e-22
2895.490446,6.344000000000001e-26
2895.498538,4.733e-25
2895.502074,1.029e-22
2895.504463,2.341e-23
2895.510056,2.278e-23
2895.510325,2.945e-22
2895.521708,9.431e-23
2895.529356,4.62e-25
2895.530169,2.78e-22
2895.576609,3.656e-24
2895.579408,3.74e-24
2895.608869,9.422e-26
2895.612517,4.336e-24
2895.628627,4.313e-21
2895.632872,4.731e-21
2895.636335,9.713e-26
2895.64083,1.351e-25
2895.651222,1.124e-23
2895.657244,4.762e-24
2895.6675,1.193e-23
2895.671652,1.163e-23
2895.672117,3.354e-22
2895.672486,1.911e-23
2895.67307,3.806e-25
2895.675675,8.843e-26
2895.679446,9.998e-26
2895.687169,1.081e-23
2895.690647,1.132e-22
2895.691632,4.608e-24
2895.693231,3.155e-22
2895.698101,8.751000000000001e-26
2895.701392,1.09e-22
2895.720762,9.01e-26
2895.722764,5.81e-24
2895.728481,2.296e-25
2895.733475,7.103e-24
2895.739347,1.039e-23
2895.741664,6.93e-24
2895.744183,5.3e-23
2895.75166,5.137e-23
2895.754804,4.813e-25
2895.767198,1.422e-22
2895.773047,1.287e-22
2895.774253,2.026e-21
2895.77721,6.722e-25
2895.77893,1.248e-25
2895.78497,1.002e-23
2895.793954,4.979000000000001e-25
2895.79973,2.286e-21
2895.807597,3.82e-23
2895.823662,3.82e-22
2895.842351,3.62e-23
2895.846255,3.579e-22
2895.850487,3.1950000000000002e-21
2895.861602,3.544e-21
2895.881141,2.792e-23
2895.886766,2.716e-23
2895.889089,4.767e-25
2895.906002,2.211e-23
2895.909374,8.216e-23
2895.911487,1.249e-25
2895.913608,1.571e-24
2895.918144,1.045e-23
2895.934585,7.639e-23
2895.94137,2.113e-23
2895.942595,5.574e-24
2895.945282,1.5279999999999999e-24
2895.947685,1.307e-22
2895.956006,1.098e-25
2895.958755,1.257e-22
2895.964782,3.428e-24
2895.964937,4.355999999999999e-22
2895.985857,1.774e-23
2895.989277,4.062e-22
2896.003771,1.044e-25
2896.027274,5.906e-23
2896.027447,4.209e-25
2896.031195,1.022e-25
2896.046815,1.4399999999999997e-23
2896.051325,1.4029999999999998e-23
2896.053962,8.125e-24
2896.056866,4.111e-25
2896.057721,5.550999999999999e-23
2896.061142,1.482e-23
2896.06164,3.323e-24
2896.06604,6.221e-23
2896.073638,6.024e-23
2896.095912,4.976e-22
2896.09908,5.9880000000000005e-25
2896.117644,3.568e-25
2896.122344,4.614e-22
2896.132009,1.5640000000000002e-25
2896.158417,1.8209999999999998e-24
2896.168817,2.198e-23
2896.169339,5.711e-26
2896.175654,5.132e-25
2896.179819,4.993e-21
2896.181587,5.473e-21
2896.185418,7.828e-24
2896.194413,1.506e-22
2896.205842,1.4449999999999998e-22
2896.208518,9.485e-26
2896.216538,5.698e-22
2896.218207,1.3049999999999998e-22
2896.221324,1.084e-22
2896.226995,1.362e-25
2896.227706,1.1929999999999998e-22
2896.228354,4.455e-24
2896.238411,1e-22
2896.24553,5.25e-22
2896.247002,3.32e-23
2896.25267,3.226e-23
2896.254794,1.079e-23
2896.257264,4.603e-25
2896.260828,4.316e-24
2896.287856,1.87e-24
2896.288392,1.039e-23
2896.293197,7.193999999999999e-22
2896.293286,4.755e-25
2896.297627,5.512e-24
2896.299173,5.646e-24
2896.303926,7.549000000000001e-25
2896.325872,1.215e-23
2896.326745,6.551999999999999e-22
2896.340834,1.963e-25
2896.350632,1.182e-23
2896.358951,5.99e-22
2896.371679,8.6e-22
2896.377501,7.279999999999999e-23
2896.385232,7.041999999999999e-23
2896.426418,7.576999999999999e-22
2896.427575,1.197e-25
2896.430828,1.73e-22
2896.439081,2.062e-25
2896.442654,1.6569999999999998e-22
2896.450629,1.428e-24
2896.460684,1.729e-23
2896.462806,6.86e-22
2896.46493,1.6839999999999998e-23
2896.465954,3.827e-23
2896.466027,9.055e-25
2896.471843,1.064e-23
2896.474561,1.124e-25
2896.480789,1.39e-24
2896.488767,1.692e-25
2896.497622,3.636e-23
2896.499593,1.219e-25
2896.50479,9.552e-25
2896.51536,8.832999999999999e-22
2896.52051,8.856e-25
2896.528278,5.461e-26
2896.535854,2.165e-23
2896.53775,2.471e-25
2896.547388,3.723e-25
2896.548815,9.032e-26
2896.55748,7.898e-22
2896.568561,2.073e-23
2896.569059,4.055e-21
2896.57423,4.491e-21
2896.57494,8.85e-26
2896.575498,3.638e-25
2896.602685,3.934e-23
2896.604335,8.493e-23
2896.608396,3.819e-23
2896.621468,2.19e-23
2896.626654,7.934e-23
2896.656929,1.984e-22
2896.658384,1.019e-23
2896.669197,1.897e-22
2896.674874,1.038e-23
2896.678566,8.494e-23
2896.682071,1.011e-23
2896.686442,8.207e-23
2896.697157,1.729e-21
2896.703232,1.213e-24
2896.704552,6.007e-23
2896.722496,3.1230000000000003e-25
2896.731266,1.987e-21
2896.731968,5.665e-23
2896.741473,2.103e-25
2896.756267,1.578e-22
2896.758493,1.44e-22
2896.765633,5.952000000000001e-25
2896.773277,1.491e-22
2896.775051,6.263000000000001e-25
2896.775566,1.361e-22
2896.777411,3.431e-24
2896.787586,2.907e-21
2896.789406,4.142e-24
2896.791859,8.827e-24
2896.80191,3.2660000000000002e-21
2896.809502,5.972e-26
2896.820146,4.016e-24
2896.828021,2.072e-23
2896.832522,2.016e-23
2896.835526,5.1190000000000005e-26
2896.837312,3.18e-25
2896.837586,6.789000000000001e-26
2896.844378,7.485000000000001e-26
2896.848022,1.028e-23
2896.865381,7.697000000000001e-26
2896.865681,3.328e-24
2896.872714,2.271e-22
2896.879532,9.911e-24
2896.88529,4.529e-25
2896.885476,2.166e-22
2896.894755,3.966e-25
2896.901417,1.546e-24
2896.905725,4.684e-21
2896.907302,5.182e-21
2896.910231,8.510999999999999e-24
2896.916301,2.473e-23
2896.917984,1.055e-23
2896.92044,1.365e-22
2896.929187,1.257e-22
2896.930299,1.127e-22
2896.942633,2.029e-23
2896.945387,1.046e-22
2896.947709,4.647e-23
2896.953474,4.507e-23
2896.969235,9.883e-23
2896.972727,8.2e-26
2896.977272,9.538e-23
2896.978022,1.29e-24
2896.985292,2.616e-25
2896.997638,4.497e-25
2896.999797,8.444000000000001e-26
2897.00678,1.257e-24
2897.010552,8.173e-24
2897.011037,8.382e-24
2897.028126,1.661e-23
2897.033651,4.642000000000001e-25
2897.054126,5.068e-25
2897.058347,3.276e-25
2897.07818,2.595e-22
2897.080637,7.440000000000001e-26
2897.085227,3.203e-25
2897.085653,7.776e-26
2897.091495,2.47e-22
2897.102439,1.973e-24
2897.110545,7.623e-26
2897.113622,3.797e-23
2897.134153,1.747e-24
2897.13689,1.847e-25
2897.137005,8.436000000000001e-26
2897.14267,3.616e-23
2897.147833,2.5900000000000002e-23
2897.155167,2.103e-23
2897.157429,1.008e-25
2897.163043,4.895e-21
2897.163853,5.414e-21
2897.173501,3.84e-22
2897.179548,1.5609999999999998e-22
2897.184997,1.436e-22
2897.185558,2.017e-23
2897.197284,5.165e-25
2897.200107,6.524e-25
2897.20942,1.459e-23
2897.214536,2.471e-23
2897.218861,2.403e-23
2897.22044,3.261e-25
2897.249507,1.147e-22
2897.257723,1.105e-22
2897.270391,1.795e-24
2897.273322,2.961e-22
2897.282434,5.472e-23
2897.287262,2.811e-22
2897.288256,5.302e-23
2897.288382,8.673999999999999e-23
2897.294081,4.829e-22
2897.308358,8.136999999999999e-23
2897.310931,2.51e-24
2897.326515,1.461e-23
2897.332053,8.476e-25
2897.340401,3.827e-24
2897.340763,9.273e-26
2897.368514,1.404e-23
2897.369563,3.714e-24
2897.37075,1.3979999999999998e-23
2897.371052,6.044e-23
2897.395948,5.718e-23
2897.426593,1.048e-25
2897.430914,9.722e-24
2897.434523,4.222e-25
2897.440238,1.851e-25
2897.447178,4.072e-25
2897.449119,1.114e-24
2897.458137,3.376e-22
2897.46056,9.388e-24
2897.467058,4.35e-25
2897.472785,3.195e-22
2897.49578,1.16e-24
2897.495799,8.807e-25
2897.514348,3.741e-21
2897.519383,1.3269999999999998e-22
2897.521066,4.192e-21
2897.522073,9.3e-24
2897.52324,1.131e-24
2897.527797,1.277e-22
2897.534224,3.145e-24
2897.543955,8.618e-25
2897.544529,2.831e-25
2897.546673,1.359e-25
2897.549469,1.496e-23
2897.55018,1.485e-24
2897.555838,1.4549999999999998e-23
2897.560309,2.868e-25
2897.567227,2.941e-23
2897.571094,5.685e-26
2897.571734,2.857e-23
2897.575716,2.528e-23
2897.583729,3.381e-24
2897.586031,2.8050000000000003e-25
2897.589801,1.157e-25
2897.606542,1.383e-21
2897.606595,6.423e-23
2897.608769,1.68e-23
2897.612484,6.218e-23
2897.614241,6.662e-26
2897.618744,4.007e-25
2897.62076,1.386e-25
2897.628082,1.157e-22
2897.629456,8.975e-24
2897.630474,1.6299999999999997e-23
2897.632617,3.845e-22
2897.633697,2.015e-24
2897.637959,6.533e-26
2897.641591,1.08e-22
2897.648073,3.628e-22
2897.649869,1.4089999999999998e-22
2897.654128,1.632e-21
2897.655927,1.638e-23
2897.657299,1.306e-22
2897.66451,3.283e-24
2897.66583,5.099999999999998e-25
2897.6975,2.7979999999999998e-24
2897.706417,1.302e-25
2897.709786,1.225e-23
2897.710183,1.192e-23
2897.713255,2.569e-21
2897.728859,9.451e-24
2897.732206,2.935e-21
2897.738408,4.005e-24
2897.750636,3.734e-23
2897.751535,5.9739999999999996e-24
2897.763962,2.026e-23
2897.777437,3.564e-23
2897.778862,1.532e-22
2897.784892,3.763e-24
2897.787494,1.4719999999999998e-22
2897.792319,1.947e-23
2897.796752,4.379e-22
2897.813141,4.116e-22
2897.822315,1.6490000000000002e-25
2897.827662,1.444e-25
2897.827911,9.013e-26
2897.876796,6.406e-25
2897.88134,3.515e-24
2897.893102,2.326e-23
2897.909059,3.415e-24
2897.920384,7.517e-23
2897.926347,7.269e-23
2897.928512,3.485e-23
2897.93291,3.383e-23
2897.936442,1.776e-23
2897.93976,8.713e-24
2897.950533,4.989e-22
2897.959584,6.267e-26
2897.96157,8.766e-23
2897.968005,4.67e-22
2897.972171,1.688e-25
2897.976556,1.617e-25
2897.978879,6.436000000000001e-26
2897.979617,8.254e-23
2897.996371,1.831e-23
2898.003478,9.137e-24
2898.003899,1.037e-24
2898.01329,5.681e-26
2898.026818,6.024e-23
2898.027944,1.7639999999999997e-22
2898.030151,1.011e-24
2898.031451,8.833e-24
2898.036819,1.692e-22
2898.04456,2.922e-23
2898.046982,4.378e-21
2898.049592,5.715e-23
2898.049595,4.899e-21
2898.05326,2.4970000000000003e-25
2898.054238,1.806e-25
2898.077887,2.444e-25
2898.078065,1.704e-23
2898.080583,8.078e-25
2898.093941,5.688e-22
2898.103385,1.656e-24
2898.112688,5.299e-22
2898.130652,5.0460000000000005e-26
2898.134535,5.679000000000001e-26
2898.157133,5.571000000000001e-26
2898.167999,1.689e-22
2898.17045,1.5639999999999998e-22
2898.181315,1.336e-23
2898.190506,4.828e-25
2898.213908,4.112e-25
2898.21809,4.59e-25
2898.222146,1.595e-22
2898.223661,8.771999999999999e-23
2898.223912,1.477e-22
2898.226955,6.496999999999999e-22
2898.22972,8.471999999999999e-23
2898.237101,2.01e-25
2898.240945,2.517e-25
2898.244721,9.572e-24
2898.247132,1.701e-24
2898.247149,4.216e-25
2898.247224,6.017999999999999e-22
2898.264611,4.12e-23
2898.266627,2.027e-22
2898.269141,3.996e-23
2898.2694,2.265e-25
2898.275773,1.941e-22
2898.277841,1.023e-24
2898.296317,3.543e-25
2898.316171,1.176e-22
2898.320676,1.443e-22
2898.322729,7.068000000000001e-26
2898.327928,1.344e-22
2898.328376,1.102e-22
2898.342757,9.247e-24
2898.349544,7.441e-22
2898.361618,2.126e-23
2898.362251,1.939e-23
2898.367304,2.065e-23
2898.37166,6.847999999999999e-22
2898.374694,7.016e-26
2898.37702,3.643e-23
2898.383512,3.288e-24
2898.388812,1.866e-23
2898.390665,1.761e-23
2898.391786,1.713e-23
2898.397133,1.275e-23
2898.401626,7.217000000000001e-26
2898.401876,3.484e-23
2898.410873,7.024e-26
2898.412222,3.2099999999999997e-24
2898.417081,6.2e-26
2898.437074,3.375e-21
2898.438617,3.1209999999999998e-24
2898.445725,3.841e-21
2898.457718,3.195e-24
2898.461659,8.556e-22
2898.469419,1.303e-24
2898.472996,2.847e-25
2898.486069,7.812e-22
2898.4863,8.031000000000001e-26
2898.488162,2.5010000000000003e-25
2898.494909,2.325e-22
2898.495694,1.469e-25
2898.499141,9.832e-22
2898.502373,9.219e-25
2898.504359,2.222e-22
2898.506855,8.464e-25
2898.510422,2.93e-23
2898.516526,1.0209999999999998e-22
2898.522664,9.847e-23
2898.527497,8.999000000000001e-25
2898.537184,2.1640000000000003e-25
2898.539262,5.737000000000001e-26
2898.547591,1.641e-22
2898.549724,8.289e-25
2898.552895,1.5279999999999998e-22
2898.560775,2.119e-25
2898.563229,9.894e-22
2898.565719,8.533e-24
2898.568594,3.759e-25
2898.56971,1.206e-21
2898.572372,4.011e-25
2898.590573,8.947999999999998e-22
2898.592182,8.258999999999999e-24
2898.597786,3.874e-25
2898.602184,4.852e-23
2898.606653,4.701e-23
2898.622108,8.788000000000001e-26
2898.623967,8.774999999999999e-23
2898.62693,2.178e-21
2898.640406,8.291e-23
2898.652936,2.545e-21
2898.653507,2.024e-23
2898.654134,1.153e-21
2898.65645,1.669e-24
2898.659314,1.536e-25
2898.664837,3.592e-25
2898.671882,5.952e-23
2898.685389,1.0300000000000001e-21
2898.692658,7.725000000000001e-26
2898.692851,5.660999999999999e-23
2898.71279,2.661e-22
2898.722579,2.537e-22
2898.729868,3.116e-25
2898.734155,1.359e-21
2898.735459,1.5660000000000002e-25
2898.766651,2.297e-23
2898.770967,1.195e-21
2898.779336,1.943e-23
2898.781776,2.028e-23
2898.785446,2.225e-23
2898.790867,3.973e-21
2898.79328,4.511e-21
2898.798906,1.184e-22
2898.805151,1.1409999999999998e-22
2898.807243,3.341e-23
2898.820124,1.94e-23
2898.839287,2.667e-23
2898.840483,2.1499999999999998e-24
2898.844692,4.553e-25
2898.9114,1.092e-25
2898.920267,3.04e-22
2898.920299,5.698e-23
2898.924838,2.236e-25
2898.924868,5.515e-23
2898.925757,2.45e-23
2898.930439,2.892e-22
2898.933044,2.916e-24
2898.950044,1.843e-23
2898.957369,9.624e-26
2898.958221,2.836e-24
2898.959864,9.671e-24
2898.962374,3.89e-25
2898.972622,1.926e-23
2898.975009,1.7749999999999998e-23
2898.991193,8.156000000000001e-25
2898.992506,1.184e-22
2898.992792,3.527e-23
2899.003666,1.114e-22
2899.012065,1.866e-25
2899.012275,5.804e-25
2899.014391,3.511e-23
2899.015263,7.965e-25
2899.015952,3.379e-23
2899.019682,3.1360000000000003e-25
2899.023704,2.787e-24
2899.026226,4.178e-21
2899.027164,4.740000000000001e-21
2899.030294,8.664e-26
2899.034673,1.828e-25
2899.039199,5.14e-26
2899.041869,1.458e-22
2899.047926,1.365e-22
2899.049416,2.497e-23
2899.049866,9.351e-24
2899.051121,2.423e-23
2899.056703,5.272000000000001e-26
2899.066051,1.548e-24
2899.070851,1.3709999999999998e-22
2899.077214,1.3189999999999998e-22
2899.106322,2.337e-23
2899.115174,2.981e-23
2899.117336,3.47e-22
2899.117638,7.921e-24
2899.120308,2.891e-23
2899.127941,3.292e-22
2899.132829,7.134000000000001e-26
2899.142732,7.673999999999999e-24
2899.157248,1.306e-25
2899.167228,7.451e-25
2899.176533,3.162e-24
2899.185869,4.867e-25
2899.190696,1.358e-25
2899.209321,3.63e-24
2899.211129,1.2e-25
2899.218128,1.588e-24
2899.222817,7.711e-26
2899.235215,6.669999999999999e-23
2899.239763,6.449e-23
2899.24493,3.075e-24
2899.275588,8.708e-23
2899.280346,5.106e-26
2899.290669,8.251999999999999e-23
2899.303994,3.955e-22
2899.306266,5.833e-23
2899.30909,9.646e-25
2899.315093,3.741e-22
2899.325684,5.561e-23
2899.332324,1.5829999999999998e-22
2899.338822,1.52e-22
2899.356875,2.955e-21
2899.361006,2.21e-23
2899.365373,5.215999999999999e-22
2899.368628,3.432e-21
2899.400586,6.107e-25
2899.402268,4.729e-24
2899.404605,3.63e-25
2899.435251,3.737e-25
2899.437266,1.262e-24
2899.443803,2.633e-24
2899.444904,3.429e-23
2899.453897,1.499e-25
2899.460017,1.688e-25
2899.467855,2.563e-24
2899.470354,7.177e-25
2899.473925,2.123e-23
2899.477887,1.601e-25
2899.480236,4.505999999999999e-22
2899.481267,6.847999999999999e-22
2899.491899,4.248e-22
2899.493433,7.014e-25
2899.499559,1.569e-25
2899.500015,8.051e-25
2899.508446,7.898000000000001e-26
2899.527111,1.732e-21
2899.527349,1.74e-23
2899.533303,1.74e-22
2899.534369,7.786e-23
2899.536016,1.6269999999999998e-22
2899.538454,7.89e-25
2899.538999,7.518999999999999e-23
2899.550887,1.678e-23
2899.550965,1.673e-24
2899.559744,3.751e-25
2899.564702,2.0900000000000002e-21
2899.583347,1.823e-22
2899.583939,6.355e-26
2899.589996,1.748e-22
2899.597966,3.39e-23
2899.599121,1.983e-25
2899.606811,7.692e-25
2899.610663,6.083e-24
2899.619635,3.254e-23
2899.627118,3.562e-25
2899.628099,1.64e-22
2899.629533,1.5349999999999998e-22
2899.646056,5.130999999999999e-22
2899.649119,2.254e-24
2899.656358,3.268e-25
2899.657408,3.37e-23
2899.65837,4.818999999999999e-22
2899.659237,7.309e-24
2899.660054,1.1819999999999998e-22
2899.662068,2.773e-25
2899.667533,9.622e-24
2899.670301,1.1149999999999998e-22
2899.677453,1.467e-22
2899.682285,3.489e-23
2899.68235,3.361e-25
2899.683084,7.088e-24
2899.683752,1.3789999999999998e-22
2899.684456,3.38e-23
2899.685583,1.877e-25
2899.719447,2.101e-25
2899.730235,3.101e-24
2899.738734,2.9830000000000003e-25
2899.741533,3.015e-23
2899.75056,9.312e-24
2899.758898,9.501e-26
2899.765508,1.7240000000000002e-25
2899.767683,6.318000000000001e-26
2899.777779,5.406e-26
2899.78447,3.044e-23
2899.792168,4.381e-24
2899.801445,5.844999999999999e-22
2899.804822,3.111e-23
2899.804907,9.73e-25
2899.807218,1.158e-25
2899.811877,3.215e-23
2899.813489,4.127e-23
2899.814516,5.467e-22
2899.818186,3.994e-23
2899.819247,1.627e-23
2899.820905,3.005e-23
2899.823904,2.095e-22
2899.827344,9.061e-23
2899.827636,5.92e-26
2899.830724,2.005e-22
2899.831685,6.412e-24
2899.831984,8.739e-23
2899.84365,9.855e-24
2899.843884,1.76e-25
2899.849195,7.438e-24
2899.854696,6.084000000000001e-26
2899.871162,1.663e-22
2899.871347,3.548e-21
2899.87542,4.105e-21
2899.876462,1.562e-22
2899.87679,1.275e-25
2899.87971,4.015e-23
2899.881549,7.909e-26
2899.902579,3.1260000000000003e-25
2899.904654,1.424e-25
2899.90611,2.36e-25
2899.916511,8.572e-23
2899.929988,5.673e-23
2899.930434,8.145e-23
2899.934633,1.367e-25
2899.939846,6.284000000000001e-25
2899.944495,2.365e-24
2899.946392,6.665e-22
2899.948061,5.42e-23
2899.955412,1.3399999999999999e-25
2899.960354,6.203e-22
2899.961994,6.144e-25
2899.962564,3.009e-24
2899.967505,2.304e-24
2899.969045,2.616e-25
2899.970535,1.7e-23
2899.995336,1.237e-24
2899.997923,6.562000000000001e-26
2900.011184,7.943000000000001e-26
2900.022073,1.425e-24
2900.025802,2.9279999999999998e-24
2900.052457,6.728000000000001e-26
2900.054001,2.402e-22
2900.059205,2.3400000000000003e-23
2900.061019,2.294e-22
2900.080882,7.612999999999999e-22
2900.091769,6.965000000000001e-26
2900.094168,1.6319999999999998e-23
2900.095904,7.044999999999999e-22
2900.100623,5.208e-26
2900.103979,2.78e-23
2900.106867,1.052e-22
2900.111581,1.013e-22
2900.115375,2.998e-25
2900.116424,1.5769999999999998e-23
2900.138658,2.645e-23
2900.161393,2.251e-23
2900.165991,9.809e-26
2900.178695,1.583e-24
2900.18323,1.3999999999999999e-24
2900.190513,6.706e-24
2900.192549,3.236e-23
2900.204893,8.718999999999999e-22
2900.208909,3.263e-25
2900.2129,3.111e-23
2900.213222,6.5099999999999996e-24
2900.221197,8.014999999999999e-22
2900.259285,2.4820000000000002e-21
2900.260146,1.756e-25
2900.27363,2.7489999999999995e-22
2900.275802,2.964e-21
2900.280883,2.62e-22
2900.286018,4.811e-23
2900.288555,4.651e-23
2900.313474,4.386e-25
2900.31478,1.17e-22
2900.317959,1.386e-25
2900.318396,1.0030000000000001e-21
2900.318811,8.375e-26
2900.324307,1.1079999999999998e-22
2900.33628,9.143e-22
2900.355781,2.04e-24
2900.360301,7.645e-25
2900.367525,4.048e-23
2900.36773,9.448e-24
2900.377393,4.116e-23
2900.378369,1.217e-22
2900.379827,2.451e-25
2900.381568,2.878e-23
2900.382287,1.1620000000000002e-25
2900.38312,1.1709999999999998e-22
2900.39101,5.579000000000001e-26
2900.394784,1.4569999999999998e-22
2900.399662,5.475e-25
2900.399846,1.374e-22
2900.402212,1.139e-25
2900.410088,1.2230000000000001e-21
2900.420931,5.356e-25
2900.421344,1.159e-21
2900.435116,2.114e-24
2900.439138,4.079e-25
2900.441225,1.047e-21
2900.442678,1.22e-25
2900.444654,9.152e-24
2900.445706,1.024e-25
2900.457156,2.061e-24
2900.459431,5.643999999999999e-23
2900.463789,5.449e-23
2900.468975,1.5530000000000001e-21
2900.475941,7.586000000000001e-25
2900.482793,3.1419999999999995e-22
2900.490545,2.98e-22
2900.499396,4.476e-25
2900.510669,7.442e-25
2900.511826,3.93e-23
2900.513665,1.351e-21
2900.527667,2.651e-24
2900.536157,1.206e-21
2900.540857,1.631e-25
2900.543058,5.478e-23
2900.546703,8.373999999999999e-23
2900.55963,7.977e-23
2900.559959,5.245e-23
2900.570629,3.1480000000000003e-25
2900.572809,1.043e-25
2900.592502,2.732e-23
2900.595234,1.593e-21
2900.598992,3.236e-25
2900.621311,1.4e-21
2900.634632,3.0500000000000004e-21
2900.637808,1.406e-22
2900.638923,3.6200000000000004e-21
2900.64264,1.35e-22
2900.650504,1.522e-23
2900.659864,5.112e-25
2900.660125,4.725e-23
2900.665816,1.907e-21
2900.671603,1.472e-23
2900.673954,5.814e-25
2900.681483,3.585e-22
2900.689154,3.4000000000000003e-22
2900.694439,2.769e-25
2900.695855,3.477e-24
2900.697215,1.6400000000000004e-21
2900.707639,1.518e-25
2900.711465,6.119e-24
2900.7173,2.842e-25
2900.729407,4.171e-23
2900.73313,5.944e-24
2900.735067,3.379e-23
2900.741379,2.837e-24
2900.742892,1.749e-25
2900.74301,4.019e-23
2900.748285,2.422e-23
2900.767332,9.388e-26
2900.776548,3.069e-23
2900.778979,7.864e-26
2900.795728,2.955e-23
2900.800012,2.763e-24
2900.817324,1.301e-25
2900.820832,9.824e-26
2900.836487,7.489e-25
2900.839939,9.64e-26
2900.840234,5.001e-23
2900.841432,2.332e-23
2900.848816,3.251e-21
2900.849793,4.746e-25
2900.849884,3.851e-21
2900.851451,1.734e-22
2900.854464,1.6339999999999997e-22
2900.855011,9.927e-26
2900.857838,6.550999999999999e-23
2900.860663,6.316999999999999e-23
2900.862508,4.605e-24
2900.865283,1.926e-25
2900.869698,4.088e-22
2900.870231,4.645000000000001e-25
2900.87124,6.426e-25
2900.871837,5.732000000000001e-26
2900.877721,3.864e-22
2900.882065,2.92e-25
2900.888131,1.619e-22
2900.893025,1.552e-22
2900.913139,1.552e-25
2900.91566,1.879e-24
2900.936795,1.833e-24
2900.945924,1.965e-25
2900.962185,1.1489999999999998e-22
2900.963833,1.89e-25
2900.971029,1.091e-22
2900.971348,1.291e-24
2900.983045,2.1650000000000003e-25
2900.986702,9.693e-25
2900.990661,1.443e-22
2900.990842,1.63e-22
2900.992059,1.537e-22
2900.992631,2.766e-25
2900.99633,1.366e-22
2901.030884,6.156e-24
2901.047434,4.656999999999999e-22
2901.05019,1.624e-25
2901.05541,7.629e-23
2901.055833,4.386999999999999e-22
2901.059517,7.347e-23
2901.060439,9.17e-24
2901.072932,9.034e-26
2901.073288,7.183e-26
2901.073465,8.111e-25
2901.086409,4.706e-23
2901.101364,2.082e-25
2901.117928,2.1660000000000003e-25
2901.1242,1.2649999999999999e-24
2901.127193,1.86e-22
2901.128775,5.287e-23
2901.131982,8.892e-24
2901.132181,1.78e-22
2901.143379,1.353e-24
2901.145488,5.254e-23
2901.150072,1.633e-22
2901.152249,1.952e-21
2901.155458,1.5449999999999997e-22
2901.161357,5.039e-23
2901.166285,8.123e-23
2901.177291,2.431e-21
2901.178345,7.754e-23
2901.187875,2.434e-25
2901.196358,1.4109999999999998e-23
2901.20502,4.499e-23
2901.206172,8.274e-24
2901.209183,2.356e-25
2901.214684,5.303e-22
2901.216408,1.366e-23
2901.22209,5.552e-24
2901.223513,4.977999999999999e-22
2901.242793,5.398e-24
2901.248454,1.671e-24
2901.25025,8.269e-26
2901.262785,6.408999999999999e-22
2901.266779,1.029e-24
2901.268572,8.117000000000001e-26
2901.27285,2.032e-25
2901.289462,4.832e-23
2901.29023,4.095e-25
2901.291446,8.79e-26
2901.292234,3.776e-23
2901.302282,5.015e-23
2901.309879,4.009e-25
2901.318734,2.5040000000000003e-25
2901.323236,3.569e-23
2901.324024,5.94e-26
2901.349968,2.893e-23
2901.356509,2.134e-22
2901.358754,2.24e-24
2901.361589,2.037e-22
2901.368099,2.789e-23
2901.369473,8.957999999999999e-22
2901.371443,6.042e-22
2901.373569,5.0790000000000007e-26
2901.377627,6.032000000000001e-26
2901.380771,5.646999999999999e-22
2901.386121,1.661e-24
2901.395419,8.815999999999999e-23
2901.397298,1.103e-23
2901.398469,8.477999999999999e-23
2901.40641,1.622e-24
2901.41626,8.886e-26
2901.423044,5.525e-26
2901.428372,2.461e-23
2901.435168,7.086e-25
2901.445248,2.94e-25
2901.451496,1.312e-24
2901.454121,3.059e-24
2901.466805,6.9610000000000005e-25
2901.484175,2.549e-25
2901.507614,5.674000000000001e-26
2901.512756,2.653e-24
2901.51381,2.372e-23
2901.517702,6.89e-22
2901.527617,6.406999999999999e-22
2901.528394,7.58e-26
2901.528921,1.263e-25
2901.533163,4.279e-24
2901.540373,5.219e-23
2901.544965,6.347e-26
2901.547176,5.542e-23
2901.551367,1.369e-25
2901.552099,1.91e-25
2901.558555,5.322999999999999e-23
2901.567263,2.585e-24
2901.575003,2.442e-22
2901.580201,2.327e-22
2901.582458,7.527e-26
2901.593822,6.1729999999999996e-24
2901.594986,1.121e-22
2901.603321,1.0669999999999998e-22
2901.603416,1.02e-22
2901.60735,9.794e-23
2901.610999,1.331e-25
2901.620932,2.58e-23
2901.621498,1.394e-23
2901.628014,1.686e-24
2901.628308,1.111e-25
2901.632904,9.285e-24
2901.645129,1.4809999999999998e-23
2901.651942,2.518e-21
2901.653451,7.87e-22
2901.65939,3.101e-21
2901.664062,7.276e-22
2901.670524,6.927000000000001e-26
2901.671029,3.678e-25
2901.676429,5.889999999999999e-23
2901.679111,2.286e-25
2901.684805,3.207e-25
2901.68809,6.802e-26
2901.688886,7.95e-26
2901.698875,2.3430000000000003e-25
2901.700103,1.908e-25
2901.705293,3.276e-23
2901.709087,1.4100000000000001e-22
2901.713344,2.6670000000000003e-25
2901.713375,1.3379999999999998e-22
2901.720964,3.515e-25
2901.722384,5.0109999999999996e-24
2901.731728,1.3e-23
2901.737282,5.007e-23
2901.739654,2.739e-25
2901.739863,3.4430000000000004e-25
2901.7422,4.875e-24
2901.745629,8.809999999999999e-24
2901.750822,1.26e-23
2901.752238,4.8100000000000006e-23
2901.775149,7.824999999999999e-23
2901.778674,9.014e-22
2901.783406,2.791e-22
2901.784906,5.157e-23
2901.786454,7.485e-23
2901.788731,2.653e-22
2901.790127,8.277999999999999e-22
2901.796865,2.183e-24
2901.812399,8.549999999999999e-24
2901.838975,3.333e-25
2901.846492,1.4619999999999999e-24
2901.862262,7.286e-23
2901.865989,1.428e-24
2901.871658,9.368e-26
2901.874144,4.053e-25
2901.887332,4.614e-25
2901.890742,4.937e-23
2901.893352,1.037e-21
2901.896841,1.1739999999999998e-22
2901.900074,1.125e-22
2901.905838,9.443e-22
2901.909256,3.1360000000000003e-25
2901.912809,2.71e-23
2901.913742,1.149e-24
2901.925257,1.379e-25
2901.929999,2.616e-23
2901.958662,2.136e-25
2901.958759,2.856e-24
2901.978691,3.392e-25
2901.981211,3.185e-22
2901.98669,3.019e-22
2901.997455,1.199e-21
2902.008775,6.914e-23
2902.011237,1.081e-21
2902.026148,1.359e-21
2902.041721,2.1810000000000003e-25
2902.052391,5.148e-25
2902.068492,1.8160000000000002e-21
2902.076112,1.171e-25
2902.081637,5.776e-26
2902.090941,1.397e-21
2902.091927,3.569e-25
2902.093757,5.807e-25
2902.097678,1.2e-24
2902.098475,5.673e-26
2902.098489,3.169e-24
2902.098825,4.861e-24
2902.099556,2.462e-23
2902.105059,1.351e-22
2902.106394,1.246e-21
2902.108889,1.292e-22
2902.114679,3.778e-24
2902.1148,7.027e-25
2902.12175,1.677e-22
2902.122626,4.99e-24
2902.124363,3.242e-24
2902.125103,1.5909999999999998e-22
2902.137836,1.7250000000000002e-25
2902.141985,3.003e-25
2902.148447,7.307e-24
2902.148839,2.023e-24
2902.156797,2.269e-25
2902.16017,2.943e-25
2902.168744,3.631e-22
2902.169381,7.515e-24
2902.173738,1.647e-21
2902.174397,3.431e-22
2902.178353,2.376e-23
2902.18385,1.205e-25
2902.191435,1.4460000000000001e-21
2902.210575,5.773999999999999e-23
2902.212343,4.498e-24
2902.214377,1.371e-24
2902.219175,6.579000000000001e-25
2902.222743,1.0849999999999998e-22
2902.230549,1.035e-22
2902.231336,4.38e-24
2902.244925,1.077e-23
2902.245702,6.874000000000001e-26
2902.245719,1.972e-21
2902.25032,1.2649999999999999e-24
2902.256611,1.192e-23
2902.25946,1.681e-25
2902.260139,1.3800000000000001e-22
2902.261069,7.164000000000001e-26
2902.262905,1.11e-23
2902.265339,7.303e-23
2902.265385,1.313e-22
2902.266026,5.065e-24
2902.26661,1.696e-21
2902.266883,9.669e-26
2902.273221,6.291000000000001e-26
2902.274765,6.988e-23
2902.274834,1.156e-23
2902.27648,2.461e-24
2902.28274,1.622e-25
2902.288121,1.291e-24
2902.290751,7.34e-25
2902.293835,6.978000000000001e-26
2902.296767,1.28e-24
2902.306631,2.414e-21
2902.310039,1.573e-22
2902.311118,1.492e-22
2902.314422,2.142e-25
2902.314961,5.803e-23
2902.315518,1.251e-24
2902.318446,4.741e-23
2902.327024,1.462e-25
2902.327274,2.4e-24
2902.332543,2.015e-21
2902.33259,4.561e-23
2902.336949,1.958e-25
2902.345782,4.137e-22
2902.345876,5.095e-23
2902.347883,1.518e-25
2902.351642,3.896e-22
2902.359787,1.703e-25
2902.360555,1.548e-22
2902.363948,1.478e-22
2902.371193,1.02e-25
2902.3732,4.775e-23
2902.373506,7.489e-23
2902.374434,8.473e-25
2902.378132,6.564000000000001e-25
2902.384129,1.56e-22
2902.384144,7.177e-23
2902.38477,1.557e-23
2902.389661,1.4829999999999998e-22
2902.39748,2.15e-25
2902.399874,1.608e-23
2902.402514,7.736e-25
2902.40723,6.461e-25
2902.41487,6.891e-24
2902.423259,8.386e-24
2902.428163,1.888e-25
2902.434818,1.9290000000000002e-21
2902.442608,7.905000000000001e-25
2902.444975,2.519e-21
2902.465073,2.524e-23
2902.473187,5.484e-23
2902.478248,9.327e-25
2902.478921,7.333e-23
2902.481412,2.439e-23
2902.485769,8.144999999999999e-24
2902.512455,4.711999999999999e-22
2902.517831,1.101e-24
2902.518555,4.42e-22
2902.520049,5.47e-23
2902.523639,1.835e-25
2902.553283,2.554e-25
2902.561609,1.774e-22
2902.563451,2.211e-23
2902.564431,9.525e-24
2902.565402,1.69e-22
2902.568519,5.256e-23
2902.570786,2.5040000000000003e-25
2902.575835,2.287e-23
2902.583362,8.921e-23
2902.603372,2.697e-25
2902.60424,4.627e-25
2902.606357,1.84e-25
2902.623029,1.885e-25
2902.625079,7.928999999999999e-23
2902.630498,2.141e-21
2902.6317,2.775e-21
2902.647378,4.726e-25
2902.649085,1.448e-24
2902.656576,1.193e-24
2902.668671,5.367999999999999e-22
2902.675056,5.014e-22
2902.691961,4.017e-24
2902.692527,4.314e-25
2902.709561,8.476e-23
2902.71019,3.914e-24
2902.720043,1.334e-23
2902.736938,1.115e-24
2902.742233,2.306e-25
2902.754987,1.09e-24
2902.761897,2.432e-23
2902.767727,1.931e-24
2902.771007,1.087e-23
2902.775477,3.083e-23
2902.785336,2.027e-22
2902.785343,3.198e-23
2902.788428,1.055e-23
2902.788884,1.926e-22
2902.79905,1.059e-25
2902.814473,6.120999999999999e-22
2902.818096,4.131e-25
2902.821196,5.688e-22
2902.825896,1.536e-24
2902.831986,3.382e-25
2902.833118,1.044e-22
2902.834308,2.212e-25
2902.834922,2.349e-23
2902.840572,9.986e-23
2902.849076,1.002e-24
2902.853661,2.704e-25
2902.858783,2.268e-25
2902.860027,4.825e-25
2902.866416,6.910999999999999e-22
2902.873172,2.621e-24
2902.887628,6.108e-26
2902.888981,4.462e-23
2902.891321,9.554e-23
2902.891397,1.872e-23
2902.893099,9.819e-26
2902.89729,1.492e-25
2902.899068,9.102e-23
2902.899992,2.761e-25
2902.902397,4.299e-23
2902.90321,4.784e-25
2902.925685,2.913e-25
2902.949821,6.992e-22
2902.954848,2.1610000000000003e-25
2902.956666,1.071e-21
2902.956952,6.46e-22
2902.961125,7.122999999999999e-23
2902.964568,3.635e-24
2902.971175,6.838e-23
2902.971699,2.12e-25
2902.974044,2.314e-22
2902.977867,2.193e-22
2902.97826,6.671000000000001e-26
2902.981158,1.475e-25
2902.985144,1.3269999999999998e-22
2902.986584,1.997e-24
2902.988793,1.266e-22
2903.006758,2.337e-23
2903.014537,4.231e-23
2903.022118,4.401e-23
2903.022327,2.261e-23
2903.026226,4.266e-25
2903.028879,2.006e-25
2903.032343,2.266e-24
2903.035952,7.599000000000001e-26
2903.040686,5.185e-24
2903.045665,2.356e-25
2903.046685,1.047e-24
2903.048562,8.509e-23
2903.068411,1.0669999999999998e-22
2903.074712,8.006999999999999e-22
2903.079786,2.2109999999999998e-24
2903.082347,7.348e-22
2903.09328,7.914e-24
2903.098801,2.485e-23
2903.099654,7.673999999999999e-24
2903.100668,1.932e-25
2903.101416,2.099e-25
2903.105031,7.997000000000001e-26
2903.115943,3.694e-25
2903.129728,3.728e-23
2903.131231,2.406e-25
2903.138456,1.194e-23
2903.139046,2.626e-24
2903.147285,6.439e-23
2903.148362,1.543e-25
2903.151461,5.699e-23
2903.151859,1.996e-23
2903.151969,7.693e-24
2903.161233,3.5689999999999996e-24
2903.166999,9.667e-25
2903.170233,2.638e-22
2903.173953,2.492e-22
2903.178749,3.48e-24
2903.184383,9.457e-25
2903.189161,9.209e-22
2903.197387,8.381999999999999e-22
2903.197898,1.574e-25
2903.228242,5.396e-25
2903.233721,1.005e-22
2903.238026,5.47e-23
2903.25898,8.413e-26
2903.264418,6.867e-23
2903.269601,2.716e-25
2903.271295,6.968000000000001e-26
2903.273689,5.717e-23
2903.274909,9.851e-24
2903.279239,5.966999999999999e-23
2903.282483,4.716e-25
2903.282889,1.82e-25
2903.283886,3.514e-24
2903.288071,6.362999999999999e-23
2903.291595,9.573e-24
2903.292873,1.023e-22
2903.293107,1.065e-21
2903.302098,9.598e-22
2903.30518,6.031e-25
2903.332254,5.954000000000001e-25
2903.343091,3.006e-22
2903.343575,1.58e-22
2903.346671,1.82e-25
2903.347021,2.83e-22
2903.347305,1.506e-22
2903.362896,1.786e-25
2903.382388,1.292e-21
2903.383331,1.754e-25
2903.386542,1.2410000000000001e-21
2903.396513,1.105e-21
2903.40329,9.735e-23
2903.403461,1.88e-21
2903.407629,6.87e-25
2903.411859,9.277e-26
2903.415437,2.374e-23
2903.42198,4.713e-24
2903.427669,1.553e-25
2903.432538,1.243e-22
2903.438881,1.1779999999999998e-22
2903.441935,9.984e-23
2903.443042,9.913e-23
2903.443749,2.34e-25
2903.446833,6.062e-25
2903.448891,4.175e-23
2903.448922,9.564e-23
2903.461655,4.028e-23
2903.468155,5.3390000000000005e-25
2903.469425,1.463e-21
2903.470655,5.332000000000001e-26
2903.471925,1.446e-25
2903.480698,1.283e-21
2903.483405,2.297e-23
2903.485426,8.583000000000001e-26
2903.485479,1.478e-25
2903.4857,1.284e-22
2903.490662,1.2269999999999998e-22
2903.491367,1.296e-25
2903.514531,3.4239999999999995e-22
2903.518467,3.211e-22
2903.536601,5.0750000000000006e-26
2903.537863,2.152e-23
2903.538122,8.755e-26
2903.538371,6.732999999999999e-23
2903.541689,1.752e-21
2903.545587,7.621e-23
2903.547197,1.106e-25
2903.547756,7.491000000000001e-26
2903.547894,6.474e-23
2903.549366,7.985e-23
2903.55273,2.084e-23
2903.554518,6.497e-24
2903.554772,1.504e-21
2903.573144,1.451e-22
2903.578865,1.3859999999999998e-22
2903.585316,1.4759999999999998e-22
2903.586165,8.797e-25
2903.586315,1.407e-22
2903.586941,8.341000000000001e-25
2903.592199,1.6490000000000002e-25
2903.593781,7.864000000000001e-25
2903.60321,2.145e-21
2903.603697,8.163000000000001e-25
2903.618997,1.79e-21
2903.620153,3.156e-24
2903.622743,6.264000000000001e-25
2903.623314,1.455e-25
2903.627575,4.478e-25
2903.637003,3.079e-24
2903.653724,2.716e-21
2903.669269,3.901e-22
2903.673398,3.642e-22
2903.674106,2.17e-21
2903.680546,5.3e-26
2903.680945,6.139e-26
2903.683402,9.149e-24
2903.728741,1.526e-25
2903.733396,1.031e-24
2903.744364,1.498e-25
2903.748886,1.1359999999999999e-24
2903.755636,7.409e-24
2903.76745,2.405e-25
2903.768316,8.885e-24
2903.777112,8.526e-25
2903.780144,2.072e-24
2903.784135,7.697e-25
2903.784321,8.639999999999999e-24
2903.807369,1.4719999999999998e-22
2903.810882,7.208e-24
2903.811668,1.321e-23
2903.817702,4.448999999999999e-22
2903.81863,1.192e-25
2903.819877,5.815e-23
2903.821936,4.132e-22
2903.822718,1.004e-22
2903.824554,2.024e-24
2903.824986,1.057e-22
2903.829074,1.766e-25
2903.835942,2.51e-25
2903.845571,1.857e-25
2903.858645,1.37e-24
2903.883908,2.5040000000000003e-25
2903.896187,1.611e-22
2903.899028,5.588999999999999e-23
2903.901397,1.517e-22
2903.906242,1.481e-24
2903.913676,3.751e-25
2903.935353,1.796e-25
2903.944601,1.958e-23
2903.944845,1.388e-22
2903.952925,5.081999999999999e-22
2903.957381,4.693e-22
2903.958196,1.839e-25
2903.973564,1.851e-24
2903.974629,1.0929999999999998e-22
2903.990566,8.934e-25
2903.991302,1.125e-22
2903.996757,7.162e-25
2903.998171,3.884e-23
2904.003532,8.108e-26
2904.010345,3.751e-23
2904.012915,7.012e-25
2904.021071,8.497000000000001e-26
2904.029178,9.49e-23
2904.035944,9.106e-23
2904.039265,5.434e-26
2904.047517,9.31e-23
2904.05166,1.9529999999999998e-24
2904.056516,5.141e-25
2904.058386,1.971e-23
2904.058519,3.4380000000000004e-25
2904.060203,2.295e-23
2904.067518,8.494999999999999e-23
2904.068714,2.776e-24
2904.072612,1.91e-23
2904.074988,2.552e-24
2904.079366,5.821e-22
2904.084037,5.337999999999999e-22
2904.08494,2.71e-24
2904.086393,8.904000000000001e-26
2904.086629,1.922e-25
2904.089147,1.072e-22
2904.092478,2.951e-23
2904.097643,1.31e-22
2904.098645,1.387e-22
2904.101047,1.274e-25
2904.104811,6.328e-23
2904.109659,2.85e-25
2904.113869,6.093e-23
2904.116091,1.251e-25
2904.12371,2.222e-23
2904.126308,2.58e-25
2904.157658,5.855999999999999e-22
2904.163871,3.611e-24
2904.172743,1.0209999999999998e-22
2904.178645,5.668e-26
2904.189839,2.611e-24
2904.194261,6.694e-22
2904.199243,6.088e-22
2904.214528,2.6380000000000003e-25
2904.216574,5.495e-25
2904.217558,1.139e-21
2904.223199,1.217e-22
2904.223424,1.131e-25
2904.226297,1.166e-22
2904.236362,7.029e-25
2904.238313,5.283e-24
2904.242146,5.449e-25
2904.25122,7.972e-24
2904.262465,1.3079999999999998e-22
2904.266596,7.758e-24
2904.268271,4.158e-25
2904.27139,1.109e-25
2904.279269,4.239e-23
2904.281783,1.132e-25
2904.284919,1.3800000000000001e-22
2904.28907,2.088e-22
2904.293409,1.949e-22
2904.297246,8.079e-24
2904.299242,7.742999999999999e-22
2904.304594,6.970999999999999e-22
2904.314208,6.191e-25
2904.318517,3.553e-24
2904.337803,1.313e-23
2904.339323,4.796e-23
2904.344314,3.166e-25
2904.355256,2.335e-23
2904.363165,1.811e-22
2904.363205,1.6979999999999998e-22
2904.368588,1.7159999999999998e-22
2904.3699,5.595e-26
2904.3709,8.58e-22
2904.372245,1.5440000000000001e-21
2904.379857,7.873000000000001e-25
2904.382057,4.6930000000000005e-25
2904.39336,9.026e-22
2904.396437,6.12e-25
2904.39921,8.026999999999999e-22
2904.410267,6.885e-24
2904.412027,5.9950000000000005e-25
2904.412234,4.563e-25
2904.429498,1.054e-24
2904.439965,4.9339999999999996e-24
2904.462397,6.703e-24
2904.46358,1.058e-25
2904.477094,1.064e-21
2904.478065,1.039e-25
2904.478541,5.845e-23
2904.483596,9.314e-22
2904.498561,2.8090000000000003e-25
2904.506909,2.43e-24
2904.516405,1.452e-22
2904.519691,1.8819999999999998e-24
2904.520546,1.39e-22
2904.52255,2.373e-24
2904.533414,1.807e-22
2904.53683,3.593e-23
2904.539693,5.767000000000001e-26
2904.548469,3.474e-23
2904.55016,1.274e-21
2904.551353,5.625e-23
2904.554256,7.031e-24
2904.557571,1.092e-21
2904.561154,1.347e-25
2904.561346,1.839e-24
2904.563415,2.925e-25
2904.568323,1.795e-23
2904.573366,1.752e-25
2904.581962,1.742e-23
2904.584546,5.39e-25
2904.586446,7.207000000000001e-25
2904.597646,7.069e-26
2904.611823,2.363e-22
2904.612615,1.5590000000000001e-21
2904.612715,2.194e-22
2904.617438,2.718e-22
2904.61993,8.962e-23
2904.621165,2.509e-22
2904.621348,1.3e-21
2904.625488,9.262e-25
2904.626265,8.613999999999999e-23
2904.639993,7.966e-25
2904.650419,1.7059999999999998e-22
2904.652157,1.065e-24
2904.661067,5.912e-23
2904.663444,1.034e-23
2904.664301,1.975e-21
2904.667138,1.165e-22
2904.669699,5.7e-23
2904.671916,1.118e-22
2904.67487,6.008e-26
2904.675143,1.578e-21
2904.67872,9.905e-26
2904.678983,1.2e-22
2904.694937,1.2859999999999998e-22
2904.696208,2.198e-23
2904.697359,7.121e-25
2904.697517,7.06e-25
2904.704973,2.638e-21
2904.7089,1.064e-24
2904.711322,1.146e-22
2904.716932,1.318e-22
2904.719835,1.962e-21
2904.722876,1.2639999999999998e-22
2904.723618,7.116e-24
2904.736115,2.009e-22
2904.738409,6.93e-24
2904.755756,2.13e-23
2904.766609,1.146e-22
2904.769927,1.582e-23
2904.773188,1.113e-25
2904.785975,5.205e-25
2904.800484,9.651e-25
2904.801023,5.101e-25
2904.816259,1.35e-22
2904.816329,8.749000000000001e-26
2904.817226,1.2929999999999998e-22
2904.825611,1.261e-25
2904.830272,8.595000000000001e-26
2904.838496,3.1e-22
2904.840099,2.842e-22
2904.843021,1.3319999999999999e-24
2904.878111,1.417e-24
2904.878707,2.535e-23
2904.88688,3.578e-22
2904.890259,3.252e-22
2904.891941,1.877e-22
2904.929562,7.422e-25
2904.934117,1.948e-24
2904.934732,2.116e-24
2904.949821,2.068e-24
2904.985358,1.868e-24
2904.997384,8.695e-25
2905.000122,4.257e-23
2905.018198,6.051e-26
2905.018592,1.429e-25
2905.037767,4.13e-22
2905.039999,1.462e-25
2905.040008,3.717e-22
2905.040863,2.719e-24
2905.045743,5.057e-26
2905.057109,6.353e-24
2905.064853,3.305e-23
2905.067671,1.626e-23
2905.076006,3.2000000000000003e-23
2905.080769,1.579e-23
2905.092417,2.709e-24
2905.102231,4.823e-22
2905.105561,4.286e-22
2905.106407,6.19e-24
2905.112474,4.959000000000001e-25
2905.127531,5.8e-23
2905.127926,9.011e-26
2905.131212,9.638e-25
2905.131639,4.1049999999999996e-24
2905.137133,4.955000000000001e-25
2905.149218,6.296000000000001e-26
2905.159282,7.201000000000001e-26
2905.162343,6.983e-23
2905.165008,6.145000000000001e-26
2905.165361,4.406e-25
2905.166928,3.903e-24
2905.172701,7.077e-26
2905.175521,4.478e-25
2905.177957,1.889e-22
2905.179473,6.562e-24
2905.17989,4.32e-25
2905.183098,8.419e-23
2905.185503,6.32e-24
2905.188819,9.454e-26
2905.189323,8.104e-23
2905.194871,5.588999999999999e-23
2905.198157,1.72e-24
2905.199749,6.159e-24
2905.200616,2.81e-25
2905.204988,5.680999999999999e-22
2905.206382,5.493e-23
2905.20652,1.849e-22
2905.207915,4.967999999999999e-22
2905.214639,5.302999999999999e-23
2905.219359,1.588e-22
2905.222346,3.207e-25
2905.227721,2.552e-24
2905.228058,1.131e-23
2905.244081,5.174e-23
2905.24746,2.077e-22
2905.24857,2.193e-23
2905.2508,1.699e-24
2905.267503,6.805999999999999e-22
2905.271196,5.828999999999999e-22
2905.281264,5.796e-24
2905.28392,3.332e-25
2905.285342,1.629e-25
2905.289948,1.661e-24
2905.291612,2.873e-25
2905.313566,1.666e-24
2905.323462,2.087e-23
2905.336298,8.333e-22
2905.340228,6.933e-22
2905.348847,1.966e-22
2905.352174,1.835e-24
2905.354773,1.919e-22
2905.356145,1.2519999999999998e-22
2905.359225,9.04e-24
2905.366742,1.794e-24
2905.379474,2.025e-23
2905.385782,1.055e-21
2905.390653,8.415999999999999e-22
2905.423345,1.09e-22
2905.425952,1.0469999999999998e-22
2905.427129,8.584e-26
2905.428507,1.41e-21
2905.4347,1.049e-21
2905.435326,1.1969999999999998e-22
2905.436279,9.935e-25
2905.448468,1.495e-23
2905.458827,2.07e-21
2905.468263,1.3360000000000001e-21
2905.482397,2.775e-22
2905.492429,5.899999999999999e-26
2905.499198,6.299999999999999e-26
2905.50534,5.8e-26
2905.527865,2.684e-23
2905.534586,3.713e-25
2905.544539,1.774e-22
2905.548619,3.641e-25
2905.556425,1.466e-23
2905.557655,5.559e-24
2905.569024,1.425e-23
2905.582142,2.907e-22
2905.582258,3.025e-23
2905.591601,2.323e-22
2905.592965,2.931e-23
2905.609675,2.597e-22
2905.609823,5.6540000000000005e-25
2905.616088,8.042e-24
2905.619126,5.345e-23
2905.626449,6.549e-26
2905.636868,5.585e-24
2905.639857,1.3039999999999998e-22
2905.644441,1.2519999999999998e-22
2905.650606,5.446e-24
2905.67461,2.24e-24
2905.689886,1.026e-25
2905.696094,5.823e-24
2905.741618,5.328e-26
2905.741783,5.076e-23
2905.742811,5.677e-24
2905.749133,1.124e-22
2905.749688,4.906e-23
2905.751345,1.049e-24
2905.756942,7.858e-23
2905.759229,1.583e-24
2905.76097,3.683e-23
2905.762736,7.575e-23
2905.766904,5.689999999999999e-23
2905.773304,1.548e-24
2905.804235,1.0339999999999998e-22
2905.808904,9.947e-23
2905.811404,2.441e-22
2905.815321,1.17e-22
2905.821417,7.496000000000001e-26
2905.821517,1.1259999999999998e-22
2905.821624,5.759e-22
2905.828332,3.729e-22
2905.82948,5.49e-23
2905.864008,5.969000000000001e-25
2905.876671,1.154e-24
2905.877644,8.43e-26
2905.888985,4.653e-23
2905.893641,3.114e-25
2905.907198,3.055e-25
2905.919855,4.286e-25
2905.938665,1.041e-21
2905.938902,3.588e-25
2905.940332,4.172e-22
2905.941963,1.967e-23
2905.95007,2.291e-22
2905.952185,6.483e-26
2905.96149,1.232e-23
2905.973295,1.524e-24
2905.982497,1.498e-25
2905.992882,4.415e-25
2905.994803,1.909e-23
2905.997507,3.72e-25
2906.00107,2.8969999999999995e-22
2906.002419,1.206e-22
2906.003395,1.159e-22
2906.005593,3.921e-22
2906.010157,1.491e-24
2906.014255,9.547e-26
2906.017417,4.478e-25
2906.022948,1.283e-22
2906.034581,1.314e-23
2906.039202,2.173e-22
2906.045173,1.724e-23
2906.046718,1.279e-23
2906.067593,1.7429999999999998e-22
2906.075606,6.733000000000001e-26
2906.077709,4.911e-24
2906.086434,1.115e-25
2906.089015,2.753e-23
2906.09097,4.792e-24
2906.095051,1.229e-22
2906.098216,2.9319999999999998e-24
2906.099315,2.67e-23
2906.10659,1.139e-25
2906.115255,1.899e-22
2906.123709,2.294e-22
2906.125261,3.524e-22
2906.140748,4.34e-24
2906.155888,1.359e-24
2906.1566,1.972e-24
2906.169495,1.3299999999999999e-24
2906.215351,3.411e-22
2906.222063,1.004e-24
2906.242518,2.599e-25
2906.255616,2.551e-25
2906.26601,4.665e-23
2906.268605,3.04e-25
2906.270096,3.259e-22
2906.273611,4.514e-23
2906.27687,1.0749999999999999e-24
2906.28116,1.3419999999999998e-22
2906.293246,1.5419999999999998e-22
2906.2948,7.301e-23
2906.297535,1.621e-24
2906.300592,7.047e-23
2906.32218,3.2000000000000003e-22
2906.327154,5.302e-24
2906.352848,9.063e-26
2906.362527,3.109e-25
2906.37151,5.173e-24
2906.3967,5.527e-23
2906.409396,9.535e-26
2906.414618,6.632e-26
2906.450597,3.1349999999999995e-22
2906.455098,5.339e-23
2906.49836,1.239e-24
2906.498497,9.863e-23
2906.502133,1.173e-23
2906.503531,4.845e-25
2906.508017,4.298e-24
2906.509072,7.387e-25
2906.51334,4.344000000000001e-25
2906.513842,1.142e-23
2906.514107,1.101e-22
2906.520831,4.196e-24
2906.534656,6.881e-26
2906.542142,1.161e-24
2906.551706,1.839e-23
2906.555305,1.1369999999999999e-24
2906.560552,3.449e-24
2906.581206,2.16e-25
2906.585157,2.493e-23
2906.585497,9.531e-23
2906.587661,9.185e-23
2906.592293,6.448e-26
2906.593863,2.121e-25
2906.595081,2.42e-23
2906.601686,1.787e-23
2906.616148,1.355e-24
2906.630292,2.857e-22
2906.633481,4.633e-24
2906.64161,2.452e-22
2906.646997,4.029e-25
2906.648403,3.942e-25
2906.66561,1.365e-25
2906.679507,1.2939999999999998e-22
2906.687009,1.359e-24
2906.704313,4.08e-25
2906.713723,1.1449999999999998e-22
2906.718772,1.103e-22
2906.720906,2.331e-22
2906.72178,1.3309999999999999e-24
2906.745607,1.2419999999999998e-22
2906.767001,7.378e-23
2906.769308,7.739000000000001e-26
2906.773311,3.774e-25
2906.779771,2.454e-25
2906.780707,4.264e-23
2906.786081,8.084999999999999e-23
2906.788011,4.131e-23
2906.794375,4.611e-25
2906.840322,6.699999999999999e-26
2906.853205,6.738999999999999e-23
2906.85746,3.837e-25
2906.858538,6.512e-23
2906.868154,1.016e-22
2906.874625,9.804e-23
2906.879851,4.869e-22
2906.88317,4.023e-25
2906.896765,8.965999999999999e-23
2906.901383,8.650999999999999e-23
2906.903166,8.705e-22
2906.905478,4.352e-22
2906.909698,1.787e-25
2906.917985,9.877e-25
2906.919312,5.612e-26
2906.921928,1.755e-25
2906.927785,3.743e-24
2906.930724,9.676e-25
2906.936018,3.931e-22
2906.936544,6.322e-26
2906.940179,3.656e-24
2906.950218,4.799e-24
2906.956787,6.945000000000001e-26
2906.959077,1.041e-23
2906.968729,2.0849999999999998e-24
2906.970386,1.014e-23
2906.986486,9.779e-25
2906.992408,4.684e-24
2906.995638,4.515e-22
2907.016949,5.319e-23
2907.027568,3.698e-22
2907.070634,2.246e-23
2907.071658,5.144e-23
2907.080213,2.182e-23
2907.086334,5.553999999999999e-23
2907.089196,2.07e-25
2907.105984,1.335e-25
2907.108847,6.007999999999999e-23
2907.143303,1.053e-22
2907.144324,1.015e-22
2907.152683,1.708e-23
2907.157672,7.158000000000001e-26
2907.200074,1.661e-23
2907.227982,1.472e-25
2907.230568,5.743e-22
2907.23848,1.438e-24
2907.2398,1.446e-25
2907.258269,4.755999999999999e-22
2907.283406,8.362e-25
2907.283868,3.878e-23
2907.28545,6.741000000000001e-26
2907.290923,3.76e-23
2907.295741,8.195000000000001e-25
2907.302186,9.473e-24
2907.322323,2.567e-22
2907.325907,1.29e-22
2907.330266,3.265e-25
2907.335304,1.234e-25
2907.337007,3.244e-24
2907.349004,3.17e-24
2907.349534,1.565e-24
2907.350902,4.26e-25
2907.358256,3.738e-25
2907.362616,5.241e-22
2907.364183,6.196e-23
2907.369626,5.994e-23
2907.38686,1.239e-22
2907.391783,1.206e-24
2907.39358,2.445e-22
2907.398885,6.981e-26
2907.404292,3.991e-24
2907.404356,4.403e-25
2907.405405,9.197e-24
2907.407014,3.163e-25
2907.416342,8.965999999999999e-24
2907.424639,1.181e-24
2907.425651,4.247e-22
2907.427289,3.342e-25
2907.455924,1.188e-25
2907.45604,4.176e-23
2907.481955,4.474e-23
2907.482071,7.6e-26
2907.482077,1.1119999999999998e-22
2907.519169,6.868e-24
2907.53605,1.207e-25
2907.542731,1.1070000000000001e-21
2907.545503,2.013e-23
2907.547468,1.186e-25
2907.554761,1.957e-23
2907.565214,4.317e-24
2907.605413,4.216e-24
2907.611006,6.61e-22
2907.620774,5.992999999999999e-22
2907.627673,5.077e-23
2907.638397,7.046e-25
2907.645021,4.347e-22
2907.650346,6.908000000000001e-25
2907.674823,1.964e-23
2907.679105,4.914e-23
2907.681595,6.69e-26
2907.690663,8.613000000000001e-26
2907.70495,3.1290000000000003e-25
2907.709382,8.152e-23
2907.711144,7.876e-23
2907.716391,5.575999999999999e-22
2907.721352,3.38e-25
2907.724781,4.101e-22
2907.732056,9.307e-25
2907.734548,3.593e-25
2907.735673,2.7979999999999998e-24
2907.737993,9.843e-23
2907.743172,9.095e-26
2907.743524,9.506e-23
2907.744879,1.575e-23
2907.746241,4.33e-23
2907.747296,2.736e-24
2907.755951,2.0829999999999998e-24
2907.775667,6.684e-22
2907.778037,3.509e-23
2907.784835,3.405e-23
2907.789918,1.5329999999999998e-23
2907.79165,6.923e-26
2907.798942,5.303e-26
2907.799394,5.779e-26
2907.833891,9.846e-26
2907.841112,8.085e-24
2907.844921,9.679e-26
2907.851701,7.887e-24
2907.872697,7.019e-26
2907.875289,8.644e-23
2907.875514,3.121e-23
2907.882054,8.358e-23
2907.904801,3.32e-23
2907.908984,5.656e-23
2907.913909,5.478e-23
2907.92773,5.794999999999999e-22
2907.930667,1.034e-21
2907.944497,7.612e-23
2907.949111,7.362e-23
2907.962208,1.2709999999999998e-22
2907.971801,1.643e-24
2907.98295,5.911e-25
2907.992081,1.108e-25
2907.992381,2.64e-22
2907.993951,7.931999999999999e-22
2907.994528,5.797e-25
2907.999802,8.677e-22
2908.009682,1.795e-23
2908.018642,1.747e-23
2908.01871,1.2229999999999998e-22
2908.036547,7.797e-22
2908.046657,4.535e-25
2908.047777,8.675e-22
2908.054631,3.432e-25
2908.056963,2.519e-22
2908.0768,1.7799999999999994e-24
2908.087464,1.063e-24
2908.096799,7.268999999999999e-22
2908.097868,4.68e-25
2908.103706,9.233e-26
2908.111201,6.628000000000001e-26
2908.118564,1.042e-24
2908.121496,7.999999999999999e-26
2908.123777,2.4019999999999998e-24
2908.132148,7.866000000000001e-26
2908.132193,7.167999999999999e-22
2908.135045,2.35e-24
2908.164848,7.776999999999999e-22
2908.169917,9.845e-26
2908.17207,3.86e-24
2908.18536,1.3249999999999998e-23
2908.210433,3.773e-24
2908.217167,4.144e-24
2908.218559,6.853e-26
2908.228886,4.807e-23
2908.238329,8.997999999999999e-23
2908.239091,8.603e-23
2908.254545,5.3e-26
2908.254975,5.251e-26
2908.260129,3.159e-23
2908.266191,7.072999999999999e-24
2908.266725,3.068e-23
2908.271926,5.471000000000001e-26
2908.276454,6.904e-24
2908.277392,4.658e-23
2908.289143,2.139e-25
2908.317054,4.935e-25
2908.328277,4.842e-25
2908.328281,1.444e-23
2908.342751,4.668999999999999e-22
2908.343967,2.311e-23
2908.34921,6.921e-22
2908.361987,7.699e-24
2908.371174,1.406e-23
2908.376592,2.445e-23
2908.379653,9.112e-23
2908.385637,3.484e-25
2908.391127,5.148e-23
2908.396284,4.99e-23
2908.398855,6.47e-26
2908.409139,6.364000000000001e-26
2908.413184,4.415999999999999e-22
2908.423755,1.881e-21
2908.430112,6.462999999999999e-22
2908.447014,1.3400000000000002e-21
2908.460558,8.712000000000001e-25
2908.463265,1.5929999999999998e-23
2908.471947,1.5509999999999998e-23
2908.474877,6.464000000000001e-26
2908.485933,3.568e-25
2908.50131,2.052e-24
2908.512241,2.009e-24
2908.52208,2.011e-24
2908.531514,2.086e-25
2908.538407,2.2140000000000002e-21
2908.54017,1.5500000000000001e-21
2908.543826,1.107e-22
2908.550582,2.506e-23
2908.571685,3.191e-25
2908.575189,1.2110000000000001e-21
2908.578987,6.679e-26
2908.588457,1.24e-22
2908.602352,1.164e-25
2908.608585,4.722e-23
2908.636348,9.888e-26
2908.640701,4.102e-25
2908.641078,1.195e-22
2908.645993,2.306e-25
2908.651581,4.026e-25
2908.651903,2.674e-22
2908.665956,5.21e-26
2908.674628,1.059e-21
2908.675881,5.126e-26
2908.680635,6.158e-24
2908.690592,6.014e-24
2908.698298,1.852e-24
2908.710871,2.557e-22
2908.712877,8.289e-23
2908.7189,8.023e-23
2908.733975,2.829e-23
2908.735617,4.76e-25
2908.736899,3.1240000000000003e-25
2908.740341,2.7499999999999995e-23
2908.743395,9.771e-22
2908.745797,1.815e-21
2908.770715,3.433e-24
2908.773911,9.326e-25
2908.784769,4.907e-25
2908.794532,6.824e-23
2908.79593,6.607e-23
2908.797818,1.998e-24
2908.799204,1.442e-21
2908.803397,9.141e-25
2908.807381,3.357e-24
2908.807941,1.5530000000000001e-21
2908.820024,1.196e-21
2908.820598,4.519e-23
2908.826707,8.999e-22
2908.8366,7.203999999999999e-23
2908.843679,6.98e-23
2908.860382,1.691e-23
2908.866477,4.383e-23
2908.868264,1.746e-24
2908.878874,1.709e-24
2908.886403,1.309e-21
2908.8914,6.313000000000001e-26
2908.896306,1.7799999999999998e-23
2908.90287,1.315e-23
2908.90612,1.407e-23
2908.908293,1.08e-21
2908.914545,1.371e-23
2908.92457,4.65e-23
2908.929125,4.512e-23
2908.9438,1.282e-23
2908.947195,6.33e-23
2908.951842,6.134999999999999e-23
2908.953881,3.394e-25
2908.964431,3.333e-25
2908.993137,6.518e-26
2909.00557,4.077e-24
2909.026016,1.4209999999999998e-23
2909.029469,4.904999999999999e-22
2909.065841,7.673999999999999e-22
2909.084438,5.3359999999999996e-24
2909.092368,4.651e-22
2909.094105,5.2139999999999996e-24
2909.118273,7.070999999999999e-23
2909.134245,7.694000000000001e-26
2909.135607,7.191999999999999e-22
2909.14276,2.551e-21
2909.156759,1.296e-25
2909.157853,1.982e-21
2909.173305,8.055e-25
2909.174503,7.797e-24
2909.183157,8.161e-26
2909.194974,2.522e-23
2909.201178,2.453e-23
2909.204688,1.199e-22
2909.218912,6.053e-26
2909.224629,1.478e-24
2909.234934,1.448e-24
2909.253901,1.157e-22
2909.256583,2.796e-25
2909.266815,2.746e-25
2909.268441,8.777000000000001e-26
2909.269673,1.8999999999999998e-24
2909.287294,7.528e-23
2909.288477,7.29e-23
2909.300975,2.676e-22
2909.317473,6.245000000000001e-26
2909.331084,9.391e-26
2909.338404,1.236e-23
2909.346585,1.205e-23
2909.355169,2.563e-22
2909.356985,1.664e-21
2909.361074,3.036e-24
2909.375493,4.19e-23
2909.380417,4.069e-23
2909.385716,2.52e-23
2909.394703,2.8190000000000003e-25
2909.39617,2.97e-24
2909.402815,4.218e-23
2909.405191,1.93e-25
2909.40567,2.8230000000000003e-25
2909.418099,2.061e-24
2909.418219,4.932e-25
2909.423477,1.22e-23
2909.428929,1.473e-21
2909.434714,3.691e-25
2909.436548,4.315e-23
2909.446325,4.095e-23
2909.450987,8.137e-25
2909.462651,1.28e-23
2909.465483,5.077e-25
2909.468627,1.191e-23
2909.477592,4.602e-24
2909.478989,7.979e-25
2909.480228,1.1310000000000001e-21
2909.486986,4.499e-24
2909.507755,1.161e-23
2909.512637,2.216e-24
2909.538479,3.783e-25
2909.544788,2.469e-21
2909.5488,2.293e-25
2909.549682,1.047e-21
2909.558723,2.252e-25
2909.570001,1.415e-25
2909.570397,1.245e-24
2909.578137,1.474e-21
2909.578631,2.0420000000000002e-21
2909.580411,1.221e-24
2909.598072,2.126e-21
2909.625607,5.833000000000001e-26
2909.638837,6.842e-23
2909.645349,6.636e-23
2909.647993,1.341e-21
2909.648734,2.236e-23
2909.651808,1.8300000000000003e-21
2909.654727,2.177e-23
2909.705348,5.062e-22
2909.722122,6.014000000000001e-26
2909.751982,5.885e-23
2909.759392,5.712999999999999e-23
2909.759906,1.081e-23
2909.76206,4.812e-22
2909.767862,1.055e-23
2909.771087,8.267999999999999e-22
2909.773423,3.89e-24
2909.810924,1.1489999999999998e-22
2909.830519,1.872e-25
2909.832181,7.774999999999999e-22
2909.837812,1.392e-23
2909.840144,1.839e-25
2909.840301,5.594e-23
2909.841376,5.426999999999999e-23
2909.857125,1.11e-22
2909.860088,3.95e-24
2909.869225,3.864e-24
2909.871282,7.376e-25
2909.888642,7.75e-26
2909.900284,3.745e-23
2909.904493,3.64e-23
2909.904623,5.159e-23
2909.905559,1.045e-24
2909.909334,5.009e-23
2909.912306,5.497e-26
2909.915294,1.024e-24
2909.939662,2.648e-22
2909.943077,2.6699999999999998e-24
2909.963398,7.524e-24
2909.975537,3.912e-23
2909.976715,2.613e-24
2909.989754,2.54e-22
2910.000517,1.768e-24
2910.004123,6.519000000000001e-26
2910.005655,5.664000000000001e-26
2910.016903,3.8e-23
2910.020969,5.805e-23
2910.02553,1.072e-23
2910.031658,8.661e-24
2910.046461,3.155e-21
2910.054914,2.58e-21
2910.061436,2.535e-25
2910.063,1.046e-23
2910.074025,9.06e-24
2910.088584,1.974e-23
2910.094171,5.047e-25
2910.094451,1.923e-23
2910.100759,4.3799999999999995e-25
2910.101731,1.521e-25
2910.107543,2.525e-25
2910.111066,1.495e-25
2910.118564,7.063e-25
2910.1247,2.051e-21
2910.130667,3.427e-21
2910.131067,2.268e-24
2910.132629,2.793e-21
2910.139249,6.347e-23
2910.139691,5.19e-25
2910.145198,6.929000000000001e-25
2910.170876,9.41e-24
2910.174708,2.772e-25
2910.178615,9.187e-24
2910.180055,1.835e-21
2910.194469,2.359e-23
2910.203711,2.477e-25
2910.205186,1.257e-21
2910.205653,2.148e-25
2910.221051,2.43e-24
2910.230106,8.723e-25
2910.231921,3.375e-24
2910.239573,8.556e-25
2910.239969,3.798e-23
2910.240812,3.303e-24
2910.264385,1.169e-21
2910.289034,6.173e-23
2910.290418,5.989e-23
2910.313426,5.234000000000001e-26
2910.317131,3.343e-23
2910.321864,3.252e-23
2910.323586,1.708e-21
2910.327998,3.042e-21
2910.352139,2.5900000000000007e-21
2910.362426,1.231e-25
2910.370512,5.149e-22
2910.371478,1.21e-25
2910.374317,2.618e-21
2910.380813,1.5650000000000001e-21
2910.40507,5.39e-26
2910.407186,1.0929999999999998e-22
2910.414236,2.294e-21
2910.422068,4.904999999999999e-22
2910.450709,1.057e-22
2910.465217,8.714999999999999e-22
2910.47751,3.882e-25
2910.496342,7.239000000000001e-26
2910.497181,6.811000000000001e-26
2910.516651,2.336e-24
2910.516676,5.538e-23
2910.519403,8.220999999999999e-22
2910.522539,1.734e-23
2910.523281,3.641e-24
2910.523659,5.38e-23
2910.528203,1.69e-23
2910.538766,3.604e-23
2910.544026,7.251000000000001e-25
2910.548935,2.287e-24
2910.553236,7.115e-25
2910.555246,6.702e-25
2910.568011,2.594e-22
2910.57099,8.152e-24
2910.573557,9.596e-24
2910.578184,3.505e-23
2910.578528,7.963e-24
2910.584958,3.981e-25
2910.593079,2.87e-24
2910.601738,2.8099999999999998e-24
2910.609497,9.37e-24
2910.612592,9.914e-26
2910.614549,2.493e-22
2910.621352,4.716e-23
2910.62137,9.751e-26
2910.627498,1.31e-23
2910.629106,4.585e-23
2910.674565,6.418e-26
2910.682943,4.742e-23
2910.682978,6.045e-24
2910.691306,3.716e-21
2910.699982,3.144e-21
2910.704592,2.263e-25
2910.715901,1.627e-24
2910.720435,6.843e-26
2910.728467,6.308e-24
2910.732597,7.071e-24
2910.764284,5.104e-25
2910.776521,6.099e-25
2910.801893,5.9860000000000005e-25
2910.808199,5.243e-25
2910.816548,4.123e-23
2910.821347,4.009e-23
2910.836469,2.957e-23
2910.837447,2.4689999999999998e-24
2910.840347,2.878e-23
2910.845889,4.494e-23
2910.846684,4.367e-23
2910.847312,6e-25
2910.852219,7.951000000000001e-26
2910.856275,5.89e-25
2910.860728,7.822000000000001e-26
2910.879919,2.381e-21
2910.918708,1.358e-21
2910.923252,2.639e-24
2910.924358,2.152e-21
2910.941149,1.516e-23
2910.943556,2.43e-24
2910.946722,1.479e-23
2910.951994,2.38e-24
2910.96063,7.029e-24
2910.967973,6.87e-24
2910.970067,1.269e-21
2910.983201,2.15e-23
2910.993486,1.032e-22
2910.997239,2.032e-25
2910.998808,2.1650000000000003e-25
2911.025047,5.171999999999999e-22
2911.030514,3.319e-23
2911.034616,9.995e-23
2911.045197,6.282e-26
2911.05715,1.904e-21
2911.061261,6.493e-26
2911.072255,4.936999999999999e-22
2911.081296,6.348000000000001e-26
2911.081725,2.033e-24
2911.089543,6.247e-26
2911.092497,3.3e-23
2911.094257,5.958000000000001e-26
2911.103862,3.5490000000000004e-21
2911.105272,1.755e-21
2911.110745,4.601e-25
2911.112685,8.542e-24
2911.11275,1.992e-24
2911.122236,3.089e-21
2911.130139,3.212e-23
2911.138248,3.045e-21
2911.139952,4.943e-25
2911.147211,8.346e-24
2911.14841,9.027e-22
2911.148677,4.853e-25
2911.169551,2.707e-21
2911.186056,2.518e-22
2911.196989,8.541999999999999e-22
2911.215878,2.616e-23
2911.220457,2.548e-23
2911.225786,6.05e-25
2911.229491,2.424e-22
2911.243246,4.961e-23
2911.244837,4.821e-23
2911.256889,3.363e-24
2911.283342,2.047e-24
2911.291569,2.006e-24
2911.335461,2.01e-25
2911.339313,6.032e-24
2911.346471,5.898e-24
2911.347909,4.394e-23
2911.355297,4.275e-23
2911.355625,1.318e-23
2911.360995,1.287e-23
2911.375089,4.141e-24
2911.398839,1.208e-23
2911.41678,1.485e-24
2911.421938,4.054e-25
2911.423615,4.313e-24
2911.424743,5.241e-25
2911.427769,5.106e-25
2911.430433,3.982e-25
2911.444643,3.708e-23
2911.448951,5.145e-25
2911.452757,3.61e-23
2911.470189,5.241e-25
2911.484579,6.54e-24
2911.51401,4.05e-25
2911.536436,1.807e-25
2911.536896,2.663e-24
2911.569833,9.683e-23
2911.60797,4.055e-23
2911.608815,9.384e-23
2911.612429,1.717e-24
2911.618845,2.837e-24
2911.620454,1.683e-24
2911.621068,1.4370000000000001e-21
2911.623432,2.661e-21
2911.624345,4.215e-21
2911.625395,4.16e-25
2911.629171,3.652e-21
2911.636727,3.004e-23
2911.638229,1.7599999999999998e-24
2911.64289,7.562e-24
2911.66025,2.426e-21
2911.666278,1.347e-21
2911.66808,1.725e-24
2911.669015,5.138e-22
2911.672744,2.926e-23
2911.676105,7.393e-24
2911.679348,4.491e-21
2911.680036,5.189000000000001e-26
2911.681533,3.886e-21
2911.68274,3.232e-23
2911.687643,3.147e-23
2911.691183,4.318e-23
2911.693255,3.31e-25
2911.701527,3.252e-25
2911.707611,5.153e-24
2911.712516,4.915e-22
2911.714632,5.038e-24
2911.733482,2.289e-23
2911.737037,2.232e-23
2911.752868,1.142e-23
2911.755322,1.936e-23
2911.758182,1.115e-23
2911.776908,1.825e-25
2911.779275,2.064e-21
2911.780083,1.882e-25
2911.793823,2.425e-22
2911.800126,2.9e-23
2911.810389,3.538e-23
2911.810947,3.444e-23
2911.820585,1.913e-21
2911.820791,9.217999999999998e-22
2911.834531,2.337e-22
2911.861494,4.001e-21
2911.864746,8.744999999999999e-22
2911.876402,3.5400000000000006e-21
2911.88337,5.429e-25
2911.886083,3.225e-25
2911.890692,3.414e-21
2911.916218,3.072e-21
2911.930806,1.434e-24
2911.938639,1.406e-24
2911.953898,2.69e-25
2911.954311,1.777e-25
2911.961954,2.6440000000000003e-25
2911.975481,3.078e-24
2912.063122,4.48e-25
2912.06481,4.381e-24
2912.07157,2.007e-23
2912.071685,4.2879999999999996e-24
2912.076026,1.958e-23
2912.086154,5.052e-25
2912.086253,4.401e-25
2912.103879,1.346e-24
2912.105199,2.781e-24
2912.127202,5.181e-25
2912.134082,1.874e-24
2912.136233,9.022e-23
2912.136812,3.406e-23
2912.144292,3.32e-23
2912.148245,9.839e-24
2912.149237,3.91e-23
2912.151074,3.805e-23
2912.153347,9.614e-24
2912.154118,1.101e-23
2912.156663,2.891e-24
2912.164146,6.66e-24
2912.171451,2.719e-23
2912.173279,8.751e-23
2912.186094,1.516e-24
2912.194903,4.683e-21
2912.196144,6.5139999999999996e-24
2912.197282,2.308e-24
2912.197325,3.424e-23
2912.201615,4.132e-21
2912.203849,2.1770000000000003e-25
2912.205977,2.65e-23
2912.211696,2.14e-25
2912.214849,1.486e-24
2912.220987,5.9859999999999996e-24
2912.221812,2.861e-23
2912.229914,2.845e-24
2912.2303,2.789e-23
2912.238463,1.192e-24
2912.24611,1.169e-24
2912.302462,5.054999999999999e-22
2912.3083,3.025e-24
2912.312447,1.494e-21
2912.342774,4.844e-22
2912.344408,5.317000000000001e-26
2912.352732,1.406e-21
2912.355657,2.894e-21
2912.357817,1.948e-25
2912.386937,2.658e-21
2912.391331,2.317e-22
2912.411755,3.708e-24
2912.415915,5.485e-26
2912.418448,3.631e-24
2912.429627,2.236e-22
2912.443105,1.754e-25
2912.450749,1.7250000000000002e-25
2912.482447,9.296e-22
2912.490235,2.191e-21
2912.502991,2.486e-23
2912.507989,2.424e-23
2912.512628,1.7329999999999998e-23
2912.522538,8.842e-22
2912.52395,8.445e-24
2912.526295,2.041e-21
2912.528372,4.847e-25
2912.529033,8.256e-24
2912.531719,1.072e-25
2912.535395,9.864e-25
2912.539926,2.202e-25
2912.542864,9.679e-25
2912.543649,1.604e-25
2912.544266,4.198e-25
2912.54762,1.629e-25
2912.561364,1.5640000000000002e-25
2912.566523,2.544e-23
2912.591683,1.739e-23
2912.594915,1.6969999999999998e-23
2912.618932,4.394e-21
2912.63122,3.939e-21
2912.631901,3.7300000000000006e-21
2912.653351,3.389e-21
2912.659818,4.313e-25
2912.671644,1.407e-25
2912.676429,5.834e-24
2912.679089,1.384e-25
2912.679957,2.797e-24
2912.691556,3.812e-25
2912.69269,8.352e-23
2912.69666,2.447e-23
2912.707294,5.709e-24
2912.713692,3.745e-25
2912.725251,1.299e-24
2912.727982,8.109e-23
2912.729815,2.386e-23
2912.732825,2.732e-23
2912.733191,2.662e-23
2912.737695,4.951e-25
2912.74741,3.124e-24
2912.752983,1.275e-24
2912.753958,3.061e-24
2912.777449,5.073e-25
2912.777756,1.213e-24
2912.796564,2.727e-25
2912.821581,8.126e-25
2912.827151,5.183e-26
2912.828879,7.977e-25
2912.87004,1.827e-24
2912.884047,1.511e-23
2912.888406,1.4759999999999998e-23
2912.889468,1.124e-25
2912.894804,9.97e-24
2912.894936,5.268e-26
2912.89672,1.106e-25
2912.90067,7.207e-24
2912.905523,7.049e-24
2912.915777,3.015e-24
2912.917237,2.398e-23
2912.919792,2.377e-23
2912.924325,1.898e-24
2912.925419,4.929e-22
2912.942961,5.438e-24
2912.952835,2.168e-23
2912.961709,2.116e-23
2912.962964,4.732e-22
2912.978595,2.198e-22
2912.990847,3.198e-24
2912.992965,1.531e-21
2913.006342,3.023e-23
2913.008464,2.946e-23
2913.014745,2.124e-22
2913.029237,1.4460000000000001e-21
2913.056982,5.949000000000001e-26
2913.072992,2.62e-24
2913.076899,3.085e-21
2913.079387,2.568e-24
2913.097025,6.664e-25
2913.103609,8.793000000000001e-26
2913.103979,2.851e-21
2913.104159,6.544e-25
2913.126978,6.049000000000001e-26
2913.133439,9.274999999999998e-22
2913.148874,2.991e-23
2913.156808,1.371e-25
2913.15945,5.068e-21
2913.161094,4.308e-25
2913.162837,4.534e-21
2913.170263,8.841e-22
2913.179712,5.084e-24
2913.183806,5.366e-21
2913.186243,4.798e-21
2913.190204,2.287e-21
2913.199016,3.157e-23
2913.209521,4.978e-24
2913.212348,2.19e-23
2913.222123,2.14e-21
2913.239205,7.685e-23
2913.244238,2.137e-23
2913.254621,6.13e-24
2913.255634,1.108e-24
2913.256547,1.548e-23
2913.259494,5.998e-24
2913.272904,7.468e-23
2913.277242,1.876e-23
2913.280409,6.793e-26
2913.282163,1.832e-23
2913.282409,1.087e-24
2913.297116,1.393e-25
2913.301493,1.4020000000000002e-25
2913.306558,2.235e-23
2913.309951,3.228e-25
2913.331164,3.173e-25
2913.350417,4.735e-21
2913.352735,6.908e-26
2913.361207,4.290000000000001e-21
2913.361697,5.441e-25
2913.36235,3.994e-21
2913.36867,5.3450000000000005e-25
2913.370989,2.527e-24
2913.380803,3.658e-21
2913.385251,4.8e-25
2913.387032,2.188e-24
2913.393299,2.145e-24
2913.411413,1.295e-23
2913.414322,1.266e-23
2913.423826,4.915e-25
2913.438847,1.087e-24
2913.479444,1.851e-23
2913.482376,1.786e-23
2913.497094,7.714000000000001e-26
2913.537909,4.767e-22
2913.555624,2.071e-22
2913.568228,4.314e-25
2913.571871,7.847e-26
2913.573037,4.583e-22
2913.581042,2.458e-25
2913.581586,8.685000000000001e-26
2913.589856,2.003e-22
2913.59548,3.17e-24
2913.612197,2.069e-23
2913.612418,2.019e-23
2913.61319,5.182e-24
2913.615612,4.423e-25
2913.617806,5.073e-24
2913.621893,8.981999999999999e-24
2913.622432,4.346000000000001e-25
2913.637708,1.613e-23
2913.646981,1.576e-23
2913.651314,4.913e-24
2913.653171,1.117e-23
2913.654323,5.440000000000001e-21
2913.657455,1.092e-23
2913.660289,4.921e-21
2913.662708,1.551e-21
2913.665324,2.574e-23
2913.665832,1.173e-24
2913.667472,3.355e-24
2913.67397,4.409e-24
2913.688255,4.436e-25
2913.691244,1.818e-24
2913.69566,1.469e-21
2913.697368,1.783e-24
2913.702793,4.318e-24
2913.707338,8.714000000000001e-26
2913.718505,1.949e-23
2913.722801,1.217e-24
2913.740799,1.196e-25
2913.749226,1.904e-23
2913.773812,9.163e-22
2913.775778,7.03e-23
2913.777176,9.405e-25
2913.781785,3.811e-25
2913.784706,8.866000000000001e-26
2913.787281,3.234e-21
2913.803055,9.233e-25
2913.807846,8.753e-22
2913.808025,6.836e-23
2913.811118,3.006e-21
2913.813898,2.294e-23
2913.816347,2.238e-23
2913.85872,3.58e-25
2913.86539,3.518e-25
2913.868997,7.251000000000001e-26
2913.879296,2.354e-21
2913.884321,7.504e-26
2913.907885,2.212e-21
2913.910955,9.788e-26
2913.918215,2.72e-25
2913.938574,2.674e-25
2913.945123,4.368e-24
2913.949803,4.278e-24
2913.983586,1.505e-24
2913.987479,1.381e-23
2913.989595,1.476e-24
2913.991062,9.962e-26
2914.005129,1.391e-23
2914.009949,1.3589999999999998e-23
2914.025321,4.616e-25
2914.03719,1.2e-25
2914.041773,1.201e-25
2914.049088,2.271e-24
2914.054492,1.971e-23
2914.059516,1.781e-25
2914.062764,4.723e-25
2914.081758,4.208e-21
2914.087503,9.704e-25
2914.091062,2.884e-25
2914.092504,5.016e-21
2914.097588,2.836e-25
2914.097952,3.881e-21
2914.10173,4.585e-21
2914.108118,1.093e-25
2914.121194,6.416000000000001e-26
2914.122426,1.938e-22
2914.139949,4.575e-22
2914.150904,1.441e-23
2914.154936,1.877e-22
2914.15836,1.407e-23
2914.159175,3.804e-24
2914.172951,4.405e-22
2914.187078,3.727e-24
2914.191132,1.113e-25
2914.192976,9.471e-24
2914.195558,9.263e-24
2914.215123,1.726e-23
2914.236027,1.124e-25
2914.244761,1.686e-23
2914.266428,1.239e-24
2914.267613,3.306e-24
2914.2723,1.216e-24
2914.276445,1.179e-23
2914.286119,3.658e-24
2914.286129,1.153e-23
2914.289813,7.944e-25
2914.290506,3.584e-24
2914.29873,1.215e-25
2914.302407,6.393e-23
2914.312554,2.314e-25
2914.313472,1.039e-25
2914.314854,7.802e-25
2914.318938,2.275e-25
2914.321733,1.554e-21
2914.333327,6.222e-23
2914.336075,8.063e-24
2914.336711,3.493e-24
2914.346646,4.4179999999999996e-24
2914.351906,1.475e-21
2914.378152,1.438e-24
2914.378843,8.101e-24
2914.38307,7.927e-24
2914.38483,1.237e-25
2914.390647,3.357e-25
2914.403598,8.974e-22
2914.435229,8.589e-22
2914.442646,1.253e-24
2914.44744,1.537e-23
2914.447641,1.5019999999999998e-23
2914.448459,1.634e-25
2914.482888,1.341e-25
2914.486915,3.3440000000000002e-21
2914.488261,7.345e-25
2914.508186,3.123e-21
2914.516264,2.281e-25
2914.52328,1.848e-25
2914.529528,1.818e-25
2914.535831,2.244e-25
2914.536973,1.016e-24
2914.542743,9.978e-25
2914.547762,7.616e-25
2914.557592,2.395e-21
2914.571266,1.709e-23
2914.572276,1.366e-25
2914.574082,1.669e-23
2914.583457,2.257e-21
2914.585909,4.397e-25
2914.595722,3.0559999999999998e-24
2914.596852,8.923e-25
2914.600221,2.996e-24
2914.605695,5.0170000000000005e-26
2914.635302,3.266e-24
2914.643361,6.024e-21
2914.645701,2.273e-23
2914.646078,5.497e-21
2914.652011,5.699e-21
2914.6547,5.204e-21
2914.660541,1.472e-25
2914.662099,2.391e-23
2914.662342,3.201e-24
2914.663134,4.39e-25
2914.679004,1.803e-22
2914.691146,9.904e-24
2914.699562,4.49e-25
2914.70219,1.521e-23
2914.706569,1.2299999999999998e-23
2914.709962,1.7469999999999998e-22
2914.710735,4.526e-25
2914.714653,2.033e-24
2914.718221,9.279e-24
2914.724002,8.623e-25
2914.72902,9.304e-24
2914.729211,1.446e-25
2914.730823,1.4859999999999998e-23
2914.731548,4.358999999999999e-22
2914.752602,1.052e-23
2914.753439,1.5e-25
2914.762669,4.203e-22
2914.763847,1.026e-25
2914.764706,1.74e-23
2914.768527,1.024e-25
2914.790875,4.374e-21
2914.793483,6.677e-25
2914.795699,5.250000000000001e-21
2914.798451,8.298e-25
2914.804085,8.149e-25
2914.804321,4.834e-21
2914.805305,4.058e-21
2914.817737,6.56e-25
2914.819091,5.782e-23
2914.831739,1.607e-25
2914.848793,5.631e-23
2914.850389,9.424e-25
2914.869082,8.464e-24
2914.874939,8.997000000000001e-26
2914.87919,8.285e-24
2914.9198,2.535e-24
2914.92396,2.486e-24
2914.928397,1.637e-25
2914.934062,3.426e-24
2914.93661,6.797e-24
2914.938863,6.654e-24
2914.970083,1.542e-21
2914.987851,2.946e-25
2914.996456,1.743e-25
2914.997903,1.468e-21
2915.00047,3.614e-24
2915.022821,8.716999999999999e-22
2915.029402,3.956e-24
2915.03786,7.218e-24
2915.047087,6.745e-25
2915.052366,8.358e-22
2915.052633,6.6260000000000005e-25
2915.061049,5.769e-24
2915.065231,5.6489999999999996e-24
2915.069623,5.972e-21
2915.075324,5.494e-21
2915.088094,1.978e-23
2915.09715,1.776e-25
2915.102323,2.7899999999999998e-24
2915.104019,1.904e-25
2915.12285,1.874e-25
2915.128555,2.736e-24
2915.154712,1.879e-25
2915.175881,3.417e-21
2915.179698,1.333e-23
2915.195085,3.205e-21
2915.206713,2.1e-24
2915.207395,1.303e-23
2915.21104,2.06e-24
2915.225146,2.41e-21
2915.225362,1.666e-22
2915.237827,1.121e-23
2915.237912,1.097e-23
2915.242382,1.703e-25
2915.248748,2.279e-21
2915.254915,1.6169999999999998e-22
2915.259755,1.913e-25
2915.277849,1.25e-23
2915.281072,1.222e-23
2915.287211,5.458e-25
2915.288124,5.586e-25
2915.292101,4.148e-25
2915.292621,5.363e-25
2915.304687,7.517e-24
2915.306488,2.012e-25
2915.311639,5.49e-25
2915.312712,4.125e-22
2915.314263,7.358e-24
2915.319891,7.24e-24
2915.325567,7.087e-24
2915.325825,5.2e-23
2915.327526,4.24e-25
2915.332477,4.474e-25
2915.342162,3.982e-22
2915.348573,7.631e-25
2915.354407,5.068e-23
2915.367995,1.812e-24
2915.394336,4.639000000000001e-25
2915.413262,1.095e-23
2915.415672,5.972e-24
2915.416232,2.048e-25
2915.425299,7.758000000000001e-26
2915.426216,5.85e-24
2915.451784,2.14e-25
2915.477097,8.728000000000001e-26
2915.481818,8.687e-26
2915.488751,4.493e-21
2915.498407,1.5379999999999998e-23
2915.501802,4.19e-21
2915.513811,4.398e-25
2915.514601,1.725e-24
2915.518532,1.6929999999999998e-24
2915.519145,4.323000000000001e-25
2915.525685,5.419e-21
2915.533126,5.021e-21
2915.560213,2.372e-24
2915.566627,2.1770000000000003e-25
2915.573536,2.575e-25
2915.585686,2.327e-24
2915.590577,2.26e-25
2915.592224,3.524e-24
2915.597299,4.443e-25
2915.607789,1.516e-21
2915.631498,8.401999999999999e-22
2915.633597,1.447e-21
2915.642458,4.788e-24
2915.644381,4.691e-24
2915.647634,1.162e-23
2915.656076,3.712e-24
2915.659218,8.07e-22
2915.674461,1.137e-23
2915.681406,1.582e-25
2915.699554,1.557e-25
2915.699911,3.522e-24
2915.699937,4.0319999999999996e-24
2915.704076,3.952e-24
2915.710974,2.296e-25
2915.722848,2.37e-25
2915.725373,1.378e-25
2915.727289,4.578e-25
2915.727609,6.444e-24
2915.7326,3.527e-25
2915.737794,3.4680000000000003e-25
2915.7615,1.5309999999999998e-22
2915.773674,4.651000000000001e-25
2915.778424,1.417e-24
2915.782583,1.391e-24
2915.789774,5.837e-26
2915.789777,1.4869999999999998e-22
2915.796497,4.573e-25
2915.810258,5.27e-24
2915.820709,5.164e-24
2915.822604,4.652e-23
2915.848563,2.466e-25
2915.84932,2.4e-25
2915.850154,4.536e-23
2915.854216,3.455e-21
2915.87173,3.253e-21
2915.881997,2.402e-21
2915.883445,3.878e-22
2915.903586,9.502e-26
2915.903677,2.278e-21
2915.906769,5.084e-24
2915.911401,3.748e-22
2915.913046,4.981e-24
2915.916298,4.14e-24
2915.921519,3.874e-25
2915.927291,4.059e-24
2915.933128,8.98e-24
2915.936794,8.789e-24
2915.937019,2.8170000000000003e-25
2915.942152,2.771e-25
2915.956075,3.957e-25
2915.961401,6.728e-25
2915.964636,6.664e-26
2915.967681,2.545e-25
2915.98171,2.48e-25
2915.982263,8.029e-24
2915.982341,7.859e-24
2916.008943,2.007e-24
2916.009363,1.6099999999999997e-24
2916.033704,1.969e-24
2916.057302,6.4490000000000004e-21
2916.060332,5.969e-21
2916.070919,1.153e-24
2916.074616,1.132e-24
2916.079751,1.843e-23
2916.080142,2.604e-25
2916.091009,1.042e-25
2916.099055,1.753e-23
2916.101917,6.1e-21
2916.104237,5.648e-21
2916.105988,1.008e-23
2916.108194,2.5060000000000003e-25
2916.109223,9.73e-24
2916.132002,9.868e-24
2916.139483,2.204e-25
2916.14782,2.242e-25
2916.176751,1.361e-23
2916.17692,4.566e-21
2916.176973,7.382000000000001e-26
2916.181704,7.335000000000001e-26
2916.185871,2.64e-25
2916.18884,4.278e-21
2916.193096,2.6440000000000003e-25
2916.197551,5.549e-21
2916.204921,5.169e-21
2916.228611,1.873e-25
2916.229641,8.040999999999999e-22
2916.234871,1.479e-21
2916.245524,3.606e-24
2916.248356,1.309e-25
2916.250077,3.855e-25
2916.255756,7.735e-22
2916.257121,2.742e-25
2916.258946,1.415e-21
2916.265868,1.288e-25
2916.270356,3.63e-24
2916.272249,3.791e-25
2916.281345,3.559e-24
2916.284769,2.6490000000000003e-25
2916.285265,1.224e-25
2916.287419,1.399e-22
2916.295974,2.767e-24
2916.300058,2.714e-24
2916.307002,3.792e-24
2916.309425,4.139e-23
2916.310531,3.311e-24
2916.311223,9.39e-25
2916.312128,3.2469999999999998e-24
2916.314532,1.36e-22
2916.315215,9.224e-25
2916.336022,4.039e-23
2916.343893,2.923e-25
2916.358856,3.234e-24
2916.371094,2.821e-24
2916.3767,2.628e-25
2916.382549,2.768e-24
2916.405623,5.74e-24
2916.418369,5.296e-24
2916.440692,6.277e-21
2916.443745,3.623e-22
2916.446358,5.844e-21
2916.446833,3.5079999999999996e-24
2916.448489,1.69e-24
2916.453126,2.836e-25
2916.453437,3.4389999999999996e-24
2916.461484,2.574e-25
2916.466008,1.536e-23
2916.470362,3.505e-22
2916.47258,1.659e-24
2916.493022,5.702000000000001e-26
2916.508427,1.893e-25
2916.521977,3.46e-21
2916.528174,2.373e-21
2916.536685,6.337e-24
2916.53809,3.269e-21
2916.538869,2.4840000000000003e-25
2916.539563,3.6010000000000004e-25
2916.540825,6.208e-24
2916.54766,1.908e-25
2916.548613,2.251e-21
2916.554749,8.702e-24
2916.556843,2.79e-25
2916.562642,5.91e-25
2916.573217,3.676e-25
2916.57699,1.81e-25
2916.580004,8.523e-24
2916.589177,7.568000000000001e-25
2916.592633,7.437e-25
2916.602388,4.45e-25
2916.608501,2.354e-25
2916.638958,1.425e-24
2916.655177,2.726e-25
2916.669862,2.183e-25
2916.67998,5.644e-24
2916.680098,5.529e-24
2916.685469,2.457e-24
2916.696944,2.411e-24
2916.710802,1.944e-25
2916.713646,8.149000000000001e-26
2916.717275,3.18e-25
2916.722159,1.966e-25
2916.728806,8.444000000000001e-26
2916.73795,4.59e-25
2916.738836,3.1280000000000003e-25
2916.748322,2.63e-25
2916.764118,1.7e-25
2916.780389,1.8899999999999998e-24
2916.786282,3.664e-23
2916.791591,5.435000000000001e-26
2916.792315,1.855e-24
2916.792655,8.639e-24
2916.793515,1.379e-25
2916.803116,1.2709999999999998e-22
2916.804802,1.077e-25
2916.805528,6.111e-25
2916.806022,9.974e-26
2916.80935,6.007e-25
2916.811996,3.578e-23
2916.817257,7.643999999999999e-22
2916.821724,1.061e-25
2916.829167,1.236e-22
2916.836541,2.4960000000000003e-25
2916.841952,7.363e-22
2916.850336,1.863e-24
2916.851347,1.433e-21
2916.853263,4.598e-21
2916.854319,1.829e-24
2916.863516,6.211e-26
2916.864289,4.324e-21
2916.868242,6.165000000000001e-26
2916.873916,1.372e-21
2916.878823,1.416e-24
2916.880424,1.19e-25
2916.889358,3.661e-24
2916.900344,1.204e-23
2916.902283,1.391e-24
2916.919195,5.609e-21
2916.920199,2.32e-25
2916.925482,5.250000000000001e-21
2916.939711,2.379e-24
2916.940681,2.248e-24
2916.94196,2.206e-24
2916.946627,2.334e-24
2916.948549,3.8449999999999996e-24
2916.99361,3.364e-22
2916.993905,7.476e-24
2916.999828,2.097e-25
2917.005441,2.809e-24
2917.018449,7.325e-24
2917.01902,3.258e-22
2917.055873,1.635e-24
2917.064235,1.511e-25
2917.067819,1.605e-24
2917.069817,4.878e-25
2917.072091,5.0999999999999995e-24
2917.073022,4.796e-25
2917.076228,1.822e-25
2917.088261,4.394e-24
2917.092886,4.308e-24
2917.130218,1.5680000000000002e-25
2917.147555,1.241e-24
2917.150683,1.488e-25
2917.152424,5.172e-25
2917.159631,1.219e-24
2917.162299,3.3030000000000003e-25
2917.163696,2.326e-21
2917.175213,2.611e-25
2917.179158,3.435e-21
2917.182512,2.217e-21
2917.194098,3.255e-21
2917.195219,3.371e-25
2917.196199,2.569e-25
2917.225425,1.085e-25
2917.253168,3.227e-23
2917.256944,1.257e-24
2917.261814,3.906e-25
2917.262563,1.68e-25
2917.26546,3.842e-25
2917.278064,3.153e-23
2917.299919,1.181e-24
2917.30479,5.986000000000001e-26
2917.308591,1.1489999999999998e-22
2917.322785,1.161e-24
2917.33021,3.896e-24
2917.330411,3.82e-24
2917.333668,1.118e-22
2917.350686,8.831000000000001e-26
2917.365657,1.038e-25
2917.365997,1.229e-24
2917.367058,8.699000000000001e-26
2917.369747,1.207e-24
2917.381738,1.069e-24
2917.385312,1.585e-24
2917.392549,1.556e-24
2917.394153,1.051e-24
2917.394352,7.218e-22
2917.417784,6.962e-22
2917.423444,6.391e-24
2917.424903,6.643e-21
2917.42828,6.213e-21
2917.447321,6.265e-24
2917.451275,1.432e-23
2917.456573,8.042e-25
2917.457227,1.377e-21
2917.466543,7.661e-24
2917.469197,7.901000000000001e-25
2917.47848,1.322e-21
2917.508942,6.273e-21
2917.509058,1.36e-23
2917.511065,5.868e-21
2917.516237,3.038e-25
2917.520832,4.589e-21
2917.529685,3.7029999999999996e-24
2917.53108,4.331e-21
2917.532572,1.499e-24
2917.533034,3.1049999999999995e-22
2917.533548,1.472e-24
2917.53677,5.2e-26
2917.541486,5.1570000000000007e-26
2917.543674,1.065e-23
2917.544079,7.605e-26
2917.555953,5.643e-21
2917.557354,3.01e-22
2917.562565,5.303e-21
2917.586766,3.884e-24
2917.587725,2.994e-24
2917.592874,2.938e-24
2917.601156,4.414e-25
2917.623838,2.134e-25
2917.640689,2.481e-24
2917.644283,2.101e-25
2917.676066,6.759e-25
2917.699001,6.975000000000001e-26
2917.710079,2.828e-23
2917.711751,9.808e-25
2917.727231,4.521e-24
2917.730854,4.51e-25
2917.734058,9.639e-25
2917.734213,2.764e-23
2917.742754,4.558e-25
2917.767365,6.364e-21
2917.769302,3.024e-25
2917.773123,5.977e-21
2917.783677,1.038e-24
2917.788579,2.2620000000000002e-21
2917.791253,1.02e-24
2917.799154,1.197e-23
2917.801393,3.084e-25
2917.803174,1.446e-25
2917.80384,1.032e-22
2917.806197,2.161e-21
2917.825832,3.383e-21
2917.828021,1.005e-22
2917.839777,3.215e-21
2917.843355,5.438e-24
2917.851627,7.903000000000001e-25
2917.854744,7.771e-25
2917.863456,1.105e-24
2917.866607,5.3319999999999996e-24
2917.885951,7.206000000000001e-26
2917.901809,7.099e-26
2917.932236,2.642e-24
2917.932563,2.592e-24
2917.939562,8.305000000000001e-26
2917.960928,6.773e-22
2917.983232,6.541999999999999e-22
2918.007281,8.627000000000001e-26
2918.035275,2.005e-24
2918.040919,1.968e-24
2918.052517,1.3150000000000001e-21
2918.06201,2.85e-22
2918.063096,1.737e-25
2918.072613,1.264e-21
2918.083034,1.71e-25
2918.085343,2.765e-22
2918.085658,9.82e-25
2918.086354,9.649e-25
2918.114294,8.105e-25
2918.127108,6.782e-24
2918.135387,6.687e-25
2918.136073,7.968e-25
2918.143312,6.573000000000001e-25
2918.157006,2.466e-23
2918.158678,3.716e-24
2918.175467,4.543e-21
2918.180433,2.411e-23
2918.185118,4.301e-21
2918.213687,3.893e-24
2918.253625,4.605e-24
2918.261589,9.405e-24
2918.264512,2.188e-24
2918.273605,5.603e-21
2918.27629,4.517e-24
2918.279077,5.2840000000000004e-21
2918.288859,9.228e-23
2918.298023,3.919e-25
2918.312217,8.994999999999999e-23
2918.332691,1.2410000000000002e-25
2918.342474,4.816e-25
2918.343241,4.745e-25
2918.37111,3.999e-24
2918.387578,2.725e-25
2918.402832,2.185e-21
2918.410544,5.853000000000001e-26
2918.419065,2.778e-25
2918.41942,2.091e-21
2918.425923,5.768e-26
2918.431369,1.319e-24
2918.437457,1.296e-24
2918.458603,9.679e-25
2918.461938,3.307e-21
2918.475035,3.1500000000000004e-21
2918.485384,1.7599999999999998e-24
2918.485878,1.728e-24
2918.492939,1.407e-25
2918.500209,8.522000000000001e-26
2918.507521,6.668e-25
2918.512399,1.385e-25
2918.516987,6.317999999999999e-22
2918.528802,6.557000000000001e-25
2918.538279,6.108999999999999e-22
2918.58053,2.601e-22
2918.59358,4.335000000000001e-25
2918.593945,2.139e-23
2918.599179,6.3180000000000005e-25
2918.599627,6.211e-25
2918.602965,2.526e-22
2918.616711,2.093e-23
2918.637223,1.247e-21
2918.654243,3.881e-24
2918.656297,1.201e-21
2918.676356,3.808e-24
2918.741738,4.483e-25
2918.745447,6.621e-21
2918.749205,6.241e-21
2918.763646,8.207e-23
2918.771565,6.144e-26
2918.775978,1.115e-23
2918.776985,8.529e-25
2918.779739,5.9939999999999996e-24
2918.783388,8.383000000000001e-25
2918.786243,8.005e-23
2918.786327,3.72e-24
2918.822842,4.463e-21
2918.831922,4.237e-21
2918.839452,3.893e-24
2918.851163,1.06e-25
2918.854008,3.394e-25
2918.865925,8.311e-24
2918.870793,5.554e-21
2918.872802,6.236000000000001e-21
2918.874831,5.8790000000000004e-21
2918.875619,1.057e-23
2918.876939,5.255e-21
2918.877014,1.923e-24
2918.891408,5.46e-25
2918.912219,5.371e-25
2918.913316,1.134e-25
2918.932327,1.117e-25
2918.982962,2.461e-25
2918.98565,7.846000000000001e-26
2918.989013,1.152e-24
2918.989716,1.132e-24
2919.003941,3.528e-24
2919.006465,2.096e-21
2919.013665,2.508e-25
2919.020887,1.847e-23
2919.022156,2.01e-21
2919.042479,8.453e-25
2919.043036,1.808e-23
2919.045196,3.2549999999999998e-24
2919.049457,6.252e-21
2919.055387,5.913e-21
2919.062528,5.857999999999999e-22
2919.06679,3.196e-24
2919.072405,3.927e-25
2919.080625,5.319000000000001e-25
2919.082908,5.671e-22
2919.087491,9.323e-24
2919.0876,3.209e-21
2919.088582,2.36e-22
2919.099967,3.063e-21
2919.1102,2.295e-22
2919.162832,6.004000000000001e-26
2919.211348,1.176e-21
2919.228197,7.262e-23
2919.229513,1.1340000000000001e-21
2919.25009,7.087999999999999e-23
2919.265931,4.451e-25
2919.286297,4.379e-25
2919.324182,9.105e-26
2919.342771,8.97e-26
2919.358629,9.029e-26
2919.398873,2.928e-25
2919.399763,3.691e-24
2919.417461,5.286e-24
2919.426473,2.718e-24
2919.437825,1.587e-23
2919.442505,7.408e-25
2919.443458,7.282e-25
2919.447578,2.669e-24
2919.450983,3.858e-24
2919.455431,4.354e-21
2919.459398,1.5539999999999998e-23
2919.464112,4.144e-21
2919.478284,1.686e-24
2919.567383,8.913e-26
2919.579629,4.213e-25
2919.582955,9.249e-26
2919.583026,7.317e-24
2919.586156,2.131e-22
2919.589381,5.425e-21
2919.594237,5.148e-21
2919.59755,5.401e-22
2919.599479,1.997e-21
2919.5997,2.1780000000000003e-25
2919.607026,2.073e-22
2919.614384,1.918e-21
2919.61516,7.357e-25
2919.617106,5.233999999999999e-22
2919.625669,3.104e-24
2919.629931,2.219e-25
2919.631063,3.612e-25
2919.65101,3.555e-25
2919.682506,6.394e-23
2919.702671,3.093e-21
2919.703747,6.243e-23
2919.714407,2.959e-21
2919.725491,7.276e-26
2919.734948,4.3630000000000005e-25
2919.743683,7.17e-26
2919.774893,1.102e-21
2919.792246,1.063e-21
2919.798062,2.259e-24
2919.818705,2.219e-24
2919.844754,1.357e-23
2919.846505,4.605e-25
2919.855119,7.66e-26
2919.865787,1.3299999999999998e-23
2919.932673,2.518e-25
2919.986783,2.918e-25
2920.006333,2.872e-25
2920.015198,3.662e-24
2920.018248,6.408e-21
2920.022422,6.078e-21
2920.04961,4.653e-24
2920.053197,8.667e-24
2920.064733,3.825e-24
2920.0684,1.474e-24
2920.073236,1.914e-22
2920.083142,4.218e-21
2920.091373,4.0240000000000004e-21
2920.093424,1.863e-22
2920.104078,6.256e-26
2920.1172,5.789e-26
2920.122048,4.951999999999999e-22
2920.12657,5.601e-23
2920.135018,5.706e-26
2920.140857,4.802999999999999e-22
2920.14191,5.309e-21
2920.143689,6.453e-24
2920.147205,5.472e-23
2920.147776,5.051e-21
2920.159951,1.869e-24
2920.176713,6.382e-25
2920.180159,1.836e-24
2920.181882,1.891e-21
2920.182211,1.942e-25
2920.193168,6.015e-21
2920.195174,5.706e-21
2920.196093,1.82e-21
2920.198529,8.182e-24
2920.211676,1.978e-25
2920.236577,2.724e-24
2920.241664,1.155e-23
2920.262191,1.132e-23
2920.286778,5.971e-21
2920.292933,5.679e-21
2920.307385,2.962e-21
2920.318568,2.8380000000000002e-21
2920.327856,1.026e-21
2920.330919,7.232e-24
2920.333065,2.346e-25
2920.340661,6.475e-26
2920.344483,9.918e-22
2920.35224,2.31e-25
2920.455455,2.157e-25
2920.512128,1.539e-24
2920.531925,1.513e-24
2920.549807,1.71e-22
2920.559262,4.048e-25
2920.560383,4.882e-23
2920.56937,1.666e-22
2920.580455,4.773e-23
2920.588389,5.995e-26
2920.612091,3.594e-24
2920.62855,9.782e-24
2920.63602,4.515e-22
2920.647421,1.285e-24
2920.648602,9.592e-24
2920.654149,4.383e-22
2920.659848,3.75e-24
2920.66422,4.087e-24
2920.669887,1.878e-25
2920.688708,1.85e-25
2920.693166,4.0600000000000004e-21
2920.701144,3.881e-21
2920.722431,4.199e-25
2920.72719,5.518e-25
2920.75367,1.78e-21
2920.767266,1.7150000000000002e-21
2920.801292,1.688e-25
2920.815271,5.453000000000001e-26
2920.830428,1.718e-25
2920.836439,2.384e-24
2920.854581,1.262e-24
2920.865279,5.656e-24
2920.866889,5.107e-21
2920.870237,9.505e-22
2920.871248,4.871e-21
2920.873991,1.24e-24
2920.88621,9.196e-22
2920.901439,2.818e-21
2920.912141,2.705e-21
2920.96726,1.842e-25
2920.983941,4.235e-23
2920.997226,1.497e-25
2921.003489,4.142e-23
2921.005404,8.247e-24
2921.015713,1.475e-25
2921.015853,1.52e-22
2921.02501,8.09e-24
2921.034842,1.481e-22
2921.13946,4.095e-22
2921.156971,3.979e-22
2921.187299,1.029e-24
2921.206342,1.012e-24
2921.215406,1.116e-24
2921.21601,3.539e-24
2921.242688,6.038e-21
2921.247311,5.756e-21
2921.262262,3.69e-24
2921.26664,4.755e-25
2921.276735,3.5809999999999996e-24
2921.282328,6.703e-24
2921.301917,3.8820000000000004e-21
2921.309512,3.718e-21
2921.314851,1.6660000000000001e-21
2921.31506,1.188e-25
2921.327899,1.607e-21
2921.333231,1.171e-25
2921.368715,1.489e-25
2921.369121,4.941e-21
2921.372218,6.921e-24
2921.374833,4.722e-21
2921.377002,4.975e-24
2921.391405,6.792e-24
2921.397069,1.515e-25
2921.39724,3.656e-23
2921.402033,8.754e-22
2921.416298,3.578e-23
2921.417417,8.477999999999999e-22
2921.425709,2.0809999999999998e-24
2921.468122,1.5670000000000002e-25
2921.469678,5.646e-21
2921.471355,1.344e-22
2921.47171,5.383e-21
2921.477502,6.301e-24
2921.479143,5.5580000000000004e-21
2921.485267,2.665e-21
2921.485559,5.310000000000001e-21
2921.489818,1.311e-22
2921.495539,2.563e-21
2921.510271,8.363000000000001e-25
2921.528967,8.228000000000001e-25
2921.529308,5.576e-24
2921.532428,3.843e-25
2921.623368,9.386e-26
2921.632365,3.695e-22
2921.641239,9.25e-26
2921.649309,3.592e-22
2921.704246,3.994e-25
2921.728986,5.781e-24
2921.747777,5.675e-24
2921.772405,9.676e-25
2921.79503,3.436e-24
2921.795101,4.083e-25
2921.800274,3.141e-23
2921.803246,2.7e-25
2921.818874,3.075e-23
2921.823484,6.764e-25
2921.839594,3.58e-24
2921.841853,6.656e-25
2921.865413,1.5500000000000001e-21
2921.867686,3.129e-24
2921.877988,1.497e-21
2921.888644,3.69e-21
2921.896102,3.541e-21
2921.913446,5.367000000000001e-26
2921.916293,1.1819999999999998e-22
2921.922128,7.382000000000001e-26
2921.923241,8.019e-22
2921.934272,1.154e-22
2921.938092,7.772999999999999e-22
2921.939717,7.278e-26
2921.958068,1.329e-25
2921.995318,1.269e-25
2922.002131,5.470000000000001e-26
2922.003893,1.811e-24
2922.023505,1.291e-25
2922.058303,2.506e-21
2922.068202,2.413e-21
2922.075699,4.807e-24
2922.094119,4.72e-24
2922.106368,4.685e-21
2922.108762,4.335e-24
2922.110306,4.486e-21
2922.114728,3.316e-22
2922.126929,5.446e-25
2922.131153,3.227e-22
2922.144987,5.3599999999999995e-25
2922.193045,2.686e-23
2922.21121,2.631e-23
2922.21132,5.781e-26
2922.228641,5.7e-26
2922.312607,3.495e-25
2922.318428,8.35e-25
2922.350644,1.035e-22
2922.36818,1.011e-22
2922.388445,3.362e-24
2922.405372,1.4340000000000001e-21
2922.412351,3.979e-24
2922.417496,1.387e-21
2922.418249,5.551e-21
2922.419107,9.484e-26
2922.420593,4.3650000000000005e-25
2922.42335,5.313e-21
2922.43042,3.908e-24
2922.431674,3.501e-24
2922.433858,7.306e-22
2922.435666,9.857e-26
2922.437125,1.122e-25
2922.438358,4.298e-25
2922.448224,7.088999999999999e-22
2922.461573,2.728e-24
2922.462861,5.149e-24
2922.479364,3.486e-21
2922.486465,3.3500000000000002e-21
2922.499061,3.6010000000000004e-25
2922.544102,1.109e-25
2922.552224,4.487e-21
2922.557871,4.304e-21
2922.565815,3.803e-24
2922.571449,1.129e-25
2922.571753,1.572e-24
2922.575505,2.286e-23
2922.586544,2.961e-22
2922.593298,2.24e-23
2922.602491,2.883e-22
2922.621318,2.342e-21
2922.626373,5.050000000000001e-21
2922.630877,2.258e-21
2922.633078,4.842e-21
2922.680458,3.75e-25
2922.682519,4.265e-24
2922.701929,5.166000000000001e-21
2922.704031,4.946e-21
2922.704466,3.483e-25
2922.712196,4.8159999999999996e-24
2922.721953,3.43e-25
2922.738935,3.278e-24
2922.756673,3.221e-24
2922.774384,9.019e-23
2922.791513,8.814e-23
2922.819185,2.9810000000000003e-25
2922.853525,7.187e-25
2922.905312,9.447e-26
2922.933878,6.621e-22
2922.934703,1.32e-21
2922.946432,1.277e-21
2922.947721,1.937e-23
2922.947803,6.43e-22
2922.947817,3.23e-24
2922.965131,1.898e-23
2922.978537,2.767e-25
2922.989412,3.359e-24
2922.995761,2.726e-25
2923.020367,6.079000000000001e-26
2923.028032,2.372e-24
2923.030909,6.083e-26
2923.041803,3.276e-21
2923.047804,2.631e-22
2923.048874,3.1530000000000002e-21
2923.055442,2.689e-24
2923.063313,2.563e-22
2923.072869,2.643e-24
2923.095693,6.355e-26
2923.122011,6.202000000000001e-26
2923.128376,1.36e-24
2923.173316,2.177e-21
2923.182581,2.102e-21
2923.18514,9.254e-26
2923.187488,7.819999999999999e-23
2923.204245,7.645999999999999e-23
2923.212512,9.409e-26
2923.242796,2.189e-25
2923.259772,2.157e-25
2923.307905,4.194e-21
2923.309645,1.633e-23
2923.311475,4.03e-21
2923.313687,3.291e-24
2923.31486,2.534e-25
2923.326702,1.601e-23
2923.361867,2.195e-24
2923.362649,7.924000000000001e-26
2923.377739,6.166e-25
2923.378999,2.159e-24
2923.423297,5.969e-22
2923.43682,5.802e-22
2923.453433,1.2080000000000001e-21
2923.459076,3.326e-25
2923.464806,1.1700000000000001e-21
2923.497233,1.7240000000000002e-25
2923.498504,2.326e-22
2923.513608,2.268e-22
2923.513973,1.699e-25
2923.532148,3.147e-24
2923.544547,4.986e-21
2923.55015,4.789e-21
2923.572574,3.272e-24
2923.589927,6.746999999999999e-23
2923.594414,3.923e-24
2923.595414,8.916e-26
2923.604524,2.056e-24
2923.606341,6.6e-23
2923.615699,3.0580000000000002e-21
2923.622403,2.948e-21
2923.651146,3.4710000000000003e-25
2923.658202,1.785e-24
2923.661278,1.371e-23
2923.675035,1.173e-24
2923.675056,1.755e-24
2923.678004,1.344e-23
2923.691009,3.981e-21
2923.696657,3.831e-21
2923.70991,8.044000000000001e-26
2923.71002,2.878e-24
2923.715618,2.0120000000000002e-21
2923.724605,1.945e-21
2923.728297,4.484e-21
2923.735314,4.314e-21
2923.736338,8.178000000000001e-26
2923.741838,1.352e-25
2923.758355,1.332e-25
2923.790412,3.233e-24
2923.799652,2.147e-25
2923.809147,6.622e-26
2923.879766,9.337e-26
2923.889485,4.616e-21
2923.891055,5.272e-25
2923.891691,4.435e-21
2923.90211,5.353999999999999e-22
2923.902215,3.649e-24
2923.915266,5.208e-22
2923.938633,2.046e-22
2923.944441,1.444e-24
2923.953364,1.996e-22
2923.961031,1.421e-24
2923.961519,1.099e-21
2923.972571,1.066e-21
2923.9766,1.055e-25
2923.981674,5.793999999999999e-23
2923.992906,1.04e-25
2923.997777,5.671e-23
2924.002615,1.145e-23
2924.019032,1.124e-23
2924.069541,2.988e-24
2924.108349,3.104e-24
2924.14184,6.853e-26
2924.145337,1.777e-24
2924.152557,2.842e-21
2924.159336,2.7430000000000002e-21
2924.201511,8.202000000000001e-26
2924.210154,1.0079999999999999e-24
2924.217617,8.088e-26
2924.220576,1.164e-24
2924.235464,6.99e-26
2924.236918,1.145e-24
2924.244823,5.514e-26
2924.246532,1.85e-21
2924.255286,1.79e-21
2924.273577,1.812e-25
2924.333653,9.522e-24
2924.349779,9.347e-24
2924.36269,4.951e-23
2924.368188,1.7909999999999998e-22
2924.370311,4.778e-22
2924.374591,6.553e-26
2924.378509,4.849e-23
2924.382573,1.748e-22
2924.38313,4.651e-22
2924.393543,4.493e-25
2924.400874,1.6470000000000002e-25
2924.401277,6.660000000000001e-26
2924.412365,3.024e-25
2924.41656,6.348000000000001e-26
2924.432478,6.260000000000001e-26
2924.459013,9.955999999999998e-22
2924.469772,9.665e-22
2924.471409,3.669e-21
2924.474652,3.535e-21
2924.48006,2.4709999999999998e-24
2924.486601,9.333e-25
2924.502707,9.186e-25
2924.616409,3.164e-25
2924.62136,4.38e-21
2924.627484,4.219e-21
2924.646725,2.905e-24
2924.654387,7.883e-24
2924.656909,1.7260000000000002e-25
2924.670239,7.741e-24
2924.676754,2.961e-24
2924.684537,3.017e-24
2924.705957,1.532e-24
2924.711161,2.624e-21
2924.717536,2.536e-21
2924.732952,4.212e-23
2924.735822,8.642000000000001e-25
2924.73665,1.524e-25
2924.742509,7.453e-25
2924.748512,4.126e-23
2924.758393,7.337e-25
2924.768248,1.692e-21
2924.776769,1.6390000000000001e-21
2924.784762,3.897e-21
2924.785257,3.4540000000000004e-21
2924.787155,1.56e-22
2924.790958,3.333e-21
2924.792107,3.759e-21
2924.80122,1.5239999999999998e-22
2924.809475,2.155e-24
2924.827895,4.243e-22
2924.840404,4.133e-22
2924.852849,2.426e-24
2924.867538,5.68e-26
2924.885148,3.817e-25
2924.893116,5.772000000000001e-26
2924.945835,8.97e-22
2924.95633,8.714999999999999e-22
2924.964812,6.496e-24
2924.980406,6.381e-24
2924.988294,5.925000000000001e-25
2925.003968,5.835e-25
2925.031868,4.032e-21
2925.034213,3.886e-21
2925.04712,2.736e-24
2925.092404,3.566e-23
2925.107733,3.494e-23
2925.159114,2.724e-24
2925.188882,1.278e-25
2925.195284,2.827e-24
2925.195534,1.3529999999999998e-22
2925.197134,2.619e-25
2925.209301,1.322e-22
2925.219612,1.316e-24
2925.220792,2.413e-21
2925.22395,4.69e-25
2925.227353,2.335e-21
2925.239424,4.62e-25
2925.246266,7.676e-26
2925.249445,7.383e-25
2925.25845,9.812e-26
2925.264924,5.33e-24
2925.274854,3.749e-22
2925.276579,1.021e-25
2925.278006,1.539e-21
2925.280275,5.237e-24
2925.286342,1.492e-21
2925.287079,3.655e-22
2925.342526,7.833000000000001e-26
2925.358785,2.702e-25
2925.365978,3.231e-25
2925.422081,8.041999999999999e-22
2925.422594,8.368000000000001e-26
2925.430062,2.742e-25
2925.432333,7.818999999999999e-22
2925.441034,3.004e-23
2925.44947,3.697e-25
2925.456154,2.946e-23
2925.464756,3.642e-25
2925.499504,8.775e-26
2925.554719,4.3529999999999996e-24
2925.569841,4.279e-24
2925.576364,2.835e-25
2925.593305,1.1669999999999998e-22
2925.596596,3.138e-21
2925.599547,3.032e-21
2925.606796,1.1409999999999998e-22
2925.607682,1.835e-24
2925.630284,1.067e-25
2925.648646,3.767e-21
2925.6553,3.638e-21
2925.664849,2.901e-25
2925.679956,2.858e-25
2925.709822,2.212e-24
2925.711182,3.297e-22
2925.723145,3.2159999999999995e-22
2925.731732,2.65e-24
2925.754352,6.287000000000001e-25
2925.766018,2.204e-21
2925.766233,1.127e-24
2925.767087,2.75e-24
2925.77211,2.134e-21
2925.778761,2.52e-23
2925.779309,1.392e-21
2925.787442,1.351e-21
2925.793697,2.472e-23
2925.795625,3.315e-21
2925.803314,3.206e-21
2925.834192,3.539e-24
2925.834749,2.934e-21
2925.83592,2.726e-25
2925.840539,2.837e-21
2925.8491,3.48e-24
2925.86401,1.5949999999999999e-24
2925.869704,1.7999999999999997e-24
2925.87008,2.266e-25
2925.885019,2.234e-25
2925.887616,7.173e-22
2925.897648,6.98e-22
2925.980472,1.002e-22
2925.985007,3.789e-25
2925.993706,9.807e-23
2926.060862,8.884000000000001e-26
2926.065157,1.763e-25
2926.079937,1.738e-25
2926.103341,2.8649999999999998e-24
2926.105593,2.104e-23
2926.118045,2.818e-24
2926.120366,2.064e-23
2926.128564,3.447e-21
2926.131081,3.329e-21
2926.136872,2.885e-22
2926.146428,2.0299999999999998e-24
2926.148593,2.816e-22
2926.198675,3.96e-25
2926.215246,2.449e-24
2926.24637,2.0060000000000002e-21
2926.246434,5.3360000000000005e-25
2926.248895,2.5399999999999998e-24
2926.250076,1.365e-25
2926.250814,9.63e-25
2926.25277,1.945e-21
2926.264705,1.346e-25
2926.2678,1.254e-21
2926.275788,1.218e-21
2926.295143,2.291e-25
2926.298151,2.366e-25
2926.342602,6.366e-22
2926.344213,8.546e-26
2926.352432,6.2e-22
2926.35701,8.569e-23
2926.36216,2.309e-24
2926.370004,8.387e-23
2926.376673,2.2719999999999998e-24
2926.421408,1.748e-23
2926.424831,1.053e-25
2926.436042,1.716e-23
2926.439318,1.038e-25
2926.443232,8.725e-26
2926.480623,7.367000000000001e-26
2926.531163,2.4910000000000003e-25
2926.551918,2.513e-22
2926.563415,2.454e-22
2926.589417,8.085000000000001e-26
2926.603769,7.975e-26
2926.610648,1.853e-24
2926.62498,1.8229999999999998e-24
2926.626542,3.174e-21
2926.633728,3.072e-21
2926.682989,2.628e-21
2926.685683,2.544e-21
2926.693727,1.635e-24
2926.69615,1.346e-24
2926.722931,7.291e-23
2926.726256,1.445e-23
2926.730852,4.513e-25
2926.735703,7.139e-23
2926.74077,1.42e-23
2926.743447,1.92e-25
2926.743828,6.182000000000001e-26
2926.748921,1.123e-21
2926.756726,1.092e-21
2926.758052,6.099000000000001e-26
2926.760764,2.764e-21
2926.765023,5.134e-25
2926.768808,2.6780000000000002e-21
2926.780566,1.813e-21
2926.785712,8.192000000000001e-25
2926.786403,1.759e-21
2926.786654,2.394e-24
2926.786818,5.623e-22
2926.796464,5.479e-22
2926.819687,2.482e-24
2926.839259,2.441e-21
2926.840864,1.321e-24
2926.84517,2.365e-21
2926.8488,1.48e-24
2926.862961,1.457e-24
2926.873435,1.167e-24
2926.889569,6.087000000000001e-26
2926.95631,2.178e-22
2926.962365,5.356e-25
2926.9676,2.128e-22
2927.019944,1.19e-23
2927.034364,1.169e-23
2927.076613,1.177e-24
2927.078195,6.174999999999999e-23
2927.090614,1.159e-24
2927.090758,6.049e-23
2927.179019,2.884e-21
2927.181101,1.603e-25
2927.181739,2.793e-21
2927.199611,1.488e-24
2927.201287,3.805e-25
2927.215988,1.001e-21
2927.220535,4.942e-22
2927.223681,9.74e-22
2927.229132,1.634e-21
2927.23001,4.818999999999999e-22
2927.230215,2.025e-25
2927.235417,1.587e-21
2927.236414,2.175e-24
2927.238858,6.9550000000000005e-25
2927.267629,2.253e-24
2927.287706,5.0120000000000005e-26
2927.294085,9.321e-25
2927.302605,9.752e-24
2927.307934,9.178e-25
2927.316946,9.584e-24
2927.350043,1.879e-22
2927.361141,1.837e-22
2927.422834,5.206e-23
2927.435203,5.102e-23
2927.435706,9.457e-26
2927.480999,2.14e-25
2927.501212,7.349e-25
2927.514919,7.238000000000001e-25
2927.537548,6.6260000000000005e-25
2927.537618,9.66e-26
2927.555351,2.622e-21
2927.563063,2.543e-21
2927.573918,7.953e-24
2927.586885,4.459e-25
2927.588208,7.819e-24
2927.607772,1.333e-25
2927.628732,1.195e-24
2927.643391,4.323e-22
2927.652712,4.218e-22
2927.665548,3.196e-25
2927.677229,8.879e-22
2927.680084,2.259e-21
2927.68475,8.644e-22
2927.688489,2.193e-21
2927.697994,5.769e-25
2927.711566,5.683e-25
2927.720855,6.898000000000001e-25
2927.729932,2.154e-21
2927.732404,2.0900000000000002e-21
2927.733106,1.6129999999999998e-22
2927.744025,1.578e-22
2927.744875,9.743e-25
2927.755124,1.461e-21
2927.756781,4.369e-23
2927.760723,1.4200000000000003e-21
2927.764763,5.876e-25
2927.766238,9.572e-25
2927.768967,4.283e-23
2927.798569,1.9900000000000003e-21
2927.804617,1.932e-21
2927.810873,2.145e-24
2927.834174,6.458e-24
2927.83754,8.424e-25
2927.841694,2.223e-24
2927.848424,6.351e-24
2927.884426,4.509e-25
2927.893905,1.3e-25
2927.897871,4.443e-25
2927.972667,1.373e-25
2928.023892,1.106e-25
2928.055834,3.764e-22
2928.060509,3.509e-25
2928.065008,3.674e-22
2928.073835,3.4580000000000003e-25
2928.075827,9.857e-26
2928.0801,3.65e-23
2928.082827,5.218e-24
2928.092116,3.58e-23
2928.096118,1.028e-25
2928.097072,5.134e-24
2928.105494,1.3789999999999998e-22
2928.114169,2.676e-25
2928.116248,1.3489999999999998e-22
2928.122656,7.836999999999999e-22
2928.130096,7.634999999999999e-22
2928.154638,1.687e-25
2928.168894,1.305e-21
2928.175102,1.269e-21
2928.180525,6.204e-26
2928.182642,2.365e-21
2928.18362,4.957000000000001e-25
2928.185599,2.294e-21
2928.206106,1.078e-24
2928.220818,1.909e-24
2928.22624,2.719e-25
2928.239453,2.6799999999999998e-25
2928.24966,1.976e-24
2928.302836,8.229000000000001e-25
2928.320452,4.198e-24
2928.334694,4.132e-24
2928.381618,2.098e-25
2928.392681,3.035e-23
2928.394725,2.068e-25
2928.404538,2.978e-23
2928.426127,1.791e-25
2928.428922,9.132e-26
2928.435512,2.124e-21
2928.44373,2.064e-21
2928.457286,3.2609999999999995e-22
2928.466331,3.186e-22
2928.467194,1.173e-22
2928.473938,8.552e-25
2928.477793,1.148e-22
2928.515221,8.627e-25
2928.520768,1.04e-25
2928.526641,1.612e-25
2928.539649,1.589e-25
2928.546116,3.361e-24
2928.553824,1.808e-21
2928.558684,2.232e-25
2928.560399,3.3089999999999996e-24
2928.562409,1.76e-21
2928.564414,6.881999999999999e-22
2928.571682,6.709e-22
2928.625716,1.063e-25
2928.645883,6.848e-25
2928.661312,1.233e-25
2928.674227,1.216e-25
2928.690032,1.154e-21
2928.694645,2.513e-23
2928.695401,1.124e-21
2928.703759,4.158e-25
2928.706351,2.466e-23
2928.712471,1.591e-21
2928.718652,1.5470000000000001e-21
2928.736618,1.731e-21
2928.738905,1.682e-21
2928.753117,6.9620000000000005e-25
2928.756086,6.001e-25
2928.760887,2.679e-24
2928.775201,2.639e-24
2928.785627,9.389e-26
2928.798454,9.262e-26
2928.803612,1.912e-24
2928.818202,9.932e-23
2928.823533,7.516000000000001e-26
2928.828657,9.727e-23
2928.832306,1.981e-24
2928.848447,2.813e-22
2928.857366,2.7489999999999995e-22
2928.89959,7.121000000000001e-26
2928.912336,7.026e-26
2928.963179,2.125e-24
2928.977585,2.093e-24
2928.985249,1.855e-25
2928.985807,2.071e-23
2928.987916,6.016e-22
2928.995132,5.868999999999999e-22
2928.997373,2.033e-23
2929.003197,5.377000000000001e-26
2929.015867,5.306e-26
2929.061072,9.907e-25
2929.065453,1.022e-21
2929.070946,1.36e-25
2929.071615,9.952e-22
2929.084945,3.485e-25
2929.138809,1.901e-21
2929.142038,1.848e-21
2929.154897,1.679e-24
2929.158505,8.372e-23
2929.165312,7.711e-25
2929.166345,1.657e-24
2929.168825,8.202999999999999e-23
2929.169363,1.654e-24
2929.19285,1.713e-24
2929.206888,6.164e-26
2929.221455,1.028e-24
2929.228431,2.414e-22
2929.237241,2.361e-22
2929.266381,1.699e-23
2929.267558,1.689e-21
2929.276239,1.643e-21
2929.277815,1.669e-23
2929.333367,1.319e-24
2929.34798,1.2999999999999998e-24
2929.353631,6.158e-25
2929.366892,1.451e-25
2929.380619,1.424e-21
2929.389751,1.387e-21
2929.410528,1.536e-25
2929.410696,5.231999999999999e-22
2929.417731,5.107e-22
2929.478986,4.841e-25
2929.488094,7.024999999999999e-23
2929.498288,6.885999999999999e-23
2929.501882,1.032e-24
2929.516575,1.018e-24
2929.536064,1.388e-23
2929.547375,1.3639999999999998e-23
2929.580024,5.037e-26
2929.580834,1.248e-21
2929.585639,8.943e-22
2929.587051,1.215e-21
2929.590778,8.716999999999999e-22
2929.59832,2.063e-22
2929.599421,1.137e-25
2929.603073,2.902e-25
2929.607019,2.018e-22
2929.628743,4.211e-25
2929.655997,8.033e-25
2929.670897,7.925e-25
2929.702133,1.363e-21
2929.704276,1.3270000000000001e-21
2929.707562,1.1620000000000002e-25
2929.720023,4.908e-25
2929.763831,1.701e-24
2929.790459,1.761e-24
2929.795218,1.129e-23
2929.801246,6.231e-25
2929.806411,1.109e-23
2929.806962,5.868e-23
2929.811907,4.53e-22
2929.812392,1.162e-24
2929.814716,1.268e-25
2929.816236,6.149e-25
2929.817037,5.754e-23
2929.818921,4.424e-22
2929.905379,1.348e-24
2929.918587,7.847999999999999e-22
2929.924732,7.653999999999999e-22
2929.930362,4.803e-25
2929.942651,2.417e-25
2929.945629,4.741e-25
2929.956759,1.7539999999999998e-22
2929.963284,1.2039999999999999e-24
2929.965368,1.7169999999999998e-22
2929.978455,1.053e-25
2930.043352,9.14e-24
2930.046869,1.499e-21
2930.050405,1.459e-21
2930.05207,1.3180000000000001e-21
2930.052423,3.693e-25
2930.054436,8.985e-24
2930.06108,1.283e-21
2930.067771,3.646e-25
2930.07052,1.422e-24
2930.076603,5.445e-25
2930.094696,1.4699999999999999e-24
2930.115091,4.88e-23
2930.125054,4.786e-23
2930.144292,4.349000000000001e-25
2930.155752,2.8180000000000003e-25
2930.161953,1.1e-21
2930.171458,2.784e-25
2930.171497,1.072e-21
2930.216344,3.902e-22
2930.22139,1.042e-25
2930.223158,3.813e-22
2930.254906,2.148e-25
2930.266532,3.377e-25
2930.270661,2.123e-25
2930.281063,7.368e-24
2930.292038,7.245e-24
2930.303772,1.131e-25
2930.305391,1.485e-22
2930.313901,1.454e-22
2930.33147,1.623e-25
2930.34768,1.604e-25
2930.404488,9.588e-22
2930.40828,1.227e-25
2930.409594,9.362999999999998e-22
2930.412487,4.04e-23
2930.422342,3.964e-23
2930.424473,1.213e-25
2930.430818,2.621e-25
2930.442292,6.797e-22
2930.447196,6.632999999999999e-22
2930.454641,2.894e-25
2930.456854,9.171e-26
2930.463072,1.997e-25
2930.473619,9.072e-26
2930.507568,5.9129999999999996e-24
2930.511527,2.8160000000000003e-25
2930.512254,6.882000000000001e-26
2930.518439,5.816e-24
2930.528898,6.808e-26
2930.531293,5.087e-26
2930.54865,5.0360000000000005e-26
2930.556898,1.3319999999999999e-24
2930.586921,5.805000000000001e-26
2930.594813,3.346e-22
2930.601637,3.272e-22
2930.602791,8.541e-26
2930.625502,1.053e-21
2930.62754,1.026e-21
2930.642191,1.2519999999999998e-22
2930.644674,3.412e-25
2930.650625,1.2259999999999998e-22
2930.668637,5.963e-26
2930.671686,1.234e-25
2930.690066,1.513e-24
2930.699108,3.329e-23
2930.699341,1.379e-24
2930.708858,3.268e-23
2930.714654,1.567e-24
2930.723824,4.725e-24
2930.728057,5.914999999999999e-22
2930.734208,5.776e-22
2930.734643,4.648e-24
2930.756533,1.653e-25
2930.783189,1.263e-25
2930.789639,1.0090000000000001e-21
2930.797795,9.829e-22
2930.862442,9.605e-26
2930.876141,7.727000000000001e-26
2930.885517,1.004e-25
2930.886046,3.058e-25
2930.897134,8.337999999999999e-22
2930.906156,1.16e-21
2930.907073,8.137e-22
2930.910034,1.13e-21
2930.928599,3.759e-24
2930.930459,1.209e-24
2930.939324,3.6989999999999996e-24
2930.939332,3.794e-25
2930.952291,1.248e-24
2930.969597,1.05e-22
2930.974995,2.731e-23
2930.977942,1.029e-22
2930.981688,2.855e-22
2930.984639,2.682e-23
2930.988285,2.792e-22
2930.991627,6.968000000000001e-26
2931.007949,2.3240000000000003e-25
2931.023054,7.985e-26
2931.107454,1.6159999999999998e-22
2931.123406,2.978e-24
2931.134041,2.931e-24
2931.18607,7.08e-22
2931.207031,5.6400000000000015e-22
2931.237452,8.366000000000001e-26
2931.24005,2.231e-23
2931.249945,1.674e-23
2931.260317,5.067999999999999e-22
2931.264977,4.950999999999999e-22
2931.272006,1.6490000000000002e-25
2931.284093,1.354e-25
2931.284636,8.769e-23
2931.29292,8.597e-23
2931.294665,1.498e-24
2931.296904,1.453e-24
2931.306331,2.349e-24
2931.316893,2.312e-24
2931.336878,2.425e-22
2931.343517,2.374e-22
2931.349749,5.667000000000001e-26
2931.429126,1.5299999999999999e-24
2931.461389,7.024e-26
2931.463134,5.74e-22
2931.479718,1.844e-24
2931.480826,7.590999999999999e-22
2931.490202,1.816e-24
2931.49361,4.376e-22
2931.494394,1.814e-23
2931.499789,4.277e-22
2931.503742,1.782e-23
2931.505726,7.973e-22
2931.5077,7.781e-22
2931.526123,2.3390000000000003e-25
2931.526365,1.114e-25
2931.562711,1.6700000000000001e-22
2931.580132,1.352e-24
2931.586159,6.206e-22
2931.59087,7.29e-23
2931.594036,1.927e-25
2931.596495,6.063999999999999e-22
2931.59907,7.149999999999999e-23
2931.602658,1.3999999999999999e-24
2931.640642,1.442e-24
2931.651063,1.42e-24
2931.703252,1.578e-25
2931.707132,2.049e-22
2931.71351,2.007e-22
2931.715998,8.802999999999999e-22
2931.71806,7.084e-26
2931.720254,8.59e-22
2931.737581,1.331e-25
2931.737807,1.469e-23
2931.742824,1.016e-24
2931.74311,1.272e-23
2931.752848,2.608e-25
2931.762274,1.048e-24
2931.762388,5.271e-26
2931.778324,1.713e-24
2931.792671,1.123e-24
2931.797984,7.286e-26
2931.803023,1.106e-24
2931.852631,1.363e-25
2931.883998,6.033999999999999e-23
2931.89215,5.92e-23
2931.909743,5.378e-22
2931.916276,5.256e-22
2931.931402,8.703e-25
2931.941699,8.575e-25
2931.970588,1.184e-23
2931.975689,1.384e-25
2931.980227,1.163e-23
2932.025749,1.655e-24
2932.038435,1.725e-22
2932.039998,3.709e-22
2932.044405,3.627e-22
2932.044888,1.689e-22
2932.062184,6.717e-25
2932.066435,9.054e-26
2932.072416,6.62e-25
2932.126147,5.609e-22
2932.136136,5.481e-22
2932.153575,1.704e-24
2932.16896,5.766e-26
2932.169138,4.972e-23
2932.177209,4.879e-23
2932.178477,5.163e-25
2932.188664,5.089e-25
2932.192246,9.502e-24
2932.201714,9.342e-24
2932.214983,3.178e-22
2932.221207,3.11e-22
2932.229015,4.537999999999999e-22
2932.239748,4.438e-22
2932.242317,1.363e-25
2932.251906,7.404e-26
2932.288182,3.951e-25
2932.298308,3.895e-25
2932.341825,5.926e-22
2932.343776,5.79e-22
2932.352427,1.057e-25
2932.363437,1.581e-25
2932.381723,3.011e-25
2932.391812,2.9690000000000003e-25
2932.393172,1.443e-22
2932.399318,1.415e-22
2932.403472,7.592999999999999e-24
2932.411333,5.463000000000001e-26
2932.412834,7.468e-24
2932.430617,1.218e-24
2932.440164,4.078e-23
2932.442071,5.236e-26
2932.448202,4.004e-23
2932.450994,1.261e-24
2932.470603,2.284e-25
2932.475739,6.561e-22
2932.48041,6.408999999999999e-22
2932.480631,2.253e-25
2932.503804,8.43e-25
2932.516513,1.769e-25
2932.520814,8.693e-25
2932.54099,1.7260000000000002e-25
2932.550991,1.703e-25
2932.59274,3.917e-22
2932.600021,3.831e-22
2932.603173,6.04e-24
2932.609395,1.299e-25
2932.612479,5.942e-24
2932.619336,1.281e-25
2932.656118,9.73e-26
2932.662972,9.171e-26
2932.666041,9.602e-26
2932.690045,6.357e-26
2932.699953,1.203e-22
2932.704326,3.33e-23
2932.704525,7.258e-26
2932.706206,1.179e-22
2932.712281,3.27e-23
2932.714385,7.163000000000001e-26
2932.72035,6.253000000000001e-26
2932.726074,4.071e-22
2932.726939,5.393000000000001e-26
2932.736792,5.323e-26
2932.736963,3.983e-22
2932.750193,1.7999999999999997e-24
2932.781553,2.664e-22
2932.785695,2.607e-22
2932.792936,4.785e-24
2932.797121,1.426e-25
2932.802158,4.708e-24
2932.810324,5.964000000000001e-26
2932.825691,3.26e-22
2932.836825,3.191e-22
2932.848494,9.143e-26
2932.871777,1.852e-24
2932.889403,8.42e-26
2932.891902,2.267e-22
2932.898188,2.22e-22
2932.91592,1.461e-25
2932.953014,2.708e-23
2932.955464,6.978000000000001e-26
2932.96095,2.66e-23
2932.967684,8.672e-26
2932.970209,3.7719999999999996e-24
2932.979428,3.713e-24
2932.983039,7.026e-26
2933.013298,7.047e-26
2933.022824,9.777e-26
2933.02304,1.142e-24
2933.04041,9.975e-23
2933.046306,9.784e-23
2933.104734,1.31e-24
2933.13286,4.323e-22
2933.134829,4.228e-22
2933.138859,2.963e-24
2933.14797,2.918e-24
2933.155716,1.053e-25
2933.18476,4.801999999999999e-22
2933.18988,4.695999999999999e-22
2933.196355,2.192e-23
2933.204203,2.154e-23
2933.209139,6.893000000000001e-25
2933.22364,7.1e-25
2933.229448,2.802e-22
2933.22972,1.183e-25
2933.236025,1.107e-24
2933.237128,2.743e-22
2933.254054,1.147e-24
2933.281073,2.903e-22
2933.285441,7.372000000000001e-26
2933.292001,2.313e-24
2933.292481,2.842e-22
2933.301307,2.2779999999999998e-24
2933.30443,6.01e-26
2933.316113,7.516000000000001e-26
2933.3221,8.229999999999999e-23
2933.328128,8.075999999999999e-23
2933.37619,2.301e-22
2933.387724,2.254e-22
2933.410156,6.026000000000001e-26
2933.422412,1.7669999999999998e-23
2933.430257,1.7359999999999998e-23
2933.441112,1.804e-24
2933.450129,1.777e-24
2933.468027,1.929e-24
2933.485104,1.878e-22
2933.488973,1.84e-22
2933.524091,1.588e-22
2933.530451,1.556e-22
2933.536356,1.2679999999999999e-24
2933.556692,1.307e-24
2933.583898,1.984e-24
2933.591846,7.336e-26
2933.610285,9.061e-26
2933.623476,7.591000000000001e-26
2933.636807,9.495e-26
2933.645144,1.417e-23
2933.649584,6.761e-23
2933.652893,1.393e-23
2933.655204,6.637e-23
2933.699557,1.079e-24
2933.708491,1.064e-24
2933.791762,2.034e-22
2933.803587,1.993e-22
2933.819411,1.969e-22
2933.82347,8.262e-25
2933.827433,1.929e-22
2933.833069,8.138e-25
2933.842506,3.452e-22
2933.848106,3.379e-22
2933.848206,1.132e-23
2933.850322,1.517e-25
2933.854242,5.528e-25
2933.85597,1.114e-23
2933.866169,5.686e-25
2933.87795,3.096e-22
2933.879973,3.0309999999999995e-22
2933.880516,1.596e-22
2933.891923,7.801e-26
2933.892452,1.5649999999999998e-22
2933.89652,6.913e-26
2933.902114,6.91e-26
2933.905855,5.519e-23
2933.911616,5.42e-23
2933.914039,6.349e-25
2933.9229,6.259000000000001e-25
2933.929759,7.255e-26
2933.973092,1.555e-25
2933.987416,1.015e-24
2934.002745,1.051e-24
2934.012589,4.833e-25
2934.021571,4.765e-25
2934.050609,9.006e-24
2934.058265,8.859e-24
2934.084396,3.671e-25
2934.09319,3.62e-25
2934.100667,9.739e-26
2934.111276,1.092e-22
2934.117713,1.0709999999999998e-22
2934.15065,1.3e-22
2934.154239,1.2749999999999998e-22
2934.160583,2.773e-25
2934.169406,2.735e-25
2934.177479,1.005e-25
2934.179273,2.041e-24
2934.193601,6.147000000000001e-26
2934.210444,2.087e-25
2934.219179,2.059e-25
2934.22159,4.494e-23
2934.226899,4.415e-23
2934.229243,6.547000000000001e-26
2934.230229,7.134e-24
2934.237921,7.019e-24
2934.259596,1.399e-22
2934.265083,1.5630000000000002e-25
2934.271714,1.3719999999999998e-22
2934.27381,1.542e-25
2934.289902,2.097e-24
2934.291984,1.167e-25
2934.300666,1.151e-25
2934.325553,8.666000000000001e-26
2934.328794,6.412e-26
2934.334202,8.553000000000001e-26
2934.337427,6.33e-26
2934.338684,1.088e-22
2934.351022,1.068e-22
2934.362474,1.359e-22
2934.370789,1.333e-22
2934.412665,5.624e-24
2934.42023,5.5349999999999996e-24
2934.434483,4.323000000000001e-25
2934.443795,4.439e-25
2934.448512,2.438e-22
2934.452695,3.624e-23
2934.45462,2.388e-22
2934.45812,3.562e-23
2934.477277,5.1330000000000006e-26
2934.50266,5.0740000000000007e-26
2934.516329,5.555e-26
2934.568298,4.417e-24
2934.575923,4.348e-24
2934.576273,2.177e-22
2934.578388,2.133e-22
2934.6532,7.382e-23
2934.659692,7.245e-23
2934.67081,9.242e-25
2934.682916,9.557e-25
2934.693438,9.36e-23
2934.704863,9.199e-23
2934.731224,3.4509999999999996e-24
2934.7387,3.398e-24
2934.750714,7.292e-23
2934.75751,2.927e-23
2934.762465,2.878e-23
2934.763453,7.158e-23
2934.778041,8.838e-23
2934.781349,8.672e-23
2934.858367,9.223e-23
2934.862208,2.688e-24
2934.867069,9.05e-23
2934.869773,2.647e-24
2934.883944,2.133e-24
2934.897196,1.603e-25
2934.945663,3.27e-25
2934.952373,3.351e-25
2934.964893,2.326e-23
2934.969872,2.288e-23
2934.989744,2.189e-24
2934.994457,5.934e-23
2935.001071,5.732e-23
2935.002436,1.692e-22
2935.006199,2.082e-24
2935.009071,1.659e-22
2935.013585,2.051e-24
2935.024179,1.6440000000000002e-25
2935.111733,1.607e-24
2935.116631,4.804e-23
2935.119243,1.584e-24
2935.129771,4.719e-23
2935.14969,4.902e-23
2935.156111,4.814e-23
2935.227066,1.504e-22
2935.229309,1.474e-22
2935.2375,1.235e-24
2935.244793,1.216e-24
2935.258635,1.867e-23
2935.263186,1.837e-23
2935.26716,8.121e-25
2935.275485,8.372e-25
2935.307125,6.149999999999999e-23
2935.316165,6.039e-23
2935.316627,9.451e-25
2935.324086,9.316e-25
2935.351259,1.095e-25
2935.360434,4.113e-23
2935.366958,5.9e-23
2935.36999,5.793e-23
2935.373487,4.039e-23
2935.384651,2.375e-25
2935.388849,2.428e-25
2935.425037,7.195000000000001e-25
2935.426802,1.131e-25
2935.432234,7.093e-25
2935.436477,3.112e-23
2935.446055,1.454e-23
2935.450015,3.058e-23
2935.450412,1.432e-23
2935.476619,5.463e-25
2935.484031,5.386e-25
2935.504082,1.154e-22
2935.511251,1.132e-22
2935.56872,4.122e-25
2935.575814,4.066e-25
2935.58205,2.204e-24
2935.59141,3.104e-25
2935.598779,3.062e-25
2935.60155,3.196e-23
2935.606697,3.143e-23
2935.650778,2.654e-23
2935.660678,1.734e-25
2935.661197,5.145e-26
2935.664595,2.609e-23
2935.668007,1.711e-25
2935.668455,2.3220000000000003e-25
2935.668459,5.08e-26
2935.675439,2.291e-25
2935.683387,2.26e-24
2935.684068,9.526e-26
2935.691362,9.403e-26
2935.708605,4.031e-23
2935.710309,1.982e-23
2935.71799,3.96e-23
2935.724148,1.286e-25
2935.724242,1.949e-23
2935.726464,1.165e-23
2935.73056,1.147e-23
2935.731013,1.269e-25
2935.7357,7.001e-26
2935.742455,6.911e-26
2935.749951,1.6440000000000002e-25
2935.751812,1.677e-25
2935.757884,6.597000000000001e-25
2935.762243,6.77e-25
2935.769752,4.7e-24
2935.829616,1.02e-22
2935.832022,1.001e-22
2935.848469,3.826e-24
2935.893127,1.6809999999999998e-23
2935.901992,8.805e-24
2935.905448,8.684e-24
2935.907356,1.653e-23
2935.916902,3.868e-23
2935.919668,3.8e-23
2935.937752,1.681e-25
2935.938232,1.241e-23
2935.952556,1.221e-23
2935.953426,7.739e-23
2935.961104,7.596999999999999e-23
2935.989319,1.932e-23
2936.011192,2.017e-23
2936.01525,4.283e-25
2936.041652,1.1e-25
2936.041894,1.0810000000000002e-25
2936.062743,2.597e-23
2936.069215,1.7260000000000002e-25
2936.072479,2.553e-23
2936.089499,1.046e-23
2936.08995,1.619e-25
2936.098361,6.484e-25
2936.10414,1.029e-23
2936.107415,1.597e-25
2936.120477,7.645e-24
2936.135178,7.524e-24
2936.135778,4.819e-25
2936.136677,4.923e-25
2936.162659,7.096e-24
2936.166253,6.993e-24
2936.194583,2.372e-25
2936.211923,2.3390000000000003e-25
2936.230265,2.948e-25
2936.240429,6.399e-24
2936.247314,2.908e-25
2936.255471,6.2989999999999996e-24
2936.257706,4.63e-24
2936.260164,6.843e-26
2936.262267,6.745e-26
2936.272742,4.558e-24
2936.273591,2.252e-24
2936.312105,8.255000000000001e-26
2936.31554,4.28e-25
2936.323386,5.281000000000001e-25
2936.332503,4.22e-25
2936.339969,5.207e-25
2936.342103,5.11e-24
2936.342804,8.675000000000001e-26
2936.344226,5.049e-24
2936.346056,3.851e-24
2936.350627,5.101e-23
2936.353118,2.753e-24
2936.358677,5.01e-23
2936.361488,3.792e-24
2936.363664,1.292e-23
2936.365802,9.286e-25
2936.368229,2.712e-24
2936.369349,1.272e-23
2936.369499,1.6449999999999998e-23
2936.370787,2.307e-24
2936.379592,1.618e-23
2936.381584,9.149e-25
2936.38325,6.798e-23
2936.385853,6.674999999999999e-23
2936.391161,7.598e-25
2936.406398,2.279e-24
2936.407575,3.244e-25
2936.407745,7.49e-25
2936.409211,3.186e-25
2936.41948,1.2029999999999999e-24
2936.421441,1.327e-24
2936.422217,2.245e-24
2936.42719,2.491e-23
2936.429707,2.449e-23
2936.437644,1.308e-24
2936.543714,1.165e-24
2936.5689,4.216e-24
2936.571964,4.1579999999999996e-24
2936.578058,9.69e-25
2936.584321,1.2009999999999999e-24
2936.590636,1.985e-25
2936.59392,1.954e-25
2936.628861,1.025e-23
2936.639314,1.008e-23
2936.640279,1.196e-25
2936.673905,8.012e-24
2936.68094,7.886e-24
2936.696028,3.306e-23
2936.699952,1.154e-25
2936.703232,3.246e-23
2936.704161,1.137e-25
2936.714788,1.238e-25
2936.746004,6.459000000000001e-26
2936.749957,6.374000000000001e-26
2936.780942,2.7919999999999998e-24
2936.781126,2.766e-24
2936.840841,6.276e-24
2936.851657,6.178e-24
2936.887324,4.452e-23
2936.890157,4.374e-23
2936.896971,1.576e-23
2936.899264,1.55e-23
2936.938295,4.8809999999999996e-24
2936.945755,4.806e-24
2936.946592,2.438e-24
2936.949139,2.4059999999999998e-24
2936.958571,2.2779999999999998e-24
2936.971997,1.749e-25
2936.990147,2.107e-23
2937.005484,3.7799999999999996e-24
2937.011528,1.272e-25
2937.014482,1.951e-23
2937.016665,3.723e-24
2937.024637,1.256e-25
2937.051914,2.332e-24
2937.108236,1.7980000000000002e-25
2937.122876,2.239e-24
2937.124462,2.3350000000000003e-25
2937.134421,2.206e-24
2937.137369,2.303e-25
2937.155856,2.923e-24
2937.163614,2.879e-24
2937.193152,1.304e-24
2937.193392,4.212e-25
2937.205059,1.286e-24
2937.205994,4.154e-25
2937.216532,7.474e-25
2937.228794,7.369e-25
2937.23366,1.32e-23
2937.235706,1.3959999999999999e-24
2937.238095,1.404e-24
2937.242182,1.298e-23
2937.296371,1.37e-24
2937.298483,1.354e-24
2937.325249,9.796e-24
2937.326341,1.721e-24
2937.327348,9.641e-24
2937.334364,1.696e-24
2937.341213,2.864e-23
2937.344309,2.816e-23
2937.42737,8.136999999999999e-24
2937.437574,8.008e-24
2937.449614,9.963e-25
2937.457894,9.822e-25
2937.470213,1.7290000000000002e-25
2937.47031,9.469e-26
2937.479599,9.347e-26
2937.483555,1.706e-25
2937.525602,5.6720000000000005e-25
2937.534137,5.594000000000001e-25
2937.535792,1.749e-25
2937.54484,1.7260000000000002e-25
2937.554302,3.176e-25
2937.563091,3.1330000000000003e-25
2937.572123,4.933e-24
2937.583083,4.857e-24
2937.596922,3.1510000000000003e-25
2937.610038,3.108e-25
2937.617485,7.493e-25
2937.61934,7.406e-25
2937.636975,2.282e-24
2937.668935,2.941e-24
2937.680448,2.897e-24
2937.681585,5.647000000000001e-25
2937.694387,5.568e-25
2937.710914,5.983e-24
2937.712856,5.891e-24
2937.718755,1.725e-24
2937.722609,9.951e-25
2937.726722,2.335e-24
2937.727156,6.388e-25
2937.730752,1.7e-24
2937.732383,6.404e-25
2937.735035,9.81e-25
2937.744307,1.812e-23
2937.747697,1.782e-23
2937.907262,3.996e-25
2937.909134,3.95e-25
2937.96654,1.267e-25
2937.999936,1.806e-25
2938.040287,1.314e-25
2938.052785,3.591e-24
2938.054609,3.537e-24
2938.095971,1.126e-23
2938.099718,1.108e-23
2938.141277,1.858e-25
2938.160973,2.088e-25
2938.163211,2.064e-25
2938.263398,2.688e-25
2938.271036,2.69e-25
2938.308808,2.265e-24
2938.349651,2.118e-24
2938.351399,2.087e-24
2938.372275,1.076e-25
2938.375251,1.063e-25
2938.395191,2.316e-24
2938.395686,6.883e-24
2938.399793,6.777e-24
2938.455147,2.127e-25
2938.53409,5.511000000000001e-26
2938.538139,5.439e-26
2938.542253,2.036e-25
2938.600307,1.228e-24
2938.602024,1.2099999999999999e-24
2938.642817,4.136e-24
2938.647321,4.074e-24
2938.80359,6.996e-25
2938.805319,6.9e-25
2938.836824,2.444e-24
2938.836884,1.0810000000000002e-25
2938.841759,2.4079999999999998e-24
2938.846083,1.0820000000000002e-25
2938.912007,5.023e-26
2938.958402,3.919e-25
2938.960186,3.867e-25
2938.961368,7.242000000000001e-26
2938.974037,2.228e-24
2938.977186,1.42e-24
2938.982583,1.3999999999999999e-24
2938.993986,1.372e-25
2938.997075,7.635e-26
2939.001241,1.354e-25
2939.021567,1.85e-25
2939.024248,5.178e-26
2939.057264,2.277e-24
2939.063435,8.115e-25
2939.063723,2.1580000000000003e-25
2939.065606,2.13e-25
2939.06932,8.002e-25
2939.072089,2.522e-25
2939.078964,2.4890000000000003e-25
2939.086888,5.463000000000001e-26
2939.095172,4.561e-25
2939.101559,4.5e-25
2939.118623,1.169e-25
2939.120643,1.154e-25
2939.168376,1.905e-25
2939.203471,5.637000000000001e-26
2939.25534,5.908000000000001e-26
2939.328582,1.301e-25
2939.376579,6.101e-26
2939.401886,1.351e-25
2939.417361,6.35e-26
2939.543608,6.565000000000001e-26
2939.572945,6.783e-26
2939.632678,2.173e-24
2939.704595,7.020000000000001e-26
2939.712938,2.22e-24
2939.72208,7.199000000000001e-26
2939.859579,7.458000000000001e-26
2939.864748,7.588e-26
2940.000923,7.943000000000001e-26
2940.008603,7.872e-26
2940.036889,1.879e-25
2940.130572,8.252e-26
2940.151714,8.251000000000001e-26
2940.189571,1.937e-25
2940.253649,8.506e-26
2940.284668,2.103e-24
2940.288966,8.586e-26
2940.362131,2.1459999999999998e-24
2940.370094,8.695000000000001e-26
2940.42042,8.866000000000001e-26
2940.479828,8.807000000000001e-26
2940.546145,9.079e-26
2940.582749,8.831000000000001e-26
2940.666225,9.216e-26
2940.678719,8.757e-26
2940.724698,1.291e-25
2940.767553,8.574e-26
2940.780761,9.263e-26
2940.797935,1.345e-25
2940.849,8.272e-26
2940.889876,9.21e-26
2940.922707,7.840000000000001e-26
2940.930051,2.0179999999999998e-24
2940.988168,7.266e-26
2940.993728,9.045e-26
2941.004872,2.059e-24
2941.044622,6.54e-26
2941.045892,1.892e-25
2941.090873,5.649000000000001e-26
2941.092518,8.755e-26
2941.186516,8.33e-26
2941.204903,1.952e-25
2941.276088,7.757000000000001e-26
2941.361757,7.020000000000001e-26
2941.444294,6.102000000000001e-26
2941.552212,6.094000000000001e-26
2941.568714,1.922e-24
2941.593909,6.449000000000001e-26
2941.641034,1.96e-24
2942.048562,1.887e-25
2942.152966,1.238e-25
2942.200754,1.816e-24
2942.214416,1.949e-25
2942.226576,1.292e-25
2942.270705,1.852e-24
2942.825976,1.704e-24
2942.893674,1.737e-24
2943.044879,1.864e-25
2943.218157,1.928e-25
2943.444574,1.587e-24
2943.510131,1.617e-24
2943.611274,1.143e-25
2943.685787,1.197e-25
2944.034816,1.822e-25
2944.056214,1.468e-24
2944.119728,1.495e-24
2944.128281,5.201000000000001e-26
2944.216178,1.887e-25
2944.458599,5.077e-26
2944.661259,1.349e-24
2944.722826,1.373e-24
2945.018333,1.761e-25
2945.097363,1.014e-25
2945.173418,1.065e-25
2945.208538,1.828e-25
2945.259145,1.231e-24
2945.318847,1.253e-24
2945.744466,5.0020000000000005e-26
2945.764294,5.155e-26
2945.850514,1.116e-24
2945.894196,7.507e-26
2945.908437,1.135e-24
2945.940892,8.538e-26
2945.995383,1.683e-25
2946.195303,1.749e-25
2946.434436,1.005e-24
2946.490646,1.022e-24
2946.608854,8.608000000000001e-26
2946.687242,9.08e-26
2946.965899,1.587e-25
2947.012001,8.993000000000001e-25
2947.066577,9.145e-25
2947.176549,1.653e-25
2947.374007,1.1630000000000002e-25
2947.415853,1.3e-25
2947.581701,7.995e-25
2947.634695,8.129e-25
2947.929799,1.476e-25
2948.143286,6.968000000000001e-26
2948.145329,7.063e-25
2948.152365,1.541e-25
2948.196818,7.18e-25
2948.225005,7.384e-26
2948.700489,6.202e-25
2948.75051,6.3030000000000005e-25
2948.854957,1.65e-25
2948.867269,5.884e-26
2948.886974,1.351e-25
2948.891423,6.072000000000001e-26
2948.893747,1.819e-25
2949.122857,1.414e-25
2949.250047,5.41e-25
2949.298678,5.498e-25
2949.69814,5.345000000000001e-26
2949.784485,5.695e-26
2949.790268,4.6910000000000005e-25
2949.837283,1.216e-25
2949.837531,4.766e-25
2950.088156,1.276e-25
2950.325628,4.041e-25
2950.348957,2.1660000000000003e-25
2950.371607,4.106e-25
2950.373107,5.334e-26
2950.386087,2.363e-25
2950.637091,5.637000000000001e-26
2950.78054,1.073e-25
2950.850407,3.4610000000000003e-25
2950.895105,3.515e-25
2951.048423,1.13e-25
2951.156649,7.891000000000001e-26
2951.371443,2.944e-25
2951.400392,8.324000000000001e-26
2951.414959,2.99e-25
2951.716497,9.258e-26
2951.8687,2.6510000000000003e-25
2951.880131,2.4890000000000003e-25
2951.897853,6.749000000000001e-26
2951.905327,2.868e-25
2951.922448,2.528e-25
2951.926669,6.974e-26
2951.93242,1.084e-25
2952.00386,9.782e-26
2952.158832,1.141e-25
2952.386719,2.09e-25
2952.427955,2.123e-25
2952.644818,7.776e-26
2952.700761,1.413e-25
2952.831888,5.56e-26
2952.878467,1.743e-25
2952.912141,1.4830000000000002e-25
2952.91858,1.771e-25
2952.954732,8.252e-26
2953.370459,1.444e-25
2953.409603,1.467e-25
2953.427388,3.04e-25
2953.461915,1.766e-25
2953.464505,3.266e-25
2953.565037,6.323000000000001e-26
2953.660119,1.85e-25
2953.844126,1.187e-25
2953.882228,1.207e-25
2953.90139,6.744000000000001e-26
2954.216056,2.136e-25
2954.3213,9.679e-26
2954.358564,9.842e-26
2954.402605,2.233e-25
2954.775292,7.830000000000001e-26
2954.811613,7.966000000000001e-26
2954.833702,7.541000000000001e-26
2954.844313,5.299000000000001e-26
2954.867519,7.805000000000001e-26
2954.963317,2.513e-25
2955.017226,5.01e-26
2955.033968,6.477000000000001e-26
2955.03836,3.2780000000000004e-25
2955.076842,3.5e-25
2955.087502,6.670000000000001e-26
2955.139474,2.622e-25
2955.142947,5.121e-26
2955.237205,6.266000000000001e-26
2955.272868,6.38e-26
2955.703793,2.89e-25
2955.70405,5.06e-26
2955.870622,3.01e-25
2956.094776,5.467e-26
2956.224286,5.591000000000001e-26
2956.437557,3.257e-25
2956.595961,3.387e-25
2956.714681,3.331e-25
2956.755299,3.539e-25
2957.164666,3.607e-25
2957.165805,5.927e-26
2957.233071,7.341e-26
2957.289463,7.587e-26
2957.29931,6.065e-26
2957.315418,3.743e-25
2957.673453,8.195000000000001e-26
2957.712621,8.497000000000001e-26
2957.885159,3.93e-25
2958.028929,4.073e-25
2958.23034,6.382e-26
2958.368064,6.536e-26
2958.468688,3.196e-25
2958.512123,3.38e-25
2958.599066,4.222e-25
2958.736435,4.3690000000000005e-25
2959.288404,6.826000000000001e-26
2959.306408,4.475e-25
2959.425872,8.088e-26
2959.430594,6.995000000000001e-26
2959.437885,4.626e-25
2959.484673,8.375e-26
2960.007199,4.6870000000000005e-25
2960.133233,4.838e-25
2960.311571,2.899e-25
2960.340021,7.249000000000001e-26
2960.358409,3.055e-25
2960.416927,8.650000000000001e-26
2960.461824,8.986e-26
2960.486944,7.434e-26
2960.701445,4.853e-25
2960.822435,5.0040000000000005e-25
2961.385209,7.644000000000001e-26
2961.389151,4.972000000000001e-25
2961.505449,5.121e-25
2961.537161,7.844e-26
2961.609136,8.651000000000001e-26
2961.67062,8.976e-26
2962.070313,5.042e-25
2962.182237,5.189e-25
2962.252994,2.4910000000000003e-25
2962.30372,2.616e-25
2962.423984,7.999000000000001e-26
2962.581291,8.216e-26
2962.744928,5.065e-25
2962.852761,5.208e-25
2963.065113,8.849000000000001e-26
2963.116163,9.213e-26
2963.412986,5.043e-25
2963.456359,8.306000000000001e-26
2963.516983,5.181e-25
2963.619381,8.539000000000001e-26
2963.779722,8.971e-26
2963.844365,9.329e-26
2964.074477,4.977000000000001e-25
2964.174869,5.109e-25
2964.300813,2.031e-25
2964.355805,2.126e-25
2964.482344,8.557000000000001e-26
2964.65148,8.805e-26
2964.729371,4.869e-25
2964.826383,4.997000000000001e-25
2965.377699,4.73e-25
2965.471491,4.848e-25
2965.501942,8.741000000000001e-26
2965.6201,8.754000000000001e-26
2965.669258,5.553000000000001e-26
2965.677639,9.004e-26
2965.677801,9.138e-26
2965.695831,5.0890000000000006e-26
2965.746537,5.746e-26
2965.768542,5.164e-26
2965.809345,5.172e-26
2965.809477,6.147000000000001e-26
2965.8841,6.349000000000001e-26
2965.899034,5.305e-26
2965.916051,5.204000000000001e-26
2965.9346,9.002000000000001e-26
2965.976477,6.547000000000001e-26
2966.003011,9.384e-26
2966.015816,5.178e-26
2966.019394,4.557e-25
2966.023955,5.402e-26
2966.049366,6.75e-26
2966.108459,5.087e-26
2966.110155,4.668000000000001e-25
2966.143415,5.448000000000001e-26
2966.17416,6.729e-26
2966.246076,6.928e-26
2966.257547,5.434e-26
2966.366514,5.353e-26
2966.406713,6.691000000000001e-26
2966.460917,1.572e-25
2966.470526,5.197e-26
2966.478306,6.88e-26
2966.515155,8.852000000000001e-26
2966.520419,1.6420000000000002e-25
2966.654454,4.3580000000000005e-25
2966.678622,6.449000000000001e-26
2966.697909,9.128e-26
2966.742343,4.461e-25
2966.750464,6.624e-26
2966.994676,6.034000000000001e-26
2967.067278,6.191e-26
2967.282853,4.137e-25
2967.359959,5.486000000000001e-26
2967.368017,4.232e-25
2967.433793,5.623e-26
2967.521976,8.882000000000001e-26
2967.712346,9.17e-26
2967.904578,3.9e-25
2967.987144,3.987e-25
2968.070857,8.724000000000001e-26
2968.08495,8.352e-26
2968.143784,9.119e-26
2968.149917,8.743000000000001e-26
2968.519581,3.6499999999999998e-25
2968.522391,8.827000000000001e-26
2968.599683,3.73e-25
2968.721009,9.125e-26
2968.737232,1.158e-25
2968.801271,1.207e-25
2969.127851,3.393e-25
2969.205606,3.4670000000000003e-25
2969.51638,8.682e-26
2969.723962,8.988000000000001e-26
2969.729365,3.1350000000000003e-25
2969.804862,3.201e-25
2970.185697,8.139000000000001e-26
2970.26406,8.536e-26
2970.324076,2.877e-25
2970.397435,2.937e-25
2970.46352,7.657000000000001e-26
2970.503912,8.447000000000001e-26
2970.536539,8.044000000000001e-26
2970.721274,8.758000000000001e-26
2970.911966,2.624e-25
2970.983249,2.677e-25
2971.132219,8.105000000000001e-26
2971.200072,8.463e-26
2971.484943,8.123e-26
2971.492989,2.377e-25
2971.562326,2.426e-25
2971.713023,8.436000000000001e-26
2972.067124,2.142e-25
2972.134528,2.183e-25
2972.276448,7.284000000000001e-26
2972.361395,7.668e-26
2972.459414,7.712000000000001e-26
2972.634311,1.916e-25
2972.699296,8.025e-26
2972.699937,1.955e-25
2972.760247,6.716000000000001e-26
2972.842362,7.085000000000001e-26
2973.194553,1.707e-25
2973.258369,1.739e-25
2973.427247,7.221000000000001e-26
2973.680195,7.53e-26
2973.716679,5.661e-26
2973.747244,1.372e-25
2973.809932,1.539e-25
2974.293943,1.329e-25
2974.340548,6.221e-26
2974.354427,1.353e-25
2974.388338,6.659e-26
2974.433546,6.579e-26
2974.655837,6.96e-26
2974.833087,1.1630000000000002e-25
2974.89197,1.183e-25
2974.979905,5.603e-26
2975.072538,5.941000000000001e-26
2975.342551,6.035e-26
2975.364963,1.011e-25
2975.422338,1.028e-25
2975.626363,6.325e-26
2975.889793,8.752e-26
2975.945683,8.898e-26
2976.289705,5.365000000000001e-26
2976.375526,5.037e-26
2976.407258,7.524000000000001e-26
2976.461723,7.649000000000001e-26
2976.478506,5.357000000000001e-26
2976.591945,5.64e-26
2976.91761,6.441000000000001e-26
2976.970686,6.546e-26
2977.420452,5.478000000000001e-26
2977.472194,5.566000000000001e-26
2978.899996,5.878000000000001e-26
2979.13899,6.154e-26
2979.657375,7.373000000000001e-26
2979.882308,7.707000000000001e-26
2980.231621,5.068e-26
2980.407778,8.93e-26
2980.620201,9.318e-26
2980.723687,5.37e-26
2980.740538,5.482e-26
2981.151327,1.051e-25
2981.35254,1.095e-25
2981.854982,5.332000000000001e-26
2981.888113,1.207e-25
2981.916272,5.502e-26
2982.079214,1.255e-25
2982.190749,6.624e-26
2982.211839,6.768000000000001e-26
2982.618201,1.358e-25
2982.762112,5.669000000000001e-26
2982.800132,1.41e-25
2982.821867,5.853000000000001e-26
2983.341642,1.5e-25
2983.515211,1.556e-25
2983.563019,7.97e-26
2983.588641,8.152000000000001e-26
2984.058471,1.631e-25
2984.224382,1.689e-25
2984.309281,6.058e-26
2984.374306,6.260000000000001e-26
2984.76871,1.747e-25
2984.838522,9.347e-26
2984.86897,9.57e-26
2984.927579,1.806e-25
2985.283617,6.363000000000001e-26
2985.348078,6.58e-26
2985.472376,1.846e-25
2985.624743,1.907e-25
2986.016331,1.067e-25
2986.05191,1.094e-25
2986.169475,1.927e-25
2986.315821,1.989e-25
2986.491466,5.448000000000001e-26
2986.545833,5.544e-26
2986.723218,6.697e-26
2986.792423,6.932000000000001e-26
2986.860011,1.989e-25
2987.000761,2.05e-25
2987.02172,6.702e-26
2987.096615,1.185e-25
2987.137646,1.216e-25
2987.543979,2.031e-25
2987.554324,8.048e-26
2987.605102,8.212000000000001e-26
2987.679513,2.091e-25
2987.744222,6.943e-26
2987.813732,7.193e-26
2988.080636,1.277e-25
2988.085298,9.429e-26
2988.12748,1.312e-25
2988.138671,9.649e-26
2988.221372,2.053e-25
2988.352032,2.112e-25
2988.610864,1.077e-25
2988.666367,1.104e-25
2988.892179,2.056e-25
2988.970697,1.333e-25
2989.018271,2.113e-25
2989.023773,1.373e-25
2989.096037,7.193e-26
2989.127437,1.198e-25
2989.169942,7.459e-26
2989.185317,1.229e-25
2989.556385,2.04e-25
2989.631623,1.296e-25
2989.678187,2.095e-25
2989.692314,1.332e-25
2989.770031,1.347e-25
2989.82985,1.39e-25
2990.120207,1.362e-25
2990.147004,7.353e-26
2990.18426,1.4020000000000002e-25
2990.213971,2.007e-25
2990.222007,7.633e-26
2990.331737,2.059e-25
2990.482635,1.312e-25
2990.549846,1.358e-25
2990.590153,1.387e-25
2990.658236,1.43e-25
2990.86492,1.958e-25
2990.978876,2.008e-25
2991.038597,1.367e-25
2991.111518,1.412e-25
2991.113065,1.23e-25
2991.188524,1.276e-25
2991.427143,7.494e-26
2991.462835,1.299e-25
2991.506364,7.788000000000001e-26
2991.509206,1.895e-25
2991.541586,1.345e-25
2991.619563,1.942e-25
2991.666209,1.103e-25
2991.751069,1.148e-25
2991.860315,1.186e-25
2991.946143,1.232e-25
2992.146807,1.82e-25
2992.147045,9.425e-26
2992.228614,1.035e-25
2992.242901,9.845e-26
2992.253755,1.864e-25
2992.323127,1.0790000000000002e-25
2992.494711,7.545e-26
2992.560389,7.603e-26
2992.565403,8.577000000000001e-26
2992.575778,7.850000000000001e-26
2992.669507,7.98e-26
2992.670743,8.981e-26
2992.777694,1.735e-25
2992.868383,6.684e-26
2992.88141,1.776e-25
2992.910631,5.726e-26
2992.987513,7.035000000000001e-26
2993.036333,6.046e-26
2993.272371,5.1140000000000006e-26
2993.401841,1.6420000000000002e-25
2993.502484,1.68e-25
2993.716103,7.556000000000001e-26
2993.80137,7.873000000000001e-26
2994.019216,1.543e-25
2994.116935,1.577e-25
2994.629787,1.44e-25
2994.724719,1.471e-25
2994.789759,7.482e-26
2994.877626,7.806e-26
2995.233522,1.335e-25
2995.325793,1.364e-25
2995.830385,1.23e-25
2995.920113,1.255e-25
2995.962558,7.357000000000001e-26
2996.054807,7.687000000000001e-26
2996.42034,1.125e-25
2996.507634,1.148e-25
2997.00335,1.023e-25
2997.034246,7.151000000000001e-26
2997.088311,1.044e-25
2997.129849,7.484e-26
2997.579376,9.251e-26
2997.662098,9.433e-26
2998.148378,8.311000000000001e-26
2998.166331,6.892000000000001e-26
2998.228949,8.471000000000001e-26
2998.266685,7.225e-26
2998.710315,7.422e-26
2998.788817,7.562e-26
2999.229939,6.562000000000001e-26
2999.265144,6.59e-26
2999.334499,6.892000000000001e-26
2999.341653,6.712e-26
2999.812822,5.817e-26
2999.88741,5.923000000000001e-26
3000.32726,6.184e-26
3000.353303,5.106e-26
3000.426039,5.196000000000001e-26
3000.437165,6.509000000000001e-26
3001.378296,5.753e-26
3001.49341,6.069000000000001e-26
3002.445237,5.285e-26
3002.566568,5.59e-26
3003.608251,5.0750000000000006e-26
3008.595862,5.037e-26
3009.102901,5.566000000000001e-26
3009.318262,5.774e-26
3009.829445,6.251e-26
3010.034933,6.476e-26
3010.549329,6.889000000000001e-26
3010.745785,7.129000000000001e-26
3011.262578,7.467e-26
3011.450736,7.718e-26
3011.451452,5.564000000000001e-26
3011.495025,5.677000000000001e-26
3011.554894,5.0010000000000006e-26
3011.746216,5.062e-26
3011.79521,5.164e-26
3011.969208,7.972e-26
3012.149714,8.232e-26
3012.517577,6.954e-26
3012.565058,7.102e-26
3012.655466,6.365e-26
3012.669226,8.397000000000001e-26
3012.706957,6.499000000000001e-26
3012.84265,8.661000000000001e-26
3013.362631,8.734000000000001e-26
3013.51082,8.481e-26
3013.526951,7.821e-26
3013.529479,9e-26
3013.562315,8.670000000000001e-26
3013.581218,7.993e-26
3014.049415,8.98e-26
3014.210139,9.245e-26
3014.359379,9.386e-26
3014.416733,9.601e-26
3014.435208,1.009e-25
3014.472656,5.0170000000000005e-26
3014.490874,1.032e-25
3014.729567,9.134e-26
3014.88457,9.395e-26
3015.151656,1.099e-25
3015.212445,1.125e-25
3015.294499,1.169e-25
3015.354552,1.198e-25
3015.40307,9.196e-26
3015.552717,9.452e-26
3015.5642,5.054e-26
3015.653019,5.234000000000001e-26
3015.902881,1.254e-25
3015.967502,1.286e-25
3016.069902,9.171e-26
3016.092156,1.32e-25
3016.156882,1.354e-25
3016.214522,9.418e-26
3016.612334,1.394e-25
3016.681245,1.431e-25
3016.730039,9.063e-26
3016.739746,5.228e-26
3016.831318,1.45e-25
3016.831642,5.420000000000001e-26
3016.869929,9.3e-26
3016.901092,1.489e-25
3017.279465,1.507e-25
3017.353203,1.549e-25
3017.383454,8.878e-26
3017.514796,1.546e-25
3017.518886,9.105e-26
3017.590098,1.591e-25
3017.897715,5.367000000000001e-26
3017.903878,1.582e-25
3017.983081,1.629e-25
3017.992765,5.57e-26
3018.030116,8.626000000000001e-26
3018.145083,1.598e-25
3018.161336,8.84e-26
3018.226513,1.6480000000000002e-25
3018.485306,1.608e-25
3018.570752,1.66e-25
3018.669993,8.313000000000001e-26
3018.724298,1.5999999999999998e-25
3018.797227,8.514000000000001e-26
3018.812668,1.653e-25
3019.023603,1.581e-25
3019.050461,5.464e-26
3019.116242,1.635e-25
3019.148958,5.677000000000001e-26
3019.254327,1.545e-25
3019.303048,7.951000000000001e-26
3019.35063,1.5999999999999998e-25
3019.426504,8.138e-26
3019.482247,1.13e-25
3019.518692,1.497e-25
3019.619726,1.552e-25
3019.70069,1.064e-25
3019.736698,1.435e-25
3019.842241,1.49e-25
3019.929246,7.548000000000001e-26
3019.970551,1.361e-25
3020.049114,7.721e-26
3020.081517,1.415e-25
3020.172662,1.275e-25
3020.188391,5.516000000000001e-26
3020.289154,1.328e-25
3020.290491,5.739e-26
3020.379405,1.177e-25
3020.443398,1.316e-25
3020.502073,1.232e-25
3020.548546,7.113000000000001e-26
3020.562984,1.077e-25
3020.665002,7.273e-26
3020.675496,1.231e-25
3020.692888,1.127e-25
3020.744278,9.69e-26
3020.882012,1.016e-25
3020.90849,8.574e-26
3021.054899,9.012e-26
3021.065815,7.450000000000001e-26
3021.160908,6.657e-26
3021.209074,6.34e-26
3021.222163,7.852e-26
3021.274113,6.803e-26
3021.319041,5.521000000000001e-26
3021.342971,5.269000000000001e-26
3021.3767,6.704e-26
3021.393855,1.525e-25
3021.425053,5.751e-26
3021.52368,5.591000000000001e-26
3021.641092,1.412e-25
3021.76629,6.187000000000001e-26
3021.876393,6.32e-26
3022.333575,1.759e-25
3022.364646,5.713e-26
3022.436672,5.475e-26
3022.471787,5.832e-26
3022.546835,5.712000000000001e-26
3022.597367,1.608e-25
3022.95593,5.24e-26
3023.060238,5.347000000000001e-26
3023.545731,5.378e-26
3023.660396,5.619000000000001e-26
3024.642909,5.23e-26
3024.762405,5.473000000000001e-26
3025.730728,5.032e-26
3025.85548,5.275e-26
3026.654073,1.004e-25
3026.937804,5.028e-26
3026.95397,1.091e-25
3027.079737,1.054e-25
3027.243598,1.178e-25
3027.373979,1.136e-25
3027.522946,1.264e-25
3027.658295,1.218e-25
3027.791999,1.348e-25
3027.932715,1.297e-25
3028.050737,1.428e-25
3028.197273,1.371e-25
3028.299139,1.501e-25
3028.452001,1.439e-25
3028.537175,1.5660000000000002e-25
3028.696951,1.498e-25
3028.76481,1.621e-25
3028.932171,1.547e-25
3028.982002,1.662e-25
3029.157725,1.583e-25
3029.188695,1.688e-25
3029.373689,1.603e-25
3029.384821,1.695e-25
3029.570292,1.682e-25
3029.580157,1.605e-25
3029.744998,1.6440000000000002e-25
3029.777249,1.587e-25
3029.908792,1.579e-25
3029.965117,1.545e-25
3030.06148,1.4830000000000002e-25
3030.143962,1.477e-25
3030.202796,1.352e-25
3030.314055,1.38e-25
3030.332371,1.184e-25
3030.475773,1.252e-25
3030.629658,1.088e-25
3032.578309,1.016e-25
3033.718979,1.259e-25
3033.727328,1.232e-25
3033.736187,5.1530000000000006e-26
3033.884553,5.472e-26
3034.425758,5.729e-26
3034.565071,6.057000000000001e-26
3035.096602,1.099e-25
3035.09792,1.0790000000000002e-25
3035.101405,6.274e-26
3035.150421,1.552e-25
3035.155099,1.523e-25
3035.232611,6.607000000000001e-26
3035.770234,6.777e-26
3035.894311,7.114e-26
3036.247754,1.897e-25
3036.258076,1.842e-25
3036.422443,7.214000000000001e-26
3036.539579,7.565e-26
3037.071372,7.624000000000001e-26
3037.182977,7.956000000000001e-26
3037.318298,1.284e-25
3037.324282,1.265e-25
3037.429124,1.158e-25
3037.521793,1.677e-25
3037.522774,1.6460000000000002e-25
3037.604602,1.104e-25
3037.689269,2.33e-25
3037.693485,2.285e-25
3037.697976,7.95e-26
3037.804104,8.275000000000001e-26
3038.328953,8.209e-26
3038.415084,1.386e-25
3038.430349,8.526e-26
3038.600712,1.315e-25
3038.643407,1.517e-25
3038.643885,1.488e-25
3038.716252,2.746e-25
3038.746157,2.252e-25
3038.928129,8.389000000000001e-26
3039.024803,8.695000000000001e-26
3039.39027,1.6410000000000002e-25
3039.543079,8.503e-26
3039.587222,1.548e-25
3039.635858,8.796000000000001e-26
3039.779298,1.925e-25
3039.787914,1.907e-25
3039.899117,5.273e-26
3039.918074,2.516e-25
3039.918846,2.467e-25
3039.960532,5.381e-26
3039.979984,1.022e-25
3039.980715,1.041e-25
3040.111598,8.531e-26
3040.194452,3.4380000000000004e-25
3040.198343,3.369e-25
3040.200188,8.81e-26
3040.35459,1.924e-25
3040.381002,5.896000000000001e-26
3040.444493,6.02e-26
3040.564221,1.803e-25
3040.713654,8.502000000000001e-26
3040.797099,6.548e-26
3040.799061,8.766000000000001e-26
3040.806949,1.7240000000000002e-25
3040.856765,1.992e-25
3040.862072,6.688000000000001e-26
3041.043256,2.279e-25
3041.043663,2.235e-25
3041.091682,1.257e-25
3041.09205,1.281e-25
3041.246836,7.235e-26
3041.247046,8.387000000000001e-26
3041.307945,2.239e-25
3041.313927,7.394e-26
3041.328612,8.634e-26
3041.53179,2.079e-25
3041.646634,2.186e-25
3041.647707,7.942e-26
3041.716515,8.12e-26
3041.84063,8.230000000000001e-26
3041.91964,8.463e-26
3042.06813,8.670000000000001e-26
3042.139146,8.868e-26
3042.190829,2.423e-25
3042.221954,2.8250000000000003e-25
3042.250242,2.589e-25
3042.286029,3.707e-25
3042.286646,3.633e-25
3042.332859,7.99e-26
3042.408224,8.204e-26
3042.415559,1.546e-25
3042.41675,1.576e-25
3042.451913,9.401e-26
3042.489958,2.378e-25
3042.524886,9.622e-26
3042.666126,4.983000000000001e-25
3042.66969,4.879e-25
3042.845225,1.013e-25
3042.920543,1.038e-25
3042.923963,7.733e-26
3042.9974,7.93e-26
3043.181443,2.9830000000000003e-25
3043.210581,1.085e-25
3043.288114,1.112e-25
3043.367119,7.391e-26
3043.420264,3.363e-25
3043.420589,3.2960000000000003e-25
3043.436936,7.571000000000001e-26
3043.43854,2.696e-25
3043.526328,1.884e-25
3043.527045,1.921e-25
3043.578478,1.155e-25
3043.658543,1.184e-25
3043.766447,5.645000000000001e-25
3043.77294,5.811e-25
3043.924477,1.22e-25
3043.96378,7.062e-26
3044.007041,1.252e-25
3044.032288,7.227000000000001e-26
3044.268254,1.281e-25
3044.347616,6.649e-26
3044.353593,1.315e-25
3044.412395,6.796000000000001e-26
3044.576222,2.36e-25
3044.594279,1.335e-25
3044.626187,5.367e-25
3044.626483,4.11e-25
3044.626676,5.255e-25
3044.682439,1.371e-25
3044.693196,1.821e-25
3044.750299,1.072e-25
3044.824686,2.297e-25
3044.826243,2.3430000000000003e-25
3044.841971,1.042e-25
3044.914915,1.381e-25
3044.960268,6.280000000000001e-26
3045.006159,1.4199999999999999e-25
3045.024396,6.413e-26
3045.04497,1.075e-25
3045.053297,1.097e-25
3045.104339,7.094e-25
3045.107577,6.941000000000001e-25
3045.110667,1.199e-25
3045.205086,1.164e-25
3045.220577,1.418e-25
3045.271819,5.823000000000001e-26
3045.315023,1.459e-25
3045.331962,5.941000000000001e-26
3045.460576,1.333e-25
3045.518809,1.445e-25
3045.557909,1.294e-25
3045.616724,1.488e-25
3045.774496,4.874e-25
3045.774727,4.773e-25
3045.800025,1.476e-25
3045.803882,1.461e-25
3045.900455,1.43e-25
3045.905456,1.506e-25
3045.913763,5.443000000000001e-26
3045.934147,2.774e-25
3045.935237,2.831e-25
3045.973977,5.55e-26
3046.080254,1.464e-25
3046.129004,1.624e-25
3046.133214,8.189000000000001e-25
3046.135739,8.414e-25
3046.185782,1.511e-25
3046.192692,5.063e-26
3046.23144,1.298e-25
3046.232737,1.572e-25
3046.24016,1.3250000000000002e-25
3046.344625,1.455e-25
3046.447511,1.778e-25
3046.45437,1.503e-25
3046.554769,1.7190000000000002e-25
3046.59953,1.433e-25
3046.713841,1.4820000000000002e-25
3046.755537,1.934e-25
3046.843147,1.398e-25
3046.866569,1.868e-25
3046.939012,7.629999999999999e-25
3046.93939,7.464e-25
3046.962377,1.448e-25
3047.001592,5.873e-25
3047.007757,5.942000000000001e-25
3047.053073,2.093e-25
3047.076854,1.35e-25
3047.168154,2.018e-25
3047.201434,1.4e-25
3047.207248,3.35e-25
3047.209154,3.42e-25
3047.299689,1.29e-25
3047.340107,2.25e-25
3047.430088,1.3399999999999999e-25
3047.459545,2.1670000000000003e-25
3047.461115,1.582e-25
3047.470458,1.617e-25
3047.509163,9.921e-25
3047.512079,9.698e-25
3047.512358,1.218e-25
3047.616626,2.405e-25
3047.649128,1.267e-25
3047.714369,1.137e-25
3047.740766,2.313e-25
3047.858138,1.184e-25
3047.882611,2.553e-25
3047.906046,1.047e-25
3048.00404,1.047e-25
3048.011843,2.451e-25
3048.05755,1.093e-25
3048.087131,9.501e-26
3048.105951,6.936000000000001e-25
3048.106072,6.786e-25
3048.138043,2.692e-25
3048.195262,1.011e-25
3048.247229,9.937e-26
3048.257726,8.486e-26
3048.272807,2.58e-25
3048.314793,4.011e-25
3048.31628,4.096e-25
3048.382897,2.8180000000000003e-25
3048.417658,7.445000000000001e-26
3048.427438,8.895000000000001e-26
3048.484029,1.1379999999999999e-24
3048.486582,1.173e-24
3048.523695,2.696e-25
3048.566879,6.402e-26
3048.598199,7.823000000000001e-26
3048.612991,1.092e-25
3048.61714,2.928e-25
3048.639603,1.895e-25
3048.649471,1.938e-25
3048.705194,5.378e-26
3048.759724,6.745e-26
3048.764548,2.795e-25
3048.794722,1.055e-25
3048.840737,3.018e-25
3048.912148,5.683e-26
3048.99542,2.873e-25
3049.05364,3.082e-25
3049.211269,1.125e-25
3049.216372,2.926e-25
3049.224908,1.065e-24
3049.225185,1.041e-24
3049.255791,3.1180000000000004e-25
3049.347373,8.241000000000001e-25
3049.351634,8.385000000000001e-25
3049.384421,1.088e-25
3049.427481,2.951e-25
3049.447118,3.1190000000000004e-25
3049.563126,4.798e-25
3049.565387,4.903e-25
3049.627529,3.083e-25
3049.628844,2.943e-25
3049.796903,3.003e-25
3049.798921,1.145e-25
3049.820585,2.898e-25
3049.850517,2.285e-25
3049.861037,2.3380000000000003e-25
3049.880689,1.363e-24
3049.883284,1.3299999999999999e-24
3049.955084,2.874e-25
3049.96427,1.109e-25
3050.002864,2.81e-25
3050.101862,2.691e-25
3050.175895,2.676e-25
3050.236947,2.448e-25
3050.339971,2.4910000000000003e-25
3050.359928,2.138e-25
3050.37598,1.154e-25
3050.414543,9.469e-25
3050.414551,9.688e-25
3050.470197,1.752e-25
3050.495507,2.251e-25
3050.534207,1.119e-25
3050.56681,1.279e-25
3050.643112,1.949e-25
3050.667971,5.694e-25
3050.669879,5.82e-25
3050.775148,1.001e-24
3050.783733,1.581e-25
3050.808513,1.601e-24
3050.874725,5.615000000000001e-25
3050.918937,1.139e-25
3050.942476,1.151e-25
3051.020105,2.716e-25
3051.031192,2.779e-25
3051.031564,1.007e-25
3051.039317,1.027e-25
3051.094172,1.117e-25
3051.484214,1.4599999999999999e-24
3051.484417,1.425e-24
3051.498427,1.138e-25
3051.644114,1.105e-25
3051.663919,1.135e-24
3051.668612,1.155e-24
3051.892201,6.747e-25
3051.894835,6.9e-25
3052.043851,1.115e-25
3052.18399,1.084e-25
3052.213175,3.239e-25
3052.219021,1.837e-24
3052.221297,1.792e-24
3052.224957,3.318e-25
3052.23717,1.228e-25
3052.245263,1.252e-25
3052.578758,1.084e-25
3052.699964,1.297e-24
3052.700125,1.328e-24
3052.713758,1.054e-25
3052.993435,7.933e-25
3052.99579,8.117e-25
3053.098157,2.143e-24
3053.101127,2.087e-24
3053.103157,1.045e-25
3053.233383,1.017e-25
3053.372924,3.816e-25
3053.385369,3.911e-25
3053.434406,1.489e-25
3053.442832,1.519e-25
3053.717213,1.964e-24
3053.717284,1.915e-24
3053.887389,5.644000000000001e-25
3053.951319,1.535e-24
3053.986967,1.0089999999999999e-24
3054.19435,9.311e-25
3054.197382,9.531e-25
3054.524262,2.432e-24
3054.526221,2.369e-24
3054.548939,4.503e-25
3054.562142,4.619e-25
3054.625998,1.7990000000000002e-25
3054.634785,1.836e-25
3054.962058,1.742e-24
3054.962401,1.787e-24
3055.290982,1.085e-24
3055.293812,1.111e-24
3055.354689,2.816e-24
3055.356333,2.741e-24
3055.698084,5.257e-25
3055.71205,5.397e-25
3055.809673,2.1610000000000003e-25
3055.818819,2.207e-25
3055.924112,2.525e-24
3055.924134,2.593e-24
3056.017002,1.227e-25
3056.164179,1.175e-25
3056.209059,2.088e-24
3056.209657,2.037e-24
3056.469449,1.261e-24
3056.472911,1.292e-24
3056.796532,3.16e-24
3056.798174,3.074e-24
3056.857723,6.138e-25
3056.872529,6.3070000000000005e-25
3056.987297,2.586e-25
3056.996828,2.6410000000000003e-25
3057.016604,1.51e-25
3057.172025,1.439e-25
3057.200442,2.296e-24
3057.201001,2.358e-24
3057.522552,1.027e-25
3057.53319,1.047e-25
3057.560446,1.456e-24
3057.563783,1.493e-24
3057.578099,3.629e-24
3057.579243,3.528e-24
3057.995607,7.099e-25
3058.005347,1.829e-25
3058.011286,7.301e-25
3058.10504,3.265e-24
3058.105161,3.357e-24
3058.15732,3.078e-25
3058.167239,3.1450000000000003e-25
3058.169955,1.736e-25
3058.43901,2.652e-24
3058.439828,2.7249999999999998e-24
3058.70763,1.235e-25
3058.71737,1.675e-24
3058.71861,1.259e-25
3058.7213,1.719e-24
3058.983151,2.186e-25
3059.035948,4.027e-24
3059.037272,3.912e-24
3059.139441,8.2e-25
3059.156064,8.443e-25
3059.158049,2.063e-25
3059.321001,3.647e-25
3059.331332,3.729e-25
3059.414625,2.968e-24
3059.415439,3.0519999999999998e-24
3059.76874,4.588e-24
3059.76957,4.454e-24
3059.801694,1.916e-24
3059.805574,1.967e-24
3059.886218,1.478e-25
3059.897551,1.508e-25
3059.949922,2.582e-25
3060.136405,2.422e-25
3060.260215,4.14e-24
3060.260441,4.264e-24
3060.265514,9.392e-25
3060.283137,9.68e-25
3060.477296,4.301e-25
3060.48805,4.4e-25
3060.639449,3.3859999999999996e-24
3060.640883,3.485e-24
3060.730392,5.247000000000001e-26
3060.905552,3.021e-25
3060.937984,2.184e-24
3060.942424,2.244e-24
3061.05791,1.761e-25
3061.069605,1.796e-25
3061.10513,2.8110000000000003e-25
3061.232195,1.051e-25
3061.242626,5.034e-24
3061.243409,5.583e-26
3061.243629,4.8809999999999996e-24
3061.287682,1.052e-25
3061.394016,1.0729999999999999e-24
3061.41271,1.107e-24
3061.42315,5.95e-26
3061.604021,3.76e-24
3061.605135,3.873e-24
3061.627042,5.048e-25
3061.63824,5.167e-25
3061.849919,3.505e-25
3061.927152,5.689e-24
3061.927744,5.512e-24
3061.937746,6.252e-26
3062.014617,2.4729999999999998e-24
3062.019082,2.543e-24
3062.064327,3.23e-25
3062.106633,6.635000000000001e-26
3062.194634,1.281e-25
3062.223029,2.088e-25
3062.235099,2.13e-25
3062.251223,1.281e-25
3062.389744,5.1449999999999996e-24
3062.390082,5.308e-24
3062.507823,1.217e-24
3062.527668,1.257e-24
3062.621418,6.894000000000001e-26
3062.649079,1.063e-25
3062.720413,1.036e-25
3062.769548,5.896e-25
3062.780671,7.287000000000001e-26
3062.781204,6.038e-25
3062.782907,4.045e-25
3062.811035,4.239e-24
3062.812937,4.37e-24
3063.014026,3.677e-25
3063.058517,1.213e-25
3063.131157,2.7899999999999998e-24
3063.13177,1.182e-25
3063.136159,2.872e-24
3063.193061,1.532e-25
3063.251427,1.531e-25
3063.294539,7.495000000000001e-26
3063.319519,1.094e-25
3063.381286,2.463e-25
3063.393744,2.515e-25
3063.41668,6.1689999999999996e-24
3063.417358,5.971e-24
3063.445176,7.895000000000001e-26
3063.457372,1.378e-25
3063.532647,1.342e-25
3063.579948,1.045e-25
3063.621378,1.375e-24
3063.642452,1.423e-24
3063.704476,4.655000000000001e-25
3063.767966,4.668e-24
3063.769431,4.817e-24
3063.845642,1.558e-25
3063.905357,6.854e-25
3063.917494,7.023e-25
3063.923049,1.515e-25
3063.95393,4.147e-25
3063.957092,8.045e-26
3063.999247,1.294e-25
3064.053978,6.913e-24
3064.054373,6.685e-24
3064.099976,8.448e-26
3064.154945,1.848e-25
3064.199127,3.129e-24
3064.204227,3.223e-24
3064.214585,1.845e-25
3064.223322,1.753e-25
3064.240179,1.238e-25
3064.302984,1.703e-25
3064.493707,6.263e-24
3064.494167,6.476e-24
3064.532905,2.891e-25
3064.545761,2.953e-25
3064.59041,1.962e-25
3064.609204,8.534000000000001e-26
3064.667315,1.4860000000000002e-25
3064.672458,1.904e-25
3064.722555,1.542e-24
3064.744958,1.599e-24
3064.745072,8.937000000000001e-26
3064.891509,1.424e-25
3064.946901,2.184e-25
3064.953819,5.199e-24
3064.956163,5.37e-24
3065.031479,2.118e-25
3065.034021,7.928e-25
3065.046654,8.129e-25
3065.139995,2.196e-25
3065.201421,2.1899999999999998e-25
3065.250736,8.955000000000001e-26
3065.292789,2.419e-25
3065.296752,3.495e-24
3065.302376,3.603e-24
3065.323951,1.666e-25
3065.380056,2.3440000000000003e-25
3065.380219,9.353e-26
3065.533611,1.598e-25
3065.558217,7.408e-24
3065.558564,7.153999999999999e-24
3065.628067,2.6650000000000003e-25
3065.677681,3.378e-25
3065.690951,3.4520000000000003e-25
3065.718197,2.579e-25
3065.821473,1.724e-24
3065.8453,1.789e-24
3065.881916,9.3e-26
3065.905748,5.676e-24
3065.907624,5.869e-24
3065.952729,2.92e-25
3065.969323,1.829e-25
3066.005566,9.691e-26
3066.045913,2.8230000000000003e-25
3066.099328,2.621e-25
3066.149901,8.23e-24
3066.150129,7.939e-24
3066.155892,9.126e-25
3066.162191,2.61e-25
3066.166241,1.757e-25
3066.169036,9.363e-25
3066.266765,3.181e-25
3066.355148,3.88e-24
3066.36094,4.004e-24
3066.363216,3.072e-25
3066.464338,1.001e-25
3066.502396,9.565e-26
3066.570165,3.4460000000000003e-25
3066.572159,7.464e-24
3066.572753,7.737e-24
3066.60356,1.972e-25
3066.620688,9.947e-26
3066.670119,3.323e-25
3066.789214,1.897e-25
3066.815762,3.926e-25
3066.82946,4.015e-25
3066.862917,3.712e-25
3066.909727,1.912e-24
3066.935104,1.989e-24
3066.966637,3.574e-25
3067.067842,6.245e-24
3067.070646,6.465e-24
3067.072765,3.091e-25
3067.112648,9.747e-26
3067.137456,3.075e-25
3067.145008,3.974e-25
3067.226008,1.012e-25
3067.226761,2.095e-25
3067.252788,3.821e-25
3067.270705,1.045e-24
3067.284349,1.0729999999999999e-24
3067.402382,2.018e-25
3067.41642,4.228e-25
3067.434632,4.2879999999999996e-24
3067.440938,4.4299999999999996e-24
3067.528592,4.058e-25
3067.601052,1.167e-25
3067.620404,1.191e-25
3067.667339,8.711e-24
3067.667345,8.391e-24
3067.677135,4.469e-25
3067.711949,9.847e-26
3067.767321,5.223e-26
3067.794074,4.282e-25
3067.820739,1.02e-25
3067.839002,2.194e-25
3067.845287,5.334e-26
3067.927129,4.6920000000000005e-25
3067.947006,4.541e-25
3067.961149,4.647000000000001e-25
3067.994251,2.112e-24
3068.00563,2.116e-25
3068.016637,6.755e-24
3068.018988,7.001e-24
3068.021295,2.202e-24
3068.02806,3.653e-25
3068.04926,4.486e-25
3068.094348,3.629e-25
3068.166375,4.891e-25
3068.1767,5.765000000000001e-26
3068.215598,9.593e-24
3068.21568,9.229e-24
3068.256766,5.89e-26
3068.294186,4.667000000000001e-25
3068.301246,9.866e-26
3068.378973,1.189e-24
3068.392811,1.224e-24
3068.394839,5.059e-25
3068.405806,1.021e-25
3068.440344,2.269e-25
3068.482615,4.712e-24
3068.489125,4.872e-24
3068.528892,4.816e-25
3068.574866,6.325e-26
3068.598862,2.191e-25
3068.612482,5.192e-25
3068.625132,8.704e-24
3068.625877,9.046e-24
3068.657115,6.466e-26
3068.749999,1.382e-25
3068.753427,4.929e-25
3068.770006,1.412e-25
3068.819254,5.281000000000001e-25
3068.879148,9.805e-26
3068.963224,6.898e-26
3068.967854,4.9990000000000005e-25
3068.979756,1.013e-25
3068.991176,4.275e-25
3069.015095,5.32e-25
3069.030834,2.3210000000000003e-25
3069.04777,7.055000000000001e-26
3069.059362,4.241e-25
3069.069357,2.316e-24
3069.071508,5.226e-25
3069.086112,5.3510000000000005e-25
3069.09822,2.421e-24
3069.153133,7.342e-24
3069.156438,7.62e-24
3069.172249,5.0190000000000005e-25
3069.182001,2.243e-25
3069.199927,5.302000000000001e-25
3069.340745,7.476000000000001e-26
3069.36671,4.983000000000001e-25
3069.373652,5.219e-25
3069.427692,7.65e-26
3069.447464,9.67e-26
3069.478885,1.35e-24
3069.494239,1.389e-24
3069.536145,5.065e-25
3069.544403,9.975e-26
3069.544655,5.152e-24
3069.551363,4.885e-25
3069.55268,5.2789999999999996e-24
3069.610508,2.348e-25
3069.687239,4.832e-25
3069.708301,8.051000000000001e-26
3069.726377,4.718e-25
3069.743787,9.629e-24
3069.744136,1.002e-23
3069.754981,2.272e-25
3069.797776,8.243000000000001e-26
3069.826706,4.511e-25
3069.891978,4.475e-25
3069.892449,1.629e-25
3069.91314,1.665e-25
3069.941339,5.0020000000000005e-25
3069.954232,4.094e-25
3070.00365,9.466e-26
3070.011284,4.954e-25
3070.048481,4.15e-25
3070.065284,8.614e-26
3070.069362,3.568e-25
3070.097127,9.751e-26
3070.099918,7.863e-24
3070.102821,8.172e-24
3070.139678,2.527e-24
3070.157414,8.825e-26
3070.17051,2.648e-24
3070.171411,2.921e-25
3070.179396,2.353e-25
3070.189168,5.9830000000000005e-25
3070.19634,3.735e-25
3070.204253,6.131e-25
3070.25165,1.049e-23
3070.251697,1.094e-23
3070.259289,2.133e-25
3070.317746,2.279e-25
3070.331118,1.175e-25
3070.336241,3.224e-25
3070.412223,9.155e-26
3070.469274,2.607e-25
3070.507156,9.385e-26
3070.550994,9.2e-26
3070.572954,1.524e-24
3070.58147,5.5999999999999996e-24
3070.588765,1.568e-24
3070.589023,5.805e-24
3070.597317,1.874e-25
3070.641256,9.466e-26
3070.652641,9.92e-24
3070.653556,1.034e-23
3070.723963,1.011e-25
3070.73752,2.3370000000000003e-25
3070.748776,9.665e-26
3070.846664,9.914e-26
3070.870247,2.265e-25
3070.895057,5.806e-25
3070.966999,5.739e-25
3071.028396,1.911e-25
3071.049803,1.955e-25
3071.075258,1.013e-25
3071.085031,8.878e-26
3071.172224,9.125e-26
3071.176277,1.04e-25
3071.201462,2.738e-24
3071.20971,8.44e-24
3071.213576,8.786999999999999e-24
3071.234453,2.877e-24
3071.284898,2.3e-25
3071.300044,6.815e-25
3071.315629,6.988e-25
3071.391484,1.055e-25
3071.412444,2.232e-25
3071.495819,1.083e-25
3071.611479,8.51e-26
3071.626682,6.056e-24
3071.63478,6.286e-24
3071.65981,1.711e-24
3071.676275,1.762e-24
3071.695834,8.738000000000001e-26
3071.697642,1.09e-25
3071.787964,1.08e-23
3071.788687,1.128e-23
3071.805501,1.12e-25
3071.821543,2.245e-25
3071.83929,6.728e-25
3071.913164,6.6380000000000005e-25
3071.944299,2.18e-25
3071.993638,1.117e-25
3072.105248,1.149e-25
3072.122787,8.103e-26
3072.154921,8.944e-24
3072.157835,2.232e-25
3072.158468,9.326e-24
3072.179992,2.284e-25
3072.20439,8.311000000000001e-26
3072.257719,2.949e-24
3072.258589,1.164e-23
3072.258751,1.219e-23
3072.27958,1.137e-25
3072.293062,3.11e-24
3072.347465,2.1740000000000003e-25
3072.395194,1.17e-25
3072.404064,7.721e-25
3072.420173,7.924e-25
3072.465778,2.113e-25
3072.555425,1.147e-25
3072.628531,7.666e-26
3072.651657,6.5099999999999996e-24
3072.654682,1.104e-23
3072.655794,1.155e-23
3072.660176,6.766e-24
3072.675322,1.182e-25
3072.707614,7.856000000000001e-26
3072.739654,1.91e-24
3072.756846,1.969e-24
3072.784246,7.743e-25
3072.821233,1.147e-25
3072.860247,7.622e-25
3072.862671,2.09e-25
3072.945724,1.184e-25
3072.976853,2.033e-25
3073.076984,1.137e-25
3073.116343,7.206000000000001e-26
3073.192927,7.378000000000001e-26
3073.206418,1.175e-25
3073.237575,9.479e-24
3073.242087,9.902e-24
3073.280759,2.595e-25
3073.303704,2.6570000000000003e-25
3073.306049,3.154e-24
3073.322707,1.117e-25
3073.343983,3.338e-24
3073.367163,1.995e-25
3073.457477,1.155e-25
3073.477494,1.942e-25
3073.501261,8.702000000000001e-25
3073.517917,8.939e-25
3073.55839,1.087e-25
3073.601739,6.733000000000001e-26
3073.67608,6.888e-26
3073.680568,6.958999999999999e-24
3073.689713,7.244e-24
3073.698937,1.125e-25
3073.721974,8.886e-25
3073.784038,1.046e-25
3073.799935,1.182e-23
3073.800093,8.725e-25
3073.801058,1.24e-23
3073.812433,2.122e-24
3073.83041,2.189e-24
3073.860948,1.89e-25
3073.930864,1.084e-25
3073.967678,1.841e-25
3073.999633,9.951e-26
3074.065045,6.252e-26
3074.137088,6.39e-26
3074.153311,1.033e-25
3074.181046,9.931e-24
3074.185349,1.0399999999999998e-23
3074.205161,9.357e-26
3074.220638,1.14e-25
3074.236947,1.26e-23
3074.237216,1.3249999999999998e-23
3074.341741,1.095e-25
3074.344024,1.779e-25
3074.348343,3.351e-24
3074.366347,9.726e-26
3074.389121,3.562e-24
3074.397163,3.002e-25
3074.400585,8.684e-26
3074.420935,3.076e-25
3074.447381,1.734e-25
3074.530683,5.772000000000001e-26
3074.570042,9.041e-26
3074.585864,7.945e-26
3074.591582,9.753e-25
3074.600728,5.896000000000001e-26
3074.608812,1.003e-24
3074.631234,1.197e-23
3074.632578,1.259e-23
3074.658587,1.013e-24
3074.693116,7.393e-24
3074.702802,7.709e-24
3074.738996,9.924e-25
3074.760931,7.156000000000001e-26
3074.764476,8.287e-26
3074.81639,1.663e-25
3074.878186,2.344e-24
3074.897008,2.421e-24
3074.91658,1.622e-25
3074.925701,6.333000000000001e-26
3074.949741,7.479e-26
3074.96816,5.295e-26
3075.036061,5.405000000000001e-26
3075.080055,5.495e-26
3075.125946,6.633000000000001e-26
3075.233393,1.455e-25
3075.236714,1.038e-23
3075.241988,1.089e-23
3075.278045,1.545e-25
3075.293219,5.768e-26
3075.361073,1.393e-25
3075.375255,1.508e-25
3075.383114,3.534e-24
3075.427041,3.7759999999999996e-24
3075.50704,3.4570000000000003e-25
3075.531684,3.543e-25
3075.589389,1.152e-24
3075.672127,1.124e-24
3075.675039,1.087e-24
3075.692872,1.119e-24
3075.706168,7.808e-24
3075.716568,8.157e-24
3075.728984,1.426e-25
3075.779738,1.26e-23
3075.781301,1.328e-23
3075.823387,1.393e-25
3075.93687,2.576e-24
3075.956599,2.663e-24
3076.169205,1.309e-25
3076.177777,1.075e-23
3076.182981,1.13e-23
3076.187071,1.328e-23
3076.187444,1.404e-23
3076.235251,1.818e-25
3076.260955,1.279e-25
3076.370241,1.733e-25
3076.411504,3.7e-24
3076.458916,3.9749999999999996e-24
3076.51791,1.301e-24
3076.582261,1.264e-23
3076.583887,1.336e-23
3076.5987,1.194e-25
3076.603139,1.2659999999999999e-24
3076.610384,3.961e-25
3076.635947,4.063e-25
3076.687943,1.167e-25
3076.705785,8.193e-24
3076.716864,8.575999999999999e-24
3076.751593,1.2049999999999999e-24
3076.770063,1.242e-24
3076.9885,2.815e-24
3077.005938,1.101e-25
3077.009207,2.914e-24
3077.017465,1.0820000000000002e-25
3077.033191,1.126e-25
3077.104333,1.058e-25
3077.207097,1.108e-23
3077.213292,1.168e-23
3077.226147,2.228e-25
3077.369304,2.115e-25
3077.432622,3.842e-24
3077.441472,1.4639999999999999e-24
3077.483921,4.156e-24
3077.529273,1.419e-24
3077.703332,8.541e-24
3077.707187,4.517e-25
3077.715251,8.961e-24
3077.727392,1.306e-23
3077.729452,1.3849999999999998e-23
3077.733722,4.636000000000001e-25
3077.821244,1.328e-24
3077.840386,1.371e-24
3078.033049,3.059e-24
3078.054806,3.17e-24
3078.109198,1.3589999999999998e-23
3078.10967,1.4469999999999998e-23
3078.126122,1.287e-25
3078.144683,1.131e-23
3078.150985,1.196e-23
3078.154294,1.316e-25
3078.206001,2.687e-25
3078.35834,2.537e-25
3078.362028,1.638e-24
3078.447123,3.958e-24
3078.452566,1.581e-24
3078.502761,4.313e-24
3078.507708,1.294e-23
3078.509688,1.378e-23
3078.689586,8.843e-24
3078.702365,9.3e-24
3078.797443,5.125e-25
3078.825005,5.264e-25
3078.883958,1.456e-24
3078.903814,1.505e-24
3079.070791,3.284e-24
3079.093409,3.429e-24
3079.148664,1.148e-23
3079.156012,1.218e-23
3079.17472,3.196e-25
3079.240016,1.496e-25
3079.269155,1.531e-25
3079.278105,1.8229999999999998e-24
3079.337445,2.999e-25
3079.371501,1.753e-24
3079.454486,4.0399999999999996e-24
3079.515004,4.442e-24
3079.642892,1.311e-23
3079.645534,1.402e-23
3079.671896,9.091e-24
3079.6857,9.587e-24
3079.881143,5.786e-25
3079.909796,5.948000000000001e-25
3079.939725,1.586e-24
3079.960341,1.642e-24
3080.003457,1.345e-23
3080.004032,1.445e-23
3080.081414,1.154e-23
3080.089097,1.229e-23
3080.100818,3.549e-24
3080.125003,3.688e-24
3080.132192,3.755e-25
3080.190725,2.019e-24
3080.287161,1.931e-24
3080.306736,3.499e-25
3080.347613,1.731e-25
3080.377769,1.773e-25
3080.407499,1.281e-23
3080.409942,1.3769999999999998e-23
3080.455054,4.084e-24
3080.460162,1.044e-25
3080.516294,1.019e-25
3080.521077,4.539e-24
3080.644418,9.276e-24
3080.65933,9.811e-24
3080.797787,1.249e-25
3080.906003,1.209e-25
3080.958279,6.5e-25
3080.96356,1.18e-25
3080.98809,6.686e-25
3080.988515,1.717e-24
3081.009943,1.781e-24
3081.061319,1.151e-23
3081.070169,1.231e-23
3081.078281,4.3680000000000005e-25
3081.086772,1.183e-25
3081.099107,2.224e-24
3081.124053,3.788e-24
3081.149594,3.943e-24
3081.198747,2.115e-24
3081.266353,4.033e-25
3081.341265,1.394e-25
3081.349286,1.045e-25
3081.381829,1.019e-25
3081.400315,1.359e-25
3081.448516,4.087e-24
3081.448906,1.994e-25
3081.480136,2.043e-25
3081.508598,1.616e-25
3081.520796,4.6e-24
3081.526198,1.27e-23
3081.52956,1.3719999999999998e-23
3081.611671,9.389e-24
3081.627886,9.965e-24
3081.76592,1.5999999999999998e-25
3081.770504,1.533e-25
3081.826536,1.558e-25
3081.869883,1.28e-23
3081.870564,1.392e-23
3081.987674,1.137e-23
3081.997173,1.222e-23
3082.003745,2.436e-24
3082.012835,5.042e-25
3082.028844,7.265000000000001e-25
3082.030309,1.847e-24
3082.05261,1.92e-24
3082.059887,7.479e-25
3082.1068,2.302e-24
3082.13437,1.061e-25
3082.140141,4.018e-24
3082.167176,4.1899999999999995e-24
3082.179977,1.827e-25
3082.192922,1.1620000000000002e-25
3082.20678,1.989e-25
3082.216428,4.6e-25
3082.242239,1.778e-25
3082.281525,1.219e-23
3082.284611,1.326e-23
3082.435011,4.043e-24
3082.44633,1.89e-25
3082.514441,4.62e-24
3082.543888,2.285e-25
3082.570137,9.423e-24
3082.576251,2.3430000000000003e-25
3082.583416,2.076e-25
3082.587818,1.004e-23
3082.60269,1.114e-25
3082.636448,1.087e-25
3082.647412,2.019e-25
3082.892796,2.359e-25
3082.904235,2.653e-24
3082.935702,5.791e-25
3082.944903,1.112e-23
3082.955809,1.202e-23
3082.976241,2.347e-25
3083.010921,2.489e-24
3083.042064,2.282e-25
3083.065078,1.974e-24
3083.088321,2.057e-24
3083.092826,8.077e-25
3083.113562,2.247e-25
3083.125176,8.322e-25
3083.14907,4.2349999999999996e-24
3083.157003,5.197e-25
3083.177755,4.424e-24
3083.25818,1.407e-25
3083.318561,1.538e-25
3083.358435,2.6410000000000003e-25
3083.377225,1.178e-23
3083.381541,1.291e-23
3083.414326,3.949e-24
3083.426188,2.565e-25
3083.501989,4.597e-24
3083.522419,9.37e-24
3083.541834,1.003e-23
3083.566972,2.717e-25
3083.632551,2.606e-25
3083.666114,2.674e-25
3083.708418,1.162e-23
3083.709211,1.285e-23
3083.729995,2.9570000000000004e-25
3083.771724,2.592e-25
3083.799793,2.87e-25
3083.800786,2.871e-24
3083.846827,6.6440000000000005e-25
3083.86318,1.074e-23
3083.87521,1.169e-23
3083.889913,1.178e-25
3083.911359,2.673e-24
3083.924358,1.148e-25
3084.087615,5.812e-25
3084.09091,3.2940000000000003e-25
3084.092796,2.097e-24
3084.11706,2.191e-24
3084.129623,1.105e-23
3084.133672,1.222e-23
3084.150217,8.933e-25
3084.150817,4.433e-24
3084.162882,3.193e-25
3084.181333,4.641e-24
3084.183821,9.192e-25
3084.229545,3.055e-25
3084.371764,1.818e-25
3084.386444,3.803e-24
3084.420477,2.92e-25
3084.434092,1.987e-25
3084.441171,3.651e-25
3084.466514,9.223e-24
3084.483664,4.528e-24
3084.487955,9.919e-24
3084.515598,3.523e-25
3084.693185,3.089e-24
3084.714887,2.9570000000000004e-25
3084.749723,3.037e-25
3084.780767,4.025e-25
3084.799129,1.025e-23
3084.807925,2.849e-24
3084.813044,1.124e-23
3084.857392,3.896e-25
3084.880692,3.366e-25
3085.05957,3.223e-25
3085.109689,4.413e-25
3085.11343,2.2109999999999998e-24
3085.131748,1.232e-25
3085.13881,2.317e-24
3085.145359,4.608e-24
3085.16739,1.2e-25
3085.177917,4.835e-24
3085.18894,4.267e-25
3085.195795,1.033e-23
3085.201006,9.826e-25
3085.201512,1.157e-23
3085.236372,1.015e-24
3085.35115,3.603e-24
3085.403784,8.976e-24
3085.427668,9.711e-24
3085.427922,4.813e-25
3085.459567,4.411e-24
3085.4751,2.299e-25
3085.50996,4.647000000000001e-25
3085.518923,9.904e-24
3085.519836,1.124e-23
3085.520544,3.644e-25
3085.539514,2.513e-25
3085.581494,3.3e-24
3085.688815,3.494e-25
3085.700725,3.014e-24
3085.707542,9.624e-24
3085.723397,1.066e-23
3085.735455,5.22e-25
3085.790888,3.339e-25
3085.820474,5.033e-25
3085.827075,3.431e-25
3085.951498,9.372e-24
3085.957158,1.064e-23
3086.032273,5.629000000000001e-25
3086.120491,5.42e-25
3086.126949,2.315e-24
3086.132664,4.754e-24
3086.149203,3.885e-25
3086.153554,2.435e-24
3086.167516,5.001e-24
3086.245181,1.0749999999999999e-24
3086.282159,1.111e-24
3086.308067,3.731e-25
3086.308264,3.349e-24
3086.31836,6.035e-25
3086.333137,8.626e-24
3086.359987,9.397e-24
3086.393311,1.277e-25
3086.410023,5.801e-25
3086.429792,1.2430000000000002e-25
3086.429941,4.247e-24
3086.46559,3.501e-24
3086.568192,2.849e-25
3086.589678,3.161e-24
3086.593697,6.431e-25
3086.623406,8.879e-24
3086.634843,3.1210000000000003e-25
3086.642155,9.953e-24
3086.689082,6.172e-25
3086.766749,4.085e-25
3086.858265,6.811e-25
3086.860544,3.75e-25
3086.898171,3.858e-25
3086.91721,3.929e-25
3086.957684,6.525e-25
3086.981502,8.377e-24
3086.989603,9.693e-24
3087.112039,7.166e-25
3087.112699,4.865e-24
3087.133313,2.407e-24
3087.150147,5.1329999999999996e-24
3087.161274,2.542e-24
3087.215849,6.852e-25
3087.255148,8.166e-24
3087.257446,3.042e-24
3087.282728,1.169e-24
3087.285701,8.971e-24
3087.292579,1.184e-25
3087.301186,7.699e-24
3087.302228,9.121e-24
3087.321469,1.2099999999999999e-24
3087.345463,3.685e-24
3087.354995,7.489e-25
3087.373243,4.243e-25
3087.395023,4.035e-24
3087.463599,7.145e-25
3087.474832,3.284e-24
3087.516151,4.087e-25
3087.519943,8.006e-24
3087.542282,9.113e-24
3087.5871,7.771e-25
3087.621164,1.309e-25
3087.651026,3.4670000000000003e-25
3087.658861,1.273e-25
3087.700965,7.397e-25
3087.720092,3.808e-25
3087.746437,7.196e-24
3087.755301,8.543e-24
3087.776502,1.1e-25
3087.797097,1.0810000000000002e-25
3087.808318,8.004e-25
3087.834787,1.108e-25
3087.923845,4.191e-25
3087.927983,7.598e-25
3087.963008,4.314e-25
3087.968734,4.3580000000000005e-25
3088.018606,8.177000000000001e-25
3088.085419,4.9379999999999996e-24
3088.104817,4.203e-25
3088.116331,5.304000000000001e-26
3088.125828,5.226e-24
3088.132482,2.482e-24
3088.144698,7.739e-25
3088.161955,2.634e-24
3088.169166,7.595e-24
3088.198249,2.686e-24
3088.204441,8.429e-24
3088.21791,8.281e-25
3088.22103,3.8449999999999996e-24
3088.313634,1.2649999999999999e-24
3088.35117,7.813e-25
3088.354291,1.311e-24
3088.355172,3.778e-24
3088.356167,3.3779999999999996e-24
3088.406166,8.307e-25
3088.416223,7.009e-24
3088.443911,8.142e-24
3088.547473,7.808e-25
3088.553261,4.429e-25
3088.583293,8.245e-25
3088.607679,5.602e-26
3088.683144,4.276e-25
3088.697452,1.01e-25
3088.723601,4.148e-25
3088.733046,5.945e-24
3088.733703,7.717e-25
3088.746334,7.325e-24
3088.749187,8.085e-25
3088.763373,1.373e-25
3088.795283,4.574e-25
3088.803377,5.955e-26
3088.858751,1.326e-25
3088.882387,1.2390000000000002e-25
3088.897433,1.288e-25
3088.903716,7.818e-25
3088.909989,7.531000000000001e-25
3088.921428,1.27e-25
3088.98078,4.658000000000001e-25
3089.021588,4.8e-25
3089.046701,7.432e-25
3089.049488,1.876e-25
3089.05077,4.966e-24
3089.054925,5.065e-24
3089.056108,6.566e-24
3089.07519,6.908e-24
3089.076503,7.241000000000001e-25
3089.09225,3.972e-24
3089.094588,5.2749999999999996e-24
3089.116693,7.766e-24
3089.124408,2.539e-24
3089.126855,4.457e-25
3089.12997,2.287e-24
3089.155582,2.71e-24
3089.177901,6.918000000000001e-25
3089.23348,6.839e-25
3089.233726,3.434e-24
3089.251081,4.308e-25
3089.296728,6.213000000000001e-26
3089.296974,6.262000000000001e-25
3089.297826,5.883e-24
3089.310844,3.477e-24
3089.333386,7.03e-24
3089.337882,1.36e-24
3089.380627,1.411e-24
3089.381259,6.3160000000000005e-25
3089.403421,5.448e-25
3089.481393,6.579e-26
3089.496473,4.458e-25
3089.511544,4.553e-24
3089.520332,5.6640000000000005e-25
3089.529189,5.948e-24
3089.563134,1.699e-25
3089.574866,3.259e-25
3089.636341,1.802e-25
3089.651467,4.871e-25
3089.672521,1.3240000000000002e-25
3089.68954,4.445e-25
3089.697918,1.2420000000000002e-25
3089.775921,3.927e-25
3089.785906,4.884e-25
3089.808583,4.301e-25
3089.86044,5.411e-25
3089.895951,2.8150000000000003e-25
3089.95906,4.055e-24
3089.961611,1.413e-25
3089.972517,6.102e-24
3089.975454,6.789000000000001e-26
3090.002084,1.449e-25
3090.008682,4.945e-24
3090.016152,1.516e-25
3090.022557,6.976e-24
3090.031339,5.15e-25
3090.051553,1.857e-24
3090.056468,5.274e-24
3090.070783,1.327e-25
3090.073911,5.312000000000001e-25
3090.107549,3.4429999999999996e-24
3090.10904,2.575e-24
3090.110731,1.288e-25
3090.142145,2.767e-24
3090.150256,7.164000000000001e-26
3090.172061,4.6249999999999996e-24
3090.220866,5.765e-24
3090.241335,4.394e-25
3090.262704,3.138e-24
3090.333037,1.0810000000000002e-25
3090.355454,1.453e-24
3090.355612,4.257e-25
3090.400481,1.51e-24
3090.442203,3.0499999999999998e-24
3090.47437,4.445e-24
3090.51395,2.293e-25
3090.52263,1.741e-25
3090.544102,1.614e-25
3090.643932,7.32e-26
3090.777472,4.056e-25
3090.779793,2.028e-24
3090.781129,3.6499999999999996e-24
3090.782256,4.309e-25
3090.809857,7.7e-26
3090.821406,4.078e-24
3090.837934,5.6610000000000005e-25
3090.860275,5.172e-24
3090.892135,4.178e-25
3090.915595,6.3110000000000005e-25
3090.922655,6.05e-24
3090.959064,4.868e-24
3090.961302,1.411e-24
3090.977723,3.396e-24
3091.011523,5.217e-24
3091.028027,3.217e-24
3091.03476,1.602e-25
3091.075507,5.6620000000000005e-25
3091.076753,1.6450000000000002e-25
3091.086316,2.587e-24
3091.102281,4.309e-24
3091.119977,5.846e-25
3091.121637,2.803e-24
3091.203763,1.382e-24
3091.211728,2.765e-24
3091.244365,1.273e-25
3091.24747,2.311e-25
3091.264924,2.111e-25
3091.285591,1.309e-25
3091.286802,2.697e-24
3091.302215,7.797000000000001e-26
3091.312315,4.192e-25
3091.32667,1.269e-25
3091.354163,3.1540000000000003e-25
3091.36633,1.543e-24
3091.413862,1.606e-24
3091.418122,4.068e-25
3091.460108,8.179e-26
3091.499363,1.217e-25
3091.506648,1.169e-25
3091.679216,4.021e-24
3091.73632,4.11e-24
3091.8179,4.969e-24
3091.831522,4.048e-25
3091.844385,3.281e-24
3091.844689,1.636e-24
3091.846854,3.1390000000000003e-25
3091.856393,9.75e-25
3091.860136,2.8020000000000003e-25
3091.87967,6.463e-25
3091.90179,4.733e-24
3091.933547,3.931e-25
3091.950339,8.213000000000001e-26
3091.95983,5.0999999999999995e-24
3091.960784,7.257000000000001e-25
3091.986228,2.549e-24
3092.056165,2.574e-24
3092.069216,1.631e-25
3092.074191,1.5620000000000002e-25
3092.094055,2.815e-24
3092.100926,8.593000000000001e-26
3092.101824,1.808e-25
3092.113272,6.19e-25
3092.145436,1.858e-25
3092.159451,2.367e-24
3092.159791,6.398e-25
3092.176847,1.385e-25
3092.320703,4.457e-25
3092.329514,3.835e-25
3092.339882,3.88e-25
3092.370484,1.628e-24
3092.42078,1.698e-24
3092.438386,3.772e-25
3092.480412,1.272e-25
3092.522839,1.232e-25
3092.532365,3.854e-24
3092.559511,2.1650000000000003e-25
3092.562375,2.063e-25
3092.588329,8.56e-26
3092.595361,2.9e-24
3092.669087,6.9470000000000005e-25
3092.672705,5.565e-25
3092.707756,3.085e-24
3092.7104,3.695e-24
3092.731766,5.805e-25
3092.73224,8.936e-26
3092.836686,4.533e-24
3092.837402,3.694e-25
3092.857509,5.771e-25
3092.888147,8.931e-25
3092.892532,1.37e-24
3092.9015,4.917e-24
3092.911097,7.267000000000001e-25
3092.932619,3.593e-25
3092.959893,1.032e-25
3092.977687,2.849e-25
3092.978616,2.701e-25
3092.986438,9.864e-25
3092.996052,8.233000000000001e-25
3093.007909,2.477e-24
3093.018504,2.5319999999999998e-24
3093.053565,1.028e-25
3093.059409,2.8019999999999998e-24
3093.064423,1.069e-25
3093.077796,6.941000000000001e-25
3093.089806,9.371e-25
3093.108476,1.9509999999999998e-24
3093.136837,3.968e-25
3093.144618,6.729e-25
3093.154236,1.374e-25
3093.162795,2.03e-25
3093.163515,1.434e-25
3093.193354,6.9630000000000005e-25
3093.208132,2.088e-25
3093.216197,8.835e-26
3093.22706,4.589e-25
3093.240087,5.54e-25
3093.281115,1.816e-25
3093.289131,1.903e-25
3093.31205,2.054e-24
3093.31437,1.027e-24
3093.324084,3.492e-25
3093.330098,3.509e-25
3093.330972,3.727e-25
3093.353981,9.204e-26
3093.367888,1.705e-24
3093.380514,3.538e-24
3093.416226,3.4e-25
3093.418562,1.52e-24
3093.421248,1.782e-24
3093.426486,2.38e-25
3093.43357,2.5050000000000003e-25
3093.441791,3.2960000000000003e-25
3093.457124,3.786e-25
3093.568179,2.787e-24
3093.577242,2.678e-25
3093.582742,3.095e-25
3093.58924,3.2770000000000004e-25
3093.605457,2.136e-24
3093.623596,4.541e-25
3093.626199,4.863e-25
3093.673257,1.216e-25
3093.716971,1.176e-25
3093.722394,2.475e-25
3093.740478,2.763e-25
3093.742582,4.004e-25
3093.748863,4.271e-25
3093.763495,4.265e-24
3093.799931,3.28e-25
3093.833952,9.035e-26
3093.836695,4.662e-24
3093.865314,5.876e-25
3093.86967,6.363e-25
3093.889188,3.195e-25
3093.891782,1.051e-25
3093.896428,1.087e-25
3093.899186,5.172e-25
3093.905654,5.569e-25
3093.932187,8.049e-25
3093.966092,9.394e-26
3093.973231,2.462e-24
3093.973636,1.229e-25
3093.977823,1.261e-25
3094.01772,2.763e-24
3094.021453,9.214e-25
3094.046335,6.702e-25
3094.053471,7.309e-25
3094.060761,7.649999999999999e-25
3094.063726,1.5299999999999999e-24
3094.067051,8.411000000000001e-25
3094.068777,1.903e-25
3094.089816,2.086e-25
3094.15623,4.464e-25
3094.169527,7.271e-25
3094.178491,8.775e-25
3094.186934,9.747e-25
3094.214618,1.011e-24
3094.217659,2.267e-25
3094.220672,7.534000000000001e-25
3094.22264,3.025e-24
3094.223319,1.1369999999999999e-24
3094.24596,1.096e-25
3094.264841,2.3330000000000003e-25
3094.264943,3.061e-25
3094.277017,1.436e-25
3094.282149,1.488e-25
3094.290784,1.175e-24
3094.301545,1.342e-24
3094.330544,1.379e-24
3094.342785,1.609e-24
3094.351489,2.9840000000000003e-25
3094.358509,1.773e-24
3094.378769,1.643e-24
3094.388422,1.668e-25
3094.39264,1.732e-25
3094.393881,1.972e-24
3094.410464,1.996e-24
3094.415285,1.857e-24
3094.426121,2.361e-24
3094.429357,2.499e-24
3094.436579,2.492e-24
3094.441586,9.158e-26
3094.446536,3.156e-24
3094.462297,3.341e-24
3094.480657,1.4810000000000002e-25
3094.488389,4.906e-24
3094.504758,1.603e-25
3094.541892,2.471e-25
3094.568508,9.506e-26
3094.613639,2.613e-24
3094.641013,1.937e-25
3094.646569,2.014e-25
3094.652916,1.145e-25
3094.670821,1.576e-24
3094.681827,3.924e-24
3094.71912,2.839e-25
3094.724403,1e-25
3094.765657,4.331e-24
3094.768564,2.239e-25
3094.773658,2.3310000000000003e-25
3094.778695,2.4970000000000003e-25
3094.803113,2.769e-25
3094.849825,1.14e-25
3094.895001,1.101e-25
3094.920219,2.362e-24
3094.942901,8.777e-25
3094.957596,1.1590000000000002e-25
3094.962816,5.217e-24
3094.964596,3.652e-24
3094.968253,2.608e-25
3094.96903,2.697e-24
3094.97936,1.094e-25
3094.981869,2.584e-25
3094.984819,1.2420000000000002e-25
3094.98803,2.695e-25
3095.003847,1.07e-25
3095.036408,1.121e-24
3095.037052,1.017e-24
3095.039099,9.206e-26
3095.055427,2.267e-24
3095.115606,2.9710000000000003e-25
3095.121644,3.105e-25
3095.161182,9.539e-26
3095.162461,2.617e-25
3095.187979,7.808e-25
3095.241752,8.102e-25
3095.244045,2.554e-25
3095.266406,2.518e-25
3095.28157,1.757e-24
3095.281844,5.24e-26
3095.29804,3.411e-25
3095.304972,3.573e-25
3095.315564,2.594e-25
3095.342304,1.83e-24
3095.381373,5.358e-26
3095.402913,1.921e-24
3095.430757,3.906e-25
3095.437838,4.1e-25
3095.456379,2.088e-25
3095.507969,4.443e-24
3095.52374,3.172e-24
3095.588296,4.465e-25
3095.591057,3.505e-24
3095.594963,2.397e-25
3095.596187,4.6980000000000005e-25
3095.626469,9.18e-26
3095.636583,5.644000000000001e-26
3095.67427,2.3410000000000003e-25
3095.688763,3.917e-24
3095.714934,5.093e-25
3095.723207,5.374e-25
3095.738968,5.774e-26
3095.744049,9.498e-26
3095.851668,5.802e-25
3095.859308,2.231e-24
3095.860752,6.14e-25
3095.866776,1.241e-24
3095.913412,2.602e-24
3095.94318,9.419e-25
3095.968799,6.601000000000001e-25
3095.978486,7.01e-25
3095.981454,6.039000000000001e-26
3096.016624,2.184e-25
3096.021239,1.046e-25
3096.042925,1.107e-24
3096.067875,1.008e-25
3096.086846,6.182000000000001e-26
3096.087406,7.504e-25
3096.091102,1.638e-24
3096.093776,2.134e-25
3096.09799,7.9999999999999985e-25
3096.192791,8.527e-25
3096.199377,1.627e-25
3096.199952,8.332e-25
3096.203693,9.083e-26
3096.204224,9.131e-25
3096.229704,6.019e-24
3096.238957,4.6819999999999996e-24
3096.256603,8.659e-25
3096.294917,9.692e-25
3096.307436,1.043e-24
3096.309022,2.781e-25
3096.316494,6.418e-26
3096.317074,9.385e-26
3096.319223,1.872e-24
3096.360304,2.868e-25
3096.384164,1.971e-24
3096.387153,1.102e-24
3096.40084,1.193e-24
3096.418242,3.094e-25
3096.425057,6.575000000000001e-26
3096.42744,1.977e-25
3096.473708,1.256e-24
3096.488821,1.369e-24
3096.490107,3.004e-24
3096.502549,1.933e-25
3096.524596,1.018e-25
3096.531879,1.083e-25
3096.551914,1.434e-24
3096.560686,1.138e-25
3096.568684,1.576e-24
3096.583012,8.063999999999999e-24
3096.584999,6.5709999999999996e-24
3096.591619,1.493e-25
3096.606625,3.411e-24
3096.623274,1.645e-24
3096.641726,6.774000000000001e-26
3096.642081,1.825e-24
3096.686813,1.896e-24
3096.708143,2.131e-24
3096.742561,1.251e-25
3096.742859,2.203e-24
3096.753639,6.943e-26
3096.767444,2.514e-24
3096.77073,8.921e-26
3096.773465,1.3190000000000002e-25
3096.790283,2.068e-24
3096.790915,2.586e-24
3096.819878,3.013e-24
3096.827407,1.781e-25
3096.830557,3.081e-24
3096.85098,2.479e-24
3096.860416,3.742e-24
3096.865812,3.692e-24
3096.875612,4.639e-24
3096.880182,9.206e-26
3096.900576,1.741e-25
3096.905727,4.677e-24
3096.932939,9.938e-25
3096.940958,6.249e-24
3096.949631,1.436e-25
3096.95718,7.098000000000001e-26
3096.964457,2.44e-24
3096.98293,1.521e-25
3097.038426,1.855e-24
3097.039165,1.188e-24
3097.072638,7.281e-26
3097.132773,1.35e-25
3097.147237,1.6440000000000002e-25
3097.162839,7.452e-24
3097.166719,6.097e-24
3097.167794,1.217e-25
3097.183095,1.748e-25
3097.185032,1.19e-25
3097.20542,8.832e-25
3097.216521,1.594e-25
3097.262874,7.384e-26
3097.265237,9.195e-25
3097.287845,1.56e-25
3097.289204,1.899e-24
3097.327586,8.699000000000001e-26
3097.339734,1.872e-25
3097.345493,3.055e-25
3097.359078,2.005e-24
3097.376952,2.412e-24
3097.378477,2.001e-25
3097.382094,7.579000000000001e-26
3097.398328,1.527e-25
3097.399064,3.1530000000000003e-25
3097.433356,8.966e-26
3097.52031,2.7999999999999998e-24
3097.523923,2.124e-25
3097.558831,7.623e-26
3097.565814,2.283e-25
3097.594777,1.4199999999999999e-25
3097.628397,1.003e-25
3097.641073,1.314e-25
3097.664343,1.39e-25
3097.666365,1.284e-25
3097.68205,7.830000000000001e-26
3097.702123,2.398e-25
3097.71285,1.875e-24
3097.747551,2.594e-25
3097.78192,2.327e-24
3097.789372,4.278e-24
3097.793098,1.1e-25
3097.805489,8.762999999999999e-24
3097.810137,7.413999999999999e-24
3097.819015,3.4099999999999995e-24
3097.845066,7.807000000000001e-26
3097.872665,2.695e-25
3097.874193,8.424000000000001e-26
3097.912053,1.03e-24
3097.922014,2.938e-25
3097.962169,1.257e-25
3097.972545,8.026000000000001e-26
3097.9765,8.672e-26
3098.025889,1.254e-24
3098.03006,1.231e-25
3098.036713,3.014e-25
3098.090482,3.3150000000000003e-25
3098.121592,7.932e-26
3098.17202,1.055e-23
3098.174231,9.129e-24
3098.18388,1.014e-25
3098.193432,3.355e-25
3098.204353,9.298e-25
3098.247276,1.721e-24
3098.252164,1.907e-24
3098.252168,3.729e-25
3098.253623,8.161e-26
3098.267668,9.697e-25
3098.318691,1.107e-25
3098.327706,2.0199999999999998e-24
3098.343351,3.713e-25
3098.375802,3.336e-25
3098.384983,1.085e-25
3098.388419,7.99e-26
3098.407731,4.18e-25
3098.410581,8.102000000000001e-26
3098.431828,2.063e-24
3098.431847,3.4480000000000003e-25
3098.486057,4.086e-25
3098.509629,8.332e-26
3098.525324,8.229e-26
3098.556867,4.67e-25
3098.568204,1.495e-25
3098.597655,1.058e-25
3098.602372,5.815e-24
3098.617173,4.817e-24
3098.621734,4.469e-25
3098.626582,1.651e-24
3098.6399,1.03e-25
3098.645553,7.978000000000001e-26
3098.699936,5.203e-25
3098.706518,2.1439999999999998e-24
3098.750137,4.854e-25
3098.787691,8.224e-26
3098.788223,9.956e-24
3098.789802,8.628e-24
3098.836897,5.779e-25
3098.865063,1.4030000000000002e-25
3098.871238,5.229e-25
3098.880343,1.048e-24
3098.892994,7.892e-26
3098.936634,7.741e-26
3098.968,6.402e-25
3098.984795,5.581e-25
3099.003238,1.302e-24
3099.032605,7.953000000000001e-26
3099.04077,8.144000000000001e-26
3099.053172,1.223e-25
3099.089825,9.183e-25
3099.090577,5.886e-25
3099.093367,7.076e-25
3099.096435,1.189e-25
3099.130738,7.73e-26
3099.188171,6.117e-25
3099.196713,9.716e-25
3099.207999,1.893e-24
3099.213268,7.805e-25
3099.263917,1.015e-24
3099.276997,6.232e-25
3099.284605,7.986000000000001e-26
3099.290119,2.0139999999999998e-24
3099.300155,2.071e-25
3099.32798,8.597e-25
3099.345484,1.16e-24
3099.34682,1.103e-23
3099.350428,9.735e-24
3099.356143,6.177e-25
3099.358776,7.494e-26
3099.399931,3.621e-25
3099.40328,7.158e-24
3099.411487,6.0999999999999996e-24
3099.424165,5.884e-25
3099.437921,9.462e-25
3099.452436,7.349e-26
3099.45866,3.747e-25
3099.478654,5.273e-25
3099.487228,1.312e-25
3099.497515,1.4050000000000002e-25
3099.515307,4.278e-25
3099.519247,7.751e-26
3099.525472,2.9e-25
3099.530826,1.3969999999999999e-24
3099.541849,1.365e-25
3099.54365,1.042e-24
3099.545498,7.543000000000001e-26
3099.547606,1.136e-25
3099.549965,2.016e-25
3099.564146,1.947e-25
3099.57709,7.184000000000001e-26
3099.603541,1.437e-25
3099.616267,1.373e-25
3099.623186,1.4030000000000002e-25
3099.625232,1.929e-24
3099.635132,1.091e-25
3099.645999,1.149e-24
3099.681333,1.657e-25
3099.706414,1.313e-25
3099.729163,1.258e-23
3099.731618,1.125e-23
3099.742123,1.999e-25
3099.744748,7.440000000000001e-26
3099.746263,1.273e-24
3099.774225,1.576e-25
3099.785654,6.806000000000001e-26
3099.79907,2.408e-25
3099.836693,1.03e-25
3099.83755,1.044e-24
3099.837891,1.888e-25
3099.846635,1.425e-24
3099.851832,2.9e-25
3099.889226,1.059e-25
3099.897855,2.259e-25
3099.900593,3.494e-25
3099.932576,1.607e-25
3099.945186,4.21e-25
3099.951287,1.631e-24
3099.953785,2.699e-25
3099.95779,6.933e-26
3099.961166,7.058000000000001e-26
3099.971392,1.325e-24
3099.978004,1.5590000000000002e-25
3099.984432,6.365e-26
3099.985678,5.08e-25
3100.005872,3.221e-25
3100.018601,2.6799999999999998e-25
3100.021993,6.14e-25
3100.048095,7.11e-26
3100.053958,3.843e-25
3100.05416,7.44e-25
3100.069908,1.979e-24
3100.082172,9.048e-25
3100.098112,4.583e-25
3100.106087,1.105e-24
3100.125996,1.357e-24
3100.138258,5.468e-25
3100.142079,1.677e-24
3100.154625,2.0849999999999998e-24
3100.156568,1.856e-24
3100.164055,2.608e-24
3100.168566,6.610000000000001e-26
3100.17087,3.275e-24
3100.173374,5.870000000000001e-26
3100.174411,6.529e-25
3100.175283,4.113e-24
3100.175509,5.1369999999999996e-24
3100.182457,1.0069999999999999e-24
3100.200419,8.348e-24
3100.205105,7.267999999999999e-24
3100.206535,7.809e-25
3100.234626,9.364e-25
3100.241227,2.048e-24
3100.246411,1.983e-24
3100.250278,1.53e-25
3100.254008,1.055e-24
3100.256399,2.526e-25
3100.258669,1.127e-24
3100.263559,6.4369999999999996e-24
3100.276567,1.493e-25
3100.278656,1.363e-24
3100.294567,1.659e-24
3100.306337,2.035e-24
3100.313681,2.516e-24
3100.31507,3.102e-24
3100.317466,1.704e-24
3100.352414,5.329e-26
3100.356803,1.827e-25
3100.36702,6.105000000000001e-26
3100.38582,1.197e-23
3100.386734,1.071e-23
3100.40338,1.77e-25
3100.41786,3.907e-25
3100.424507,1.114e-24
3100.452876,6.501e-26
3100.479509,4.048e-25
3100.538796,1.678e-24
3100.540567,6.661000000000001e-26
3100.556613,5.552e-26
3100.72427,3.3040000000000003e-25
3100.771358,2.066e-25
3100.78331,1.019e-24
3100.819121,2e-25
3100.831529,1.087e-25
3100.84422,1.121e-25
3100.854276,1.28e-23
3100.857695,1.158e-23
3100.882091,1.149e-25
3100.930582,1.317e-24
3100.936771,1.183e-25
3100.937365,6.058e-26
3100.940679,3.1220000000000003e-25
3100.982582,9.399e-24
3100.98546,8.319e-24
3101.022568,6.203000000000001e-26
3101.054736,1.288e-25
3101.061139,3.662e-24
3101.068007,1.33e-25
3101.095612,3.098e-24
3101.097679,1.793e-24
3101.161532,1.036e-24
3101.175287,2.3240000000000003e-25
3101.196712,1.926e-24
3101.224293,2.246e-25
3101.237975,1.088e-24
3101.25372,1.41e-23
3101.256437,1.287e-23
3101.270818,1.521e-25
3101.284707,1.572e-25
3101.305709,8.042e-25
3101.411597,5.613e-26
3101.417651,3.928e-25
3101.429564,4.188e-25
3101.448434,1.382e-24
3101.479649,1.79e-25
3101.494195,1.852e-25
3101.494406,4.346000000000001e-25
3101.494435,5.743e-26
3101.56928,2.599e-25
3101.616251,3.721e-25
3101.61958,2.508e-25
3101.681316,2.1e-25
3101.696559,2.1750000000000003e-25
3101.717116,9.743e-25
3101.768098,1.032e-23
3101.769703,9.252e-24
3101.867791,5.0069999999999996e-24
3101.87503,5.17e-26
3101.876027,2.447e-25
3101.881119,1.2649999999999999e-24
3101.885152,4.3199999999999995e-24
3101.891735,2.545e-25
3101.921651,1.275e-25
3101.952765,2.891e-25
3101.955608,5.286e-26
3101.955745,1.3459999999999998e-23
3101.956476,1.229e-23
3101.978635,1.314e-25
3102.004423,2.784e-25
3102.027518,1.64e-25
3102.03106,1.701e-24
3102.049504,1.5999999999999998e-25
3102.062933,2.859e-25
3102.079767,2.97e-25
3102.099086,4.535e-25
3102.133872,1.055e-24
3102.141204,1.838e-24
3102.170578,4.711e-25
3102.215858,1.111e-24
3102.242932,3.321e-25
3102.260625,3.4560000000000003e-25
3102.282619,4.306e-25
3102.32614,3.197e-25
3102.327835,1.404e-23
3102.331354,1.292e-23
3102.356307,1.027e-24
3102.379219,3.072e-25
3102.415703,3.847e-25
3102.434331,4.01e-25
3102.435018,4.46e-25
3102.503362,4.635000000000001e-25
3102.530589,1.11e-23
3102.53171,1.006e-23
3102.58123,4.444e-25
3102.600873,4.64e-25
3102.638308,9.172e-25
3102.664667,6.161e-24
3102.673499,5.4049999999999996e-24
3102.689068,3.514e-25
3102.739513,5.12e-25
3102.743644,3.37e-25
3102.744924,1.506e-23
3102.747925,1.394e-23
3102.760261,5.356e-25
3102.76882,5.114e-25
3102.809262,1.7190000000000002e-25
3102.823545,1.1389999999999999e-24
3102.836729,1.675e-25
3102.890537,5.884e-25
3102.912495,6.17e-25
3102.939435,4.866e-25
3102.955358,1.407e-25
3102.956313,1.577e-24
3103.009844,1.378e-25
3103.014821,1.451e-25
3103.034294,6.747e-25
3103.041769,3.839e-25
3103.057583,7.092e-25
3103.080146,1.718e-24
3103.097921,3.672e-25
3103.099392,1.065e-24
3103.170767,7.722e-25
3103.187715,1.124e-24
3103.195528,8.139e-25
3103.266586,5.851e-25
3103.299942,8.823e-25
3103.307479,1.176e-23
3103.307967,1.075e-23
3103.326342,9.328e-25
3103.384051,4.168e-25
3103.421797,1.0069999999999999e-24
3103.427035,5.6520000000000005e-25
3103.434189,4.716e-25
3103.441869,3.976e-25
3103.450036,1.068e-24
3103.453031,7.16e-24
3103.456696,1.2390000000000002e-25
3103.457155,6.37e-24
3103.497828,1.4399999999999997e-23
3103.49856,1.334e-23
3103.506394,4.91e-25
3103.536306,1.147e-24
3103.546157,8.612e-25
3103.566627,1.222e-24
3103.586446,5.39e-25
3103.643436,1.307e-24
3103.676135,1.3979999999999999e-24
3103.71603,4.496e-25
3103.743142,1.489e-24
3103.767337,1.4729999999999998e-23
3103.771076,1.3719999999999998e-23
3103.775611,4.275e-25
3103.777138,7.349e-25
3103.77859,1.5999999999999999e-24
3103.835364,1.698e-24
3103.872833,1.42e-24
3103.874033,1.835e-24
3103.920017,1.938e-24
3103.96252,2.109e-24
3103.983196,1.544e-25
3103.996972,2.217e-24
3104.013925,1.561e-24
3104.037598,4.818e-25
3104.044133,2.433e-24
3104.045335,1.593e-25
3104.047931,1.229e-23
3104.04847,1.132e-23
3104.057984,1.062e-24
3104.066032,2.547e-24
3104.073865,6.14e-25
3104.099052,4.565e-25
3104.118997,2.821e-24
3104.126863,2.941e-24
3104.153616,1.126e-24
3104.178851,3.42e-24
3104.187307,3.297e-24
3104.201983,1.547e-23
3104.205288,1.4469999999999998e-23
3104.220689,4.018e-24
3104.223466,5.867e-25
3104.233531,8.021e-24
3104.234897,7.22e-24
3104.242365,6.147e-25
3104.248866,4.776e-24
3104.249393,3.8939999999999996e-24
3104.305867,4.67e-24
3104.348813,5.129e-25
3104.358034,5.7259999999999996e-24
3104.412262,4.838e-25
3104.42704,4.951e-25
3104.435702,1.806e-25
3104.460016,1.759e-25
3104.484016,1.3339999999999999e-24
3104.484245,1.112e-25
3104.487528,9.638e-25
3104.495019,1.127e-25
3104.503522,5.164e-25
3104.645328,2.039e-25
3104.649614,5.42e-25
3104.709416,6.57e-25
3104.715195,5.089e-25
3104.740045,1.317e-25
3104.751142,1.334e-25
3104.779641,1.226e-24
3104.819516,1.269e-23
3104.819597,1.176e-23
3104.850353,6.289000000000001e-25
3104.940028,5.687e-25
3104.943136,1.364e-24
3104.984787,1.123e-24
3104.988772,1.554e-25
3105.000202,1.574e-25
3105.005145,1.683e-25
3105.006022,7.956e-24
3105.006324,8.754e-24
3105.007895,5.309000000000001e-25
3105.009506,1.046e-24
3105.011806,1.4809999999999998e-23
3105.012621,1.3849999999999998e-23
3105.070182,1.739e-25
3105.113658,1.113e-24
3105.172583,1.491e-23
3105.176597,1.401e-23
3105.220022,5.921000000000001e-25
3105.230436,1.826e-25
3105.242209,1.849e-25
3105.29035,5.492e-25
3105.290726,2.302e-24
3105.319977,1.858e-25
3105.333769,6.936000000000001e-25
3105.347182,1.733e-24
3105.348816,1.808e-25
3105.413525,5.157e-25
3105.463538,4.902e-25
3105.465013,2.137e-25
3105.466997,6.6499999999999995e-25
3105.477137,2.1640000000000003e-25
3105.489604,6.115e-25
3105.494773,5.389e-25
3105.53468,1.296e-23
3105.535108,1.208e-23
3105.562592,5.628000000000001e-25
3105.624095,1.537e-23
3105.627724,1.449e-23
3105.675053,9.906e-25
3105.692504,2.4920000000000003e-25
3105.704989,2.523e-25
3105.734195,1.615e-24
3105.748755,6.263000000000001e-25
3105.770474,8.58e-24
3105.771804,9.365e-24
3105.824632,5.712e-25
3105.868745,1.12e-24
3105.912887,2.894e-25
3105.925744,2.929e-25
3105.946988,7.232000000000001e-25
3105.953765,1.014e-24
3105.997475,6.358e-25
3106.021186,1.824e-25
3106.067974,1.085e-24
3106.073311,6.9460000000000005e-25
3106.076504,5.735e-25
3106.089371,1.887e-25
3106.112285,2.9889999999999998e-24
3106.126157,3.349e-25
3106.1394,3.388e-25
3106.193898,2.307e-24
3106.235747,6.394e-25
3106.262195,8.735e-25
3106.304859,1.228e-23
3106.304893,1.312e-23
3106.318235,5.691e-25
3106.332294,3.86e-25
3106.345936,3.904e-25
3106.393591,5.3260000000000005e-25
3106.463563,6.367e-25
3106.480181,5.579e-25
3106.484421,2.096e-24
3106.497365,1.471e-23
3106.498307,1.387e-23
3106.527724,9.093e-24
3106.529674,9.857e-24
3106.531288,4.431e-25
3106.543355,1.462e-23
3106.545346,4.481e-25
3106.547673,1.383e-23
3106.549125,7.457e-25
3106.549871,5.576e-25
3106.555875,7.111e-25
3106.669225,7.173e-25
3106.680905,6.273000000000001e-25
3106.723118,5.069e-25
3106.737611,5.124e-25
3106.771457,5.383e-25
3106.792426,8.219000000000001e-25
3106.824361,1.91e-25
3106.85102,1.857e-25
3106.88775,6.11e-25
3106.890492,9.663e-25
3106.90777,5.775e-25
3106.922719,5.836e-25
3106.938166,3.453e-24
3106.983058,5.113e-25
3106.990738,1.315e-23
3106.991267,1.236e-23
3107.010469,1.483e-23
3107.014442,1.407e-23
3107.016743,1.039e-24
3107.031292,1.964e-25
3107.032726,2.732e-24
3107.046425,1.316e-24
3107.084067,5.878e-25
3107.08522,6.555000000000001e-25
3107.100651,6.6220000000000005e-25
3107.102911,2.035e-25
3107.14022,7.61e-25
3107.184748,4.763e-25
3107.232811,2.56e-24
3107.254684,7.3299999999999985e-25
3107.255449,7.413e-25
3107.26981,5.58e-25
3107.271394,7.485e-25
3107.278286,9.496e-24
3107.280608,1.023e-23
3107.36717,5.45e-25
3107.376619,4.337000000000001e-25
3107.415173,3.823e-25
3107.418431,8.351000000000001e-25
3107.434928,8.429000000000001e-25
3107.444916,5.219e-25
3107.45979,5.724e-25
3107.558791,3.84e-25
3107.574142,9.372e-25
3107.591237,9.457e-25
3107.609292,4.804e-25
3107.717361,4.565e-25
3107.720307,7.692e-25
3107.722552,1.048e-24
3107.731413,3.2820000000000004e-25
3107.740303,1.057e-24
3107.762803,4.343000000000001e-25
3107.764176,1.234e-23
3107.7642,1.309e-23
3107.76434,3.749e-24
3107.784079,1.924e-25
3107.814499,1.869e-25
3107.819006,1.784e-24
3107.819305,8.997000000000001e-25
3107.829642,7.418e-25
3107.863627,1.168e-24
3107.865467,3.038e-24
3107.879432,1.394e-23
3107.882108,1.178e-24
3107.884071,1.326e-23
3107.894686,2.676e-25
3107.905255,3.849e-25
3107.954156,1.419e-23
3107.955249,1.3459999999999998e-23
3107.960222,9.744e-25
3107.977921,3.001e-24
3107.997333,1.296e-24
3108.016635,1.307e-24
3108.021195,9.793e-24
3108.023705,1.05e-23
3108.035438,2.101e-25
3108.036357,3.333e-25
3108.048878,2.041e-25
3108.110816,2.18e-25
3108.123629,1.434e-24
3108.143871,1.446e-24
3108.155678,2.81e-25
3108.19437,1.4050000000000002e-25
3108.242468,1.582e-24
3108.262549,2.29e-25
3108.263805,1.5949999999999999e-24
3108.289414,7.704e-25
3108.334176,5.522e-25
3108.353798,1.739e-24
3108.355917,1.78e-25
3108.360356,1.392e-23
3108.364689,1.327e-23
3108.376433,1.7539999999999998e-24
3108.394059,7.438e-25
3108.415943,1.291e-23
3108.416674,1.222e-23
3108.433654,5.816e-25
3108.434018,1.27e-25
3108.457557,1.906e-24
3108.481759,1.925e-24
3108.55367,2.0829999999999998e-24
3108.579803,2.108e-24
3108.581587,2.25e-24
3108.588859,3.918e-24
3108.642045,2.271e-24
3108.668091,1.192e-25
3108.670604,2.305e-24
3108.69294,3.2489999999999998e-24
3108.706456,1.168e-25
3108.718867,3.413e-24
3108.722563,2.472e-24
3108.739627,8.13e-25
3108.754236,2.519e-24
3108.757778,9.988e-24
3108.76038,1.066e-23
3108.795063,2.686e-24
3108.830823,2.756e-24
3108.832527,1.673e-25
3108.847564,7.649e-25
3108.859311,2.917e-24
3108.898784,8.878e-25
3108.900567,3.021e-24
3108.914934,3.166e-24
3108.947904,7.395e-25
3108.961283,3.435e-24
3108.963795,3.326e-24
3108.997038,3.718e-24
3109.018825,3.951e-24
3109.021041,3.689e-24
3109.033591,2.232e-25
3109.07321,4.14e-24
3109.113102,2.3190000000000003e-25
3109.12195,4.731e-24
3109.180594,1.294e-23
3109.185564,1.237e-23
3109.190068,1.929e-25
3109.197965,1.266e-23
3109.198005,1.201e-23
3109.219127,1.872e-25
3109.294503,5.531e-25
3109.318417,1.123e-24
3109.335198,2.697e-24
3109.379731,1.0089999999999999e-24
3109.381794,1.331e-23
3109.383055,1.269e-23
3109.394775,7.534000000000001e-25
3109.401847,5.845e-25
3109.410677,3.99e-24
3109.455058,3.788e-24
3109.486067,1.008e-23
3109.488657,1.072e-23
3109.491149,7.291e-25
3109.515572,3.379e-24
3109.65056,7.041e-25
3109.673073,1.275e-23
3109.677779,1.22e-23
3109.8101,1.231e-23
3109.811084,1.172e-23
3109.832991,7.77e-25
3109.931063,7.362e-25
3110.023769,7.132e-25
3110.025712,2.353e-25
3110.080499,3.109e-24
3110.109791,2.449e-25
3110.123433,2.046e-24
3110.152264,1.84e-24
3110.186076,4.121e-24
3110.202946,1.894e-25
3110.208795,1.009e-23
3110.211352,1.069e-23
3110.229199,3.989e-24
3110.235171,1.837e-25
3110.248009,5.47e-25
3110.333612,3.4429999999999996e-24
3110.364466,5.802e-25
3110.446621,1.173e-23
3110.451929,1.125e-23
3110.456443,7.141e-25
3110.545743,6.924000000000001e-25
3110.550606,5.709e-25
3110.606654,1.19e-23
3110.606775,1.135e-23
3110.76373,6.386e-25
3110.77986,1.217e-23
3110.781303,1.165e-23
3110.817925,3.478e-24
3110.911612,4.41e-24
3110.91639,2.817e-24
3110.922184,1.001e-23
3110.92463,1.057e-23
3110.928761,2.548e-24
3110.948032,1.14e-23
3110.953121,1.095e-23
3110.970923,6.876000000000001e-25
3111.001493,1.01e-25
3111.011758,2.462e-25
3111.044082,3.9299999999999995e-24
3111.057038,6.674e-25
3111.10091,2.567e-25
3111.14722,3.45e-24
3111.172997,1.143e-23
3111.174259,1.092e-23
3111.192545,1.148e-25
3111.194505,5.3280000000000005e-25
3111.217166,1.177e-25
3111.321641,5.6760000000000005e-25
3111.400652,1.339e-25
3111.426528,1.383e-25
3111.437055,4.109e-25
3111.474516,6.576000000000001e-25
3111.529723,1.845e-25
3111.547768,3.797e-24
3111.557926,6.375e-25
3111.561279,1.786e-25
3111.601983,1.556e-25
3111.628912,1.608e-25
3111.631334,9.847e-24
3111.631426,4.649e-24
3111.633694,1.037e-23
3111.677303,1.039e-23
3111.682953,9.993e-24
3111.692489,4.6820000000000005e-25
3111.699678,3.465e-24
3111.702788,3.156e-24
3111.796537,1.804e-25
3111.82461,1.867e-25
3111.855123,3.826e-24
3111.877183,1.491e-25
3111.913649,1.459e-25
3111.956502,3.4099999999999995e-24
3111.967226,6.245000000000001e-25
3111.984309,2.086e-25
3111.990645,1.091e-23
3111.990853,1.045e-23
3111.991672,2.553e-25
3112.01361,2.16e-25
3112.047721,6.07e-25
3112.086491,2.669e-25
3112.133734,5.095e-25
3112.1479,1.086e-23
3112.149538,1.043e-23
3112.165295,2.405e-25
3112.184766,9.963e-24
3112.190245,9.598e-24
3112.195917,2.4940000000000003e-25
3112.270225,4.063e-24
3112.273547,5.456e-25
3112.304415,2.215e-25
3112.329467,9.618e-24
3112.33166,1.01e-23
3112.339491,2.766e-25
3112.34533,4.838e-24
3112.371536,2.872e-25
3112.449063,5.893e-25
3112.471947,3.676e-24
3112.474367,4.009e-24
3112.50441,1.035e-23
3112.505963,9.93e-24
3112.50689,3.173e-25
3112.526963,5.732e-25
3112.540472,3.3e-25
3112.57769,1.757e-25
3112.611971,1.7e-25
3112.621964,2.591e-25
3112.662208,3.689e-24
3112.667484,3.631e-25
3112.702735,3.783e-25
3112.761538,3.33e-24
3112.821265,4.147e-25
3112.858333,4.327000000000001e-25
3112.872436,8.998e-24
3112.878431,8.679999999999999e-24
3112.92003,5.525e-25
3112.965389,2.624e-25
3112.96822,4.725e-25
3112.985426,4.273e-24
3112.995502,5.378e-25
3113.007278,4.941e-25
3113.025465,9.327e-24
3113.027558,9.776e-24
3113.053169,4.975e-24
3113.065332,4.763e-25
3113.06658,2.749e-25
3113.108336,5.375e-25
3113.149582,5.632000000000001e-25
3113.220431,5.131e-25
3113.235162,4.114e-24
3113.240996,4.46e-24
3113.241594,6.103e-25
3113.285262,6.41e-25
3113.326748,1.279e-25
3113.350209,9.759e-24
3113.350502,9.377e-24
3113.367972,6.92e-25
3113.380134,5.147e-25
3113.382945,8.522e-24
3113.388816,8.231e-24
3113.414337,7.287e-25
3113.420053,1.224e-25
3113.453323,5.0150000000000005e-25
3113.465275,3.525e-24
3113.485424,9.475e-24
3113.487269,9.13e-24
3113.48744,7.837000000000001e-25
3113.53683,8.277e-25
3113.562392,3.22e-24
3113.599961,8.867e-25
3113.652773,9.397e-25
3113.693465,4.428e-24
3113.705484,1.003e-24
3113.707861,8.984e-24
3113.709751,9.397e-24
3113.754814,5.062e-24
3113.762205,1.067e-24
3113.803941,1.134e-24
3113.804106,9.156e-24
3113.805955,8.809999999999999e-24
3113.829376,4.766e-25
3113.840556,1.651e-25
3113.865177,1.211e-24
3113.874755,1.595e-25
3113.895236,1.283e-24
3113.900413,4.646000000000001e-25
3113.932824,2.67e-25
3113.961758,1.377e-24
3113.979232,1.454e-24
3113.988766,4.319000000000001e-25
3113.991887,4.476e-24
3113.999858,4.826e-24
3114.031825,7.63e-24
3114.038169,7.377e-24
3114.041229,2.8050000000000003e-25
3114.052046,1.569e-24
3114.05572,1.65e-24
3114.124372,1.878e-24
3114.136179,1.792e-24
3114.162645,4.6870000000000005e-25
3114.184621,2.1459999999999998e-24
3114.214366,2.056e-24
3114.235398,2.466e-24
3114.264286,3.341e-24
3114.267763,4.387e-25
3114.274322,2.854e-24
3114.286936,2.373e-24
3114.318451,1.77e-25
3114.336768,4.28e-25
3114.354457,2.76e-24
3114.359105,3.084e-24
3114.391306,8.597e-24
3114.393106,8.975e-24
3114.394397,4.528e-24
3114.417712,1.684e-25
3114.418,3.2469999999999998e-24
3114.450157,5.0999999999999995e-24
3114.491779,1.133e-25
3114.506648,1.157e-25
3114.542389,7.137999999999999e-24
3114.548651,6.909999999999999e-24
3114.685489,8.531e-24
3114.685864,8.221e-24
3114.695291,4.015e-25
3114.741821,4.766e-24
3114.751123,5.114e-24
3114.762373,3.918e-25
3114.791906,8.087e-24
3114.79397,7.811999999999999e-24
3114.893872,2.686e-25
3114.90322,3.753e-25
3114.909182,1.513e-25
3114.928573,7.742e-25
3114.945803,1.459e-25
3114.966263,1.8e-25
3115.001452,1.76e-25
3115.006019,6.826e-25
3115.010514,2.83e-25
3115.057316,8.174e-24
3115.058886,8.518999999999999e-24
3115.05924,3.144e-24
3115.071843,7.917999999999999e-24
3115.073991,7.639999999999999e-24
3115.088267,4.577e-24
3115.10071,4.111e-25
3115.111972,3.652e-25
3115.133271,1.024e-25
3115.139103,5.09e-24
3115.151732,2.9279999999999998e-24
3115.155289,6.338e-24
3115.161984,6.141e-24
3115.177232,3.567e-25
3115.268344,5.169e-26
3115.299233,2.346e-25
3115.405234,2.219e-25
3115.484788,4.987e-24
3115.494895,5.327e-24
3115.517792,3.3040000000000003e-25
3115.581322,3.228e-25
3115.663064,5.859e-24
3115.669716,5.682e-24
3115.729009,7.726e-24
3115.730515,8.038e-24
3115.737943,1.446e-24
3115.745427,5.362000000000001e-26
3115.775091,4.577e-24
3115.787742,1.299e-24
3115.790504,1.067e-25
3115.807379,3.052e-25
3115.821573,5.036e-24
3115.822664,1.043e-25
3115.848396,2.6670000000000003e-25
3115.850116,2.939e-24
3115.912775,2.9720000000000003e-25
3115.940281,2.759e-24
3115.94184,5.665e-26
3115.974526,2.8190000000000003e-25
3115.974659,2.905e-25
3115.996482,7.295e-24
3115.996939,7.048e-24
3116.035429,3.383e-25
3116.038667,1.046e-25
3116.066783,6.757e-24
3116.06908,6.542e-24
3116.120123,1.357e-25
3116.128111,1.086e-25
3116.157168,1.307e-25
3116.219434,1.26e-25
3116.220678,5.142e-24
3116.231239,5.472e-24
3116.242655,5.16e-24
3116.249704,5.008e-24
3116.253014,1.231e-25
3116.268993,3.005e-25
3116.296891,2.6590000000000003e-25
3116.307376,6.702e-24
3116.309826,6.482e-24
3116.357208,2.6e-25
3116.377778,7.258e-24
3116.379034,7.54e-24
3116.382683,2.8240000000000003e-25
3116.399313,1.4060000000000002e-25
3116.411593,1.437e-25
3116.419878,5.814e-26
3116.454892,4.532e-24
3116.497493,4.9419999999999996e-24
3116.536402,2.034e-24
3116.570508,1.854e-24
3116.606429,6.124e-26
3116.636958,2.7289999999999998e-24
3116.670178,2.365e-25
3116.698963,2.203e-25
3116.723808,1.4790000000000002e-25
3116.724826,2.58e-24
3116.729001,2.315e-25
3116.745085,4.714e-24
3116.75213,4.5799999999999995e-24
3116.757844,1.445e-25
3116.796217,2.608e-25
3116.933391,2.768e-25
3116.949421,5.237e-24
3116.960195,5.553e-24
3116.968106,2.48e-25
3117.023014,1.098e-25
3117.032587,2.093e-25
3117.038757,6.779e-24
3117.04001,7.033e-24
3117.084392,6.225000000000001e-26
3117.089982,2.049e-25
3117.117713,1.143e-25
3117.127665,4.446e-24
3117.147024,1.73e-25
3117.166804,4.811e-24
3117.182403,1.689e-25
3117.19807,1.178e-25
3117.227624,3.743e-25
3117.237363,1.133e-25
3117.262019,6.539e-26
3117.283037,6.107e-24
3117.283576,5.9129999999999996e-24
3117.293767,4.119e-24
3117.30117,4.004e-24
3117.309457,5.53e-24
3117.312,5.365e-24
3117.323432,1.013e-25
3117.325566,2.551e-24
3117.349738,2.352e-24
3117.350164,3.493e-25
3117.384182,1.842e-25
3117.419711,2.519e-24
3117.440204,1.804e-25
3117.485481,1.144e-25
3117.505316,2.397e-24
3117.510454,5.555e-24
3117.51321,5.384e-24
3117.519377,1.182e-25
3117.573603,1.191e-25
3117.620571,2.013e-25
3117.656595,1.964e-25
3117.669183,6.296e-24
3117.67095,6.456e-24
3117.670969,5.2749999999999996e-24
3117.673537,1.33e-25
3117.68179,5.576e-24
3117.708845,1.376e-25
3117.724878,1.613e-25
3117.737089,2.5040000000000003e-25
3117.73902,6.588000000000001e-26
3117.779623,1.58e-25
3117.788715,3.719e-24
3117.793424,4.325e-24
3117.796179,3.619e-24
3117.829444,4.649e-24
3117.85502,1.542e-25
3117.887277,2.67e-25
3117.891842,1.597e-25
3117.901008,1.37e-25
3117.908528,6.903e-26
3117.940495,2.077e-25
3117.977174,2.048e-25
3118.001559,1.144e-25
3118.029925,1.783e-25
3118.034336,2.3320000000000003e-25
3118.054782,1.4050000000000002e-25
3118.068375,1.848e-25
3118.07167,2.275e-25
3118.102109,1.193e-25
3118.106158,3.003e-24
3118.108265,1.377e-25
3118.123548,2.7939999999999998e-24
3118.174987,4.559e-25
3118.198245,2.056e-25
3118.198493,2.311e-24
3118.238451,2.134e-25
3118.281892,2.212e-24
3118.307813,4.219e-25
3118.308478,3.225e-24
3118.314562,1.701e-25
3118.316237,3.14e-24
3118.320762,5.816e-24
3118.321571,6.018e-24
3118.324083,1.74e-25
3118.359972,2.364e-25
3118.373754,1.217e-25
3118.383798,6.898e-26
3118.385291,5.26e-24
3118.396043,5.544e-24
3118.402078,2.457e-25
3118.426036,1.194e-25
3118.452154,4.172e-24
3118.479936,2.689e-25
3118.485374,4.46e-24
3118.515096,2.712e-25
3118.518088,2.621e-25
3118.519296,4.436e-24
3118.522099,4.31e-24
3118.544858,5.006e-24
3118.545484,4.857e-24
3118.545887,7.212000000000001e-26
3118.559268,2.8240000000000003e-25
3118.663604,3.104e-25
3118.670675,2.349e-25
3118.680816,4.512e-24
3118.681969,1.05e-25
3118.683893,4.381e-24
3118.710031,3.238e-25
3118.733095,1.03e-25
3118.794397,2.879e-24
3118.802406,2.805e-24
3118.805481,3.546e-25
3118.836416,2.519e-25
3118.854382,3.706e-25
3118.87854,3.393e-24
3118.881328,3.086e-25
3118.891044,3.1819999999999998e-24
3118.920795,3.007e-25
3118.931452,5.341e-24
3118.931974,5.521e-24
3118.940708,4.042e-25
3118.973149,2.109e-24
3118.974235,1.181e-25
3118.992338,4.233e-25
3119.018751,7.152e-26
3119.054385,2.028e-24
3119.06926,4.599e-25
3119.081342,1.234e-25
3119.092362,5.1979999999999996e-24
3119.102964,5.465e-24
3119.103857,3.996e-24
3119.110911,5.448e-25
3119.12392,4.828e-25
3119.134531,4.25e-24
3119.174031,7.462e-26
3119.191108,5.225e-25
3119.249152,5.5e-25
3119.255817,4.99e-25
3119.286658,2.478e-24
3119.294775,2.416e-24
3119.301149,3.525e-25
3119.306212,5.929000000000001e-25
3119.341598,3.431e-25
3119.368066,6.259000000000001e-25
3119.41452,6.722e-25
3119.480704,7.118e-25
3119.515963,7.616e-25
3119.575263,4.8809999999999996e-24
3119.575869,5.04e-24
3119.587117,8.094e-25
3119.596488,2.137e-25
3119.610445,8.628e-25
3119.64292,3.724e-24
3119.643895,7.347000000000001e-26
3119.651758,3.515e-24
3119.687378,9.207e-25
3119.687907,4.007e-25
3119.695636,3.488e-24
3119.697831,9.778e-25
3119.698715,3.395e-24
3119.729712,3.898e-25
3119.743948,1.913e-24
3119.748525,3.797e-24
3119.762883,2.186e-24
3119.772169,2.131e-24
3119.776905,4.021e-24
3119.777918,1.109e-24
3119.781135,2.307e-25
3119.781524,4.022e-24
3119.781581,1.048e-24
3119.782246,3.908e-24
3119.792166,5.094e-24
3119.792902,7.65e-26
3119.802561,5.343e-24
3119.818183,3.592e-24
3119.821623,3.493e-24
3119.823093,1.849e-24
3119.850396,1.261e-24
3119.869865,1.196e-24
3119.91475,1.437e-24
3119.940962,1.207e-25
3119.95243,1.368e-24
3119.970045,1.643e-24
3120.014352,1.889e-24
3120.029589,1.571e-24
3120.035175,6.413e-25
3120.055465,1.264e-25
3120.083543,4.533e-25
3120.101859,1.815e-24
3120.126496,4.406e-25
3120.164496,4.435e-24
3120.164722,4.576e-24
3120.170174,2.114e-24
3120.194423,5.797e-25
3120.228184,1.868e-24
3120.236661,1.824e-24
3120.240441,2.001e-25
3120.247047,2.05e-25
3120.259238,7.481000000000001e-26
3120.386143,3.585e-24
3120.399426,3.998e-24
3120.402445,7.777000000000001e-26
3120.405431,3.793e-24
3120.412412,3.782e-24
3120.453936,5.103e-25
3120.484691,4.952e-24
3120.49484,5.183e-24
3120.498323,4.956000000000001e-25
3120.510512,1.727e-24
3120.513801,1.864e-25
3120.587607,1.675e-24
3120.668373,1.0069999999999999e-24
3120.695648,1.628e-24
3120.721908,2.028e-25
3120.767951,5.833e-25
3120.802521,4.011e-24
3120.802891,4.134e-24
3120.818578,2.3440000000000003e-25
3120.82653,5.716e-25
3120.837794,2.69e-24
3120.841161,2.622e-24
3120.847877,2.292e-25
3120.864783,7.555e-26
3120.872236,5.547e-25
3120.901639,1.219e-25
3120.922199,2.805e-24
3120.926153,2.7309999999999998e-24
3120.947504,7.466e-25
3120.99251,3.167e-24
3120.993339,3.082e-24
3121.002611,7.841000000000001e-26
3121.016721,3.359e-24
3121.024547,1.281e-25
3121.041089,3.532e-24
3121.055096,4.566e-25
3121.094547,4.238e-25
3121.123918,6.6290000000000005e-25
3121.13296,1.383e-24
3121.141797,1.351e-24
3121.14815,4.215e-24
3121.151919,4.017e-24
3121.169925,4.779e-24
3121.179245,6.372e-25
3121.179801,4.993e-24
3121.226499,6.178e-25
3121.273424,1.5499999999999998e-24
3121.348549,1.51e-24
3121.368132,3.7149999999999996e-24
3121.368207,3.607e-24
3121.421471,1.52e-25
3121.44278,1.229e-25
3121.460526,7.569000000000001e-26
3121.529586,7.067e-25
3121.578347,6.844e-25
3121.593349,7.845000000000001e-26
3121.596603,1.187e-24
3121.599428,1.15e-24
3121.640211,3.13e-24
3121.65945,1.671e-25
3121.662807,3.281e-24
3121.847582,8.638000000000001e-25
3121.847862,4.5799999999999995e-24
3121.848968,8.389000000000001e-25
3121.856136,1.215e-25
3121.857448,4.776e-24
3121.863634,7.798e-25
3121.864144,7.78e-25
3121.889162,4.378e-24
3121.891136,4.188e-24
3121.914097,7.544000000000001e-25
3121.945066,2.036e-24
3121.948778,1.986e-24
3121.988679,1.281e-25
3121.991994,2.1459999999999998e-24
3121.997235,2.095e-24
3122.000892,1.005e-24
3122.002819,3.229e-24
3122.002966,3.323e-24
3122.010091,9.834e-25
3122.031864,1.385e-24
3122.044474,7.469e-25
3122.046459,7.527e-26
3122.092147,1.544e-25
3122.105048,1.353e-24
3122.174614,7.791e-26
3122.177219,2.446e-24
3122.178165,2.384e-24
3122.179345,2.287e-25
3122.182898,2.345e-25
3122.192239,8.559e-25
3122.244425,8.272e-25
3122.256673,2.895e-24
3122.277679,3.027e-24
3122.317587,1.1e-25
3122.482779,8.076e-25
3122.483127,8.333000000000001e-25
3122.50688,9.347e-25
3122.518494,4.359e-24
3122.52778,4.538e-24
3122.542095,2.955e-24
3122.542466,2.875e-24
3122.560968,9.022e-25
3122.594892,1.226e-25
3122.603522,5.0950000000000005e-26
3122.622519,4.489e-24
3122.622571,7.431e-26
3122.623036,4.307e-24
3122.632557,1.16e-24
3122.63394,1.078e-24
3122.730721,1.887e-25
3122.735213,1.002e-24
3122.741269,5.0660000000000005e-26
3122.746358,7.683e-26
3122.770641,2.5020000000000003e-25
3122.78701,1.231e-24
3122.804283,1.193e-25
3122.814062,1.015e-24
3122.814103,2.896e-25
3122.831907,7.178e-25
3122.838921,1.278e-25
3122.841468,7.026e-25
3122.858346,1.206e-24
3122.865985,2.665e-24
3122.870128,9.786e-25
3122.883508,5.207e-26
3122.885487,2.779e-24
3122.947977,1.262e-25
3122.955052,8.264e-25
3122.966267,5.922000000000001e-25
3123.007244,5.13e-26
3123.016747,1.512e-24
3123.020761,1.476e-24
3123.034629,1.576e-24
3123.065845,1.023e-24
3123.108737,1.097e-24
3123.154544,5.277000000000001e-26
3123.166962,1.056e-24
3123.176399,2.618e-24
3123.176457,2.548e-24
3123.181811,4.122e-24
3123.188845,7.285000000000001e-26
3123.190798,4.285e-24
3123.263933,5.1490000000000005e-26
3123.308538,7.524000000000001e-26
3123.335003,1.852e-24
3123.336079,1.808e-24
3123.347593,4.377e-24
3123.348268,4.55e-24
3123.358562,2.247e-25
3123.394655,1.178e-24
3123.400451,1.3309999999999999e-24
3123.407409,1.429e-24
3123.416659,5.302000000000001e-26
3123.455171,1.132e-24
3123.460888,1.6390000000000002e-25
3123.468313,2.435e-24
3123.486474,2.5339999999999998e-24
3123.506955,1.31e-25
3123.511328,5.122e-26
3123.537233,1.089e-24
3123.590219,2.527e-25
3123.603972,3.189e-25
3123.606729,1.07e-24
3123.620299,2.459e-25
3123.625951,5.034e-25
3123.635875,4.931e-25
3123.668657,1.259e-24
3123.669888,5.278e-26
3123.68648,2.306e-24
3123.687141,2.246e-24
3123.731944,1.207e-24
3123.745263,7.095000000000001e-26
3123.745854,1.149e-25
3123.749414,5.0450000000000006e-26
3123.838142,3.862e-24
3123.846498,4.021e-24
3123.861108,7.319000000000001e-26
3123.902598,1.221e-25
3123.914267,5.204000000000001e-26
3123.918768,4.062e-25
3123.933697,1.3349999999999999e-24
3123.955107,3.339e-25
3123.975709,2.617e-25
3123.999331,1.28e-24
3124.0381,1.164e-24
3124.038823,1.18e-24
3124.052139,1.102e-24
3124.056493,1.077e-24
3124.063391,2.2149999999999998e-24
3124.064797,4.399999999999999e-24
3124.066451,4.564e-24
3124.072823,2.018e-25
3124.080259,2.301e-24
3124.119953,1.061e-25
3124.133041,2.531e-25
3124.133416,2.599e-25
3124.149835,5.0790000000000007e-26
3124.16212,1.544e-24
3124.163956,1.098e-25
3124.1743,1.651e-24
3124.187254,1.41e-24
3124.255803,1.348e-24
3124.284779,9.582e-25
3124.287765,1.228e-25
3124.291803,6.864000000000001e-26
3124.323497,2.023e-24
3124.32374,1.972e-24
3124.333695,1.272e-25
3124.352545,9.436e-25
3124.382996,3.4670000000000003e-25
3124.393278,3.399e-25
3124.404024,7.075000000000001e-26
3124.43074,1.479e-24
3124.449233,1.417e-25
3124.465191,1.377e-24
3124.46641,1.345e-24
3124.486552,3.619e-24
3124.494884,3.751e-24
3124.497244,1.47e-25
3124.502444,1.411e-24
3124.582195,2.9850000000000003e-25
3124.604347,1.631e-25
3124.651578,1.999e-24
3124.654616,1.695e-25
3124.663307,1.541e-24
3124.66731,2.073e-24
3124.674647,2.403e-25
3124.680539,1.0820000000000002e-25
3124.693587,2.851e-25
3124.710375,2.768e-25
3124.738468,1.467e-24
3124.753095,1.873e-25
3124.774645,4.38e-24
3124.777106,4.535e-24
3124.801142,1.764e-24
3124.802085,1.721e-24
3124.805823,1.949e-25
3124.828439,6.6e-26
3124.852758,1.156e-25
3124.88547,1.5949999999999999e-24
3124.895461,2.146e-25
3124.918155,1.719e-24
3124.933658,1.832e-24
3124.93724,6.797e-26
3124.950879,2.237e-25
3124.964421,1.515e-24
3125.007421,8.44e-25
3125.009236,8.526e-25
3125.026606,8.402e-25
3125.031425,2.453e-25
3125.050569,7.882000000000001e-25
3125.055282,7.715e-25
3125.089802,2.562e-25
3125.092623,8.293e-25
3125.096792,1.64e-24
3125.102902,2.346e-25
3125.113677,2.302e-25
3125.127917,3.36e-24
3125.135947,3.478e-24
3125.160963,2.7980000000000003e-25
3125.178038,3.341e-25
3125.179933,1.553e-24
3125.222612,2.929e-25
3125.232357,1.799e-24
3125.246963,1.863e-24
3125.266293,2.781e-25
3125.284046,3.187e-25
3125.297482,1.673e-24
3125.349337,3.343e-25
3125.355146,6.307e-26
3125.385273,1.579e-24
3125.400633,3.624e-25
3125.406302,1.923e-25
3125.421128,1.88e-25
3125.444566,1.533e-24
3125.444976,1.496e-24
3125.460712,6.49e-26
3125.470007,3.811e-25
3125.477139,4.321e-24
3125.480265,4.466e-24
3125.487306,1.6929999999999998e-24
3125.510673,4.115e-25
3125.567109,1.004e-24
3125.568484,9.818e-25
3125.580294,1.5919999999999999e-24
3125.584663,4.34e-25
3125.614099,4.668000000000001e-25
3125.666311,1.699e-24
3125.668118,1.859e-24
3125.685731,1.975e-24
3125.693359,4.939e-25
3125.710818,5.293000000000001e-25
3125.761967,3.102e-24
3125.763259,3.677e-25
3125.765147,1.5909999999999999e-24
3125.76679,7.318e-25
3125.769695,3.207e-24
3125.786083,1.5610000000000002e-25
3125.796163,5.62e-25
3125.797119,1.532e-25
3125.798754,1.061e-25
3125.800701,5.9990000000000005e-25
3125.806414,1.605e-24
3125.820054,1.66e-24
3125.831191,7.237000000000001e-25
3125.834345,1.6889999999999998e-24
3125.847711,3.1420000000000003e-25
3125.871891,5.991000000000001e-26
3125.88356,6.803e-25
3125.885926,1.324e-24
3125.887145,1.293e-24
3125.887522,3.4670000000000003e-25
3125.893169,6.396e-25
3125.939816,1.575e-24
3125.942381,6.007e-25
3125.959109,7.721e-25
3125.974393,6.161e-26
3125.984508,7.287e-25
3125.99136,1.661e-24
3126.004497,2.6440000000000003e-25
3126.011407,5.538e-25
3126.016493,5.425e-25
3126.026891,8.779e-25
3126.070369,8.317000000000001e-25
3126.075025,1.27e-25
3126.08611,1.001e-24
3126.089321,1.2440000000000002e-25
3126.099639,2.778e-25
3126.102551,2.702e-25
3126.104425,1.541e-24
3126.135219,1.145e-24
3126.137211,1.615e-24
3126.151037,9.517e-25
3126.172286,4.2269999999999996e-24
3126.175958,4.362e-24
3126.226971,1.094e-24
3126.259064,1.489e-24
3126.267306,1.168e-25
3126.270704,2.59e-25
3126.271766,1.549e-24
3126.29897,1.264e-24
3126.30081,2.515e-25
3126.337862,3.983e-25
3126.339242,1.142e-25
3126.372816,1.43e-24
3126.378644,5.659000000000001e-26
3126.385466,1.476e-24
3126.388684,2.847e-24
3126.394818,1.4609999999999999e-24
3126.396115,2.941e-24
3126.403913,1.418e-24
3126.411747,1.967e-24
3126.41885,3.4760000000000003e-25
3126.430669,2.084e-24
3126.432345,1.02e-25
3126.443736,1.002e-25
3126.478237,5.814e-26
3126.499925,6.36e-25
3126.5061,1.351e-24
3126.539205,1.326e-24
3126.539901,1.1399999999999999e-24
3126.540459,1.114e-24
3126.562655,6.3020000000000005e-25
3126.605222,1.217e-24
3126.640088,7.186e-25
3126.64163,7.034e-25
3126.665309,1.213e-24
3126.691592,1.056e-24
3126.764258,8.641e-25
3126.782788,1.078e-24
3126.806923,3.608e-25
3126.821544,6.353e-25
3126.842778,4.199e-25
3126.860092,4.1009999999999996e-24
3126.860132,3.567e-25
3126.864211,4.2269999999999996e-24
3126.875367,5.314e-26
3126.892573,9.199e-25
3126.901869,4.252e-25
3126.932777,1.261e-24
3126.93408,3.821e-25
3126.939556,3.746e-25
3126.940668,9.754e-25
3126.942157,9.534e-25
3126.944604,1.301e-24
3126.972194,5.457e-26
3126.979685,3.775e-25
3126.996321,7.361e-25
3127.008079,2.5989999999999998e-24
3127.015219,2.682e-24
3127.097331,5.245e-25
3127.148877,2.045e-24
3127.168567,2.161e-24
3127.203515,2.8090000000000003e-25
3127.233095,5.486e-25
3127.29432,5.444e-25
3127.455272,4.478e-25
3127.456218,5.0940000000000006e-26
3127.484705,1.112e-24
3127.495649,1.145e-24
3127.530169,4.032e-25
3127.540567,3.95e-24
3127.545049,4.067e-24
3127.609767,8.326e-25
3127.610457,8.142e-25
3127.620127,2.36e-24
3127.626984,2.433e-24
3127.65007,2.604e-25
3127.679982,2.442e-25
3127.683472,5.05e-25
3127.685194,4.947e-25
3127.694988,2.911e-25
3127.708432,2.882e-25
3127.818096,2.589e-25
3127.823981,2.54e-25
3127.879402,2.096e-24
3127.899485,2.208e-24
3127.957083,4.728e-25
3127.965202,7.052e-25
3127.966955,6.9e-25
3127.998103,4.657000000000001e-25
3128.016699,4.6990000000000005e-25
3128.030636,9.701e-25
3128.040881,9.981e-25
3128.070302,4.242e-25
3128.081756,2.853e-25
3128.088051,2.77e-25
3128.21372,3.777e-24
3128.218492,3.885e-24
3128.224846,2.131e-24
3128.231437,2.195e-24
3128.438959,4.788e-25
3128.44774,4.485e-25
3128.528288,1.974e-25
3128.530334,4.785e-25
3128.539184,1.944e-25
3128.567966,8.474e-25
3128.577413,8.71e-25
3128.600031,4.401e-25
3128.603248,2.121e-24
3128.623461,2.229e-24
3128.654388,5.966000000000001e-25
3128.655196,5.84e-25
3128.663056,1.7240000000000002e-25
3128.669384,1.693e-25
3128.683744,4.038e-25
3128.69662,3.484e-25
3128.698532,3.416e-25
3128.741967,4.019e-25
3128.822181,1.914e-24
3128.828538,1.97e-24
3128.865069,2.514e-25
3128.879559,3.587e-24
3128.88456,3.686e-24
3128.895372,2.435e-25
3128.959358,5.0040000000000005e-25
3128.961372,4.901e-25
3129.052023,4.863e-25
3129.099973,7.309e-25
3129.108828,7.506e-25
3129.11939,4.51e-25
3129.214541,6.202e-25
3129.218289,6.615000000000001e-25
3129.320362,2.123e-24
3129.324761,1.309e-25
3129.334903,1.288e-25
3129.340521,2.226e-24
3129.397918,3.4520000000000003e-25
3129.412043,1.709e-24
3129.418332,1.759e-24
3129.454578,3.44e-25
3129.468661,1.128e-25
3129.475523,1.108e-25
3129.538092,3.384e-24
3129.543269,3.474e-24
3129.56311,4.89e-25
3129.62254,6.328e-25
3129.628301,4.566e-25
3129.630666,6.493e-25
3129.673933,4.198e-25
3129.674845,4.112e-25
3129.678904,2.36e-25
3129.681018,2.316e-25
3129.876038,1.206e-25
3129.898792,1.035e-25
3129.922967,3.486e-25
3129.925239,3.417e-25
3129.977754,7.639e-25
3129.989304,8.132e-25
3129.995629,1.517e-24
3130.000756,1.562e-24
3130.030706,2.104e-24
3130.05068,2.202e-24
3130.063699,4.868e-25
3130.079031,2.796e-25
3130.088794,2.709e-25
3130.118795,2.919e-25
3130.126849,4.573e-25
3130.14078,5.397e-25
3130.148409,5.534e-25
3130.174177,2.912e-25
3130.189329,3.172e-24
3130.194636,3.254e-24
3130.330544,1.397e-25
3130.398138,1.363e-25
3130.55367,4.8e-25
3130.57062,1.344e-24
3130.575884,1.381e-24
3130.614904,4.532e-25
3130.629708,1.57e-25
3130.632033,1.542e-25
3130.648368,4.633e-25
3130.65532,4.747e-25
3130.668492,2.9e-25
3130.669499,2.844e-25
3130.734252,2.067e-24
3130.736121,8.827e-25
3130.752662,9.374e-25
3130.753947,2.159e-24
3130.822208,2.477e-25
3130.833273,2.954e-24
3130.838672,3.029e-24
3130.855861,2.385e-25
3130.858396,2.3390000000000003e-25
3130.876052,2.474e-25
3131.033213,4.6910000000000005e-25
3131.049285,1.015e-25
3131.054798,1.033e-25
3131.092639,4.448e-25
3131.138549,1.183e-24
3131.143617,1.214e-24
3131.153064,3.907e-25
3131.159606,4e-25
3131.21286,1.036e-25
3131.270323,1.076e-25
3131.354479,1.19e-25
3131.378716,2.287e-25
3131.409527,2.21e-25
3131.414762,1.238e-25
3131.430976,2.0139999999999998e-24
3131.450327,2.099e-24
3131.469937,2.7349999999999998e-24
3131.475393,2.803e-24
3131.488971,9.789e-25
3131.489983,1.364e-25
3131.502101,4.544e-25
3131.508737,1.037e-24
3131.538325,2.073e-25
3131.54842,1.026e-25
3131.550966,1.008e-25
3131.553357,1.421e-25
3131.559821,4.325000000000001e-25
3131.591013,2.073e-25
3131.619347,1.56e-25
3131.63807,1.968e-25
3131.639167,1.931e-25
3131.645379,3.327e-25
3131.65129,3.405e-25
3131.68613,1.628e-25
3131.699231,1.036e-24
3131.704072,1.062e-24
3131.742544,1.781e-25
3131.757867,1.601e-25
3131.760686,1.572e-25
3131.813105,1.863e-25
3131.859534,2.029e-25
3131.934316,2.127e-25
3131.960671,4.3640000000000005e-25
3131.97027,2.308e-25
3131.985783,1.576e-25
3132.008814,1.609e-25
3132.01677,4.168e-25
3132.044672,1.4020000000000002e-25
3132.0498,2.425e-25
3132.074686,2.622e-25
3132.089769,2.592e-25
3132.099319,2.518e-24
3132.10308,2.5060000000000003e-25
3132.104803,2.579e-24
3132.120861,1.946e-24
3132.121603,1.332e-25
3132.136842,2.774e-25
3132.13982,2.026e-24
3132.142418,2.836e-25
3132.159609,2.763e-25
3132.172697,2.9750000000000003e-25
3132.229664,1.747e-25
3132.235916,1.054e-24
3132.252491,9.026e-25
3132.257097,9.25e-25
3132.257752,1.114e-24
3132.263807,3.1450000000000003e-25
3132.264183,3.375e-25
3132.280818,1.748e-25
3132.348973,3.827e-25
3132.362483,3.58e-25
3132.408512,4.158e-25
3132.426815,4.341000000000001e-25
3132.455757,4.076e-25
3132.463077,3.983e-25
3132.497311,4.928e-25
3132.543801,4.645000000000001e-25
3132.559799,5.604000000000001e-25
3132.582573,1.311e-25
3132.583756,1.288e-25
3132.613057,6.387e-25
3132.613556,2.345e-25
3132.618486,2.397e-25
3132.62687,5.302000000000001e-25
3132.62877,1.056e-25
3132.631955,1.037e-25
3132.638298,1.356e-25
3132.70536,6.069e-25
3132.721433,2.304e-24
3132.726919,2.359e-24
3132.779936,6.975e-25
3132.7985,7.824e-25
3132.801601,1.074e-25
3132.802873,8.013e-25
3132.80389,1.868e-24
3132.822427,1.941e-24
3132.827079,1.051e-25
3132.846204,3.931e-25
3132.899302,3.775e-25
3132.942438,1.447e-25
3132.969734,1.233e-25
3132.976719,1.11e-24
3132.992566,1.449e-25
3132.999848,1.17e-24
3133.026129,1.947e-25
3133.092196,1.932e-25
3133.096863,1.973e-25
3133.108453,1.839e-25
3133.273035,3.688e-25
3133.324743,3.551e-25
3133.336273,2.097e-24
3133.33703,6.75e-25
3133.341172,6.91e-25
3133.341739,2.145e-24
3133.381436,1.223e-25
3133.383195,1.245e-25
3133.420675,2.473e-25
3133.480051,1.7799999999999994e-24
3133.498146,1.848e-24
3133.552721,1.622e-25
3133.556811,1.656e-25
3133.619919,1.211e-25
3133.668494,1.213e-25
3133.689974,3.435e-25
3133.694472,2.258e-25
3133.711226,1.149e-24
3133.735112,1.208e-24
3133.740341,3.3140000000000003e-25
3133.816697,1.918e-25
3133.820334,1.501e-25
3133.846746,1.468e-25
3133.848385,1.848e-25
3133.860707,1.451e-25
3133.866441,1.478e-25
3133.868349,5.794e-25
3133.872265,5.928000000000001e-25
3133.943856,1.898e-24
3133.949282,1.941e-24
3133.995851,2.579e-25
3134.019059,1.32e-25
3134.022973,1.347e-25
3134.034744,2.012e-25
3134.057735,2.056e-25
3134.084381,2.42e-25
3134.095831,3.177e-25
3134.111335,2.243e-25
3134.128277,2.1620000000000003e-25
3134.144926,3.07e-25
3134.149331,1.685e-24
3134.166972,1.747e-24
3134.185903,3.789e-25
3134.216273,1.596e-25
3134.279715,1.554e-25
3134.313792,1.266e-25
3134.331517,1.238e-25
3134.392124,4.951e-25
3134.395815,5.062e-25
3134.419544,3.4760000000000003e-25
3134.439336,1.172e-24
3134.46284,1.101e-25
3134.463603,1.229e-24
3134.466157,1.123e-25
3134.492181,2.917e-25
3134.540041,2.8240000000000003e-25
3134.544169,1.709e-24
3134.549539,1.746e-24
3134.624932,1.386e-25
3134.647725,1.31e-25
3134.78753,2.06e-25
3134.811722,1.586e-24
3134.815009,2.012e-25
3134.828901,1.642e-24
3134.877088,2.6610000000000003e-25
3134.908747,4.208e-25
3134.91222,4.301e-25
3134.923776,2.58e-25
3134.936335,5.254e-25
3134.955147,3.2920000000000003e-25
3135.050834,3.067e-25
3135.08986,1.754e-25
3135.109989,1.715e-25
3135.137235,1.5299999999999999e-24
3135.140284,4.845e-25
3135.142533,1.563e-24
3135.160976,1.18e-24
3135.185357,1.235e-24
3135.253065,2.411e-25
3135.298601,2.3410000000000003e-25
3135.409902,2.548e-25
3135.414038,2.406e-25
3135.417741,3.562e-25
3135.420997,3.639e-25
3135.467212,1.483e-24
3135.483929,1.533e-24
3135.61703,2.1710000000000003e-25
3135.661481,2.11e-25
3135.673294,6.824e-25
3135.70484,2.776e-25
3135.723029,1.363e-24
3135.728245,1.392e-24
3135.733566,2.708e-25
3135.853863,2.389e-25
3135.85435,6.325e-25
3135.876096,1.175e-24
3135.87643,2.3320000000000003e-25
3135.9004,1.228e-24
3135.903023,4.077e-25
3135.919664,2.998e-25
3135.922712,3.062e-25
3135.97291,1.942e-25
3136.007095,3.766e-25
3136.016277,1.89e-25
3136.027943,2.5060000000000003e-25
3136.050787,2.563e-25
3136.115792,1.378e-24
3136.132054,1.424e-24
3136.140225,1.773e-25
3136.1609,1.703e-25
3136.178621,3.322e-25
3136.18365,1.443e-25
3136.185976,3.517e-25
3136.216632,1.384e-25
3136.301587,1.208e-24
3136.306707,1.233e-24
3136.315913,1.7260000000000002e-25
3136.325181,1.731e-25
3136.32658,1.763e-25
3136.358269,1.682e-25
3136.397591,8.46e-25
3136.413848,2.514e-25
3136.416688,2.566e-25
3136.560435,7.878000000000001e-25
3136.573815,3.672e-25
3136.584656,1.158e-24
3136.60255,3.192e-25
3136.603963,3.577e-25
3136.608746,1.208e-24
3136.620514,2.03e-25
3136.626522,2.068e-25
3136.627535,3.111e-25
3136.652052,1.525e-25
3136.693376,1.4870000000000002e-25
3136.757455,1.274e-24
3136.773282,1.314e-24
3136.839787,4.925e-25
3136.872867,1.065e-24
3136.877884,1.086e-24
3136.90107,2.096e-25
3136.903709,2.138e-25
3136.939449,4.081e-25
3136.953788,4.505e-25
3136.954166,4.315e-25
3136.974033,1.3399999999999999e-25
3137.014409,1.308e-25
3137.109744,1.012e-24
3137.257742,9.469e-25
3137.286628,1.132e-24
3137.290887,1.169e-25
3137.310405,1.179e-24
3137.330268,1.142e-25
3137.332616,4.184e-25
3137.360046,4.073e-25
3137.380413,1.741e-25
3137.382852,1.776e-25
3137.392191,1.171e-24
3137.395818,4.764e-25
3137.407322,1.2049999999999999e-24
3137.427587,4.635000000000001e-25
3137.436922,9.339e-25
3137.441827,9.527e-25
3137.591721,1.015e-25
3137.695495,4.7020000000000005e-25
3137.715032,4.962000000000001e-25
3137.764959,5.829e-25
3137.81012,1.178e-24
3137.852933,1.438e-25
3137.85518,1.465e-25
3137.890898,5.266e-25
3137.927112,1.73e-25
3137.945777,1.106e-24
3137.971135,2.836e-25
3137.981987,1.097e-24
3137.986642,1.681e-25
3137.99315,3.115e-25
3137.993689,8.151000000000001e-25
3137.998474,8.312e-25
3138.005382,1.141e-24
3138.019994,1.07e-24
3138.034837,1.102e-24
3138.040906,5.38e-25
3138.07084,5.23e-25
3138.172046,6.065e-25
3138.172204,1.232e-25
3138.196751,1.179e-25
3138.205657,5.891e-25
3138.317402,1.184e-25
3138.319456,1.206e-25
3138.446187,5.195e-25
3138.468901,5.472e-25
3138.498957,1.3399999999999999e-24
3138.543243,7.08e-25
3138.547903,7.218000000000001e-25
3138.624187,1.263e-24
3138.640854,9.726e-25
3138.655271,1.001e-24
3138.670716,1.055e-24
3138.678372,6.786e-25
3138.693678,1.095e-24
3138.724453,6.785e-25
3138.728467,1.046e-25
3138.756992,6.585000000000001e-25
3138.805939,1.093e-25
3138.818892,6.032e-25
3138.83879,1.192e-25
3138.903519,7.57e-25
3138.920973,1.249e-25
3138.939225,7.34e-25
3138.943132,1.357e-25
3139.030637,1.425e-25
3139.041416,1.542e-25
3139.08549,6.119e-25
3139.09002,6.236000000000001e-25
3139.133535,1.75e-25
3139.134992,1.623e-25
3139.176469,1.495e-24
3139.191183,5.573e-25
3139.215975,5.859e-25
3139.219339,1.985e-25
3139.234117,1.848e-25
3139.240477,2.397e-25
3139.241489,2.443e-25
3139.254764,8.795e-25
3139.268754,9.043e-25
3139.29277,1.413e-24
3139.298609,2.252e-25
3139.32693,2.776e-25
3139.32812,2.104e-25
3139.333255,2.83e-25
3139.352798,1.0069999999999999e-24
3139.371014,2.555e-25
3139.375292,1.044e-24
3139.38052,8.388e-25
3139.415811,8.126e-25
3139.417153,2.396e-25
3139.436013,2.901e-25
3139.492657,3.2980000000000003e-25
3139.501433,2.731e-25
3139.579574,7.807e-25
3139.581297,3.1180000000000004e-25
3139.591085,9.263e-25
3139.620544,5.264e-25
3139.624938,5.363e-25
3139.629172,8.963000000000001e-25
3139.657283,3.569e-25
3139.738172,6.784e-25
3139.842754,1.64e-24
3139.861716,7.912000000000001e-25
3139.867926,3.604e-25
3139.875285,8.129e-25
3139.890155,3.689e-25
3139.930267,5.847e-25
3139.951321,1.554e-24
3139.956382,6.135e-25
3140.006621,1.016e-24
3140.028218,9.544e-25
3140.04487,9.823e-25
3140.050222,9.885e-25
3140.148264,4.506e-25
3140.15252,4.589e-25
3140.235415,1.11e-24
3140.276221,1.0719999999999999e-24
3140.461703,7.08e-25
3140.468082,8.935e-25
3140.474858,7.269000000000001e-25
3140.497997,1.772e-24
3140.599796,1.684e-24
3140.600526,1.206e-24
3140.64201,1.162e-24
3140.649179,7.492e-25
3140.663297,6.025e-25
3140.668813,3.839e-25
3140.672928,3.909e-25
3140.690204,6.3090000000000005e-25
3140.696966,8.988e-25
3140.718465,9.298e-25
3140.837017,1.303e-24
3140.880945,1.255e-24
3141.054716,6.3050000000000005e-25
3141.067467,6.468e-25
3141.142173,1.8899999999999998e-24
3141.160259,1.3999999999999999e-24
3141.181993,3.255e-25
3141.185964,3.3140000000000003e-25
3141.205346,1.346e-24
3141.238001,1.7999999999999997e-24
3141.34343,1.029e-24
3141.35903,8.411000000000001e-25
3141.380015,8.691e-25
3141.390175,6.116e-25
3141.396238,1.496e-24
3141.417496,6.394e-25
3141.443778,1.436e-24
3141.466821,1.764e-25
3141.522733,1.71e-25
3141.550447,8.055e-25
3141.640749,5.586e-25
3141.653104,5.727e-25
3141.684085,1.589e-24
3141.688036,2.748e-25
3141.691859,2.796e-25
3141.725011,4.153e-25
3141.733259,1.523e-24
3141.747546,4.246e-25
3141.775536,1.991e-24
3141.866051,1.8999999999999998e-24
3141.913275,1.679e-24
3141.965041,1.606e-24
3141.97825,3.71e-25
3141.984932,3.785e-25
3142.0144,7.822e-25
3142.034869,8.075e-25
3142.110833,6.131e-25
3142.12881,3.245e-25
3142.129409,3.31e-25
3142.138295,6.398e-25
3142.170484,1.763e-24
3142.186658,2.308e-25
3142.190335,2.348e-25
3142.219794,4.924e-25
3142.224386,1.683e-24
3142.231761,5.046e-25
3142.388187,1.839e-24
3142.397886,2.075e-24
3142.444961,1.7519999999999998e-24
3142.483646,1.984e-24
3142.618131,1.906e-24
3142.663066,7.232000000000001e-25
3142.677613,1.811e-24
3142.678188,1.93e-25
3142.681715,1.963e-25
3142.683019,7.459e-25
3142.737337,1.267e-25
3142.739524,1.204e-25
3142.791842,4.32e-25
3142.803431,4.424e-25
3142.820896,1.963e-24
3142.825218,6.078e-25
3142.852625,6.332e-25
3142.883705,1.86e-24
3143.009669,2.14e-24
3143.025852,2.007e-24
3143.091139,2.05e-24
3143.092073,1.895e-24
3143.162234,1.606e-25
3143.165611,1.634e-25
3143.211193,2.036e-24
3143.281424,1.917e-24
3143.305019,6.6480000000000005e-25
3143.324459,6.85e-25
3143.356887,3.772e-25
3143.368106,3.861e-25
3143.392585,2.05e-24
3143.396131,5.052e-26
3143.467156,1.922e-24
3143.500003,1.5999999999999998e-25
3143.502656,1.659e-25
3143.511221,1.746e-25
3143.533294,5.965000000000001e-25
3143.546914,4.649000000000001e-25
3143.558717,2.046e-24
3143.560499,6.206e-25
3143.59958,3.171e-25
3143.610372,2.186e-24
3143.638315,1.909e-24
3143.639246,1.331e-25
3143.642471,1.354e-25
3143.687962,2.098e-24
3143.71731,2.023e-24
3143.802555,1.878e-24
3143.860984,5.01e-26
3143.862916,1.98e-24
3143.914919,3.2770000000000004e-25
3143.925777,3.353e-25
3143.940251,6.077e-25
3143.954733,1.827e-24
3143.959183,6.256000000000001e-25
3143.998938,1.915e-24
3144.031803,5.227e-26
3144.098375,1.755e-24
3144.10869,1.098e-25
3144.111765,1.116e-25
3144.122929,1.828e-24
3144.200852,2.212e-24
3144.231408,1.661e-24
3144.23503,5.802e-25
3144.236093,1.717e-24
3144.261929,6.027e-25
3144.261987,2.033e-25
3144.274893,2.127e-24
3144.27765,2.137e-25
3144.337294,1.581e-24
3144.355424,1.545e-24
3144.426111,1.1620000000000002e-25
3144.426599,1.419e-24
3144.445922,1.14e-25
3144.465932,2.834e-25
3144.469958,1.405e-24
3144.476437,2.898e-25
3144.494582,5.1440000000000005e-26
3144.503117,1.229e-24
3144.565932,1.0069999999999999e-24
3144.568752,5.524e-25
3144.572782,4.843e-25
3144.576048,1.241e-24
3144.579853,4.945e-25
3144.587184,5.682e-25
3144.613074,7.439e-25
3144.640539,4.234e-25
3144.658591,5.356e-26
3144.67444,1.053e-24
3144.767122,8.376e-25
3144.779688,2.206e-24
3144.840231,1.671e-25
3144.850823,2.138e-24
3144.858028,5.935000000000001e-25
3144.892874,1.615e-25
3144.930402,5.596000000000001e-25
3144.956918,5.805e-25
3144.957912,3.159e-25
3144.991758,4.294e-25
3144.991925,4.383e-25
3145.009918,2.439e-25
3145.016667,2.3350000000000003e-25
3145.020078,2.4930000000000003e-25
3145.037105,2.452e-25
3145.118733,5.233e-26
3145.190515,4.995000000000001e-25
3145.208454,5.134e-25
3145.276445,5.439e-26
3145.338379,5.046e-25
3145.349418,2.21e-24
3145.353527,5.17e-25
3145.417286,2.13e-24
3145.546868,2.089e-25
3145.556691,2.134e-25
3145.619391,5.356e-25
3145.645467,5.549e-25
3145.73345,5.277000000000001e-26
3145.766204,2.571e-25
3145.789874,2.696e-25
3145.805532,4.492e-25
3145.822986,4.614e-25
3145.885321,5.475e-26
3145.907062,2.183e-24
3145.972198,2.107e-24
3146.076775,1.782e-25
3146.086269,1.819e-25
3146.30198,5.088e-25
3146.327577,5.266e-25
3146.33874,5.276e-26
3146.413793,4.02e-25
3146.430773,4.126e-25
3146.455814,2.14e-24
3146.485179,5.467e-26
3146.510294,2.749e-25
3146.518395,2.068e-24
3146.536139,2.877e-25
3146.59963,1.512e-25
3146.608802,1.543e-25
3146.712041,1.083e-25
3146.73858,1.007e-25
3146.785445,1.229e-25
3146.827313,1.147e-25
3146.852086,1.394e-25
3146.911245,1.583e-25
3146.911531,1.306e-25
3146.934608,5.234000000000001e-26
3146.978154,4.801e-25
3146.991504,1.489e-25
3146.991868,2.082e-24
3147.003245,4.963000000000001e-25
3147.015292,3.578e-25
3147.027263,1.167e-25
3147.031806,3.67e-25
3147.052117,2.0139999999999998e-24
3147.060172,1.142e-25
3147.06766,1.7e-25
3147.075979,5.416e-26
3147.103831,5.299000000000001e-25
3147.108859,6.167e-25
3147.115424,1.277e-25
3147.116339,6.3020000000000005e-25
3147.118792,5.45e-25
3147.124283,1.303e-25
3147.24874,2.872e-25
3147.276019,3.002e-25
3147.520346,2.0119999999999998e-24
3147.521053,5.1530000000000006e-26
3147.578373,1.948e-24
3147.61002,3.169e-25
3147.624151,1.074e-25
3147.626078,3.248e-25
3147.632702,1.095e-25
3147.6479,4.5e-25
3147.657685,5.324e-26
3147.672468,4.647000000000001e-25
3147.830668,5.6690000000000005e-25
3147.830932,5.548e-25
3147.958984,1.556e-25
3147.978866,1.525e-25
3147.981408,2.948e-25
3148.009591,3.076e-25
3148.034634,1.931e-24
3148.053114,1.442e-25
3148.090648,1.872e-24
3148.098072,5.0350000000000007e-26
3148.102895,1.389e-25
3148.197969,2.793e-25
3148.213581,2.861e-25
3148.230262,5.196000000000001e-26
3148.311207,4.191e-25
3148.33524,4.323000000000001e-25
3148.425347,1.637e-25
3148.457642,1.5999999999999998e-25
3148.543395,1.841e-24
3148.597444,1.786e-24
3148.708206,2.98e-25
3148.736908,3.105e-25
3148.779132,2.449e-25
3148.793678,5.0360000000000005e-26
3148.794307,2.507e-25
3148.847389,5.365e-25
3148.861054,5.529e-25
3148.968064,3.879e-25
3148.991556,3.998e-25
3149.035574,1.744e-24
3149.087875,1.6929999999999998e-24
3149.353498,2.137e-25
3149.368248,2.187e-25
3149.429068,2.9750000000000003e-25
3149.458007,3.095e-25
3149.525364,1.641e-24
3149.575896,1.5949999999999999e-24
3149.584894,7.655e-25
3149.592778,7.83e-25
3149.599432,1.825e-25
3149.618461,3.569e-25
3149.641411,3.676e-25
3149.740385,2.252e-25
3149.772304,2.2e-25
3149.886978,1.623e-25
3149.921062,1.856e-25
3149.935394,1.898e-25
3149.994876,1.535e-24
3150.043889,1.493e-24
3150.143941,2.936e-25
3150.145815,1.285e-25
3150.172908,3.051e-25
3150.203481,1.212e-25
3150.262388,3.265e-25
3150.284797,3.36e-25
3150.390678,3.2920000000000003e-25
3150.466696,1.428e-24
3150.481814,1.604e-25
3150.495739,1.64e-25
3150.514088,1.39e-24
3150.572752,5.213e-25
3150.584704,5.382e-25
3150.62267,2.949e-25
3150.647258,7.154e-25
3150.647908,6.994e-25
3150.85279,2.869e-25
3150.881628,2.9770000000000003e-25
3150.899836,2.97e-25
3150.912699,1.32e-24
3150.921708,3.054e-25
3150.958776,1.285e-24
3150.973898,3.04e-25
3151.005878,2.9670000000000003e-25
3151.035746,1.38e-25
3151.049273,1.41e-25
3151.065881,1.823e-25
3151.112,1.097e-25
3151.129265,1.707e-25
3151.159385,1.052e-25
3151.164757,5.0090000000000005e-25
3151.359589,4.525e-25
3151.367892,1.212e-24
3151.41245,1.182e-24
3151.471697,2.037e-25
3151.491616,1.996e-25
3151.530796,2.688e-25
3151.552137,2.761e-25
3151.555582,2.778e-25
3151.58285,1.181e-25
3151.584175,2.879e-25
3151.595988,1.206e-25
3151.789166,1.108e-24
3151.832601,1.0799999999999999e-24
3151.924105,6.917000000000001e-25
3151.999478,9.25e-25
3152.007706,9.472e-25
3152.057758,2.439e-25
3152.092219,6.2990000000000005e-25
3152.123118,1.007e-25
3152.125607,3.989e-25
3152.125663,2.267e-25
3152.135875,1.028e-25
3152.155259,2.418e-25
3152.160242,3.926e-25
3152.176076,2.4830000000000003e-25
3152.229516,1.0059999999999999e-24
3152.252294,2.6680000000000003e-25
3152.271492,9.82e-25
3152.280556,2.761e-25
3152.283271,4.829e-25
3152.293218,4.997000000000001e-25
3152.624359,9.091e-25
3152.6654,8.877e-25
3152.670364,8.967000000000001e-25
3152.744974,1.084e-25
3152.763483,1.133e-25
3152.773217,2.1650000000000003e-25
3152.793517,2.221e-25
3152.818287,8.224000000000001e-25
3152.942904,2.542e-25
3152.970772,2.628e-25
3152.981924,3.1250000000000003e-25
3153.052217,8.166000000000001e-25
3153.05676,2.879e-25
3153.091818,7.978e-25
3153.209157,5.215e-25
3153.237421,5.095e-25
3153.38466,1.928e-25
3153.403875,1.111e-24
3153.404453,1.976e-25
3153.41831,7.298e-25
3153.443228,8.801e-25
3153.444092,8.592e-25
3153.457169,7.133e-25
3153.494412,1.19e-25
3153.51635,1.2420000000000002e-25
3153.535998,1.026e-24
3153.627397,2.404e-25
3153.654823,2.4830000000000003e-25
3153.836738,6.484e-25
3153.874131,6.341e-25
3153.933676,3.862e-25
3153.981925,4.227e-25
3153.98958,1.708e-25
3153.989609,4.385e-25
3154.008875,1.75e-25
3154.015573,3.523e-25
3154.126015,1.3309999999999999e-24
3154.170988,5.733e-25
3154.20785,5.609000000000001e-25
3154.209644,6.67e-25
3154.238694,1.267e-25
3154.239563,6.484e-25
3154.245402,1.235e-24
3154.26303,1.3210000000000002e-25
3154.305756,2.258e-25
3154.332706,2.33e-25
3154.351587,1.086e-24
3154.359899,1.114e-24
3154.558144,1.043e-25
3154.561304,1.065e-25
3154.583931,5.04e-25
3154.587969,1.505e-25
3154.606775,1.541e-25
3154.619255,4.933e-25
3154.835725,1.552e-24
3154.849751,4.637000000000001e-25
3154.882293,4.41e-25
3154.91732,4.318000000000001e-25
3154.941095,4.177e-25
3154.944655,1.447e-24
3154.959466,2.609e-25
3154.977639,1.3190000000000002e-25
3154.977969,2.107e-25
3154.979294,2.554e-25
3154.997411,1.266e-25
3155.003633,1.374e-25
3155.004418,2.1720000000000003e-25
3155.046854,1.2430000000000002e-25
3155.051957,1.453e-25
3155.054153,1.4860000000000002e-25
3155.138218,8.336e-25
3155.168922,8.086e-25
3155.179819,1.32e-25
3155.198146,1.351e-25
3155.294779,3.836e-25
3155.328141,3.758e-25
3155.505863,1.991e-25
3155.506715,2.038e-25
3155.535554,1.769e-24
3155.552038,3.322e-25
3155.585373,3.256e-25
3155.635685,1.657e-24
3155.644022,1.953e-25
3155.669954,2.012e-25
3155.671341,3.4490000000000003e-25
3155.676506,3.587e-25
3155.711121,1.348e-25
3155.738233,1.4020000000000002e-25
3155.76512,1.152e-25
3155.769442,5.431e-25
3155.782978,1.178e-25
3155.871893,4.817e-25
3155.927956,2.747e-25
3155.928809,2.6799999999999998e-25
3155.970408,2.86e-25
3155.996265,1.021e-24
3156.001892,2.8040000000000003e-25
3156.027834,9.88e-25
3156.179942,2.452e-25
3156.211716,2.405e-25
3156.219934,1.054e-24
3156.220254,1.026e-24
3156.222143,1.978e-24
3156.303905,1.8e-25
3156.314845,1.86e-24
3156.326017,3.638e-25
3156.328913,3.545e-25
3156.32931,1.852e-25
3156.343864,1.001e-25
3156.361263,1.023e-25
3156.43905,1.358e-25
3156.466882,1.41e-25
3156.612104,2.09e-25
3156.641772,2.05e-25
3156.642518,1.226e-24
3156.648489,1.273e-24
3156.668857,6.237000000000001e-25
3156.708018,4.734e-25
3156.713267,4.608e-25
3156.765612,1.774e-25
3156.785826,5.416e-25
3156.786018,1.224e-24
3156.795943,1.741e-25
3156.818694,1.182e-24
3156.901019,2.176e-24
3156.957606,1.6480000000000002e-25
3156.982479,1.695e-25
3156.987244,2.053e-24
3157.000441,1.757e-25
3157.04753,1.731e-25
3157.079885,6.05e-25
3157.087769,5.881e-25
3157.161361,1.35e-25
3157.189613,1.4e-25
3157.221334,1.496e-25
3157.249226,1.469e-25
3157.308533,1.258e-25
3157.337532,1.236e-25
3157.353817,2.563e-25
3157.356192,2.676e-25
3157.446215,7.593000000000001e-25
3157.456988,7.368e-25
3157.509823,1.437e-24
3157.543932,1.384e-24
3157.560265,7.058e-25
3157.564425,2.36e-24
3157.605117,1.501e-25
3157.629454,1.542e-25
3157.645116,2.233e-24
3157.695956,5.943000000000001e-25
3157.799759,1.051e-25
3157.810181,9.351e-25
3157.824076,9.057e-25
3157.825895,1.032e-25
3157.878005,1.327e-25
3157.906451,1.375e-25
3158.170044,1.651e-24
3158.173502,1.129e-24
3158.190734,1.092e-24
3158.205988,1.585e-24
3158.223799,2.525e-24
3158.246426,1.359e-25
3158.27023,1.396e-25
3158.29948,2.397e-24
3158.417255,3.264e-25
3158.43643,7.939e-25
3158.436837,3.192e-25
3158.536478,1.337e-24
3158.557257,1.289e-24
3158.588943,1.291e-25
3158.597261,6.351e-25
3158.61741,1.336e-25
3158.769018,1.854e-24
3158.807292,1.773e-24
3158.860272,1.366e-24
3158.863322,2.6699999999999998e-24
3158.873097,1.408e-24
3158.881526,1.224e-25
3158.898086,1.5499999999999998e-24
3158.904798,1.256e-25
3158.92264,1.491e-24
3158.934751,2.541e-24
3158.947125,1.505e-25
3158.948197,7.81e-25
3158.961838,2.366e-25
3158.97845,1.228e-24
3159.030631,1.748e-25
3159.031347,1.667e-25
3159.047774,4.173e-25
3159.25615,1.759e-24
3159.284746,1.686e-24
3159.294143,1.245e-25
3159.29895,9.041e-25
3159.309021,2.032e-24
3159.322501,1.287e-25
3159.350237,1.936e-24
3159.490634,6.443e-25
3159.505065,2.793e-24
3159.510405,1.097e-25
3159.533151,1.124e-25
3159.572448,2.6639999999999998e-24
3159.607552,1.95e-24
3159.640532,1.862e-24
3159.792229,2.172e-24
3159.837168,2.059e-24
3159.948466,2.11e-24
3159.986295,2.005e-24
3159.993581,1.19e-25
3160.021729,1.229e-25
3160.119278,2.892e-24
3160.155282,1.001e-25
3160.183339,2.763e-24
3160.220684,2.259e-24
3160.270366,2.127e-24
3160.274606,2.224e-24
3160.317943,2.102e-24
3160.581448,2.279e-24
3160.596239,2.279e-24
3160.631253,2.138e-24
3160.652059,2.129e-24
3160.687236,1.129e-25
3160.715098,1.165e-25
3160.738781,3.26e-25
3160.745962,2.965e-24
3160.788573,3.174e-25
3160.806612,2.839e-24
3160.864412,2.261e-24
3160.920499,2.221e-24
3160.922126,2.101e-24
3160.984453,2.052e-24
3161.02214,1.4639999999999999e-24
3161.033953,1.507e-24
3161.118987,2.1599999999999998e-24
3161.186849,1.983e-24
3161.194714,2.076e-24
3161.269836,1.8899999999999998e-24
3161.332528,3.013e-24
3161.340742,1.97e-24
3161.375089,1.063e-25
3161.390583,2.89e-24
3161.402606,1.096e-25
3161.419564,1.839e-24
3161.422429,1.776e-24
3161.510868,1.639e-24
3161.525126,1.685e-24
3161.594638,1.506e-24
3161.627196,1.479e-24
3161.666665,1.2999999999999998e-24
3161.711437,1.296e-24
3161.716769,1.065e-24
3161.719449,1.39e-24
3161.726036,1.352e-24
3161.755591,7.919e-25
3161.771931,4.601e-25
3161.802534,1.089e-24
3161.839907,3.989e-25
3161.859083,3.898e-25
3161.880063,8.59e-25
3161.947715,3.036e-24
3161.961011,6.022e-25
3162.00276,2.917e-24
3162.054311,3.158e-25
3162.084252,1.024e-25
3162.479309,4.297e-25
3162.503135,3.034e-24
3162.526687,4.178e-25
3162.556197,2.919e-24
3163.111695,3.008e-24
3163.120191,1.509e-24
3163.132019,1.555e-24
3163.161967,2.898e-24
3163.630992,2.96e-24
3163.679838,2.856e-24
3164.129392,5.555e-25
3164.1753,5.395e-25
3164.239473,2.891e-24
3164.285592,2.793e-24
3164.443076,1.524e-24
3164.448934,1.483e-24
3164.553684,1.191e-25
3164.620621,1.168e-25
3164.715818,2.804e-24
3164.761063,2.712e-24
3165.157153,1.493e-24
3165.169069,1.541e-24
3165.222238,4.757e-25
3165.240893,4.644000000000001e-25
3165.332854,2.702e-24
3165.375287,2.616e-24
3165.68897,7.043e-25
3165.7337,6.83e-25
3165.757149,2.585e-24
3165.799287,2.505e-24
3165.912096,2.3360000000000003e-25
3166.145118,2.003e-25
3166.393915,2.458e-24
3166.433012,2.384e-24
3166.714578,4.139e-25
3166.754316,2.321e-24
3166.793757,2.254e-24
3166.896771,3.607e-25
3167.135821,1.411e-24
3167.14774,1.4599999999999999e-24
3167.148829,1.616e-24
3167.154779,1.571e-24
3167.157602,8.752000000000001e-25
3167.185186,1.717e-25
3167.201338,8.473e-25
3167.249795,1.682e-25
3167.425026,2.18e-24
3167.461046,2.118e-24
3167.491862,6.228e-25
3167.642077,5.508e-25
3167.70643,2.033e-24
3167.727068,1.348e-25
3167.743522,1.977e-24
3167.752671,1.32e-25
3168.270014,8.547e-25
3168.397538,7.653e-25
3168.428872,1.8859999999999998e-24
3168.461999,1.836e-24
3168.534919,1.066e-24
3168.559046,5.531e-25
3168.577248,5.395e-25
3168.577826,1.029e-24
3168.612363,1.738e-24
3168.647407,1.6929999999999998e-24
3168.813007,1.955e-25
3168.866433,1.794e-25
3169.011014,1.104e-24
3169.042589,1.4870000000000002e-25
3169.05975,1.2669999999999999e-24
3169.071516,1.314e-24
3169.074344,1.377e-25
3169.122491,9.991e-25
3169.223723,1.921e-25
3169.246868,1.751e-25
3169.378781,1.131e-25
3169.39652,1.11e-25
3169.408458,1.5939999999999999e-24
3169.438816,1.553e-24
3169.47073,1.452e-24
3169.503993,1.416e-24
3169.70542,2.437e-25
3169.767762,2.385e-25
3169.778382,1.367e-24
3169.820666,1.2699999999999999e-24
3169.83546,1.654e-24
3169.841623,1.605e-24
3169.862927,1.224e-24
3169.876537,1.248e-24
3170.279873,1.185e-24
3170.311596,1.157e-24
3170.367104,1.316e-24
3170.394768,1.284e-24
3170.477698,1.638e-24
3170.566602,1.506e-24
3170.580407,2.679e-25
3170.600241,2.619e-25
3170.712793,2.602e-25
3170.754917,2.362e-25
3170.889737,3.1170000000000004e-25
3170.933249,1.07e-24
3170.944659,1.112e-24
3170.951695,2.794e-25
3171.014715,1.48e-24
3171.037851,9.459e-25
3171.056542,1.422e-24
3171.068254,9.246e-25
3171.247821,1.912e-24
3171.308426,1.063e-24
3171.32742,1.769e-24
3171.333429,1.038e-24
3171.742401,7.388e-25
3171.771703,7.229000000000001e-25
3171.80125,3.655e-25
3171.818467,3.569e-25
3171.843375,6.216e-25
3171.863336,6.103e-25
3171.893672,2.183e-24
3171.967821,2.031e-24
3172.107366,3.404e-25
3172.117047,1.6869999999999998e-24
3172.1587,1.615e-24
3172.169676,3.3030000000000003e-25
3172.236317,8.396e-25
3172.258633,8.213000000000001e-25
3172.383678,3.792e-25
3172.39099,5.647000000000001e-25
3172.419372,5.53e-25
3172.440667,3.344e-25
3172.500901,1.627e-24
3172.507232,1.575e-24
3172.683893,2.45e-24
3172.75053,2.2899999999999998e-24
3172.761267,8.367000000000001e-25
3172.772082,8.725e-25
3172.867408,4.286e-25
3172.890928,4.878e-25
3172.905775,4.755e-25
3172.94431,3.7e-25
3172.98068,4.226e-25
3173.008369,4.142e-25
3173.011507,1.494e-25
3173.02705,1.464e-25
3173.127737,1.876e-24
3173.154766,6.494e-25
3173.169544,1.789e-24
3173.174417,6.357e-25
3173.258628,2.701e-24
3173.322431,2.535e-24
3173.50837,3.096e-25
3173.53547,3.038e-25
3173.854665,6.362e-25
3173.867431,6.193e-25
3173.970528,2.222e-25
3173.997114,2.1820000000000003e-25
3174.046929,2.034e-24
3174.053703,4.861e-25
3174.068025,4.918e-25
3174.084929,4.818e-25
3174.089317,1.93e-24
3174.09162,2.941e-24
3174.134758,4.073e-25
3174.148521,2.771e-24
3174.363736,1.5610000000000002e-25
3174.384917,4.672000000000001e-25
3174.389396,1.535e-25
3174.437829,4.529e-25
3174.549228,5.919000000000001e-25
3174.559177,6.195e-25
3174.571283,3.153e-24
3174.627493,2.98e-24
3174.698299,8.111e-25
3174.70807,1.058e-25
3174.709282,7.881000000000001e-25
3174.746395,5.276000000000001e-25
3174.852563,4.22e-25
3174.874816,2.145e-24
3174.918349,2.023e-24
3174.980189,3.648e-25
3174.994328,3.577e-25
3175.082326,6.857e-25
3175.094621,6.714e-25
3175.142241,1.5309999999999999e-24
3175.14862,1.479e-24
3175.42829,1.0099999999999999e-24
3175.437848,9.804e-25
3175.476029,3.352e-24
3175.525193,3.178e-24
3175.611603,2.195e-24
3175.657063,2.053e-24
3175.717985,5.724e-25
3175.829736,3.509e-24
3175.846659,4.206e-25
3175.880206,3.335e-24
3175.895422,2.6520000000000003e-25
3175.906657,2.602e-25
3176.051731,1.23e-24
3176.060231,1.191e-24
3176.257467,2.171e-24
3176.30283,3.62e-25
3176.305977,2.01e-24
3176.311614,3.807e-25
3176.519756,6.266000000000001e-25
3176.53306,6.3e-25
3176.556612,1.931e-25
3176.5697,1.891e-25
3176.576333,1.4639999999999999e-24
3176.584184,1.414e-24
3176.584283,6.128e-25
3176.692207,3.56e-25
3176.812491,2.064e-24
3176.81742,1.89e-25
3176.825701,1.856e-25
3176.842288,3.658e-24
3176.865761,1.8839999999999998e-24
3176.885005,3.485e-24
3177.01037,1.701e-24
3177.018022,1.64e-24
3177.031607,3.747e-24
3177.077662,3.579e-24
3177.276544,1.869e-24
3177.337382,1.671e-24
3177.362572,1.932e-24
3177.370516,1.857e-24
3177.641978,2.143e-24
3177.649,1.585e-24
3177.650755,2.054e-24
3177.722536,1.372e-24
3177.749583,1.3210000000000002e-25
3177.754845,1.298e-25
3177.755758,1.37e-24
3177.762015,1.321e-24
3177.85776,2.322e-24
3177.867964,2.216e-24
3177.927904,1.213e-24
3178.019014,2.455e-24
3178.025253,9.894e-25
3178.027844,1.736e-25
3178.031315,2.333e-24
3178.035133,1.837e-25
3178.106411,7.437e-25
3178.134569,2.531e-24
3178.149738,2.391e-24
3178.174094,3.858e-24
3178.195659,3.842e-24
3178.212789,2.5399999999999998e-24
3178.216729,3.698e-24
3178.220145,4.477e-25
3178.23175,2.383e-24
3178.232787,3.676e-24
3178.254645,7.366e-25
3178.261114,5.259e-25
3178.261402,2.4749999999999998e-24
3178.262194,1.0059999999999999e-24
3178.266884,7.169e-25
3178.282552,1.447e-24
3178.285326,2.302e-24
3178.287344,2.332e-24
3178.293958,1.815e-24
3178.296597,2.112e-24
3178.31782,2.143e-24
3178.335975,1.908e-24
3178.346129,1.599e-24
3178.354988,1.221e-24
3178.373161,7.777e-25
3178.448506,2.6460000000000003e-25
3178.548026,8.336e-25
3178.596397,8.102e-25
3179.25399,3.84e-24
3179.293984,3.693e-24
3179.541378,3.899e-24
3179.573499,3.744e-24
3180.010574,2.442e-25
3180.021078,2.39e-25
3180.267684,3.704e-24
3180.305672,3.5729999999999996e-24
3180.337004,1.156e-24
3180.342924,1.111e-24
3180.427386,1.081e-24
3180.472712,1.049e-24
3180.608571,1.151e-25
3180.884479,3.835e-24
3180.911996,3.694e-24
3181.211161,3.468e-24
3181.247674,3.354e-24
3181.36538,7.634e-25
3181.376251,7.414e-25
3181.622209,2.854e-25
3181.781712,2.299e-25
3182.079998,3.158e-24
3182.115488,3.0599999999999998e-24
3182.136394,4.821e-25
3182.170096,1.374e-24
3182.212362,1.3299999999999999e-24
3182.229604,3.664e-24
3182.252804,3.538e-24
3182.263656,4.032e-25
3182.415878,1.332e-25
3182.51672,1.31e-25
3182.869368,2.797e-24
3182.880937,9.065e-25
3182.88627,8.69e-25
3182.904204,2.716e-24
3183.343047,7.292e-25
3183.370404,3.018e-25
3183.378151,2.951e-25
3183.435931,6.253000000000001e-25
3183.547875,9.576e-25
3183.574103,2.412e-24
3183.580805,3.408e-24
3183.599901,3.298e-24
3183.608501,2.347e-24
3183.636857,8.387000000000001e-25
3183.776465,1.707e-24
3183.815743,1.65e-24
3184.140722,1.997e-25
3184.189403,2.021e-24
3184.222639,1.976e-24
3184.236907,1.963e-25
3184.410098,7.637e-25
3184.419205,7.402e-25
3184.518547,1.385e-25
3184.573372,1.362e-25
3184.700209,1.643e-24
3184.740468,1.622e-24
3184.746904,1.377e-25
3184.750051,1.266e-25
3184.857709,1.498e-24
3184.928594,1.349e-24
3184.941377,3.089e-24
3184.956537,2.996e-24
3185.030987,2.058e-25
3185.05322,1.283e-24
3185.082337,2.023e-25
3185.11697,1.1399999999999999e-24
3185.117018,1.327e-24
3185.155446,1.298e-24
3185.24806,2.073e-24
3185.284484,1.998e-24
3185.382092,6.47e-25
3185.386558,6.181e-25
3185.388843,2.9850000000000003e-25
3185.421294,1.035e-24
3185.43705,2.932e-25
3185.460673,1.013e-24
3185.599302,4.226e-25
3185.607979,7.87e-25
3185.644717,4.147e-25
3185.648942,7.708e-25
3185.669823,5.839e-25
3185.687663,2.934e-25
3185.712816,5.724e-25
3185.779169,2.881e-25
3186.066499,2.057e-24
3186.102822,1.327e-25
3186.127393,1.887e-24
3186.146754,1.352e-25
3186.313728,2.7329999999999998e-24
3186.325101,2.655e-24
3186.401928,2.9e-25
3186.409575,2.611e-25
3186.587542,2.457e-24
3186.621301,2.36e-24
3186.633471,3.642e-25
3186.638332,3.557e-25
3186.760134,1.918e-24
3186.806924,1.742e-24
3187.054144,4.216e-25
3187.140986,4.136e-25
3187.171329,2.587e-24
3187.226388,2.403e-24
3187.385517,7.349e-25
3187.39258,7.109e-25
3187.69931,2.364e-24
3187.707033,2.3e-24
3187.798455,2.838e-24
3187.829782,2.716e-24
3187.834778,4.042e-25
3187.838061,3.846e-25
3188.054551,4.505e-25
3188.068415,3.932e-25
3188.073014,1.771e-25
3188.114433,1.806e-25
3188.167633,3.04e-24
3188.21934,2.852e-24
3188.238473,5.92e-25
3188.3207,5.8e-25
3188.465605,2.598e-24
3188.500976,2.395e-24
3188.884986,3.191e-24
3188.914159,3.04e-24
3189.049776,3.376e-24
3189.098596,1.999e-24
3189.099784,3.1919999999999998e-24
3189.102811,1.948e-24
3189.23992,8.112e-25
3189.317624,7.937e-25
3189.706521,5.701e-25
3189.730125,4.707e-25
3189.797738,4.284e-25
3189.79958,4.179e-25
3189.811324,3.571e-24
3189.851709,3.486e-24
3189.860835,3.397e-24
3189.879051,3.303e-24
3190.058816,1.083e-24
3190.08946,2.298e-25
3190.12894,2.3440000000000003e-25
3190.132138,1.058e-24
3190.169883,3.283e-24
3190.196838,3.061e-24
3190.233266,2.041e-25
3190.235011,1.932e-25
3190.288792,6.768e-25
3190.293554,6.532e-25
3190.44526,3.614e-24
3190.495205,3.455e-24
3190.511129,1.656e-24
3190.511981,1.615e-24
3190.696628,1.407e-24
3190.703349,3.694e-24
3190.729238,3.476e-24
3190.753702,1.271e-25
3190.763742,1.297e-25
3190.765759,1.372e-24
3190.944176,3.511e-24
3190.995317,3.371e-24
3191.055713,1.097e-25
3191.078182,1.118e-25
3191.155996,1.775e-24
3191.221179,1.728e-24
3191.300501,3.283e-24
3191.35348,3.163e-24
3191.357508,5.951000000000001e-25
3191.400713,4.296e-25
3191.440718,2.174e-24
3191.444557,3.784e-24
3191.469453,3.529e-24
3191.502252,2.112e-24
3191.506732,2.961e-24
3191.55568,2.579e-24
3191.562102,2.862e-24
3191.613923,2.5e-24
3191.872555,3.931e-24
3191.892919,3.696e-24
3191.933235,1.312e-24
3191.935591,1.344e-24
3192.079728,3.732e-24
3192.104221,3.442e-24
3192.144739,2.896e-25
3192.183353,2.952e-25
3192.612833,3.524e-24
3192.63775,3.197e-24
3192.86051,4.779e-25
3192.861803,4.905e-25
3192.997692,4.824e-25
3193.047271,3.152e-24
3193.073915,2.793e-24
3193.117429,5.924000000000001e-25
3193.119624,5.703e-25
3193.126621,2.419e-25
3193.364518,1.045e-24
3193.369916,1.07e-24
3193.385651,2.625e-24
3193.416426,2.235e-24
3193.572824,4.503e-24
3193.587796,4.261e-24
3193.629273,1.957e-24
3193.669784,1.541e-24
3193.694666,1.457e-25
3193.716355,1.666e-25
3193.717374,1.4860000000000002e-25
3193.7288,1.701e-25
3193.77567,1.168e-24
3193.846657,7.261000000000001e-25
3194.08843,1.117e-25
3194.175218,1.138e-25
3194.200101,1.237e-25
3194.231524,3.541e-25
3194.299678,2.388e-25
3194.687916,1.4810000000000002e-25
3194.770021,1.512e-25
3194.803142,8.17e-25
3194.811408,8.351000000000001e-25
3195.269603,4.964e-24
3195.280024,4.723e-24
3195.382454,1.905e-25
3195.459945,1.947e-25
3195.496777,3.068e-25
3195.629331,1.796e-25
3195.820499,5.309000000000001e-25
3195.825028,5.456e-25
3195.868585,4.6830000000000005e-25
3195.869252,4.879e-25
3196.172211,2.369e-25
3196.245204,2.425e-25
3196.245903,6.267000000000001e-25
3196.256853,6.399999999999998e-25
3196.309459,1.889e-25
3196.33256,1.929e-25
3196.342688,4.198e-25
3196.373304,4.292e-25
3196.595862,2.132e-25
3196.610623,2.1780000000000003e-25
3196.961541,5.291e-24
3196.968032,5.056e-24
3197.056224,2.8399999999999998e-25
3197.124884,2.912e-25
3197.189891,1.095e-24
3197.236037,8.532e-25
3197.689186,4.721e-25
3197.702621,4.818e-25
3198.032349,3.27e-25
3198.096893,3.36e-25
3198.471389,4.819e-25
3198.502348,4.944e-25
3198.538501,3.563e-25
3198.542374,3.724e-25
3198.647026,5.4699999999999996e-24
3198.65007,5.246e-24
3198.679768,5.715e-25
3198.687628,5.882e-25
3198.870436,2.12e-24
3198.897041,2.389e-25
3198.897049,1.796e-24
3198.920699,2.442e-25
3199.097246,3.605e-25
3199.12905,3.493e-25
3199.144758,3.562e-25
3199.157948,3.711e-25
3199.396614,2.6610000000000003e-25
3199.413617,2.722e-25
3200.246434,3.783e-25
3200.303623,3.903e-25
3200.324163,5.288e-24
3200.324173,5.497e-24
3200.547236,3.371e-24
3200.561302,2.54e-25
3200.564208,2.976e-24
3200.579032,2.588e-25
3200.61113,5.3470000000000005e-25
3200.641899,5.496e-25
3201.12767,2.45e-25
3201.135175,2.57e-25
3201.21557,1.557e-25
3201.231083,1.781e-25
3201.439445,5.945000000000001e-25
3201.450725,6.13e-25
3201.454696,2.945e-25
3201.474397,3.756e-25
3201.47908,3.014e-25
3201.528463,3.886e-25
3201.98154,1.815e-25
3201.988075,5.1899999999999996e-24
3201.990805,5.381e-24
3202.000955,1.848e-25
3202.122916,3.237e-25
3202.142108,3.3140000000000003e-25
3202.219639,4.8079999999999996e-24
3202.230521,4.351e-24
3202.755806,5.724e-25
3202.774759,3.5e-25
3202.786443,1.023e-25
3202.786528,5.894e-25
3202.811829,1.044e-25
3202.826152,3.632e-25
3203.17833,2.1620000000000003e-25
3203.2028,2.588e-25
3203.385192,1.275e-25
3203.405589,1.297e-25
3203.634595,1.458e-25
3203.639278,4.966e-24
3203.644431,5.1369999999999996e-24
3203.646278,1.536e-25
3203.884932,6.367e-24
3203.891473,5.8559999999999996e-24
3203.980031,3.536e-25
3204.00532,3.622e-25
3204.101571,5.956000000000001e-25
3204.116363,6.153e-25
3204.140497,3.024e-25
3204.189735,3.1490000000000003e-25
3204.22688,1.173e-25
3204.253801,1.198e-25
3204.778902,3.832e-25
3204.800251,3.927e-25
3204.899724,5.896e-25
3204.930687,6.083e-25
3205.05105,2.06e-25
3205.093585,2.72e-25
3205.274927,4.64e-24
3205.282221,4.79e-24
3205.503458,1.336e-25
3205.530298,1.365e-25
3205.539373,7.964e-24
3205.542611,7.411e-24
3205.564179,2.379e-25
3205.611862,2.4870000000000003e-25
3206.470968,4.128e-25
3206.497346,4.234e-25
3206.669061,5.72e-25
3206.687474,5.922000000000001e-25
3206.891832,4.236e-24
3206.898858,1.514e-25
3206.900986,4.3649999999999996e-24
3206.911477,1.543e-25
3206.927082,1.547e-25
3207.037612,5.823e-25
3207.038216,1.654e-25
3207.069168,6.021e-25
3207.085048,1.736e-25
3207.178479,9.511e-24
3207.179126,8.928e-24
3207.368456,4.41e-25
3207.391963,4.526e-25
3208.172651,1.704e-25
3208.201051,1.742e-25
3208.204583,1.128e-25
3208.225968,1.152e-25
3208.486444,3.782e-24
3208.497147,3.892e-24
3208.546265,6.106e-25
3208.571647,1.261e-24
3208.589008,1.813e-24
3208.601921,1.012e-25
3208.609384,1.57e-24
3208.610004,2.25e-24
3208.611867,9.217e-25
3208.617944,2.108e-24
3208.635303,2.525e-24
3208.638812,2.559e-24
3208.662691,2.808e-24
3208.678889,2.7329999999999998e-24
3208.702551,2.955e-24
3208.733851,2.778e-24
3208.75806,2.97e-24
3208.79578,1.031e-23
3208.797187,1.091e-23
3208.80763,2.707e-24
3208.83293,2.871e-24
3208.833107,1.584e-25
3208.851769,1.62e-25
3208.904458,2.542e-24
3208.925721,4.6830000000000005e-25
3208.931275,2.678e-24
3208.953386,4.809e-25
3209.028768,2.307e-24
3209.057452,2.418e-24
3209.145608,5.235e-25
3209.164622,5.489e-25
3209.167785,5.434e-25
3209.185046,2.029e-24
3209.197177,5.689e-25
3209.215896,2.117e-24
3209.324544,2.623e-25
3209.37764,1.732e-24
3209.410915,1.801e-24
3209.442398,5.236e-25
3209.504605,2.1710000000000003e-25
3209.520739,2.223e-25
3209.528737,1.906e-25
3209.558424,1.95e-25
3209.610545,1.437e-24
3209.646462,1.489e-24
3209.887162,1.16e-24
3209.895174,4.927e-25
3209.920873,5.063e-25
3209.925898,1.199e-24
3210.054876,3.306e-24
3210.066667,3.395e-24
3210.210072,9.128e-25
3210.215075,2.903e-25
3210.228898,2.9760000000000003e-25
3210.251753,9.413e-25
3210.386967,1.148e-23
3210.389988,1.208e-23
3210.58082,7.003e-25
3210.625519,7.208000000000001e-25
3210.794992,2.119e-25
3210.825081,2.1690000000000003e-25
3210.960011,3.785e-25
3210.960721,7.947e-25
3210.971766,3.887e-25
3210.999755,5.245e-25
3211.000293,1.158e-24
3211.047477,5.391e-25
3211.276316,4.906e-25
3211.310336,5.099e-25
3211.342785,5.15e-25
3211.371952,5.297000000000001e-25
3211.465923,3.838e-25
3211.516585,3.941e-25
3211.535535,4.531e-25
3211.561683,4.717e-25
3211.59283,2.83e-24
3211.604608,2.894e-24
3211.734354,4.814e-25
3211.744311,4.95e-25
3211.946828,1.236e-23
3211.951083,1.295e-23
3211.977122,2.746e-25
3212.030434,2.82e-25
3212.116296,2.34e-25
3212.147622,2.398e-25
3212.362325,5.3330000000000005e-25
3212.390292,5.489e-25
3212.462143,1.655e-24
3212.483584,2.045e-24
3212.530294,1.915e-25
3212.53243,5.97e-25
3212.540891,6.149e-25
3212.585275,1.976e-25
3213.045202,8.079e-25
3213.095721,2.373e-24
3213.144779,1.624e-24
3213.176104,1.357e-25
3213.347908,7.219000000000001e-25
3213.35521,7.45e-25
3213.368653,4.121e-25
3213.371348,2.568e-25
3213.403277,2.632e-25
3213.404686,4.297e-25
3213.469409,1.291e-23
3213.474567,1.347e-23
3213.72091,5.482e-25
3213.751818,5.6480000000000005e-25
3213.843619,3.667e-25
3213.870877,2.732e-24
3213.874039,3.83e-25
3213.883267,3.167e-24
3214.173787,8.515e-25
3214.180304,8.805e-25
3214.558652,1.9489999999999998e-24
3214.577344,1.992e-24
3214.661425,2.7980000000000003e-25
3214.694585,2.871e-25
3214.772845,5.58e-25
3214.803207,5.753e-25
3214.948857,1.309e-23
3214.954623,1.362e-23
3215.002426,9.795e-25
3215.008573,1.015e-24
3215.19247,4.007e-24
3215.199054,4.49e-24
3215.437961,3.211e-25
3215.476674,3.359e-25
3215.777943,1.066e-25
3215.807477,1.089e-25
3215.825632,1.099e-24
3215.831864,1.142e-24
3215.902494,3.029e-25
3215.936446,3.11e-25
3215.976964,1.4619999999999999e-24
3215.994629,1.605e-24
3216.059084,5.633000000000001e-25
3216.074879,2.729e-25
3216.092008,5.814e-25
3216.110027,2.861e-25
3216.379618,1.291e-23
3216.385734,1.339e-23
3216.430229,5.43e-24
3216.432594,5.959e-24
3216.634793,1.2029999999999999e-24
3216.641612,1.254e-24
3217.096445,1.209e-25
3217.126721,1.235e-25
3217.129333,5.627000000000001e-25
3217.162275,5.813e-25
3217.164106,3.256e-25
3217.199322,3.346e-25
3217.343841,1.239e-24
3217.362088,1.2669999999999999e-24
3217.421051,1.285e-24
3217.429013,1.344e-24
3217.480909,2.272e-25
3217.523147,2.386e-25
3217.586536,7.499e-24
3217.587457,6.934e-24
3217.756633,1.239e-23
3217.762886,1.283e-23
3218.175508,1.337e-24
3218.185234,1.404e-24
3218.234371,1.818e-25
3218.274936,1.914e-25
3218.35651,5.569e-25
3218.389127,3.4750000000000003e-25
3218.391771,5.76e-25
3218.401424,1.363e-25
3218.425319,3.574e-25
3218.432393,1.392e-25
3218.655568,9.589e-25
3218.664291,9.027e-24
3218.667865,8.433e-24
3218.673829,9.796e-25
3218.889422,1.356e-24
3218.901624,1.431e-24
3219.075508,1.159e-23
3219.081732,1.197e-23
3219.434058,5.449e-25
3219.469837,5.642000000000001e-25
3219.494469,1.41e-25
3219.541351,1.4870000000000002e-25
3219.554401,1.3359999999999999e-24
3219.569921,1.419e-24
3219.624401,3.681e-25
3219.661928,3.79e-25
3219.669917,1.045e-23
3219.675664,9.841e-24
3219.698216,1.527e-25
3219.729949,1.56e-25
3219.906301,7.275e-25
3219.924504,7.427e-25
3220.162546,1.278e-24
3220.182442,1.367e-24
3220.326975,1.034e-25
3220.332623,1.058e-23
3220.338726,1.091e-23
3220.374009,1.092e-25
3220.60803,1.168e-23
3220.612578,5.276000000000001e-25
3220.615555,1.107e-23
3220.650556,5.469e-25
3220.706558,1.179e-24
3220.732249,1.274e-24
3220.831874,3.87e-25
3220.870567,3.989e-25
3220.982541,1.7e-25
3221.015042,1.738e-25
3221.09094,5.411e-25
3221.108782,4.646000000000001e-25
3221.179753,1.043e-24
3221.213321,1.142e-24
3221.483697,1.265e-23
3221.492658,1.205e-23
3221.525135,9.413e-24
3221.531187,9.692e-24
3221.5759,8.698000000000001e-25
3221.620763,9.713e-25
3221.688976,5.043e-25
3221.727655,5.204e-25
3221.888559,6.6460000000000005e-25
3221.951257,7.649999999999999e-25
3222.042431,4.038e-25
3222.082572,4.166e-25
3222.108027,4.29e-25
3222.192795,1.5680000000000002e-25
3222.20435,3.944e-25
3222.204482,5.217e-25
3222.222867,4.024e-25
3222.237056,1.092e-25
3222.238195,1.065e-25
3222.257913,1.88e-25
3222.291243,1.924e-25
3222.302313,1.329e-23
3222.310529,2.96e-25
3222.312399,1.271e-23
3222.352474,5.354e-25
3222.380091,7.311e-25
3222.39112,2.184e-25
3222.406854,8.816e-25
3222.436226,9.849e-25
3222.438234,6.294000000000001e-25
3222.445353,8.258e-25
3222.445939,3.769e-25
3222.461308,9.722e-25
3222.469627,1.041e-24
3222.484347,1.069e-24
3222.507826,1.052e-24
3222.513864,1.116e-24
3222.54967,1.119e-24
3222.551324,1.025e-24
3222.591756,1.082e-24
3222.600479,9.654e-25
3222.640177,1.014e-24
3222.650288,8.157e-24
3222.655546,8.827e-25
3222.657313,8.411e-24
3222.695003,9.23e-25
3222.716694,7.85e-25
3222.756277,8.177000000000001e-25
3222.783997,6.8e-25
3222.823992,7.062e-25
3222.82684,4.762e-25
3222.857429,5.746e-25
3222.868057,4.95e-25
3222.898061,5.953000000000001e-25
3222.936851,4.741e-25
3222.978307,4.901e-25
3223.022,3.822e-25
3223.064444,3.945e-25
3223.069438,1.358e-23
3223.080365,1.303e-23
3223.112477,3.014e-25
3223.15608,3.108e-25
3223.207736,2.3250000000000003e-25
3223.231301,4.178e-25
3223.252772,2.399e-25
3223.261754,2.876e-25
3223.263686,2.5060000000000003e-25
3223.272811,4.316000000000001e-25
3223.307081,1.756e-25
3223.354722,1.822e-25
3223.409656,1.299e-25
3223.452136,1.276e-25
3223.52158,2.067e-25
3223.555757,2.116e-25
3223.590385,1.383e-25
3223.591026,1.418e-25
3223.715996,6.865e-24
3223.716127,7.132e-24
3223.790622,1.35e-23
3223.80213,1.3e-23
3223.895746,4.433e-25
3223.938406,4.614e-25
3223.975469,3.396e-25
3224.112227,6.203e-25
3224.20849,1.976e-25
3224.222202,2.015e-25
3224.418371,4.288e-25
3224.461484,4.435e-25
3224.471207,1.308e-23
3224.483064,1.262e-23
3224.704964,5.76e-24
3224.707395,5.912e-24
3224.756472,5.098e-25
3224.775795,2.258e-25
3224.810876,2.313e-25
3224.864101,7.491e-25
3224.87174,1.764e-25
3224.874442,1.812e-25
3224.99898,4.066e-25
3225.044001,4.239e-25
3225.087903,1.36e-25
3225.101396,1.384e-25
3225.116137,1.235e-23
3225.128139,1.195e-23
3225.587924,4.3630000000000005e-25
3225.629196,4.6779999999999996e-24
3225.631503,4.793e-24
3225.632633,4.518e-25
3225.674279,6.907000000000001e-25
3225.729785,1.138e-23
3225.741769,1.103e-23
3225.765099,9.119e-25
3226.018829,2.45e-25
3226.054847,2.511e-25
3226.055745,3.667e-25
3226.07684,2.213e-25
3226.081855,2.276e-25
3226.102716,3.829e-25
3226.292133,9.095e-25
3226.315815,1.024e-23
3226.327666,9.935e-24
3226.360986,1.131e-24
3226.487407,3.7149999999999996e-24
3226.489331,3.802e-24
3226.752435,4.399e-25
3226.798948,4.563e-25
3226.877102,8.989e-24
3226.888779,8.738e-24
3227.128776,3.248e-25
3227.178408,3.398e-25
3227.201589,2.729e-25
3227.209135,2.81e-25
3227.2521,2.6410000000000003e-25
3227.280637,2.888e-24
3227.282119,2.953e-24
3227.289114,2.708e-25
3227.369182,1.114e-24
3227.415689,7.713e-24
3227.427316,7.506e-24
3227.436042,1.3299999999999999e-24
3227.728102,1.402e-24
3227.776453,1.63e-24
3227.902212,4.393e-25
3227.93282,6.469e-24
3227.945218,6.2899999999999995e-24
3227.950588,4.565e-25
3228.010315,2.198e-24
3228.011352,2.245e-24
3228.170083,2.8180000000000003e-25
3228.22225,2.954e-25
3228.243285,3.3060000000000003e-25
3228.253555,3.409e-25
3228.404598,3.413e-24
3228.428999,5.306e-24
3228.47455,2.8260000000000003e-25
3228.486635,1.302e-25
3228.504176,1.765e-24
3228.511417,1.331e-25
3228.512605,2.9e-25
3228.647064,1.071e-25
3228.678043,1.639e-24
3228.678659,1.673e-24
3228.682693,1.095e-25
3228.904092,4.257e-24
3228.910305,4.146e-24
3229.04486,4.346000000000001e-25
3229.047955,1.7e-25
3229.066192,1.597e-24
3229.071195,1.976e-24
3229.073805,1.743e-25
3229.0953,4.523e-25
3229.106651,2.219e-24
3229.120729,1.82e-24
3229.200637,3.933e-25
3229.213802,4.063e-25
3229.216064,2.391e-25
3229.271381,2.511e-25
3229.285508,1.198e-24
3229.285736,1.222e-24
3229.357446,3.343e-24
3229.364241,3.266e-24
3229.59766,2.1740000000000003e-25
3229.623876,2.234e-25
3229.687052,3.004e-25
3229.726213,3.084e-25
3229.788006,2.571e-24
3229.794624,2.515e-24
3229.834296,8.746000000000001e-25
3229.834415,8.582e-25
3229.9165,1.194e-25
3229.952995,1.22e-25
3230.073708,4.592e-25
3230.08993,4.753e-25
3230.133752,2.722e-25
3230.160325,2.8020000000000003e-25
3230.174595,4.254e-25
3230.194442,1.936e-24
3230.200708,1.896e-24
3230.227214,4.437e-25
3230.239601,1.975e-25
3230.298197,2.078e-25
3230.323925,2.6069999999999998e-24
3230.32606,6.14e-25
3230.326478,6.028e-25
3230.350277,2.8629999999999998e-24
3230.575242,1.429e-24
3230.581109,1.3999999999999999e-24
3230.654141,3.337e-25
3230.681215,3.4410000000000004e-25
3230.762815,4.227e-25
3230.763477,4.153e-25
3230.772524,2.109e-24
3230.820126,2.3369999999999998e-24
3230.863796,5.257e-25
3230.883243,5.453e-25
3230.888981,3.168e-25
3230.928812,1.034e-24
3230.929305,3.256e-25
3230.934276,1.014e-24
3231.146733,2.854e-25
3231.147553,2.8060000000000003e-25
3231.156665,4.004e-25
3231.175995,1.3210000000000002e-25
3231.18446,4.137e-25
3231.2134,1.352e-25
3231.253545,7.331e-25
3231.258622,7.196000000000001e-25
3231.260676,1.582e-25
3231.295903,4.119e-25
3231.323177,1.669e-25
3231.350917,4.306e-25
3231.482018,1.887e-25
3231.482743,1.856e-25
3231.48753,3.259e-24
3231.506934,3.527e-24
3231.547891,5.099999999999998e-25
3231.552601,5.0090000000000005e-25
3231.573254,5.894e-25
3231.596123,6.131e-25
3231.639114,4.6980000000000005e-25
3231.667909,4.865e-25
3231.810422,3.48e-25
3231.814787,3.42e-25
3232.039997,2.33e-25
3232.044016,2.291e-25
3232.080863,3.3170000000000003e-25
3232.099255,5.387e-25
3232.122423,3.411e-25
3232.129387,5.593e-25
3232.20527,6.465e-25
3232.231815,6.746e-25
3232.236539,1.53e-25
3232.240102,1.505e-25
3232.264849,1.222e-25
3232.331652,1.292e-25
3232.405463,3.942e-25
3232.425531,1.453e-25
3232.463044,4.131e-25
3232.46389,1.4870000000000002e-25
3232.49381,2.606e-24
3232.534851,6.034e-25
3232.537454,2.836e-24
3232.562851,3.893e-24
3232.56673,6.283000000000001e-25
3232.576658,4.168e-24
3232.763622,6.925000000000001e-25
3232.794197,7.253000000000001e-25
3232.943687,6.591000000000001e-25
3232.977821,6.888000000000001e-25
3233.252428,7.229000000000001e-25
3233.262348,3.4460000000000003e-25
3233.287542,7.605e-25
3233.305209,3.547e-25
3233.323588,7.012e-25
3233.360617,7.359e-25
3233.505826,3.727e-25
3233.550641,4.471e-24
3233.559756,4.748e-24
3233.566222,3.916e-25
3233.665158,1.588e-25
3233.67243,7.249000000000001e-25
3233.675904,7.331e-25
3233.704521,1.626e-25
3233.713191,7.646e-25
3233.71631,7.756e-25
3233.988143,7.259000000000001e-25
3234.033775,7.703e-25
3234.03813,7.194000000000001e-25
3234.084972,7.663e-25
3234.235704,3.042e-24
3234.26869,7.005e-25
3234.277258,3.268e-24
3234.320815,7.493e-25
3234.34282,6.785e-25
3234.397889,7.294e-25
3234.433885,3.546e-25
3234.451685,4.954e-24
3234.456753,5.228e-24
3234.477987,3.658e-25
3234.511982,6.464e-25
3234.573064,6.986e-25
3234.59304,6.087e-25
3234.595166,3.4770000000000003e-25
3234.658615,3.665e-25
3234.659289,6.6220000000000005e-25
3234.71566,5.623000000000001e-25
3234.789757,6.162e-25
3234.790701,5.092e-25
3234.873415,5.63e-25
3234.876393,4.48e-25
3234.894872,1.7240000000000002e-25
3234.935166,3.794e-25
3234.935293,1.767e-25
3234.971037,5.0080000000000005e-25
3234.98716,3.027e-25
3235.016714,2.1690000000000003e-25
3235.0178,1.189e-25
3235.045166,4.299e-25
3235.119303,3.486e-25
3235.182802,2.55e-25
3235.245708,1.433e-25
3235.266875,5.316e-24
3235.268375,5.581e-24
3235.594727,3.629e-25
3235.640567,3.741e-25
3235.674878,3.198e-25
3235.741682,3.383e-25
3235.995555,5.789e-24
3235.997248,5.537e-24
3236.004288,3.377e-24
3236.045052,3.593e-24
3236.114708,1.859e-25
3236.156246,1.907e-25
3236.639451,5.843e-24
3236.64403,5.609e-24
3236.727006,1.13e-25
3236.744008,2.897e-25
3236.745652,1.107e-25
3236.745726,3.677e-25
3236.793142,3.794e-25
3236.814488,3.076e-25
3237.067907,1.662e-25
3237.099562,1.5999999999999998e-25
3237.201462,5.749e-24
3237.208664,5.534e-24
3237.324672,1.991e-25
3237.367389,2.043e-25
3237.394761,2.397e-25
3237.419927,2.352e-25
3237.619647,5.407e-25
3237.683256,5.5189999999999996e-24
3237.692844,5.327e-24
3237.704267,3.392e-25
3237.729091,3.327e-25
3237.747869,7.789e-25
3237.803282,2.58e-25
3237.806151,3.5809999999999996e-24
3237.847102,3.783e-24
3237.87782,2.751e-25
3237.886493,3.691e-25
3237.935621,3.813e-25
3237.992564,4.707e-25
3238.017386,4.615e-25
3238.0868,5.175e-24
3238.098541,5.006e-24
3238.255287,6.406e-25
3238.280074,6.277000000000001e-25
3238.414397,4.744e-24
3238.425265,6.918000000000001e-25
3238.428036,4.599e-24
3238.487703,8.552e-25
3238.512325,8.373000000000001e-25
3238.524789,2.118e-25
3238.542817,9.117e-25
3238.568756,2.1740000000000003e-25
3238.668779,4.253e-24
3238.683942,4.132e-24
3238.684843,1.12e-24
3238.709141,1.096e-24
3238.841638,1.438e-24
3238.85223,2.255e-25
3238.853829,3.721e-24
3238.865443,1.406e-24
3238.869224,3.6339999999999996e-24
3238.931254,2.416e-25
3238.953033,1.811e-24
3238.963956,3.181e-24
3238.976186,1.769e-24
3238.987213,3.129e-24
3239.014076,2.237e-24
3239.017146,3.671e-25
3239.019898,2.707e-24
3239.036469,2.183e-24
3239.041608,2.64e-24
3239.068121,3.796e-25
3239.225563,8.668000000000001e-25
3239.327794,1.078e-24
3239.648316,3.641e-24
3239.690236,3.823e-24
3239.715068,2.236e-25
3239.760361,2.297e-25
3239.782542,1.002e-25
3239.891202,1.931e-25
3239.910939,1.112e-25
3239.933633,1.141e-25
3239.975218,2.081e-25
3240.016109,1.062e-24
3240.105661,1.271e-24
3240.137637,3.615e-25
3240.190607,3.742e-25
3240.514438,1.238e-25
3240.540297,1.272e-25
3240.711722,1.392e-25
3240.736411,1.431e-25
3240.790714,1.276e-24
3240.869912,1.486e-24
3240.895528,2.3430000000000003e-25
3240.919973,1.615e-25
3240.942231,2.409e-25
3241.009563,1.751e-25
3241.230437,1.539e-25
3241.248024,3.522e-25
3241.257806,1.583e-25
3241.303156,3.651e-25
3241.456191,1.71e-25
3241.482968,1.761e-25
3241.493901,1.033e-25
3241.536801,1.058e-25
3241.538096,3.556e-24
3241.561543,1.506e-24
3241.581642,3.716e-24
3241.632678,1.718e-24
3241.905307,1.874e-25
3241.934403,1.932e-25
3241.938685,1.315e-25
3242.034541,1.437e-25
3242.066179,2.436e-25
3242.114384,2.507e-25
3242.146738,2.059e-25
3242.175741,2.124e-25
3242.306872,1.748e-24
3242.348282,3.394e-25
3242.370921,1.964e-24
3242.405763,3.523e-25
3242.5385,2.237e-25
3242.569577,2.309e-25
3242.710099,1.122e-25
3242.754168,1.149e-25
3242.785491,2.429e-25
3242.816914,2.51e-25
3242.947212,1.039e-25
3243.05015,1.144e-25
3243.063988,1.999e-24
3243.122827,2.219e-24
3243.129605,2.613e-25
3243.162963,2.703e-25
3243.227036,2.513e-25
3243.276844,2.589e-25
3243.374318,2.8050000000000003e-25
3243.408416,2.905e-25
3243.43844,3.233e-25
3243.482901,3.345e-24
3243.498484,3.36e-25
3243.528637,3.481e-24
3243.678333,2.9860000000000003e-25
3243.714049,3.079e-25
3243.773614,2.257e-24
3243.827071,2.48e-24
3243.914836,3.167e-25
3243.91683,1.21e-25
3243.952003,3.2880000000000003e-25
3243.962134,1.2410000000000002e-25
3244.184498,3.334e-25
3244.223633,3.4660000000000003e-25
3244.378106,2.571e-25
3244.408417,3.492e-25
3244.429631,2.6510000000000003e-25
3244.449078,3.637e-25
3244.518483,3.04e-25
3244.525976,2.512e-24
3244.57615,2.738e-24
3244.581335,3.164e-25
3244.648,3.631e-25
3244.690824,3.788e-25
3244.856201,3.754e-25
3244.900994,3.923e-25
3245.068793,3.852e-25
3245.114104,1.297e-25
3245.116072,4.033e-25
3245.160716,1.331e-25
3245.189101,2.769e-24
3245.234676,2.9969999999999998e-24
3245.259102,3.926e-25
3245.308887,4.119e-25
3245.446851,3.968e-25
3245.490005,3.034e-24
3245.49962,4.174e-25
3245.519401,2.608e-25
3245.538427,3.146e-24
3245.572768,2.691e-25
3245.588419,2.82e-25
3245.617803,3.9799999999999998e-25
3245.654361,2.94e-25
3245.673776,4.196e-25
3245.782117,3.955e-25
3245.841824,4.182e-25
3245.932727,3.892e-25
3245.949642,3.009e-24
3245.993453,3.238e-24
3245.996617,4.129e-25
3246.074418,3.789e-25
3246.143189,4.034e-25
3246.203957,3.643e-25
3246.278383,3.895e-25
3246.301932,1.38e-25
3246.323298,3.4540000000000003e-25
3246.349933,1.417e-25
3246.404443,3.709e-25
3246.431023,3.219e-25
3246.520233,3.4740000000000003e-25
3246.527635,2.937e-25
3246.55042,3.2489999999999998e-24
3246.589805,3.478e-24
3246.612288,2.608e-25
3246.62676,3.189e-25
3246.648233,2.578e-25
3246.650927,2.622e-25
3246.684479,2.227e-25
3246.706276,2.708e-25
3246.71759,2.693e-25
3246.7239,2.85e-25
3246.742716,1.793e-25
3246.784096,1.295e-25
3246.81237,2.452e-25
3246.89284,1.9899999999999999e-25
3246.966791,1.448e-25
3247.337072,3.455e-24
3247.376077,3.682e-24
3247.480324,1.458e-25
3247.529801,1.497e-25
3247.566301,2.659e-24
3247.617842,2.749e-24
3247.697914,2.3190000000000003e-25
3247.771068,2.427e-25
3247.772691,2.611e-25
3247.830178,2.7e-25
3247.853864,3.662e-24
3247.888151,3.888e-24
3248.649288,1.528e-25
3248.690486,3.816e-24
3248.700338,1.571e-25
3248.725797,4.037e-24
3248.737437,2.05e-25
3248.814836,2.15e-25
3248.884694,2.575e-25
3248.944496,2.6660000000000003e-25
3249.095107,3.981e-24
3249.125012,4.199e-24
3249.718058,2.254e-24
3249.766771,1.777e-25
3249.773093,2.324e-24
3249.808833,1.59e-25
3249.848947,1.867e-25
3249.861562,1.636e-25
3249.986939,2.513e-25
3250.01233,4.067e-24
3250.044786,4.278e-24
3250.049254,2.605e-25
3250.257737,5.927000000000001e-25
3250.269348,4.185e-24
3250.295344,4.392e-24
3250.372699,7.711e-25
3250.785866,1.507e-25
3250.87346,1.587e-25
3250.958965,1.6410000000000002e-25
3251.013492,1.69e-25
3251.049151,7.257000000000001e-25
3251.079424,2.426e-25
3251.144477,2.518e-25
3251.162117,8.99e-25
3251.305338,4.193e-24
3251.335596,4.39e-24
3251.371467,4.265e-24
3251.393859,4.456e-24
3251.794658,1.246e-25
3251.836953,8.781e-25
3251.888447,1.316e-25
3251.940752,1.049e-24
3251.950703,1.85e-24
3252.009556,1.903e-24
3252.099689,1.68e-25
3252.156142,1.732e-25
3252.162143,2.315e-25
3252.230192,2.406e-25
3252.396192,4.22e-24
3252.415173,4.394e-24
3252.572569,4.1899999999999995e-24
3252.60117,4.369e-24
3252.615119,1.047e-24
3252.709594,1.218e-24
3252.793055,1.001e-25
3252.893996,1.06e-25
3253.231007,1.705e-25
3253.235086,2.1810000000000003e-25
3253.276821,1.008e-25
3253.289533,1.759e-25
3253.306427,2.27e-25
3253.338289,4.062e-24
3253.353975,4.217e-24
3253.382629,1.229e-24
3253.468788,1.402e-24
3253.529702,1.051e-25
3253.575703,1.091e-25
3253.817443,4.064e-24
3253.818177,1.128e-25
3253.844844,4.2229999999999996e-24
3253.866161,1.173e-25
3254.094797,1.205e-25
3254.139258,1.422e-24
3254.144891,1.255e-25
3254.192761,3.809e-24
3254.205222,3.943e-24
3254.218211,1.598e-24
3254.268656,1.474e-24
3254.298239,2.028e-25
3254.331591,1.513e-24
3254.352923,1.715e-25
3254.362083,1.278e-25
3254.373213,2.114e-25
3254.413683,1.771e-25
3254.41448,1.335e-25
3254.618245,1.349e-25
3254.673119,1.412e-25
3254.864667,1.414e-25
3254.885131,1.624e-24
3254.922246,1.4840000000000002e-25
3254.955054,3.483e-24
3254.957873,1.803e-24
3254.96433,3.598e-24
3255.043761,3.83e-24
3255.070365,3.969e-24
3255.10042,1.473e-25
3255.160936,1.55e-25
3255.173797,1.133e-25
3255.203536,1.114e-25
3255.326235,1.524e-25
3255.351582,1.858e-25
3255.389966,1.61e-25
3255.430586,1.941e-25
3255.465436,1.709e-25
3255.528612,1.767e-25
3255.54166,1.5650000000000002e-25
3255.608911,1.661e-25
3255.620064,1.831e-24
3255.621231,3.109e-24
3255.627351,3.206e-24
3255.687427,2.0119999999999998e-24
3255.746903,1.459e-25
3255.747065,1.597e-25
3255.791234,1.606e-25
3255.818189,1.701e-25
3255.942248,1.616e-25
3256.017643,1.731e-25
3256.127381,1.622e-25
3256.188119,2.713e-24
3256.191113,2.7919999999999998e-24
3256.207511,1.747e-25
3256.255731,3.511e-24
3256.275111,2.316e-25
3256.281899,3.629e-24
3256.29765,2.276e-25
3256.302378,1.614e-25
3256.344528,2.04e-24
3256.387773,1.75e-25
3256.395086,1.676e-25
3256.407216,2.223e-24
3256.4673,1.59e-25
3256.478586,1.754e-25
3256.558584,1.738e-25
3256.568542,1.686e-25
3256.622091,1.55e-25
3256.63434,1.745e-25
3256.653312,2.378e-24
3256.653407,2.314e-24
3256.675206,1.1399999999999999e-24
3256.697642,3.231e-25
3256.718919,3.169e-25
3256.719995,1.709e-25
3256.742438,1.169e-24
3256.766732,1.493e-25
3256.872127,1.663e-25
3256.901134,1.418e-25
3257.012556,1.984e-24
3257.015071,1.598e-25
3257.015686,1.933e-24
3257.025172,1.3250000000000002e-25
3257.032144,4.424e-25
3257.05139,4.337000000000001e-25
3257.057786,2.246e-24
3257.116361,2.431e-24
3257.13863,1.212e-25
3257.148947,1.513e-25
3257.241162,1.078e-25
3257.268349,1.621e-24
3257.273878,1.4060000000000002e-25
3257.274447,1.581e-24
3257.274714,5.952000000000001e-25
3257.291655,5.83e-25
3257.390021,1.273e-25
3257.421045,1.298e-24
3257.422204,7.864000000000001e-25
3257.428712,1.4850000000000002e-25
3257.430018,1.2679999999999999e-24
3257.436603,7.696e-25
3257.457981,3.133e-24
3257.471732,1.02e-24
3257.483489,9.973e-25
3257.484045,3.231e-24
3257.497593,1.111e-25
3257.517259,1.557e-25
3257.662237,1.6460000000000002e-25
3257.707265,1.021e-25
3257.730889,1.706e-25
3257.761131,2.447e-24
3257.816098,2.632e-24
3258.452408,1.29e-25
3258.45249,2.638e-24
3258.504214,2.824e-24
3258.546661,1.357e-25
3258.655574,2.722e-24
3258.681831,2.8019999999999998e-24
3258.746512,1.59e-25
3258.777909,1.015e-25
3258.818283,1.65e-25
3258.838527,1.047e-25
3259.135072,2.817e-24
3259.172471,8.585e-25
3259.183948,3.002e-24
3259.244161,8.782e-25
3259.466105,1.097e-25
3259.566858,1.156e-25
3259.803978,2.98e-24
3259.821354,1.518e-25
3259.850219,3.164e-24
3259.854002,2.305e-24
3259.880703,2.368e-24
3259.896547,1.577e-25
3259.898025,1.03e-25
3259.960935,1.063e-25
3260.466353,3.124e-24
3260.51031,3.306e-24
3260.886746,1.43e-25
3260.965709,1.489e-25
3261.009122,1.036e-25
3261.059184,1.902e-24
3261.074509,1.07e-25
3261.086445,1.9509999999999998e-24
3261.111831,3.248e-24
3261.153579,3.426e-24
3261.754911,3.348e-24
3261.761395,6.2970000000000005e-25
3261.794817,3.521e-24
3261.837658,6.432e-25
3261.848088,5.305000000000001e-25
3261.942665,1.33e-25
3261.947244,6.514e-25
3262.025802,1.387e-25
3262.111195,1.032e-25
3262.179266,1.067e-25
3262.277441,1.5309999999999999e-24
3262.304706,1.564e-24
3262.375425,3.424e-24
3262.41341,3.593e-24
3262.594743,5.27e-25
3262.722301,7.516000000000001e-25
3262.781042,1.127e-25
3262.989079,1.218e-25
3263.000672,3.473e-24
3263.037185,3.637e-24
3263.076864,1.273e-25
3263.204237,1.018e-25
3263.275228,1.054e-25
3263.35892,6.451e-25
3263.481009,4.193e-25
3263.484511,8.612e-25
3263.515449,1.2009999999999999e-24
3263.580586,8.096e-25
3263.593935,3.499e-24
3263.62871,3.655e-24
3263.648379,1.171e-25
3264.025949,1.098e-25
3264.115727,7.648e-25
3264.118937,1.149e-25
3264.203589,3.497e-24
3264.235752,9.788e-25
3264.237231,3.6459999999999996e-24
3264.362416,1.03e-25
3264.441807,4.506e-25
3264.490854,1.311e-25
3264.522714,4.597e-25
3264.766328,3.472e-24
3264.780186,9.19e-25
3264.797994,3.592e-24
3264.816129,9.36e-25
3264.863422,8.905e-25
3264.976833,1.103e-24
3265.152075,1.02e-25
3265.316537,1.4810000000000002e-25
3265.363675,3.421e-24
3265.39481,3.556e-24
3265.601493,1.022e-24
3265.708149,1.233e-24
3265.891345,3.35e-24
3265.920823,3.477e-24
3266.078844,6.858e-25
3266.115912,6.994e-25
3266.129081,1.659e-25
3266.329762,1.159e-24
3266.429892,1.367e-24
3266.481038,3.256e-24
3266.51004,3.375e-24
3266.930455,1.836e-25
3266.96748,3.148e-24
3266.99472,3.259e-24
3267.048161,1.298e-24
3267.142149,1.503e-24
3267.212508,3.15e-25
3267.224358,1.067e-25
3267.298087,3.21e-25
3267.418719,4.992000000000001e-25
3267.458055,5.088e-25
3267.555905,3.02e-24
3267.583044,3.122e-24
3267.721846,2.004e-25
3267.756654,1.437e-24
3267.844936,1.639e-24
3267.99113,1.287e-25
3267.99296,2.883e-24
3268.018136,2.978e-24
3268.455221,1.575e-24
3268.504013,2.1590000000000003e-25
3268.538239,1.773e-24
3268.588653,2.73e-24
3268.614164,2.817e-24
3268.752736,1.496e-25
3268.807083,3.545e-25
3268.849172,3.61e-25
3268.965719,2.576e-24
3268.988956,2.656e-24
3269.14383,1.709e-24
3269.22201,1.901e-24
3269.277478,2.295e-25
3269.50875,1.688e-25
3269.579835,2.409e-24
3269.603924,2.481e-24
3269.822466,1.837e-24
3269.883375,2.247e-24
3269.896207,2.023e-24
3269.904756,2.313e-24
3270.042596,2.41e-25
3270.07137,2.155e-25
3270.161616,2.194e-25
3270.251028,2.456e-25
3270.258853,1.859e-25
3270.296338,2.4990000000000003e-25
3270.491074,1.9549999999999998e-24
3270.530203,2.075e-24
3270.553057,2.134e-24
3270.560743,2.136e-24
3270.743219,1.915e-24
3270.762788,1.968e-24
3270.799645,2.5020000000000003e-25
3271.00283,2.005e-25
3271.149656,2.063e-24
3271.215591,2.237e-24
3271.440738,1.747e-24
3271.462526,1.794e-24
3271.542196,1.5959999999999999e-24
3271.548794,2.569e-25
3271.559965,1.637e-24
3271.740482,2.124e-25
3271.757306,1.66e-25
3271.798111,2.158e-24
3271.80616,1.688e-25
3271.860614,2.325e-24
3272.276911,1.2999999999999998e-24
3272.290227,2.61e-25
3272.292862,1.3319999999999999e-24
3272.312667,1.438e-24
3272.333551,1.474e-24
3272.371241,4.089e-25
3272.436495,2.238e-24
3272.453323,4.836e-25
3272.471712,2.216e-25
3272.495846,2.398e-24
3272.943638,1.037e-24
3272.957728,1.061e-24
3273.015446,1.444e-25
3273.023987,2.627e-25
3273.064613,2.303e-24
3273.110322,1.468e-25
3273.121057,2.455e-24
3273.140737,4.913e-25
3273.14749,1.157e-24
3273.167624,1.185e-24
3273.196345,2.279e-25
3273.230287,5.684e-25
3273.332152,1.095e-25
3273.384856,1.113e-25
3273.538348,8.09e-25
3273.550511,8.272e-25
3273.682646,2.35e-24
3273.736414,2.495e-24
3273.750252,2.619e-25
3273.906272,5.819e-25
3273.91439,2.315e-25
3273.946997,9.107e-25
3273.966533,9.316e-25
3273.995412,6.614000000000001e-25
3274.056758,6.183e-25
3274.066909,6.3160000000000005e-25
3274.290209,2.381e-24
3274.341499,2.518e-24
3274.468929,2.589e-25
3274.4944,4.629e-25
3274.502438,4.724e-25
3274.625613,2.3240000000000003e-25
3274.663867,6.794e-25
3274.713289,7.016e-25
3274.732376,7.169e-25
3274.749967,7.613e-25
3274.846707,3.396e-25
3274.852523,3.4630000000000003e-25
3274.887746,2.394e-24
3274.936749,2.522e-24
3275.109132,2.442e-25
3275.112609,2.4880000000000003e-25
3275.180285,2.537e-25
3275.277268,1.7210000000000002e-25
3275.278292,1.753e-25
3275.330177,2.309e-25
3275.345456,1.211e-25
3275.346993,1.19e-25
3275.412225,7.822e-25
3275.44879,5.291000000000001e-25
3275.467578,5.401e-25
3275.474503,2.389e-24
3275.494426,8.663e-25
3275.521377,2.51e-24
3275.884008,2.467e-25
3276.027672,2.271e-25
3276.051418,2.367e-24
3276.096327,2.481e-24
3276.150846,8.886e-25
3276.156267,3.906e-25
3276.174905,3.984e-25
3276.228974,9.748e-25
3276.580602,2.381e-25
3276.617071,2.329e-24
3276.660135,2.435e-24
3276.718539,2.214e-25
3276.838837,2.8230000000000003e-25
3276.857467,2.877e-25
3276.879515,9.969e-25
3276.953679,1.085e-24
3277.173284,2.277e-24
3277.21465,2.375e-24
3277.269372,2.281e-25
3277.402007,2.14e-25
3277.499978,1.999e-25
3277.518719,2.035e-25
3277.598134,1.105e-24
3277.668554,1.195e-24
3277.717471,2.2109999999999998e-24
3277.757224,2.301e-24
3277.951292,2.1690000000000003e-25
3278.079018,2.051e-25
3278.143533,1.386e-25
3278.162429,1.41e-25
3278.252967,2.132e-24
3278.291246,2.216e-24
3278.306654,1.212e-24
3278.373591,1.302e-24
3278.624994,2.049e-25
3278.748132,1.95e-25
3278.77524,2.044e-24
3278.812092,2.12e-24
3279.005051,1.314e-24
3279.068766,1.406e-24
3279.290105,1.946e-24
3279.29231,1.923e-25
3279.325676,2.0159999999999998e-24
3279.411183,1.841e-25
3279.693309,1.411e-24
3279.754053,1.503e-24
3279.789888,1.842e-24
3279.824182,1.905e-24
3279.950713,1.793e-25
3280.065562,1.7260000000000002e-25
3280.284349,1.733e-24
3280.31753,1.79e-24
3280.371416,1.501e-24
3280.429423,1.5919999999999999e-24
3280.603514,1.661e-25
3280.714615,1.607e-25
3280.760897,1.62e-24
3280.792918,1.672e-24
3281.039362,1.581e-24
3281.094843,1.672e-24
3281.235379,1.506e-24
3281.246258,1.53e-25
3281.26644,1.552e-24
3281.353785,1.4860000000000002e-25
3281.687718,1.392e-24
3281.697135,1.652e-24
3281.717706,1.433e-24
3281.750284,1.741e-24
3281.818548,2.779e-25
3281.882945,3.201e-25
3281.884688,1.4010000000000002e-25
3281.988895,1.365e-25
3282.142907,1.278e-24
3282.172078,1.315e-24
3282.344721,1.71e-24
3282.395713,1.798e-24
3282.511257,1.275e-25
3282.569757,1.168e-24
3282.579601,3.348e-25
3282.597914,1.2e-24
3282.612251,1.247e-25
3282.654224,3.793e-25
3282.982106,1.757e-24
3283.006689,1.061e-24
3283.031097,1.842e-24
3283.03417,1.089e-24
3283.135567,1.154e-25
3283.233599,1.132e-25
3283.336432,3.965e-25
3283.406377,9.581e-25
3283.413703,4.432e-25
3283.432872,9.831e-25
3283.609274,1.79e-24
3283.656407,1.873e-24
3283.745245,1.039e-25
3283.826539,8.604e-25
3283.840356,1.021e-25
3283.852506,8.823e-25
3284.085805,4.62e-25
3284.162588,5.107e-25
3284.196881,7.688e-25
3284.221859,7.877000000000001e-25
3284.226205,1.81e-24
3284.271608,1.8899999999999998e-24
3284.602338,6.829e-25
3284.626948,6.992e-25
3284.826489,5.303000000000001e-25
3284.832881,1.816e-24
3284.876671,1.893e-24
3284.901399,5.808e-25
3284.940507,6.036e-25
3284.964091,6.177e-25
3285.334051,5.303000000000001e-25
3285.357446,5.424e-25
3285.429276,1.81e-24
3285.471558,1.883e-24
3285.557939,6.003e-25
3285.630373,6.524e-25
3285.636416,4.638000000000001e-25
3285.658711,4.741e-25
3286.015374,1.791e-24
3286.021742,4.032e-25
3286.044054,4.119e-25
3286.056244,1.86e-24
3286.27989,6.707e-25
3286.283682,3.4899999999999998e-25
3286.304776,3.563e-25
3286.349624,7.241000000000001e-25
3286.59114,1.759e-24
3286.630685,1.825e-24
3286.665589,3.001e-25
3286.686944,3.063e-25
3286.881273,2.571e-25
3286.901242,2.622e-25
3286.9922,7.403e-25
3287.0592,7.948e-25
3287.156562,1.717e-24
3287.194861,1.779e-24
3287.265905,2.188e-25
3287.286425,2.231e-25
3287.428047,1.855e-25
3287.446953,1.891e-25
3287.694791,8.078e-25
3287.71159,1.665e-24
3287.748717,1.723e-24
3287.759118,8.632000000000001e-25
3287.823149,1.5620000000000002e-25
3287.842956,1.591e-25
3287.922727,1.311e-25
3287.940623,1.335e-25
3288.256224,1.603e-24
3288.292249,1.657e-24
3288.337948,1.093e-25
3288.357162,1.112e-25
3288.387613,8.721e-25
3288.449378,9.279e-25
3288.790374,1.535e-24
3288.825376,1.585e-24
3289.070636,9.32e-25
3289.129969,9.879e-25
3289.314358,1.458e-24
3289.348125,1.506e-24
3289.743836,9.863e-25
3289.800874,1.042e-24
3289.827384,1.38e-24
3289.860371,1.423e-24
3290.19099,1.687e-25
3290.237537,1.904e-25
3290.33009,1.297e-24
3290.362196,1.3359999999999999e-24
3290.407193,1.034e-24
3290.462074,1.089e-24
3290.822139,1.212e-24
3290.853397,1.247e-24
3290.944874,2.047e-25
3291.003659,2.281e-25
3291.060691,1.0749999999999999e-24
3291.113547,1.129e-24
3291.303707,1.126e-24
3291.334157,1.157e-24
3291.69433,2.433e-25
3291.697597,1.004e-26
3291.704313,1.108e-24
3291.755269,1.161e-24
3291.758196,2.683e-25
3291.774465,1.039e-24
3291.804139,1.068e-24
3292.234757,9.544e-25
3292.263694,9.797e-25
3292.338043,1.132e-24
3292.387217,1.184e-24
3292.436704,2.839e-25
3292.502256,3.103e-25
3292.684039,8.714000000000001e-25
3292.712265,8.939e-25
3292.961865,1.148e-24
3293.009364,1.198e-24
3293.122929,7.912000000000001e-25
3293.150479,8.111e-25
3293.170864,3.259e-25
3293.236364,3.535e-25
3293.550532,7.145e-25
3293.575761,1.155e-24
3293.577426,7.319999999999999e-25
3293.621687,1.2039999999999999e-24
3293.896261,3.684e-25
3293.960787,3.972e-25
3293.967902,6.417e-25
3293.994175,6.571000000000001e-25
3294.179714,1.154e-24
3294.224159,1.2e-24
3294.373594,5.732e-25
3294.399257,5.866e-25
3294.508281,1.074e-26
3294.538988,1.041e-26
3294.612601,4.108e-25
3294.675665,4.405e-25
3294.76934,5.093e-25
3294.773702,1.144e-24
3294.794431,5.21e-25
3294.816753,1.188e-24
3295.140735,1.142e-26
3295.143345,1.116e-26
3295.152851,4.502e-25
3295.177374,4.602e-25
3295.319717,4.523e-25
3295.357708,1.127e-24
3295.381071,4.827e-25
3295.399444,1.169e-24
3295.526888,3.958e-25
3295.550891,4.044e-25
3295.839834,1.308e-26
3295.840734,1.336e-26
3295.887934,3.4620000000000003e-25
3295.91137,3.536e-25
3295.93171,1.102e-24
3295.972204,1.141e-24
3296.017508,4.921e-25
3296.077042,5.23e-25
3296.240229,3.012e-25
3296.263186,3.076e-25
3296.495686,1.07e-24
3296.535005,1.107e-24
3296.578372,2.608e-25
3296.600818,2.6610000000000003e-25
3296.705907,5.295000000000001e-25
3296.763592,5.607000000000001e-25
3296.908945,2.246e-25
3296.930942,2.291e-25
3297.049612,1.033e-24
3297.08782,1.067e-24
3297.222903,1.151e-26
3297.223762,1.925e-25
3297.245263,1.963e-25
3297.253658,1.114e-26
3297.384869,5.638000000000001e-25
3297.440724,5.951000000000001e-25
3297.52615,1.023e-25
3297.532688,1.6410000000000002e-25
3297.553778,1.673e-25
3297.593467,9.904e-25
3297.63062,1.022e-24
3297.82362,1.393e-25
3297.844225,1.419e-25
3298.054359,5.944000000000001e-25
3298.108432,6.256000000000001e-25
3298.111079,1.176e-25
3298.127224,9.437e-25
3298.131311,1.198e-25
3298.163377,9.732e-25
3298.245438,1.13e-25
3298.288023,1.2430000000000002e-25
3298.397189,1.006e-25
3298.650859,8.937e-25
3298.68606,9.207e-25
3298.714351,6.208e-25
3298.766704,6.517e-25
3298.989065,1.353e-25
3299.038664,1.475e-25
3299.164346,8.411000000000001e-25
3299.198641,8.658000000000001e-25
3299.364823,6.426e-25
3299.415526,6.73e-25
3299.455481,1.5e-26
3299.457494,1.464e-26
3299.667656,7.87e-25
3299.701089,8.094e-25
3299.725956,1.585e-25
3299.779072,1.716e-25
3299.829189,1.195e-26
3299.830573,1.086e-26
3299.834763,1.053e-26
3299.848082,1.702e-26
3299.84939,1.74e-26
3299.860411,1.154e-26
3300.005753,6.594000000000001e-25
3300.054881,6.892000000000001e-25
3300.160763,7.319e-25
3300.193373,7.522000000000001e-25
3300.455088,1.824e-25
3300.509757,1.963e-25
3300.637123,6.711e-25
3300.643637,6.768e-25
3300.675461,6.95e-25
3300.68475,7.001e-25
3301.116251,6.222e-25
3301.147324,6.386e-25
3301.175925,2.064e-25
3301.230995,2.21e-25
3301.248987,1.162e-26
3301.256703,1.125e-26
3301.258914,6.776e-25
3301.305112,7.056e-25
3301.578571,5.688e-25
3301.608924,5.834e-25
3301.871108,6.79e-25
3301.888166,2.301e-25
3301.915947,7.059e-25
3301.942942,2.452e-25
3302.030572,5.171e-25
3302.060235,5.3e-25
3302.335519,1.2e-26
3302.367653,1.155e-26
3302.472214,4.6750000000000005e-25
3302.473686,6.752e-25
3302.501215,4.789e-25
3302.517234,7.009e-25
3302.591628,2.531e-25
3302.645687,2.687e-25
3302.74066,1.211e-26
3302.752123,1.17e-26
3302.903477,4.204e-25
3302.931842,4.304e-25
3303.066629,6.667e-25
3303.10895,6.911000000000001e-25
3303.286192,2.749e-25
3303.32431,3.759e-25
3303.339279,2.908e-25
3303.352064,3.847e-25
3303.649919,6.536e-25
3303.672208,1.927e-26
3303.672393,1.872e-26
3303.691073,6.766e-25
3303.718506,2.1640000000000003e-26
3303.720263,2.2150000000000003e-26
3303.734703,3.344e-25
3303.76187,3.42e-25
3303.971779,2.952e-25
3304.023745,3.112e-25
3304.134591,2.9590000000000003e-25
3304.161191,3.024e-25
3304.223535,6.363e-25
3304.263578,6.58e-25
3304.307041,1.225e-26
3304.322459,1.181e-26
3304.52398,2.604e-25
3304.550034,2.6610000000000003e-25
3304.648334,3.1350000000000003e-25
3304.699098,3.2960000000000003e-25
3304.749679,1.161e-26
3304.783213,1.114e-26
3304.787456,6.154e-25
3304.826443,6.357e-25
3304.902779,2.28e-25
3304.928306,2.3290000000000003e-25
3305.271024,1.986e-25
3305.296042,2.027e-25
3305.315812,3.2950000000000003e-25
3305.341663,5.913e-25
3305.365337,3.4560000000000003e-25
3305.379643,6.101e-25
3305.628586,1.7210000000000002e-25
3305.653111,1.756e-25
3305.886133,5.645000000000001e-25
3305.923153,5.819e-25
3305.946292,1.2e-26
3305.965871,1.153e-26
3305.97418,3.431e-25
3305.975544,1.4840000000000002e-25
3305.999593,1.514e-25
3306.022459,3.591e-25
3306.311711,1.273e-25
3306.335297,1.298e-25
3306.420843,5.355e-25
3306.456947,5.515e-25
3306.62341,3.54e-25
3306.637237,1.087e-25
3306.660376,1.108e-25
3306.670455,3.697e-25
3306.945773,5.049e-25
3306.981002,5.195e-25
3307.038187,1.042e-26
3307.053693,1.058e-26
3307.078846,1.079e-26
3307.114332,1.032e-26
3307.263477,3.62e-25
3307.30931,3.773e-25
3307.41244,1.06e-25
3307.447605,2.687e-26
3307.449852,2.7530000000000005e-26
3307.457042,1.127e-25
3307.460897,4.731e-25
3307.49529,4.864e-25
3307.65323,1.134e-26
3307.677194,1.086e-26
3307.781431,2.256e-26
3307.792157,2.419e-26
3307.894357,3.67e-25
3307.939012,3.819e-25
3307.966192,4.407e-25
3307.999786,4.528e-25
3308.122493,1.183e-25
3308.167876,1.254e-25
3308.313923,1.0380000000000002e-26
3308.365164,1.002e-26
3308.461633,4.081e-25
3308.494462,4.19e-25
3308.516034,3.692e-25
3308.559543,3.836e-25
3308.824257,1.302e-25
3308.869859,1.375e-25
3308.947195,3.757e-25
3308.979291,3.855e-25
3309.128479,3.685e-25
3309.165589,1.248e-26
3309.170886,3.823e-25
3309.192966,1.205e-26
3309.419556,1.029e-26
3309.422853,3.4390000000000004e-25
3309.454245,3.526e-25
3309.517606,1.413e-25
3309.563051,1.488e-25
3309.731677,3.6499999999999998e-25
3309.77302,3.782e-25
3309.88858,3.13e-25
3309.919297,3.208e-25
3310.20245,1.516e-25
3310.247487,1.592e-25
3310.325607,3.589e-25
3310.344349,2.834e-25
3310.365927,3.714e-25
3310.374418,2.902e-25
3310.790133,2.551e-25
3310.819578,2.611e-25
3310.878724,1.607e-25
3310.91025,3.505e-25
3310.923184,1.684e-25
3310.949587,3.622e-25
3311.031764,3.2560000000000004e-26
3311.03454,3.3390000000000004e-26
3311.146986,1.4570000000000002e-26
3311.181166,1.217e-26
3311.225903,2.284e-25
3311.254748,2.3360000000000003e-25
3311.485584,3.398e-25
3311.523976,3.508e-25
3311.54638,1.686e-25
3311.590152,1.762e-25
3311.651632,2.033e-25
3311.679899,2.079e-25
3311.799619,2.1080000000000003e-26
3311.816462,2.9640000000000003e-26
3311.984308,1.079e-26
3312.032804,1.037e-26
3312.051589,3.273e-25
3312.06729,1.8010000000000002e-25
3312.089075,3.376e-25
3312.095,1.841e-25
3312.205377,1.751e-25
3312.248389,1.827e-25
3312.472847,1.587e-25
3312.50002,1.621e-25
3312.608245,3.1310000000000003e-25
3312.64486,3.227e-25
3312.855681,1.8010000000000002e-25
3312.868273,1.391e-25
3312.894927,1.4199999999999999e-25
3312.89789,1.876e-25
3312.997911,1.6600000000000002e-26
3313.002345,1.6870000000000002e-26
3313.155529,2.9770000000000003e-25
3313.191309,3.065e-25
3313.253539,1.213e-25
3313.279692,1.237e-25
3313.497264,1.837e-25
3313.538647,1.91e-25
3313.628612,1.052e-25
3313.65428,1.073e-25
3313.69342,2.8120000000000003e-25
3313.728398,2.893e-25
3314.1301,1.857e-25
3314.170649,1.927e-25
3314.221896,2.64e-25
3314.256104,2.713e-25
3314.4674,3.8450000000000006e-26
3314.47074,3.949e-26
3314.734985,1.844e-26
3314.740935,2.463e-25
3314.741935,1.8910000000000003e-26
3314.754165,1.861e-25
3314.774402,2.53e-25
3314.79388,1.93e-25
3315.250512,2.285e-25
3315.283268,2.345e-25
3315.369437,1.851e-25
3315.408326,1.917e-25
3315.444579,1.0710000000000002e-26
3315.490888,1.026e-26
3315.74606,3.5450000000000003e-26
3315.750605,2.107e-25
3315.759328,3.429e-26
3315.782677,2.1610000000000003e-25
3315.975892,1.827e-25
3316.013969,1.889e-25
3316.24119,1.932e-25
3316.272603,1.98e-25
3316.375254,1.9980000000000003e-26
3316.382675,2.055e-26
3316.57351,1.79e-25
3316.610792,1.849e-25
3316.722241,1.761e-25
3316.75302,1.803e-25
3317.162269,1.741e-25
3317.193734,1.596e-25
3317.198775,1.797e-25
3317.223903,1.633e-25
3317.655644,1.438e-25
3317.685224,1.471e-25
3317.742148,1.682e-25
3317.751189,4.4220000000000005e-26
3317.755119,4.5480000000000006e-26
3317.777899,1.734e-25
3317.935577,2.109e-26
3317.942633,2.175e-26
3318.107944,1.289e-25
3318.136956,1.318e-25
3318.313126,1.614e-25
3318.348143,1.662e-25
3318.550608,1.149e-25
3318.579073,1.175e-25
3318.704746,1.013e-26
3318.875181,1.538e-25
3318.909487,1.582e-25
3318.983609,1.019e-25
3319.011545,1.041e-25
3319.428292,1.456e-25
3319.432143,2.1690000000000003e-26
3319.43828,2.241e-26
3319.461908,1.497e-25
3319.581593,4.1340000000000005e-26
3319.592349,4.014e-26
3319.972437,1.37e-25
3320.005385,1.407e-25
3320.507593,1.281e-25
3320.539894,1.315e-25
3320.880106,2.1690000000000003e-26
3320.88037,4.946e-26
3320.884874,2.2470000000000003e-26
3320.884899,5.0940000000000006e-26
3321.033738,1.19e-25
3321.065413,1.221e-25
3321.550849,1.1e-25
3321.581919,1.127e-25
3322.058902,1.01e-25
3322.089387,1.035e-25
3322.293357,2.1080000000000003e-26
3322.296348,2.189e-26
3323.323311,4.696e-26
3323.333199,4.559e-26
3323.684412,1.985e-26
3323.68523,2.067e-26
3323.853151,5.374e-26
3323.858266,5.544e-26
3325.06262,1.888e-26
3325.06438,1.806e-26
3326.43823,1.6620000000000002e-26
3326.443005,1.583e-26
3326.669184,5.661e-26
3326.674838,5.852e-26
3326.970987,5.194000000000001e-26
3326.980412,5.0350000000000007e-26
3327.820454,1.402e-26
3327.828744,1.33e-26
3328.756534,1.209e-26
3328.777434,1.181e-26
3329.21646,1.1270000000000002e-26
3329.228873,1.062e-26
3329.330076,5.773e-26
3329.336181,5.981000000000001e-26
3330.523858,5.585e-26
3330.53291,5.406e-26
3331.839867,5.69e-26
3331.846281,5.91e-26
3332.572841,1.468e-26
3332.592251,1.432e-26
3333.051075,1.01e-26
3333.517793,1.04e-26
3333.980604,5.833000000000001e-26
3333.989239,5.635e-26
3334.205358,5.407e-26
3334.211883,5.633e-26
3334.295509,1.057e-26
3334.340621,1.018e-26
3334.670409,1.07e-26
3334.715089,1.032e-26
3335.535469,1.069e-26
3335.576343,1.032e-26
3335.785642,1.065e-26
3335.82698,1.03e-26
3336.28296,1.744e-26
3336.300718,1.6990000000000002e-26
3336.436218,4.9430000000000006e-26
3336.442594,5.1680000000000005e-26
3336.78011,1.045e-26
3336.817088,1.012e-26
3336.862299,1.027e-26
3337.339366,5.909e-26
3337.347461,5.695e-26
3338.544779,4.3340000000000005e-26
3338.550684,4.549e-26
3339.886168,2.023e-26
3339.902112,1.9690000000000003e-26
3340.545539,3.628e-26
3340.550591,3.828e-26
3340.597813,5.795000000000001e-26
3340.605193,5.57e-26
3342.260899,1.101e-26
3342.309405,1.046e-26
3342.454413,2.8850000000000004e-26
3342.45817,3.062e-26
3342.473307,1.004e-26
3343.382166,2.2930000000000003e-26
3343.38954,1.27e-26
3343.396135,2.228e-26
3343.434012,1.212e-26
3343.753244,5.49e-26
3343.759689,5.26e-26
3344.035964,1.186e-26
3344.074312,1.129e-26
3344.287877,2.161e-26
3344.289826,2.312e-26
3344.439983,1.4e-26
3344.481402,1.341e-26
3345.405858,1.481e-26
3345.445005,1.425e-26
3345.646414,1.337e-26
3345.678886,1.278e-26
3346.061647,1.627e-26
3346.062117,1.505e-26
3346.280176,1.5110000000000002e-26
3346.317698,1.4570000000000002e-26
3346.771058,2.5350000000000003e-26
3346.782885,2.4590000000000003e-26
3346.802716,5.01e-26
3346.807969,4.7820000000000006e-26
3347.055348,1.4890000000000002e-26
3347.091806,1.44e-26
3347.315465,1.4450000000000002e-26
3347.342619,1.387e-26
3347.72321,1.4210000000000002e-26
3347.759104,1.3770000000000002e-26
3347.788632,1.048e-26
3348.275046,1.315e-26
3348.310837,1.2770000000000002e-26
3348.701624,1.181e-26
3348.737752,1.1490000000000002e-26
3348.993245,1.031e-26
3349.03013,1.004e-26
3349.051295,1.505e-26
3349.073555,1.449e-26
3349.463675,1.055e-26
3349.52793,1.025e-26
3349.743184,4.388e-26
3349.746951,4.17e-26
3350.05331,2.731e-26
3350.062821,2.645e-26
3350.394043,1.2e-26
3350.454541,1.163e-26
3350.85893,1.5180000000000002e-26
3350.876651,1.4650000000000002e-26
3351.09034,1.314e-26
3351.147548,1.27e-26
3351.388143,1.065e-26
3351.43835,1.006e-26
3351.561311,1.383e-26
3351.615749,1.3330000000000002e-26
3351.71973,1.23e-26
3351.769726,1.17e-26
3351.816484,1.395e-26
3351.865884,1.3430000000000002e-26
3351.868736,1.339e-26
3351.916617,1.284e-26
3352.571634,3.669e-26
3352.573577,3.467e-26
3352.740023,1.485e-26
3352.753524,1.437e-26
3353.229704,2.863e-26
3353.236711,2.767e-26
3354.692919,1.4130000000000002e-26
3354.702507,1.37e-26
3355.284921,2.7300000000000003e-26
3355.285204,2.9090000000000005e-26
3356.301284,2.916e-26
3356.30558,2.811e-26
3356.712943,1.312e-26
3356.718922,1.274e-26
3357.051186,1.224e-26
3357.071476,1.15e-26
3357.878263,2.0130000000000003e-26
3357.881273,2.1640000000000003e-26
3358.792812,1.189e-26
3358.795489,1.156e-26
3359.023104,1.5600000000000002e-26
3359.038321,1.475e-26
3359.269297,2.879e-26
3359.270645,2.7680000000000004e-26
3360.35112,1.368e-26
3360.357531,1.488e-26
3360.922767,1.027e-26
3360.923079,1.054e-26
3361.006343,1.8910000000000003e-26
3361.017375,1.798e-26
3361.06243,1.1880000000000002e-26
3361.06328,1.219e-26
3362.133259,2.635e-26
3362.135141,2.7490000000000004e-26
3362.993531,2.1960000000000003e-26
3363.001065,2.097e-26
3364.084278,1.4160000000000002e-26
3364.088524,1.454e-26
3364.894851,2.416e-26
3364.900307,2.53e-26
3364.976064,2.4540000000000003e-26
3364.980665,2.353e-26
3365.261368,1.044e-26
3366.859922,1.6740000000000003e-26
3366.867272,1.539e-26
3366.944015,2.6520000000000003e-26
3366.946179,2.551e-26
3367.002744,1.6480000000000002e-26
3367.010472,1.695e-26
3367.55687,2.1250000000000003e-26
3367.566338,2.2350000000000003e-26
3368.411629,2.446e-26
3368.416061,2.2760000000000003e-26
3368.88607,2.7770000000000005e-26
3368.886255,2.678e-26
3369.635956,1.0490000000000002e-26
3369.695279,1.087e-26
3369.820563,1.871e-26
3369.831857,1.928e-26
3369.901301,3.323e-26
3369.903617,3.1190000000000005e-26
3370.120726,1.7820000000000002e-26
3370.134785,1.885e-26
3370.543879,1.186e-26
3370.600239,1.233e-26
3370.685159,1.186e-26
3370.722962,1.218e-26
3370.78815,2.7300000000000003e-26
3370.789493,2.824e-26
3371.312645,4.2510000000000005e-26
3371.313474,4.018e-26
3371.586596,1.278e-26
3371.640489,1.3330000000000002e-26
3372.505331,1.439e-26
3372.540928,2.0690000000000003e-26
3372.542357,1.48e-26
3372.555874,2.1350000000000003e-26
3372.587735,1.4130000000000002e-26
3372.607181,1.5060000000000002e-26
3372.628916,4.9090000000000006e-26
3372.629058,5.165e-26
3372.637752,2.707e-26
3372.64015,2.794e-26
3372.753487,1.3040000000000002e-26
3372.805538,1.366e-26
3373.833817,5.721e-26
3373.8345,5.992e-26
3374.03134,1.2550000000000002e-26
3374.082325,1.322e-26
3374.116756,1.129e-26
3374.12262,1.106e-26
3374.395795,1.6860000000000003e-26
3374.419697,2.6130000000000003e-26
3374.422607,2.6910000000000003e-26
3374.43231,1.7380000000000002e-26
3374.9135,6.388e-26
3374.914369,6.666000000000001e-26
3374.959043,1.048e-26
3374.985027,1.1270000000000002e-26
3375.129096,1.509e-26
3375.134596,1.478e-26
3375.167488,2.2250000000000003e-26
3375.186187,2.3010000000000003e-26
3375.405148,1.13e-26
3375.456038,1.1990000000000002e-26
3375.855475,6.858e-26
3375.856245,7.133000000000001e-26
3375.929219,1.2820000000000002e-26
3375.938464,1.2540000000000002e-26
3376.006515,1.9740000000000003e-26
3376.011612,1.931e-26
3376.117598,2.4570000000000003e-26
3376.12029,2.524e-26
3376.341524,1.9080000000000003e-26
3376.377942,1.971e-26
3376.649944,7.096000000000001e-26
3376.650399,7.361e-26
3376.745943,2.5250000000000003e-26
3376.750595,2.468e-26
3376.911054,1.01e-26
3377.098073,1.6910000000000003e-26
3377.107037,1.6520000000000003e-26
3377.289983,7.339e-26
3377.289995,7.093000000000001e-26
3377.34406,3.157e-26
3377.348225,3.083e-26
3377.704312,2.321e-26
3377.714407,2.2520000000000003e-26
3377.715486,2.3030000000000003e-26
3377.726892,2.407e-26
3377.770929,7.085000000000001e-26
3377.771506,6.861e-26
3377.797348,3.854e-26
3377.800983,3.76e-26
3378.091606,6.633000000000001e-26
3378.092802,6.435e-26
3378.102178,4.5920000000000005e-26
3378.105242,4.4740000000000006e-26
3378.165668,2.18e-26
3378.173827,2.124e-26
3378.252353,6.031000000000001e-26
3378.254184,5.860000000000001e-26
3378.254956,5.332000000000001e-26
3378.257416,5.19e-26
3378.328363,2.083e-26
3378.365164,2.156e-26
3379.133072,2.7480000000000005e-26
3379.138606,2.657e-26
3379.186194,2.001e-26
3379.192902,2.014e-26
3379.737675,1.3600000000000002e-26
3379.740687,1.4910000000000003e-26
3379.965776,1.744e-26
3380.001222,3.3840000000000003e-26
3380.065353,1.5180000000000002e-26
3380.155808,2.345e-26
3380.182443,2.438e-26
3380.343276,2.1910000000000003e-26
3380.38099,2.2740000000000003e-26
3380.490622,1.04e-26
3380.536299,1.756e-26
3380.622164,2.228e-26
3380.622731,2.061e-26
3380.770832,4.067e-26
3380.79664,3.867e-26
3381.377516,3.068e-26
3381.381011,2.867e-26
3381.426371,1.011e-26
3381.442301,4.77e-26
3381.457907,1.036e-26
3381.460608,4.628e-26
3381.728913,1.493e-26
3381.740882,1.5080000000000003e-26
3382.008285,3.9580000000000005e-26
3382.01423,3.7280000000000006e-26
3382.015619,5.455000000000001e-26
3382.032195,5.297000000000001e-26
3382.050962,1.152e-26
3382.077932,1.1820000000000002e-26
3382.374476,2.216e-26
3382.413696,2.307e-26
3382.490297,6.076e-26
3382.506086,5.895e-26
3382.516436,4.8360000000000005e-26
3382.524446,4.584e-26
3382.526603,2.2860000000000003e-26
3382.557545,2.3840000000000003e-26
3382.756824,1.2380000000000002e-26
3382.764969,1.261e-26
3382.865311,6.588000000000001e-26
3382.880558,6.382e-26
3382.904322,5.638e-26
3382.914069,5.37e-26
3383.139095,6.946e-26
3383.153818,6.717e-26
3383.174621,6.305e-26
3383.185817,6.029000000000001e-26
3383.309571,7.112e-26
3383.323682,6.862000000000001e-26
3383.330248,6.789000000000001e-26
3383.342634,6.516e-26
3383.37423,7.062e-26
3383.387577,6.798e-26
3383.608431,1.002e-26
3383.614388,1.0210000000000002e-26
3383.790894,1.239e-26
3383.823452,1.272e-26
3384.411466,2.15e-26
3384.452869,2.2470000000000003e-26
3384.564403,1.3840000000000002e-26
3384.593678,1.4210000000000002e-26
3384.821401,2.1420000000000003e-26
3384.857022,2.243e-26
3386.146744,1.478e-26
3386.180603,1.519e-26
3386.445006,1.994e-26
3386.489394,2.093e-26
3387.029398,1.62e-26
3387.044831,1.922e-26
3387.061047,1.666e-26
3387.085677,2.022e-26
3388.46703,1.7600000000000002e-26
3388.488176,1.715e-26
3388.515403,1.856e-26
3388.523629,1.766e-26
3389.201286,1.639e-26
3389.248174,1.734e-26
3389.448186,1.845e-26
3389.482328,1.901e-26
3390.470537,1.4670000000000002e-26
3390.524198,1.5570000000000002e-26
3390.810242,1.934e-26
3390.847608,1.995e-26
3391.294779,1.317e-26
3391.348941,1.403e-26
3391.822514,2.045e-26
3391.859327,2.11e-26
3392.449434,1.144e-26
3392.510186,1.224e-26
3393.108701,2.117e-26
3393.148335,2.188e-26
3393.392132,1.059e-26
3394.153683,2.199e-26
3394.193413,2.2740000000000003e-26
3395.379933,2.245e-26
3395.422241,2.3250000000000003e-26
3396.442594,2.2910000000000003e-26
3396.485576,2.375e-26
3397.620851,2.304e-26
3397.666314,2.392e-26
3398.050105,1.083e-26
3398.072913,1.17e-26
3398.689806,2.307e-26
3398.736483,2.3980000000000003e-26
3399.092648,1.5e-26
3399.109299,1.605e-26
3399.614672,1.022e-26
3399.828826,2.28e-26
3399.878033,2.375e-26
3400.036772,1.938e-26
3400.048264,2.0570000000000003e-26
3400.795718,1.102e-26
3400.834186,1.131e-26
3400.880885,2.3640000000000003e-26
3400.887916,2.4930000000000003e-26
3400.895581,2.238e-26
3400.946538,2.3350000000000003e-26
3401.032857,1.059e-26
3401.234752,1.105e-26
3401.262365,1.081e-26
3401.623224,2.746e-26
3401.626308,2.8810000000000003e-26
3401.948318,1.378e-26
3401.97452,1.347e-26
3402.001617,2.17e-26
3402.045637,1.208e-26
3402.055305,2.268e-26
3402.085342,1.24e-26
3402.261444,3.194e-26
3402.261921,3.0560000000000004e-26
3402.548373,1.681e-26
3402.57301,1.641e-26
3402.79132,3.41e-26
3402.795051,3.274e-26
3402.854353,1.209e-26
3402.899169,1.287e-26
3403.033692,2.007e-26
3403.056612,1.9570000000000003e-26
3403.059927,2.085e-26
3403.115947,2.184e-26
3403.213954,3.5190000000000005e-26
3403.22069,3.389e-26
3403.255656,1.317e-26
3403.296264,1.353e-26
3403.403541,2.343e-26
3403.424595,2.2810000000000003e-26
3403.527443,3.5200000000000004e-26
3403.536975,3.3980000000000004e-26
3403.65767,2.672e-26
3403.676715,2.5980000000000003e-26
3403.730012,3.419e-26
3403.742157,3.308e-26
3403.796301,2.975e-26
3403.813193,2.889e-26
3403.820075,3.2310000000000005e-26
3403.83467,3.132e-26
3404.137293,1.978e-26
3404.196418,2.0760000000000003e-26
3404.483022,1.425e-26
3404.52492,1.4650000000000002e-26
3404.799276,1.373e-26
3404.844379,1.4500000000000002e-26
3405.182636,1.855e-26
3405.244778,1.9520000000000003e-26
3405.681363,1.534e-26
3405.724349,1.578e-26
3406.234167,1.7160000000000002e-26
3406.300008,1.811e-26
3406.837623,1.4570000000000002e-26
3406.883912,1.53e-26
3406.887582,1.6380000000000002e-26
3406.931951,1.6860000000000003e-26
3407.263298,1.566e-26
3407.333028,1.6570000000000002e-26
3408.07204,1.7380000000000002e-26
3408.117691,1.7910000000000003e-26
3408.290711,1.4060000000000002e-26
3408.365042,1.493e-26
3408.984195,1.4550000000000002e-26
3409.032396,1.5210000000000002e-26
3409.257968,1.83e-26
3409.301282,1.242e-26
3409.305136,1.888e-26
3409.380705,1.324e-26
3410.305439,1.075e-26
3410.390837,1.152e-26
3410.426861,1.914e-26
3410.475523,1.976e-26
3411.252021,1.376e-26
3411.302725,1.4330000000000002e-26
3411.592952,1.987e-26
3411.643313,2.053e-26
3412.744983,2.046e-26
3412.797084,2.117e-26
3413.651564,1.2380000000000002e-26
3413.705243,1.285e-26
3413.891408,2.09e-26
3413.945442,2.165e-26
3415.025565,2.1180000000000003e-26
3415.081632,2.1960000000000003e-26
3416.152292,2.127e-26
3416.160705,1.018e-26
3416.190148,1.064e-26
3416.210595,2.209e-26
3416.214474,1.0990000000000002e-26
3416.247167,1.101e-26
3416.923223,1.1990000000000002e-26
3416.974697,1.2880000000000002e-26
3417.267765,2.1180000000000003e-26
3417.328461,2.2030000000000003e-26
3417.518225,1.4e-26
3417.564737,1.497e-26
3418.31314,1.5790000000000002e-26
3418.358923,1.681e-26
3418.374625,2.089e-26
3418.437942,2.1760000000000003e-26
3418.820779,1.7870000000000002e-26
3418.861389,1.895e-26
3419.470747,2.04e-26
3419.536919,2.128e-26
3419.676607,1.94e-26
3419.718054,2.051e-26
3419.914723,1.005e-26
3420.065058,2.145e-26
3420.100661,2.2620000000000003e-26
3420.557483,1.971e-26
3420.626793,2.061e-26
3421.019375,2.248e-26
3421.057507,2.363e-26
3421.11135,1.072e-26
3421.159494,1.1e-26
3421.24713,2.446e-26
3421.278326,2.565e-26
3421.63367,1.884e-26
3421.706425,1.973e-26
3422.345079,1.165e-26
3422.348151,2.4760000000000003e-26
3422.362535,2.6650000000000005e-26
3422.383779,2.591e-26
3422.389722,2.784e-26
3422.394531,1.197e-26
3422.699944,1.7790000000000002e-26
3422.776519,1.868e-26
3423.406393,2.791e-26
3423.429831,2.9050000000000004e-26
3423.570574,1.259e-26
3423.621443,1.2940000000000002e-26
3423.670729,2.6030000000000003e-26
3423.70453,2.7140000000000005e-26
3423.755671,1.659e-26
3423.836492,1.746e-26
3424.37354,2.819e-26
3424.393393,2.926e-26
3424.78642,1.351e-26
3424.801088,1.5260000000000002e-26
3424.838761,1.3890000000000002e-26
3424.886665,1.6110000000000002e-26
3424.996097,2.625e-26
3425.028658,2.728e-26
3425.258678,2.756e-26
3425.275046,2.853e-26
3425.835829,1.3820000000000002e-26
3425.926764,1.464e-26
3425.993557,1.439e-26
3426.047491,1.4820000000000002e-26
3426.056537,2.6130000000000003e-26
3426.06948,2.6990000000000005e-26
3426.334513,2.544e-26
3426.366361,2.6360000000000005e-26
3426.762026,2.4080000000000003e-26
3426.77158,2.483e-26
3426.859911,1.2320000000000002e-26
3426.956935,1.309e-26
3427.191043,1.5230000000000002e-26
3427.246639,1.5690000000000003e-26
3427.370364,2.161e-26
3427.376557,2.224e-26
3427.697531,2.3740000000000003e-26
3427.729155,2.4540000000000003e-26
3427.873079,1.078e-26
3427.877175,1.8910000000000003e-26
3427.880034,1.943e-26
3427.977078,1.15e-26
3428.278097,1.658e-26
3428.278536,1.615e-26
3428.379462,1.6e-26
3428.436869,1.651e-26
3428.567306,1.383e-26
3428.570998,1.349e-26
3428.744665,1.128e-26
3428.751551,1.102e-26
3429.09797,2.1370000000000003e-26
3429.129827,2.204e-26
3429.558131,1.6690000000000003e-26
3429.617398,1.722e-26
3430.549774,1.856e-26
3430.582289,1.911e-26
3430.727483,1.7280000000000002e-26
3430.788856,1.7860000000000003e-26
3431.887457,1.7550000000000002e-26
3431.950682,1.8350000000000003e-26
3432.067772,1.558e-26
3432.101317,1.6010000000000002e-26
3433.036842,1.8080000000000003e-26
3433.102789,1.873e-26
3433.667291,1.263e-26
3433.702092,1.2960000000000002e-26
3434.176795,1.826e-26
3434.18059,1.014e-26
3434.245295,1.894e-26
3434.804215,1.126e-26
3434.872708,1.209e-26
3435.306786,1.829e-26
3435.378061,1.899e-26
3435.399229,1.012e-26
3435.488923,1.319e-26
3435.553266,1.409e-26
3436.165107,1.514e-26
3436.225813,1.6110000000000002e-26
3436.426743,1.814e-26
3436.501026,1.887e-26
3436.827675,1.707e-26
3436.885051,1.81e-26
3437.484456,1.894e-26
3437.536569,1.783e-26
3437.538937,2.001e-26
3437.614133,1.8570000000000003e-26
3438.124385,2.071e-26
3438.176107,2.183e-26
3438.636167,1.734e-26
3438.71732,1.81e-26
3438.763427,2.234e-26
3438.812827,2.348e-26
3439.379607,2.3810000000000003e-26
3439.426641,2.497e-26
3439.725446,1.6690000000000003e-26
3439.810542,1.7450000000000002e-26
3440.003309,2.505e-26
3440.048489,2.6210000000000005e-26
3440.59377,2.611e-26
3440.636842,2.727e-26
3440.804304,1.5870000000000002e-26
3440.893754,1.663e-26
3441.205574,2.687e-26
3441.247207,2.801e-26
3441.767158,2.746e-26
3441.806822,2.858e-26
3441.872642,1.4910000000000003e-26
3441.966923,1.566e-26
3442.371947,2.77e-26
3442.410568,2.879e-26
3442.899881,2.7820000000000005e-26
3442.93035,1.3820000000000002e-26
3442.936563,2.888e-26
3443.030024,1.456e-26
3443.214097,1.045e-26
3443.273657,1.075e-26
3443.504461,2.7540000000000004e-26
3443.54051,2.854e-26
3443.977312,1.262e-26
3443.99183,2.723e-26
3444.025859,2.819e-26
3444.083042,1.334e-26
3444.439535,1.12e-26
3444.500879,1.152e-26
3444.605522,2.6470000000000003e-26
3444.639371,2.737e-26
3445.013397,1.135e-26
3445.04263,2.5810000000000003e-26
3445.074256,2.6660000000000004e-26
3445.125979,1.203e-26
3445.655209,1.191e-26
3445.677985,2.465e-26
3445.709954,2.543e-26
3445.718449,1.226e-26
3446.038455,1.002e-26
3446.05158,2.3740000000000003e-26
3446.080992,2.4470000000000003e-26
3446.158854,1.065e-26
3446.725226,2.227e-26
3446.755602,2.2930000000000003e-26
3446.861053,1.257e-26
3446.926311,1.2960000000000002e-26
3447.0176,2.122e-26
3447.044931,2.184e-26
3447.751226,1.954e-26
3447.780274,2.01e-26
3447.939166,1.8470000000000003e-26
3447.964503,1.898e-26
3448.056992,1.3180000000000002e-26
3448.124404,1.3600000000000002e-26
3448.760664,1.668e-26
3448.788633,1.7130000000000003e-26
3448.814256,1.566e-26
3448.837646,1.607e-26
3449.242957,1.3720000000000002e-26
3449.312673,1.4160000000000002e-26
3449.640304,1.295e-26
3449.661756,1.327e-26
3449.759007,1.386e-26
3449.786139,1.4210000000000002e-26
3450.41416,1.046e-26
3450.418877,1.4160000000000002e-26
3450.433651,1.0710000000000002e-26
3450.491061,1.464e-26
3450.752604,1.1210000000000002e-26
3450.77914,1.148e-26
3451.584679,1.451e-26
3451.659517,1.5010000000000002e-26
3452.740292,1.4740000000000002e-26
3452.81799,1.527e-26
3453.468958,1.033e-26
3453.885644,1.485e-26
3453.966432,1.54e-26
3454.069697,1.1430000000000002e-26
3454.148938,1.219e-26
3454.743692,1.324e-26
3454.818601,1.4080000000000003e-26
3455.02066,1.4820000000000002e-26
3455.104798,1.539e-26
3455.406929,1.5060000000000002e-26
3455.477944,1.595e-26
3456.059542,1.683e-26
3456.127038,1.778e-26
3456.145265,1.4650000000000002e-26
3456.233048,1.524e-26
3456.701552,1.8520000000000003e-26
3456.765852,1.951e-26
3457.259383,1.434e-26
3457.333157,2.009e-26
3457.351145,1.495e-26
3457.394545,2.111e-26
3457.954274,2.1520000000000003e-26
3458.012994,2.255e-26
3458.362932,1.3890000000000002e-26
3458.459057,1.4500000000000002e-26
3458.565251,2.2760000000000003e-26
3458.621524,2.3810000000000003e-26
3459.16579,2.3810000000000003e-26
3459.219803,2.4860000000000003e-26
3459.455829,1.33e-26
3459.556759,1.3910000000000003e-26
3459.756545,2.4640000000000003e-26
3459.80847,2.568e-26
3460.336805,2.5250000000000003e-26
3460.386794,2.6270000000000004e-26
3460.537983,1.258e-26
3460.64423,1.319e-26
3460.907807,2.5620000000000003e-26
3460.956005,2.662e-26
3461.468041,2.5760000000000003e-26
3461.514553,2.673e-26
3461.609298,1.175e-26
3461.721462,1.235e-26
3462.019832,2.568e-26
3462.064792,2.6610000000000004e-26
3462.560243,2.538e-26
3462.60372,2.6270000000000004e-26
3462.669667,1.081e-26
3462.788454,1.139e-26
3463.093485,2.488e-26
3463.135611,2.573e-26
3463.614177,2.421e-26
3463.654983,2.5010000000000003e-26
3463.845221,1.035e-26
3464.129702,2.3370000000000003e-26
3464.169328,2.411e-26
3464.630627,2.24e-26
3464.669061,2.309e-26
3465.129501,2.131e-26
3465.166909,2.195e-26
3465.610386,2.014e-26
3465.6467,2.073e-26
3466.094,1.889e-26
3466.129432,1.9420000000000003e-26
3466.554246,1.7620000000000002e-26
3466.58865,1.81e-26
3467.024437,1.63e-26
3467.058098,1.6740000000000003e-26
3467.462982,1.5010000000000002e-26
3467.495654,1.54e-26
3467.922184,1.371e-26
3467.954258,1.4060000000000002e-26
3468.261749,1.009e-26
3468.337334,1.247e-26
3468.337982,1.045e-26
3468.368426,1.278e-26
3468.78878,1.125e-26
3468.819428,1.152e-26
3469.177989,1.011e-26
3469.207625,1.035e-26
3469.453577,1.052e-26
3469.532729,1.089e-26
3470.635364,1.087e-26
3470.717576,1.126e-26
3471.806963,1.113e-26
3471.892415,1.154e-26
3472.968248,1.13e-26
3473.057159,1.173e-26
3473.937106,1.074e-26
3474.02446,1.14e-26
3474.119108,1.136e-26
3474.211733,1.181e-26
3474.598947,1.233e-26
3474.681942,1.305e-26
3475.249904,1.39e-26
3475.259441,1.1320000000000002e-26
3475.328938,1.4670000000000002e-26
3475.356077,1.1770000000000002e-26
3475.890048,1.541e-26
3475.965471,1.622e-26
3476.389148,1.116e-26
3476.490139,1.163e-26
3476.51945,1.683e-26
3476.591568,1.7670000000000002e-26
3477.138178,1.812e-26
3477.207261,1.898e-26
3477.508137,1.089e-26
3477.613878,1.136e-26
3477.746301,1.926e-26
3477.812589,2.014e-26
3478.343889,2.024e-26
3478.407592,2.1130000000000003e-26
3478.616311,1.05e-26
3478.72726,1.098e-26
3478.93101,2.1030000000000003e-26
3478.992319,2.1910000000000003e-26
3479.507737,2.163e-26
3479.566821,2.25e-26
3479.713574,1.001e-26
3479.830261,1.048e-26
3480.074136,2.2030000000000003e-26
3480.13115,2.288e-26
3480.630297,2.222e-26
3480.685372,2.305e-26
3481.176259,2.222e-26
3481.229529,2.302e-26
3481.712554,2.1810000000000003e-26
3481.763779,2.2790000000000003e-26
3482.237981,2.166e-26
3482.287963,2.239e-26
3482.753778,2.112e-26
3482.802207,2.18e-26
3483.259934,2.045e-26
3483.307007,2.11e-26
3483.756079,1.965e-26
3483.8018,2.0250000000000003e-26
3484.242784,1.875e-26
3484.287264,1.931e-26
3484.719579,1.776e-26
3484.762853,1.827e-26
3485.187229,1.671e-26
3485.229388,1.7180000000000002e-26
3485.644994,1.561e-26
3485.686066,1.6040000000000002e-26
3486.094007,1.449e-26
3486.134075,1.488e-26
3486.533058,1.337e-26
3486.572141,1.371e-26
3486.963893,1.225e-26
3487.002071,1.256e-26
3487.384535,1.116e-26
3487.421813,1.1430000000000002e-26
3487.797705,1.01e-26
3487.834167,1.035e-26
3495.010397,1.075e-26
3495.099434,1.134e-26
3495.648148,1.203e-26
3495.733269,1.265e-26
3496.274903,1.3230000000000002e-26
3496.356423,1.388e-26
3496.890714,1.434e-26
3496.968913,1.5010000000000002e-26
3497.495633,1.5330000000000002e-26
3497.570762,1.602e-26
3498.089711,1.619e-26
3498.161995,1.6890000000000002e-26
3498.673002,1.69e-26
3498.74264,1.7600000000000002e-26
3499.245555,1.7450000000000002e-26
3499.31273,1.815e-26
3499.807423,1.7840000000000002e-26
3499.872297,1.8520000000000003e-26
3500.358658,1.805e-26
3500.42138,1.872e-26
3500.899312,1.81e-26
3500.960016,1.875e-26
3501.429437,1.8e-26
3501.488246,1.862e-26
3501.949088,1.7740000000000003e-26
3502.006113,1.833e-26
3502.458318,1.7350000000000003e-26
3502.513661,1.7910000000000003e-26
3502.95718,1.683e-26
3503.010936,1.736e-26
3503.445732,1.6210000000000002e-26
3503.497987,1.6700000000000002e-26
3503.924026,1.549e-26
3503.974859,1.595e-26
3504.392122,1.47e-26
3504.441606,1.512e-26
3504.85007,1.386e-26
3504.898273,1.424e-26
3505.297937,1.297e-26
3505.344922,1.332e-26
3505.735766,1.206e-26
3505.781591,1.2380000000000002e-26
3506.163634,1.114e-26
3506.208354,1.1430000000000002e-26
3506.581571,1.023e-26
3506.625234,1.048e-26
3516.65285,1.029e-26
3517.175566,1.072e-26
3517.261532,1.122e-26
3517.776662,1.153e-26
3517.85934,1.205e-26
3518.366688,1.224e-26
3518.4463,1.2770000000000002e-26
3518.945697,1.283e-26
3519.022443,1.337e-26
3519.513745,1.33e-26
3519.587804,1.383e-26
3520.07089,1.363e-26
3520.142422,1.417e-26
3520.617196,1.383e-26
3520.686343,1.436e-26
3521.152732,1.39e-26
3521.21962,1.441e-26
3521.677575,1.383e-26
3521.74231,1.4330000000000002e-26
3522.191813,1.364e-26
3522.254486,1.4130000000000002e-26
3522.695551,1.3330000000000002e-26
3522.75623,1.38e-26
3523.188917,1.292e-26
3523.247643,1.337e-26
3523.672071,1.24e-26
3523.728853,1.284e-26
3524.145239,1.179e-26
3524.200032,1.222e-26
3524.608734,1.109e-26
3524.661413,1.152e-26
3525.063057,1.03e-26
3525.113348,1.075e-26
3540.350993,1.025e-26
3540.820175,1.017e-26
3540.897895,1.055e-26
3541.358372,1.0380000000000002e-26
3541.433638,1.075e-26
3541.885291,1.048e-26
3541.958244,1.085e-26
3542.400969,1.0490000000000002e-26
3542.47174,1.084e-26
3542.905445,1.04e-26
3542.974155,1.074e-26
3543.398757,1.022e-26
3543.465517,1.055e-26
3543.94586,1.027e-26
3563.653555,6.149e-26
3564.596249,5.038e-26
3565.206152,4.517e-26
3565.258482,7.876000000000001e-26
3565.267323,7.74e-26
3566.263868,3.858e-26
3566.455556,6.364000000000001e-26
3566.461309,6.259e-26
3566.766533,9.934e-26
3566.775912,9.761e-26
3567.63344,8.297e-26
3567.643276,8.03e-26
3567.672715,2.9870000000000005e-26
3567.949916,4.648e-26
3567.957117,4.68e-26
3568.216532,7.275e-26
3568.216968,7.399e-26
3568.369146,1.238e-25
3568.377458,1.217e-25
3569.242824,3.804e-26
3569.243304,3.867e-26
3569.290165,6.313000000000001e-26
3569.290217,6.207e-26
3569.502066,1.008e-25
3569.507499,9.911e-26
3569.534501,2.195e-26
3569.839865,1.551e-25
3569.848847,1.523e-25
3570.62289,1.31e-25
3570.625774,1.287e-25
3570.691355,4.8020000000000005e-26
3570.691875,4.883e-26
3570.877626,7.763000000000001e-26
3570.885473,7.754e-26
3571.063733,2.785e-26
3571.064993,2.8320000000000004e-26
3571.184613,1.151e-25
3571.185126,1.171e-25
3571.4188,1.923e-25
3571.426971,1.888e-25
3571.820464,1.466e-26
3572.229687,6.059000000000001e-26
3572.230312,6.163e-26
3572.2754,9.983e-26
3572.275433,9.811e-26
3572.502639,1.57e-25
3572.507804,1.543e-25
3572.575325,3.5190000000000005e-26
3572.576726,3.5790000000000003e-26
3572.863462,2.382e-25
3572.872121,2.3370000000000003e-25
3573.338709,1.86e-26
3573.34157,1.8910000000000003e-26
3573.566517,2.032e-25
3573.568505,1.995e-25
3573.670058,7.583e-26
3573.670752,7.715000000000001e-26
3573.824994,1.249e-25
3573.826496,1.227e-25
3574.081562,4.427e-26
3574.083112,4.5040000000000006e-26
3574.110691,1.79e-25
3574.111261,1.823e-25
3574.423468,2.927e-25
3574.431169,2.872e-25
3574.845643,2.35e-26
3574.848694,2.39e-26
3575.178661,9.481e-26
3575.179462,9.649e-26
3575.21934,1.523e-25
3575.219343,1.551e-25
3575.456675,2.404e-25
3575.461664,2.361e-25
3575.571922,5.545e-26
3575.573623,5.642000000000001e-26
3575.837042,3.595e-25
3575.845529,3.524e-25
3575.852914,1.155e-26
3575.857764,1.174e-26
3576.342062,2.957e-26
3576.345311,3.0080000000000003e-26
3576.464065,3.096e-25
3576.465575,3.039e-25
3576.608455,1.176e-25
3576.609347,1.197e-25
3576.737908,1.929e-25
3576.738811,1.894e-25
3576.995041,2.735e-25
3576.995651,2.786e-25
3577.0554,6.915000000000001e-26
3577.057259,7.038000000000001e-26
3577.350678,1.4600000000000002e-26
3577.35576,1.4840000000000002e-26
3577.379796,4.3780000000000005e-25
3577.387028,4.294e-25
3577.827307,3.703e-26
3577.830758,3.7680000000000005e-26
3578.089004,1.457e-25
3578.090013,1.4840000000000002e-25
3578.121693,2.3230000000000003e-25
3578.121753,2.367e-25
3578.364048,3.616e-25
3578.369036,3.549e-25
3578.524329,8.584e-26
3578.526351,8.74e-26
3578.760276,5.3320000000000005e-25
3578.76898,5.219e-25
3578.837742,1.837e-26
3578.843063,1.868e-26
3579.301915,4.618e-26
3579.305575,4.7e-26
3579.315646,4.637000000000001e-25
3579.316774,4.547e-25
3579.506182,1.791e-25
3579.507299,1.825e-25
3579.613156,2.919e-25
3579.613761,2.865e-25
3579.837914,4.103e-25
3579.83855,4.184e-25
3579.985226,1.061e-25
3579.987419,1.0810000000000002e-25
3580.287482,6.437e-25
3580.294252,6.3080000000000005e-25
3580.314075,2.3e-26
3580.319643,2.34e-26
3580.76544,5.733e-26
3580.769315,5.836e-26
3580.960047,2.199e-25
3580.961293,2.241e-25
3580.98219,3.48e-25
3580.98233,3.548e-25
3581.207879,1.043e-26
3581.224566,5.3420000000000005e-25
3581.229974,5.244e-25
3581.235323,1.073e-26
3581.432565,1.306e-25
3581.434932,1.33e-25
3581.544351,1.063e-26
3581.552,1.08e-26
3581.632695,7.77e-25
3581.643198,7.563000000000001e-25
3581.779696,2.869e-26
3581.785519,2.9190000000000005e-26
3582.121462,6.822e-25
3582.12229,6.686e-25
3582.218239,7.086000000000001e-26
3582.222338,7.216000000000001e-26
3582.362886,2.6799999999999998e-25
3582.364256,2.732e-25
3582.447832,4.335000000000001e-25
3582.448185,4.251e-25
3582.639529,6.047e-25
3582.640179,6.17e-25
3582.871017,1.5999999999999998e-25
3582.873567,1.63e-25
3582.943933,1.135e-26
3582.977302,1.169e-26
3583.008159,1.331e-26
3583.016097,1.354e-26
3583.146433,9.301e-25
3583.152744,9.107e-25
3583.234582,3.5620000000000006e-26
3583.24067,3.625e-26
3583.488786,1.2160000000000002e-26
3583.518493,1.253e-26
3583.660015,8.719000000000001e-26
3583.664346,8.882000000000001e-26
3583.791179,3.259e-25
3583.792692,3.323e-25
3583.800492,5.118e-25
3583.800738,5.222e-25
3584.037105,7.725e-25
3584.044565,7.613e-25
3584.296641,1.951e-25
3584.299379,1.989e-25
3584.383514,4.055e-25
3584.453377,1.111e-24
3584.461466,1.6600000000000002e-26
3584.469703,1.6890000000000002e-26
3584.504883,6.82e-25
3584.678744,4.403e-26
3584.685105,4.483e-26
3584.881871,9.861e-25
3584.882427,9.656e-25
3585.03732,1.3040000000000002e-26
3585.07184,1.3450000000000002e-26
3585.091003,1.068e-25
3585.095573,1.088e-25
3585.178228,3.937e-25
3585.17988,4.017e-25
3585.240551,6.32e-25
3585.240657,6.191e-25
3585.400064,8.751e-25
3585.400718,8.937e-25
3585.712745,2.369e-25
3585.715681,2.416e-25
3585.739636,1.387e-26
3585.771673,1.432e-26
3585.904265,2.062e-26
3585.912814,2.0980000000000003e-26
3585.956611,1.32e-24
3585.962471,1.292e-24
3586.112166,5.418000000000001e-26
3586.118811,5.518000000000001e-26
3586.511006,1.303e-25
3586.515824,1.328e-25
3586.576242,7.392e-25
3586.576622,7.549000000000001e-25
3586.581843,4.743e-25
3586.583652,4.841e-25
3586.764081,6.96e-25
3586.812914,1.086e-24
3586.88545,4.133e-25
3587.116554,2.863e-25
3587.119692,2.921e-25
3587.146661,1.4670000000000002e-26
3587.182652,1.5160000000000002e-26
3587.2166,1.498e-24
3587.219456,1.555e-24
3587.336554,2.5490000000000004e-26
3587.345425,2.595e-26
3587.534853,6.637e-26
3587.541792,6.763000000000001e-26
3587.597205,1.3999999999999999e-24
3587.597518,1.37e-24
3587.874149,2.0910000000000003e-26
3587.920174,1.582e-25
3587.925249,1.613e-25
3587.951886,5.679e-25
3587.953848,5.799e-25
3587.962409,1.544e-26
3587.990427,8.854e-25
3587.990576,9.046e-25
3587.996893,1.5960000000000002e-26
3588.119648,1.243e-24
3588.1203,1.271e-24
3588.510381,3.4450000000000003e-25
3588.51373,3.516e-25
3588.718015,1.842e-24
3588.723428,1.7999999999999997e-24
3588.758327,3.137e-26
3588.766156,1.113e-26
3588.767532,3.195e-26
3588.777392,1.1320000000000002e-26
3588.882313,2.15e-26
3588.946793,8.095000000000001e-26
3588.954037,8.251000000000001e-26
3589.263358,1.6110000000000002e-26
3589.301159,1.668e-26
3589.309083,1.048e-24
3589.309627,1.0709999999999999e-24
3589.318379,1.912e-25
3589.323721,1.95e-25
3589.33153,6.777e-25
3589.333666,6.924000000000001e-25
3589.53513,1.52e-24
3589.539862,1.534e-24
3589.566667,2.077e-26
3589.645542,1.967e-26
3589.892296,4.127e-25
3589.89586,4.214e-25
3589.904883,1.952e-24
3589.911152,2.04e-24
3590.158366,1.675e-26
3590.169579,3.844e-26
3590.179132,3.916e-26
3590.18122,1.376e-26
3590.192823,1.4e-26
3590.195477,1.736e-26
3590.267805,1.9529999999999998e-24
3590.267903,1.908e-24
3590.347987,9.829e-26
3590.355548,1.002e-25
3590.68355,8.043e-25
3590.685853,8.221000000000001e-25
3590.697053,1.243e-24
3590.697471,1.271e-24
3590.705713,2.3e-25
3590.711333,2.347e-25
3590.791572,1.776e-26
3590.798347,1.734e-24
3590.798932,1.774e-24
3590.800659,1.5620000000000002e-25
3590.874354,1.386e-25
3591.263906,4.92e-25
3591.267681,5.0260000000000005e-25
3591.328247,2.0590000000000003e-26
3591.380054,1.7250000000000003e-26
3591.420037,1.79e-26
3591.430663,2.523e-24
3591.435635,2.464e-24
3591.570305,4.6890000000000006e-26
3591.580221,4.7780000000000005e-26
3591.586079,1.6940000000000002e-26
3591.598065,1.7250000000000003e-26
3591.738425,1.188e-25
3591.746315,1.212e-25
3591.885209,1.347e-25
3591.984786,7.598e-26
3591.988037,2.594e-25
3591.998668,1.459e-24
3591.999407,1.492e-24
3592.039773,9.509e-25
3592.042266,9.724e-25
3592.082095,2.755e-25
3592.088004,2.8120000000000003e-25
3592.211327,2.091e-24
3592.214935,2.12e-24
3592.328146,1.7690000000000003e-26
3592.368132,1.838e-26
3592.62384,5.836e-25
3592.627866,5.969000000000001e-25
3592.670919,1.702e-24
3592.707993,2.703e-24
3592.770497,9.781e-25
3592.893908,2.61e-24
3592.894002,2.673e-24
3592.960501,5.694000000000001e-26
3592.970794,5.804e-26
3592.98073,2.0760000000000003e-26
3592.993114,2.114e-26
3593.118105,1.429e-25
3593.126339,1.458e-25
3593.250894,2.879e-26
3593.321069,3.1630000000000005e-26
3593.360246,1.713e-24
3593.360946,1.753e-24
3593.372921,1.118e-24
3593.375599,1.144e-24
3593.436152,2.374e-24
3593.436815,2.431e-24
3593.44758,3.2840000000000003e-25
3593.45379,3.355e-25
3593.49047,1.7960000000000003e-26
3593.533058,1.868e-26
3593.973186,6.9e-25
3593.9775,7.055e-25
3594.094594,3.394e-24
3594.099129,3.311e-24
3594.340161,6.882000000000001e-26
3594.350847,7.018000000000001e-26
3594.365166,2.533e-26
3594.377966,2.5810000000000003e-26
3594.471856,1.815e-26
3594.48702,1.712e-25
3594.495613,1.747e-25
3594.515054,1.89e-26
3594.598978,1.068e-26
3594.644677,1.992e-24
3594.645643,2.041e-24
3594.669252,1.139e-26
3594.706139,1.31e-24
3594.709024,1.341e-24
3594.776124,1.053e-24
3594.802115,3.898e-25
3594.808638,3.983e-25
3594.841618,2.823e-24
3594.875701,1.84e-24
3595.283174,3.922e-24
3595.287644,3.821e-24
3595.311118,8.114e-25
3595.315684,8.301e-25
3595.475836,3.5039999999999996e-24
3595.476099,3.593e-24
3595.589259,1.815e-26
3595.634947,1.892e-26
3595.709279,8.281000000000001e-26
3595.720376,8.448e-26
3595.739383,3.0760000000000004e-26
3595.752618,3.1350000000000003e-26
3595.845166,2.041e-25
3595.854133,2.084e-25
3595.979793,2.316e-24
3595.980793,2.374e-24
3596.002998,1.044e-26
3596.018492,1.063e-26
3596.019715,1.5259999999999999e-24
3596.022803,1.563e-24
3596.03297,3.1879999999999998e-24
3596.033643,3.269e-24
3596.14573,4.604e-25
3596.152582,4.707e-25
3596.58917,1.8030000000000003e-26
3596.636027,1.883e-26
3596.638307,9.497e-25
3596.643145,9.721e-25
3596.709862,4.484e-24
3596.713966,4.368e-24
3597.067851,9.918e-26
3597.079376,1.012e-25
3597.103376,3.7190000000000005e-26
3597.117065,3.7920000000000005e-26
3597.192536,2.422e-25
3597.201894,2.474e-25
3597.246815,2.6699999999999998e-24
3597.248043,2.739e-24
3597.33023,1.7699999999999998e-24
3597.333543,1.814e-24
3597.362504,1.274e-26
3597.378459,1.298e-26
3597.423842,3.834e-24
3597.426111,3.74e-24
3597.478392,5.414e-25
3597.485587,5.537e-25
3597.671861,1.773e-26
3597.721247,1.855e-26
3597.847244,5.171e-24
3597.85057,5.034e-24
3597.954161,1.106e-24
3597.959283,1.133e-24
3598.013959,4.616e-24
3598.014375,4.74e-24
3598.41587,1.182e-25
3598.427844,1.207e-25
3598.457139,4.476e-26
3598.471303,4.565e-26
3598.529125,2.861e-25
3598.538892,2.924e-25
3598.555522,3.074e-24
3598.556845,3.154e-24
3598.588613,4.199e-24
3598.589314,4.312e-24
3598.623652,2.043e-24
3598.627189,2.096e-24
3598.679417,1.729e-26
3598.71224,1.549e-26
3598.728677,1.578e-26
3598.730522,1.8130000000000003e-26
3598.800116,6.336e-25
3598.80767,6.484e-25
3599.259152,1.283e-24
3599.264574,1.315e-24
3599.276535,5.814e-24
3599.280211,5.656e-24
3599.734385,1.6690000000000003e-26
3599.75333,1.4030000000000002e-25
3599.765776,1.433e-25
3599.78821,1.753e-26
3599.800668,5.362000000000001e-26
3599.804823,3.511e-24
3599.806349,3.605e-24
3599.815329,5.471000000000001e-26
3599.854927,3.363e-25
3599.865123,3.4390000000000004e-25
3599.911672,2.348e-24
3599.915457,2.4099999999999998e-24
3599.96402,4.997e-24
3599.964912,4.863e-24
3600.052201,1.873e-26
3600.069145,1.909e-26
3600.110878,7.38e-25
3600.11881,7.556000000000001e-25
3600.367279,6.661e-24
3600.36998,6.476e-24
3600.508522,5.965e-24
3600.509074,6.134e-24
3600.552889,1.48e-24
3600.558626,1.518e-24
3600.741646,1.5940000000000002e-26
3600.797796,1.6790000000000002e-26
3601.080227,1.657e-25
3601.087285,4.001e-24
3601.088958,4.111e-24
3601.093167,1.694e-25
3601.102797,5.425e-24
3601.103548,5.578e-24
3601.133955,6.393e-26
3601.14914,6.526e-26
3601.169935,3.935e-25
3601.180582,4.027e-25
3601.18446,2.685e-24
3601.188492,2.757e-24
3601.382384,2.255e-26
3601.39986,2.299e-26
3601.410686,8.555e-25
3601.419014,8.765e-25
3601.773456,1.5060000000000002e-26
3601.794689,7.397e-24
3601.797942,7.186e-24
3601.8327,1.59e-26
3601.835674,1.7e-24
3601.841742,1.744e-24
3602.318471,4.527e-24
3602.320336,4.656e-24
3602.396554,1.948e-25
3602.410013,1.992e-25
3602.450117,3.055e-24
3602.45442,3.139e-24
3602.456997,7.587e-26
3602.457817,6.383e-24
3602.458119,6.202e-24
3602.47273,7.749e-26
3602.474143,4.583e-25
3602.485265,4.6920000000000005e-25
3602.695879,1.067e-26
3602.699522,9.87e-25
3602.702785,2.702e-26
3602.708267,1.012e-24
3602.72082,2.756e-26
3602.730828,1.085e-26
3602.774738,1.407e-26
3602.836982,1.4890000000000002e-26
3602.840012,8.412e-24
3602.842221,8.165e-24
3602.959738,7.559e-24
3602.960417,7.785e-24
3603.107253,1.943e-24
3603.11367,1.995e-24
3603.574948,5.107e-24
3603.575139,6.87e-24
3603.575972,7.076e-24
3603.577002,5.2549999999999996e-24
3603.701872,3.459e-24
3603.702304,2.28e-25
3603.70645,3.557e-24
3603.716309,2.3320000000000003e-25
3603.763676,1.292e-26
3603.767545,5.312000000000001e-25
3603.769786,8.961e-26
3603.779167,5.441e-25
3603.786097,9.157e-26
3603.786185,1.297e-26
3603.798803,1.314e-26
3603.85212,1.3770000000000002e-26
3603.977387,1.133e-24
3603.986573,1.162e-24
3604.013401,3.2230000000000003e-26
3604.032023,3.2890000000000006e-26
3604.264411,9.232e-24
3604.267244,8.953e-24
3604.367814,2.21e-24
3604.374601,2.271e-24
3604.598962,1.053e-26
3604.620271,1.074e-26
3604.777362,1.18e-26
3604.787563,5.723e-24
3604.789811,5.895e-24
3604.847178,1.256e-26
3604.905821,7.754e-24
3604.905955,7.995e-24
3604.943275,1.4910000000000003e-26
3604.945235,3.8979999999999996e-24
3604.950113,4.012e-24
3604.979661,1.517e-26
3604.99747,2.6540000000000003e-25
3605.012053,2.717e-25
3605.050133,6.127e-25
3605.062283,6.28e-25
3605.072318,1.054e-25
3605.089237,1.077e-25
3605.244268,1.295e-24
3605.253919,1.329e-24
3605.264958,1.042e-23
3605.266741,1.009e-23
3605.314226,3.8260000000000005e-26
3605.333468,3.906e-26
3605.3678,9.388e-24
3605.368627,9.684e-24
3605.617195,2.502e-24
3605.624373,2.572e-24
3605.769965,1.056e-26
3605.844375,1.129e-26
3605.881484,1.263e-26
3605.903395,1.2880000000000002e-26
3606.005172,8.524e-24
3606.006124,8.796e-24
3606.018377,6.389e-24
3606.020853,6.587e-24
3606.027435,1.768e-26
3606.064247,1.798e-26
3606.175625,4.37e-24
3606.180812,4.502e-24
3606.282048,3.076e-25
3606.297239,3.15e-25
3606.321901,7.033e-25
3606.334609,7.213000000000001e-25
3606.364585,1.233e-25
3606.382147,1.261e-25
3606.500162,1.472e-24
3606.510305,1.512e-24
3606.605258,4.52e-26
3606.625153,4.6170000000000005e-26
3606.68579,1.13e-23
3606.688206,1.093e-23
3606.855509,2.817e-24
3606.863103,2.898e-24
3607.154868,1.5080000000000003e-26
3607.177415,1.539e-26
3607.184799,2.022e-26
3607.211933,7.088999999999999e-24
3607.214615,7.316e-24
3607.222823,2.058e-26
3607.308098,9.502e-24
3607.308628,9.815e-24
3607.396712,4.875e-24
3607.402235,5.026e-24
3607.556028,3.547e-25
3607.571864,3.635e-25
3607.582842,8.033e-25
3607.596142,8.245e-25
3607.642309,1.264e-23
3607.643713,1.223e-23
3607.646582,1.435e-25
3607.664823,1.469e-25
3607.732308,1.13e-23
3607.733534,1.181e-23
3607.745057,1.665e-24
3607.755724,1.712e-24
3607.772823,1.226e-25
3607.886491,5.315000000000001e-26
3607.907077,5.432e-26
3608.082653,3.156e-24
3608.090689,3.25e-24
3608.27766,2.351e-26
3608.316327,2.3930000000000003e-26
3608.392359,1.036e-23
3608.393477,1.071e-23
3608.417447,7.832e-24
3608.419119,1.7910000000000003e-26
3608.420394,8.09e-24
3608.442338,1.829e-26
3608.605459,5.41e-24
3608.61133,5.583e-24
3608.819405,4.071e-25
3608.832948,9.13e-25
3608.835925,4.174e-25
3608.846876,9.378e-25
3608.918302,1.663e-25
3608.937262,1.703e-25
3608.978949,1.875e-24
3608.990172,1.929e-24
3609.058918,1.355e-23
3609.060918,1.309e-23
3609.15792,6.219e-26
3609.179237,6.36e-26
3609.298692,3.518e-24
3609.307198,3.626e-24
3609.416921,2.6610000000000004e-26
3609.456804,2.7100000000000004e-26
3609.591437,8.602e-24
3609.594614,8.894e-24
3609.665019,1.14e-23
3609.665943,1.181e-23
3609.67424,2.1180000000000003e-26
3609.69817,2.163e-26
3609.804251,5.973e-24
3609.810501,6.17e-24
3609.972494,1.504e-23
3609.973556,1.451e-23
3610.054854,1.361e-23
3610.055832,1.4109999999999998e-23
3610.072171,4.648000000000001e-25
3610.072211,1.032e-24
3610.086808,1.061e-24
3610.089417,4.77e-25
3610.179738,1.917e-25
3610.199461,1.964e-25
3610.201826,2.099e-24
3610.213644,2.162e-24
3610.419542,7.242000000000001e-26
3610.441633,7.409e-26
3610.50356,3.9019999999999996e-24
3610.51257,4.025e-24
3610.512695,3.0370000000000004e-26
3610.553423,3.0940000000000005e-26
3610.736122,1.232e-23
3610.737461,1.277e-23
3610.772031,9.402e-24
3610.77551,9.733e-24
3610.920232,2.492e-26
3610.944916,2.546e-26
3610.991117,6.56e-24
3610.997765,6.784e-24
3611.300622,1.162e-24
3611.314318,5.281000000000001e-25
3611.315933,1.195e-24
3611.323145,1.0820000000000002e-26
3611.332337,5.423e-25
3611.383886,1.592e-23
3611.385468,1.5329999999999998e-23
3611.413681,2.3389999999999998e-24
3611.426135,2.411e-24
3611.430883,2.2e-25
3611.451417,2.255e-25
3611.636517,3.396e-26
3611.671351,8.391000000000001e-26
3611.678511,3.4610000000000004e-26
3611.694265,8.59e-26
3611.69729,4.304e-24
3611.70684,4.445e-24
3611.925956,1.022e-23
3611.929701,1.059e-23
3611.97664,1.34e-23
3611.977976,1.3899999999999998e-23
3612.1571,2.917e-26
3612.167565,7.166e-24
3612.174646,7.419e-24
3612.182585,2.9830000000000004e-26
3612.206759,1.2660000000000002e-26
3612.256029,1.751e-23
3612.256787,1.685e-23
3612.322356,1.184e-26
3612.334191,1.587e-23
3612.335263,1.649e-23
3612.518175,1.2999999999999998e-24
3612.534249,1.339e-24
3612.545838,5.97e-25
3612.564683,6.135e-25
3612.614506,2.592e-24
3612.627641,2.674e-24
3612.67173,2.511e-25
3612.693128,2.576e-25
3612.730833,3.8060000000000006e-26
3612.773869,3.881e-26
3612.87984,4.722e-24
3612.889972,4.882e-24
3612.913341,9.675e-26
3612.93713,9.911e-26
3613.032079,1.075e-26
3613.035863,1.4339999999999998e-23
3613.037488,1.49e-23
3613.082001,1.104e-23
3613.086092,1.146e-23
3613.332343,7.785e-24
3613.339887,8.07e-24
3613.384845,3.399e-26
3613.411182,3.477e-26
3613.605682,1.448e-26
3613.66078,1.83e-23
3613.661939,1.758e-23
3613.724858,1.448e-24
3613.741752,1.492e-24
3613.766723,6.713e-25
3613.786451,6.904000000000001e-25
3613.804289,2.858e-24
3613.818159,2.951e-24
3613.840809,4.199e-26
3613.885203,4.283e-26
3613.902271,2.852e-25
3613.92459,2.928e-25
3614.051223,5.153e-24
3614.061983,5.334e-24
3614.145506,1.11e-25
3614.170228,1.138e-25
3614.215385,1.187e-23
3614.21979,1.233e-23
3614.231423,1.264e-26
3614.243006,1.539e-23
3614.244787,1.602e-23
3614.449186,1.693e-26
3614.454461,1.069e-26
3614.484635,1.092e-26
3614.486375,8.411e-24
3614.493449,1.995e-23
3614.493935,1.913e-23
3614.494422,8.729999999999999e-24
3614.561435,1.5870000000000002e-26
3614.570787,1.808e-23
3614.571959,1.885e-23
3614.60347,3.94e-26
3614.630713,4.033e-26
3614.920664,1.603e-24
3614.930353,4.623e-26
3614.93844,1.654e-24
3614.975992,4.7180000000000006e-26
3614.976963,7.51e-25
3614.983021,3.133e-24
3614.997638,7.73e-25
3614.997683,3.239e-24
3615.122497,3.222e-25
3615.145803,3.3110000000000003e-25
3615.211411,5.5919999999999996e-24
3615.222852,5.796e-24
3615.290776,1.4380000000000002e-26
3615.291001,1.6299999999999997e-23
3615.292988,1.7e-23
3615.347234,1.268e-23
3615.352037,1.32e-23
3615.367842,1.267e-25
3615.372879,1.032e-26
3615.393559,1.299e-25
3615.628885,9.035e-24
3615.629426,1.2540000000000002e-26
3615.637476,9.391e-24
3615.660437,1.281e-26
3615.812976,4.5440000000000005e-26
3615.840237,1.92e-26
3615.841188,4.654e-26
3615.889678,2.057e-23
3615.890407,1.969e-23
3616.027308,5.024e-26
3616.074442,5.13e-26
3616.105581,1.766e-24
3616.124308,1.824e-24
3616.150692,3.416e-24
3616.166213,3.536e-24
3616.17655,8.356e-25
3616.198243,8.61e-25
3616.3324,3.622e-25
3616.356764,3.724e-25
3616.360406,6.034e-24
3616.372587,6.262e-24
3616.458477,1.676e-26
3616.459633,1.347e-23
3616.464144,1.7279999999999998e-23
3616.464817,1.404e-23
3616.466421,1.805e-23
3616.489709,1.189e-26
3616.58034,1.438e-25
3616.607123,1.476e-25
3616.645745,2.2420000000000003e-26
3616.685256,2.222e-23
3616.685501,2.123e-23
3616.757814,2.107e-26
3616.760413,9.648e-24
3616.764697,2.011e-23
3616.765979,2.105e-23
3616.7696,1.005e-23
3616.79614,1.463e-26
3616.828046,1.4960000000000002e-26
3617.013365,5.214000000000001e-26
3617.042611,5.344e-26
3617.109549,5.435000000000001e-26
3617.158149,5.553000000000001e-26
3617.210696,1.392e-26
3617.274148,1.359e-26
3617.279599,1.935e-24
3617.299357,2e-24
3617.30729,3.704e-24
3617.323744,3.838e-24
3617.365472,9.248e-25
3617.388263,9.537e-25
3617.498184,6.473e-24
3617.500991,1.809e-23
3617.503433,1.894e-23
3617.504977,1.905e-26
3617.511175,6.727e-24
3617.531971,4.049e-25
3617.557472,4.167e-25
3617.5676,1.422e-23
3617.573252,1.485e-23
3617.601668,1.37e-26
3617.782994,1.624e-25
3617.81092,1.669e-25
3617.880489,1.024e-23
3617.890329,1.068e-23
3617.954634,1.698e-26
3617.987496,1.737e-26
3618.026902,2.5250000000000003e-26
3618.070651,2.259e-23
3618.070935,2.153e-23
3618.193775,5.812e-26
3618.204638,5.953000000000001e-26
3618.234992,6.104000000000001e-26
3618.244053,5.94e-26
3618.442707,2.108e-24
3618.452802,3.992e-24
3618.463584,2.181e-24
3618.470275,4.143e-24
3618.543718,1.018e-24
3618.567699,1.051e-24
3618.62474,6.901999999999999e-24
3618.638619,7.185e-24
3618.640067,1.892e-23
3618.640746,2.205e-26
3618.642915,1.984e-23
3618.658616,1.491e-23
3618.664732,1.561e-23
3618.697509,1.5740000000000003e-26
3618.721199,4.502e-25
3618.747926,4.638000000000001e-25
3618.796878,2.945e-26
3618.831894,2.415e-23
3618.831925,2.297e-23
3618.911567,2.7730000000000004e-26
3618.915949,2.182e-23
3618.917359,2.294e-23
3618.975797,1.825e-25
3618.989411,1.08e-23
3618.999973,1.129e-23
3619.004952,1.876e-25
3619.075674,1.036e-26
3619.104939,1.961e-26
3619.138825,2.0080000000000003e-26
3619.26675,6.174e-26
3619.318746,6.315e-26
3619.386793,6.759000000000001e-26
3619.418339,6.936e-26
3619.522728,1.9350000000000003e-26
3619.582803,1.8860000000000003e-26
3619.587214,4.277e-24
3619.594891,2.282e-24
3619.605806,4.445e-24
3619.616989,2.365e-24
3619.665345,1.957e-23
3619.66836,2.058e-23
3619.674329,2.5010000000000003e-26
3619.711278,1.114e-24
3619.736548,1.151e-24
3619.740053,7.314e-24
3619.742971,1.5539999999999998e-23
3619.749666,1.631e-23
3619.754913,7.626e-24
3619.78659,1.797e-26
3619.900074,4.979000000000001e-25
3619.928127,5.134e-25
3620.086898,1.132e-23
3620.09826,1.185e-23
3620.158738,2.039e-25
3620.165769,3.2960000000000003e-26
3620.180251,1.189e-26
3620.189218,2.098e-25
3620.203573,2.295e-23
3620.203755,2.419e-23
3620.247087,2.253e-26
3620.282071,2.3080000000000003e-26
3620.338177,6.488e-26
3620.39209,6.640000000000001e-26
3620.559832,7.634000000000001e-26
3620.592659,7.840000000000001e-26
3620.710512,4.554e-24
3620.730336,4.741e-24
3620.736137,2.457e-24
3620.759572,2.549e-24
3620.770767,2.017e-23
3620.774295,2.127e-23
3620.778383,2.878e-26
3620.81225,1.609e-23
3620.819532,1.692e-23
3620.844111,7.7e-24
3620.860059,8.045e-24
3620.861295,2.056e-26
3620.868137,1.212e-24
3620.894813,1.254e-24
3620.90295,3.844e-26
3620.933564,2.419e-23
3620.933724,2.558e-23
3621.022759,3.625e-26
3621.024549,2.302e-23
3621.026115,2.434e-23
3621.068583,5.474e-25
3621.098074,5.6510000000000005e-25
3621.173099,1.179e-23
3621.185358,1.237e-23
3621.274097,1.3600000000000002e-26
3621.33181,2.266e-25
3621.363723,2.3340000000000003e-25
3621.381107,2.575e-26
3621.400339,6.763000000000001e-26
3621.417272,2.64e-26
3621.456268,6.926e-26
3621.708146,2.6610000000000004e-26
3621.723753,8.575000000000001e-26
3621.757961,8.814000000000001e-26
3621.764746,2.5870000000000005e-26
3621.783645,2.059e-23
3621.78739,2.177e-23
3621.798602,3.2610000000000004e-26
3621.822679,4.818e-24
3621.843867,5.024e-24
3621.86643,2.628e-24
3621.873207,1.654e-23
3621.88119,1.744e-23
3621.891336,2.732e-24
3621.927841,2.3470000000000003e-26
3621.936893,8.054e-24
3621.954057,8.432e-24
3622.014282,1.311e-24
3622.042495,1.358e-24
3622.226714,5.9840000000000005e-25
3622.247845,1.218e-23
3622.256933,4.28e-26
3622.25777,6.184e-25
3622.261113,1.282e-23
3622.28835,2.377e-23
3622.289037,2.522e-23
3622.357139,1.553e-26
3622.45866,6.975000000000001e-26
3622.495002,2.5040000000000003e-25
3622.50703,2.927e-26
3622.516814,7.149000000000001e-26
3622.528467,2.581e-25
3622.544467,3.0030000000000003e-26
3622.856213,2.089e-23
3622.860585,2.217e-23
3622.871599,3.736e-26
3622.878554,9.579e-26
3622.914256,9.854e-26
3622.920438,1.687e-23
3622.923695,5.0639999999999996e-24
3622.929189,1.7849999999999998e-23
3622.946403,5.291e-24
3622.964243,4.9970000000000005e-26
3622.981371,2.673e-26
3622.985751,2.7939999999999998e-24
3622.990684,2.474e-23
3622.991016,2.635e-23
3623.012284,2.908e-24
3623.018381,8.365e-24
3623.036909,8.777e-24
3623.090477,2.358e-23
3623.091458,4.7190000000000005e-26
3623.092246,2.51e-23
3623.149695,1.409e-24
3623.179596,1.4619999999999999e-24
3623.311195,1.25e-23
3623.32561,1.319e-23
3623.374453,6.502e-25
3623.407217,6.727e-25
3623.429536,1.7700000000000002e-26
3623.50876,7.126000000000001e-26
3623.569295,7.31e-26
3623.624884,3.3090000000000005e-26
3623.648302,2.75e-25
3623.663695,3.3970000000000005e-26
3623.683455,2.838e-25
3623.763868,3.619e-26
3623.81691,3.511e-26
3623.85554,2.1e-23
3623.860238,2.237e-23
3623.877727,4.232e-26
3623.958153,1.7069999999999998e-23
3623.967811,1.812e-23
3624.013539,5.285e-24
3624.02423,1.064e-25
3624.02582,3.0410000000000005e-26
3624.03795,5.533e-24
3624.061552,1.095e-25
3624.088548,8.623e-24
3624.094082,2.9499999999999997e-24
3624.108622,9.072e-24
3624.12242,3.077e-24
3624.167049,1.446e-26
3624.200479,1.414e-26
3624.27413,1.096e-26
3624.274359,1.504e-24
3624.300496,5.545e-26
3624.306122,1.563e-24
3624.325277,2.386e-23
3624.326527,2.552e-23
3624.363041,1.273e-23
3624.378768,1.347e-23
3624.491314,2.0130000000000003e-26
3624.511782,7.021e-25
3624.546419,7.274e-25
3624.553521,7.202000000000001e-26
3624.616675,7.394e-26
3624.7347,3.72e-26
3624.774999,3.822e-26
3624.791696,3.003e-25
3624.828692,3.102e-25
3624.896339,2.095e-23
3624.901808,2.241e-23
3624.920699,4.834e-26
3624.980947,6.492000000000001e-26
3624.983058,1.713e-23
3624.993747,1.825e-23
3625.003453,2.448e-23
3625.003942,2.63e-23
3625.058284,3.455e-26
3625.092184,5.475e-24
3625.11369,2.334e-23
3625.115739,2.508e-23
3625.117746,6.136e-26
3625.118515,5.746e-24
3625.147367,8.821e-24
3625.160778,1.175e-25
3625.169203,9.306e-24
3625.191398,3.094e-24
3625.199862,1.211e-25
3625.221753,3.232e-24
3625.346274,1.245e-26
3625.388253,1.5959999999999999e-24
3625.403384,1.285e-23
3625.420632,1.3639999999999998e-23
3625.422079,1.661e-24
3625.542639,2.284e-26
3625.590517,7.202000000000001e-26
3625.638683,7.534000000000001e-25
3625.656514,7.402000000000001e-26
3625.675383,7.816e-25
3625.687288,4.873e-26
3625.736703,4.715e-26
3625.836503,4.1570000000000006e-26
3625.878417,4.2750000000000005e-26
3625.880736,2.068e-23
3625.886723,2.223e-23
3625.911861,5.48e-26
3625.92498,2.146e-26
3625.925171,3.258e-25
3625.955162,2.095e-26
3625.964184,3.371e-25
3625.997611,1.704e-23
3626.00953,1.823e-23
3626.081164,3.922e-26
3626.159599,5.628e-24
3626.188113,5.9209999999999996e-24
3626.194802,8.947e-24
3626.218668,9.469e-24
3626.277672,3.22e-24
3626.288191,1.289e-25
3626.296596,7.196000000000001e-26
3626.310295,3.372e-24
3626.314332,2.311e-23
3626.316246,2.497e-23
3626.329197,1.33e-25
3626.408425,1.4110000000000002e-26
3626.432142,1.286e-23
3626.451168,1.37e-23
3626.491352,1.681e-24
3626.527476,1.753e-24
3626.583635,2.589e-26
3626.621175,7.117e-26
3626.655192,1.108e-26
3626.690307,7.323e-26
3626.703518,1.136e-26
3626.755135,8.029e-25
3626.794116,8.343000000000001e-25
3626.891023,2.022e-23
3626.898004,2.186e-23
3626.926174,6.257e-26
3626.930322,4.619e-26
3626.953163,8.471000000000001e-26
3626.971947,2.3300000000000002e-23
3626.972582,2.534e-23
3626.973994,4.755e-26
3626.999921,1.677e-23
3627.013292,1.803e-23
3627.048707,3.513e-25
3627.089938,3.638e-25
3627.092908,4.45e-26
3627.094111,2.221e-23
3627.096573,2.415e-23
3627.101755,8.008e-26
3627.215747,5.736e-24
3627.23081,8.994e-24
3627.24676,6.053e-24
3627.257035,9.552e-24
3627.35287,3.326e-24
3627.388059,3.491e-24
3627.406461,1.4060000000000002e-25
3627.449275,1.273e-23
3627.44957,1.453e-25
3627.460801,1.5960000000000002e-26
3627.470409,1.363e-23
3627.47624,6.5e-26
3627.521972,6.269e-26
3627.543527,3.1380000000000005e-26
3627.570364,3.058e-26
3627.583627,1.7579999999999998e-24
3627.61453,2.9300000000000003e-26
3627.622326,1.837e-24
3627.64417,6.951e-26
3627.6605,1.257e-26
3627.710271,1.289e-26
3627.716744,7.16e-26
3627.858957,1.954e-23
3627.861113,8.498e-25
3627.866791,2.126e-23
3627.880103,1.337e-26
3627.888354,1.308e-26
3627.90151,7.114e-26
3627.902629,8.845e-25
3627.991295,1.6319999999999998e-23
3628.006435,1.765e-23
3628.01618,5.101e-26
3628.061771,5.256e-26
3628.094975,5.048e-26
3628.162286,3.761e-25
3628.205966,3.902e-25
3628.245439,9.405e-26
3628.255335,8.95e-24
3628.255451,2.143e-23
3628.258209,2.349e-23
3628.26058,5.794e-24
3628.284334,9.545e-24
3628.294482,6.134e-24
3628.416952,3.406e-24
3628.454693,1.247e-23
3628.455068,3.584e-24
3628.47836,1.342e-23
3628.503679,1.8010000000000002e-26
3628.515576,1.524e-25
3628.560997,1.576e-25
3628.635585,3.311e-26
3628.658226,1.417e-26
3628.660127,6.701000000000001e-26
3628.665044,1.824e-24
3628.706647,1.91e-24
3628.709559,1.4550000000000002e-26
3628.736523,6.912000000000001e-26
3628.840036,1.864e-23
3628.849265,2.045e-23
3628.880902,1.119e-25
3628.888879,8.142000000000001e-26
3628.896149,2.115e-23
3628.896922,2.339e-23
3628.923055,1.237e-26
3628.923823,1.21e-26
3628.956588,8.928e-25
3628.970698,1.568e-23
3628.988014,1.708e-23
3629.000936,9.31e-25
3629.025054,4.5230000000000006e-26
3629.031612,2.012e-23
3629.034735,2.225e-23
3629.041855,2.02e-26
3629.043735,1.057e-25
3629.048578,4.4e-26
3629.048615,1.9740000000000003e-26
3629.060268,1.062e-26
3629.066882,1.086e-26
3629.086749,5.729e-26
3629.094101,5.598e-26
3629.128956,8.595000000000001e-26
3629.141795,5.774e-26
3629.170961,8.258000000000001e-26
3629.265884,4e-25
3629.268304,8.809e-24
3629.294037,5.7949999999999996e-24
3629.300605,9.439e-24
3629.312279,4.156e-25
3629.331313,6.158e-24
3629.448305,1.206e-23
3629.469868,3.456e-24
3629.475069,1.306e-23
3629.511348,3.649e-24
3629.526449,1.4960000000000002e-26
3629.526827,1.529e-26
3629.537416,2.027e-26
3629.615524,1.64e-25
3629.63413,1.027e-26
3629.64718,3.7380000000000006e-26
3629.648499,1.5890000000000002e-26
3629.663494,1.699e-25
3629.668313,6.373e-26
3629.701524,1.6330000000000002e-26
3629.735561,1.877e-24
3629.748957,6.583000000000001e-26
3629.780461,1.97e-24
3629.789856,1.751e-23
3629.800561,1.939e-23
3629.847799,9.312e-26
3629.857324,1.614e-26
3629.862609,1.6520000000000003e-26
3629.938701,1.484e-23
3629.95877,1.6299999999999997e-23
3629.964332,1.884e-26
3629.964729,1.8420000000000003e-26
3630.041525,9.305e-25
3630.069243,6.508e-26
3630.089056,9.724e-25
3630.123913,3.005e-26
3630.129361,2.932e-26
3630.147411,1.25e-25
3630.148492,1.88e-23
3630.152446,2.104e-23
3630.164105,6.104000000000001e-26
3630.21411,6.303000000000001e-26
3630.269617,8.561e-24
3630.305909,9.223e-24
3630.316039,5.731e-24
3630.3573,6.1159999999999996e-24
3630.359472,4.222e-25
3630.368433,1.12e-26
3630.36901,1.144e-26
3630.372982,6.427000000000001e-26
3630.3933,6.240000000000001e-26
3630.408894,4.394e-25
3630.429973,1.149e-23
3630.460592,1.253e-23
3630.511553,3.473e-24
3630.521566,2.26e-26
3630.522056,2.3130000000000003e-26
3630.556938,3.678e-24
3630.56248,2.277e-26
3630.631452,1.771e-26
3630.644023,1.128e-25
3630.649103,2.4150000000000003e-26
3630.649817,4.215e-26
3630.653278,2.4740000000000003e-26
3630.668929,5.972e-26
3630.681971,1.153e-26
3630.682264,1.0790000000000002e-25
3630.686316,1.822e-26
3630.706288,1.753e-25
3630.742889,1.615e-23
3630.754334,6.179e-26
3630.755816,1.811e-23
3630.757082,1.818e-25
3630.764092,1.515e-25
3630.775956,1.803e-23
3630.776866,2.045e-23
3630.795126,1.913e-24
3630.810466,1.073e-25
3630.843797,2.0139999999999998e-24
3630.894703,1.3799999999999998e-23
3630.897759,1.388e-26
3630.898424,1.419e-26
3630.918332,1.532e-23
3630.925946,1.7069999999999998e-23
3630.930251,1.938e-23
3630.944214,1.427e-25
3630.959346,2.829e-26
3630.959383,2.7630000000000004e-26
3631.042588,7.401e-26
3631.115882,9.617e-25
3631.131447,4.403e-26
3631.135748,4.291e-26
3631.167012,1.0069999999999999e-24
3631.226211,6.609e-26
3631.259133,8.197e-24
3631.278765,6.834000000000001e-26
3631.30033,8.889e-24
3631.326478,5.5959999999999996e-24
3631.37251,6.002e-24
3631.399502,1.075e-23
3631.420431,1.714e-26
3631.421293,1.753e-26
3631.429883,3.5590000000000004e-26
3631.433155,3.65e-26
3631.435036,1.184e-23
3631.443017,4.421e-25
3631.476714,3.366e-26
3631.477365,3.448e-26
3631.495832,4.61e-25
3631.541925,3.45e-24
3631.579493,2.55e-26
3631.591743,9.004e-26
3631.59189,3.669e-24
3631.607223,1.962e-26
3631.609012,8.723000000000001e-26
3631.64421,4.746e-26
3631.661537,5.507e-26
3631.664094,2.02e-26
3631.672735,1.457e-23
3631.688466,1.6579999999999998e-23
3631.72179,1.289e-26
3631.752308,5.709000000000001e-26
3631.753163,1.24e-25
3631.787845,1.859e-25
3631.838744,1.256e-23
3631.841781,1.932e-25
3631.843673,1.931e-24
3631.867145,1.4109999999999998e-23
3631.896697,2.039e-24
3631.90826,4.0850000000000005e-26
3631.908576,4.1870000000000005e-26
3631.928023,2.111e-26
3631.929053,2.1590000000000003e-26
3631.99311,1.524e-23
3631.999065,1.763e-23
3632.003354,1.717e-25
3632.007868,8.429000000000001e-26
3632.020331,1.471e-25
3632.05478,1.4e-25
3632.069205,6.36e-26
3632.072504,6.189e-26
3632.179605,9.848e-25
3632.194367,5.1680000000000005e-26
3632.196927,5.307000000000001e-26
3632.234837,1.034e-24
3632.236645,7.711e-24
3632.280432,7.106000000000001e-26
3632.283996,8.427e-24
3632.325205,5.384e-24
3632.33581,7.358e-26
3632.356625,9.843e-24
3632.377037,5.808e-24
3632.390885,4.941e-26
3632.391742,5.067e-26
3632.398562,1.096e-23
3632.427405,2.589e-26
3632.428614,2.648e-26
3632.516478,4.59e-25
3632.560872,3.384e-24
3632.563667,1.085e-26
3632.56577,1.108e-26
3632.573117,4.797e-25
3632.575953,2.1590000000000003e-26
3632.589304,2.845e-26
3632.598309,1.275e-23
3632.602584,2.156e-25
3632.611186,1.402e-23
3632.612233,1.66e-23
3632.616274,3.615e-24
3632.618292,1.4809999999999998e-23
3632.631381,5.333e-26
3632.635022,2.226e-26
3632.646113,4.9910000000000007e-26
3632.686704,1.2440000000000002e-25
3632.694568,1.447e-25
3632.701116,1.203e-25
3632.742982,5.184000000000001e-26
3632.754288,1.436e-26
3632.770212,1.109e-23
3632.776502,1.31e-23
3632.783313,1.556e-23
3632.804514,2.016e-25
3632.805263,1.268e-23
3632.811702,5.955e-26
3632.812371,6.111e-26
3632.860168,1.956e-25
3632.881116,1.927e-24
3632.913073,3.1630000000000005e-26
3632.914431,3.2370000000000004e-26
3632.91762,2.036e-25
3632.937735,7.398000000000001e-26
3632.939215,2.042e-24
3632.93976,7.609000000000001e-26
3632.941461,9.056e-26
3632.943885,8.799000000000001e-26
3632.966159,9.611e-26
3633.000109,1.065e-26
3633.090092,1.3450000000000002e-26
3633.092383,1.3740000000000002e-26
3633.201838,7.093e-24
3633.232629,9.984e-25
3633.257037,1.913e-25
3633.257099,7.828e-24
3633.26323,7.151000000000001e-26
3633.264333,7.344e-26
3633.287667,1.808e-25
3633.292571,1.051e-24
3633.300702,8.754e-24
3633.312006,5.088e-24
3633.326778,7.583e-26
3633.351444,9.881e-24
3633.371019,5.5269999999999996e-24
3633.385298,7.864e-26
3633.389384,3.85e-26
3633.39093,3.9430000000000005e-26
3633.505417,1.071e-23
3633.531775,1.279e-23
3633.53779,2.36e-26
3633.568242,3.27e-24
3633.579804,4.722e-25
3633.593105,3.1590000000000004e-26
3633.599276,2.436e-26
3633.605387,1.661e-26
3633.607874,1.698e-26
3633.612855,5.97e-26
3633.622345,4.4360000000000005e-26
3633.623498,1.702e-25
3633.630189,3.5119999999999996e-24
3633.640784,4.946e-25
3633.644361,1.141e-26
3633.655676,1.044e-25
3633.657325,1.076e-25
3633.664042,1.698e-25
3633.669937,8.56e-26
3633.670965,8.797000000000001e-26
3633.675815,1.636e-25
3633.688384,9.403e-24
3633.705146,1.2210000000000002e-26
3633.726201,4.619e-26
3633.733222,1.099e-23
3633.752003,1.272e-25
3633.753659,1.234e-25
3633.780407,1.59e-26
3633.788178,1.082e-23
3633.798504,1.333e-23
3633.815543,2.514e-25
3633.852882,4.671e-26
3633.854597,4.7860000000000007e-26
3633.907345,1.898e-24
3633.919573,1.095e-25
3633.923224,2.041e-25
3633.971422,2.0199999999999998e-24
3633.984629,2.129e-25
3634.093031,1.021e-25
3634.094417,1.05e-25
3634.109435,2.044e-26
3634.112122,2.09e-26
3634.1542,6.336e-24
3634.219942,7.078e-24
3634.231005,7.469e-24
3634.27487,1.001e-24
3634.286558,4.701e-24
3634.294156,8.59e-24
3634.306294,5.646e-26
3634.308206,5.789e-26
3634.34027,1.057e-24
3634.341739,1.291e-26
3634.344395,1.454e-25
3634.345811,1.501e-25
3634.353515,2.4840000000000003e-25
3634.354655,5.15e-24
3634.365253,8.027000000000001e-26
3634.380303,2.3290000000000003e-25
3634.396149,3.416e-25
3634.3992,1.376e-26
3634.401542,8.416e-24
3634.401581,9.222e-24
3634.40277,1.196e-23
3634.427285,8.338000000000001e-26
3634.438857,1.049e-23
3634.483099,1.214e-25
3634.484498,1.249e-25
3634.492883,2.5620000000000003e-26
3634.504127,1.764e-25
3634.505101,1.707e-25
3634.530573,2.288e-25
3634.539944,2.198e-25
3634.551028,2.021e-25
3634.557039,2.6470000000000003e-26
3634.563818,3.104e-24
3634.580731,8.292e-24
3634.590071,3.858e-26
3634.591016,6.629e-26
3634.591428,7.473e-24
3634.592617,3.48e-26
3634.594855,1.083e-23
3634.602326,2.507e-26
3634.605223,2.5640000000000003e-26
3634.628801,3.12e-25
3634.63293,4.808e-25
3634.633775,3.354e-24
3634.651786,9.026e-24
3634.698875,5.05e-25
3634.702015,4.028e-26
3634.713406,1.185e-26
3634.720025,1.761e-26
3634.747322,1.8030000000000003e-26
3634.74748,6.801000000000001e-26
3634.74958,6.979e-26
3634.776058,2.58e-26
3634.801316,2.65e-26
3634.801441,1.7480000000000002e-26
3634.871553,1.2390000000000002e-25
3634.879679,1.438e-25
3634.879959,3.726e-26
3634.881386,1.4820000000000002e-25
3634.902396,3.834e-26
3634.922207,1.842e-24
3634.976967,2.11e-25
3634.99342,1.97e-24
3635.000604,1.999e-25
3635.001917,2.067e-25
3635.029123,5.307000000000001e-26
3635.036473,1.437e-26
3635.042848,2.205e-25
3635.048668,5.470000000000001e-26
3635.083991,3.062e-26
3635.087103,3.1340000000000004e-26
3635.09105,1.527e-26
3635.092849,5.43e-24
3635.145687,5.9739999999999996e-24
3635.173023,6.162e-24
3635.178104,8.165000000000001e-26
3635.180413,8.383000000000001e-26
3635.200653,2.415e-25
3635.201011,2.3320000000000003e-25
3635.219868,7.453000000000001e-26
3635.227565,7.054e-24
3635.236614,7.697000000000001e-26
3635.248356,4.217e-24
3635.251245,1.699e-25
3635.253032,1.751e-25
3635.276471,5.8559999999999996e-24
3635.29355,3.049e-25
3635.300761,2.919e-25
3635.306217,9.901e-25
3635.309317,3.24e-25
3635.328257,4.669e-24
3635.332235,3.004e-25
3635.335288,7.834e-24
3635.378007,1.05e-24
3635.395854,8.423e-26
3635.441385,2.76e-26
3635.447453,1.033e-25
3635.461575,1.069e-25
3635.461832,8.766000000000001e-26
3635.474827,5.273e-24
3635.477371,2.396e-25
3635.502671,1.146e-26
3635.506788,1.17e-26
3635.508503,2.8550000000000005e-26
3635.526374,5.553e-24
3635.547283,2.88e-24
3635.548987,3.272e-26
3635.553095,8.088e-24
3635.554484,3.7280000000000006e-26
3635.557819,3.817e-26
3635.562752,6.709e-24
3635.569808,7.219000000000001e-26
3635.590438,3.781e-26
3635.592675,4.214e-25
3635.596877,9.768e-26
3635.599393,1.004e-25
3635.621503,2.713e-25
3635.62266,2e-25
3635.622827,2.8130000000000003e-25
3635.624725,2.064e-25
3635.627236,3.135e-24
3635.670402,3.4270000000000004e-26
3635.675775,4.841e-25
3635.706174,1.412e-25
3635.716486,1.578e-26
3635.717896,1.465e-25
3635.747445,5.099e-25
3635.768311,1.671e-26
3635.819219,1.901e-26
3635.828844,1.358e-25
3635.843741,3.1470000000000003e-25
3635.843952,3.267e-25
3635.92549,1.7559999999999998e-24
3635.960438,4.025e-25
3635.965728,3.835e-25
3635.974367,2.346e-25
3635.976565,2.424e-25
3635.98951,1.906e-25
3635.999089,1.983e-25
3636.004787,1.165e-25
3636.005347,1.8879999999999998e-24
3636.007526,1.198e-25
3636.010753,1.415e-26
3636.013763,4.522e-26
3636.015103,1.446e-26
3636.016118,4.36e-24
3636.017329,4.633e-26
3636.021342,2.1590000000000003e-25
3636.040648,4.245e-24
3636.092324,2.262e-25
3636.11234,2.977e-24
3636.117212,5.057e-24
3636.124139,4.274e-25
3636.14315,3.901e-25
3636.144492,7.386e-25
3636.146809,3.693e-24
3636.148148,6.647e-24
3636.153427,5.217e-24
3636.196557,3.628e-24
3636.204741,3.64e-25
3636.206184,3.785e-25
3636.228978,4.628e-24
3636.290316,2.542e-25
3636.292316,4.072e-24
3636.298035,2.6540000000000003e-25
3636.300132,2.518e-24
3636.321534,2.745e-25
3636.322599,2.764e-24
3636.323999,2.839e-25
3636.326523,9.648e-25
3636.371966,4.904e-24
3636.383451,2.9490000000000004e-26
3636.399591,1.7090000000000002e-26
3636.401076,1.384e-25
3636.404042,1.424e-25
3636.405881,1.028e-24
3636.418567,8.757e-26
3636.419597,2.6380000000000003e-25
3636.435229,4.199e-25
3636.435983,4.3730000000000005e-25
3636.439327,5.832e-25
3636.449108,1.805e-26
3636.453873,3.0560000000000004e-26
3636.46186,5.466e-26
3636.465666,5.604000000000001e-26
3636.470648,3.874e-24
3636.489006,9.132e-26
3636.498794,2.6960000000000003e-26
3636.507777,1.7420000000000003e-26
3636.512369,1.7810000000000003e-26
3636.518153,2.593e-24
3636.538691,5.272e-25
3636.542286,4.997000000000001e-25
3636.55634,7.464e-26
3636.590702,3.993e-26
3636.601059,3.355e-25
3636.607214,3.516e-25
3636.610877,2.849e-24
3636.631454,2.833e-26
3636.652406,3.202e-25
3636.655049,3.3160000000000003e-25
3636.708235,4.81e-25
3636.748385,4.832e-25
3636.750045,5.041e-25
3636.786313,1.6390000000000002e-25
3636.786568,5.084e-25
3636.789522,1.688e-25
3636.797788,5.771e-25
3636.806469,1.29e-25
3636.812833,5.149e-25
3636.836428,2.028e-26
3636.898749,6.585000000000001e-26
3636.902805,6.755e-26
3636.903817,2.252e-24
3636.914054,4.387e-25
3636.916889,1.635e-24
3636.91895,4.618e-25
3636.920449,3.111e-24
3636.975925,3.724e-25
3636.977037,5.545e-25
3636.978328,5.796e-25
3636.978834,3.861e-25
3636.993744,2.136e-26
3636.998586,2.184e-26
3637.007404,1.7699999999999998e-24
3637.035544,6.87e-25
3637.037648,6.468e-25
3637.054164,3.725e-24
3637.056276,2.183e-25
3637.061326,1.832e-26
3637.075823,2.965e-24
3637.10849,1.928e-26
3637.129643,2.9239999999999998e-24
3637.133115,2.294e-25
3637.160068,1.935e-25
3637.163527,1.995e-25
3637.221703,5.692e-25
3637.225646,6.028e-25
3637.247663,3.342e-24
3637.250871,6.35e-25
3637.25284,6.6499999999999995e-25
3637.285269,4.319000000000001e-25
3637.288397,4.484e-25
3637.319234,3.1240000000000005e-26
3637.324449,7.904e-26
3637.328764,8.114000000000001e-26
3637.330164,8.157000000000001e-25
3637.335583,9.232e-25
3637.341122,7.013e-25
3637.351366,1.016e-26
3637.393361,3.243e-26
3637.424028,9.882e-25
3637.43337,9.01e-26
3637.439065,2.145e-26
3637.457838,8.935e-25
3637.458616,8.342e-25
3637.468654,2.61e-26
3637.470396,7.256000000000001e-25
3637.472252,7.617e-25
3637.473755,2.67e-26
3637.475641,2.239e-24
3637.508883,9.417e-26
3637.516709,7.35e-25
3637.520004,7.84e-25
3637.522656,2.277e-25
3637.52638,2.349e-25
3637.565091,6.417000000000001e-26
3637.58517,2.489e-24
3637.585295,2.2640000000000003e-26
3637.585506,4.995000000000001e-25
3637.588912,5.193e-25
3637.600469,3.946e-26
3637.693891,2.1470000000000003e-26
3637.710959,8.275e-25
3637.713354,8.709e-25
3637.721256,1.2669999999999999e-24
3637.727837,1.014e-24
3637.730166,4.707e-25
3637.736077,1.931e-26
3637.738946,9.456e-26
3637.743531,9.714e-26
3637.755202,3.2660000000000004e-26
3637.781394,2.034e-26
3637.792248,9.474e-25
3637.795203,1.02e-24
3637.79663,1.66e-24
3637.811434,1.076e-24
3637.811866,1.166e-24
3637.81634,4.995000000000001e-25
3637.857203,2.089e-26
3637.872832,5.761e-25
3637.87384,2.671e-25
3637.876498,5.9990000000000005e-25
3637.877839,2.759e-25
3637.895948,1.478e-24
3637.904956,1.5e-25
3637.916246,9.422e-25
3637.918697,9.942e-25
3637.932508,3.1780000000000004e-26
3637.937878,3.253e-26
3637.953878,1.051e-24
3637.971258,2.491e-24
3637.972317,1.619e-24
3637.987422,2.093e-24
3637.999884,1.613e-24
3638.038619,1.94e-25
3638.042113,1.225e-24
3638.044576,2.093e-24
3638.045052,1.337e-24
3638.081672,2.18e-25
3638.082807,1.796e-24
3638.093073,4.497e-24
3638.101667,1.3979999999999999e-24
3638.103273,1.538e-24
3638.107403,4.9280000000000006e-26
3638.127688,1.0709999999999999e-24
3638.130612,1.134e-24
3638.142247,1.127e-25
3638.146983,1.259e-24
3638.147115,1.1590000000000002e-25
3638.14999,6.6280000000000005e-25
3638.153959,6.914000000000001e-25
3638.155473,1.702e-24
3638.165298,2.297e-25
3638.195053,7.028000000000001e-26
3638.195805,2.455e-24
3638.213788,3.1230000000000003e-25
3638.21808,3.23e-25
3638.222001,7.356e-25
3638.240086,1.135e-26
3638.248889,3.278e-26
3638.257125,8.326e-25
3638.25933,1.025e-26
3638.260805,1.601e-24
3638.264099,1.779e-24
3638.268099,1.005e-24
3638.285137,1.707e-26
3638.31528,1.217e-24
3638.31841,1.292e-24
3638.327193,3.409e-26
3638.33311,8.632000000000001e-25
3638.334101,1.845e-24
3638.336981,2.075e-24
3638.367301,1.4840000000000002e-26
3638.369241,1.6350000000000002e-26
3638.377607,2.0250000000000003e-26
3638.385307,3.8550000000000006e-26
3638.390956,3.949e-26
3638.401678,1.4470000000000003e-26
3638.414953,7.607e-25
3638.416239,5.9730000000000005e-25
3638.41839,1.81e-24
3638.419226,7.949999999999999e-25
3638.420826,2.127e-26
3638.420907,2.434e-26
3638.423881,8.128e-25
3638.430217,6.861e-25
3638.432641,9.296e-25
3638.440221,9.164e-26
3638.443577,2.141e-24
3638.447729,2.447e-24
3638.47419,4.3140000000000005e-26
3638.494404,2.103e-25
3638.497862,8.610000000000001e-26
3638.500326,1.381e-24
3638.503918,1.472e-24
3638.51263,2.511e-24
3638.517166,2.9299999999999998e-24
3638.521546,9.601e-26
3638.524005,2.193e-26
3638.532178,1.7330000000000002e-26
3638.534346,1.3399999999999999e-25
3638.539509,1.378e-25
3638.542372,3.642e-25
3638.546971,3.77e-25
3638.550888,2.044e-24
3638.586361,2.9889999999999998e-24
3638.591286,1.08e-26
3638.592271,3.59e-24
3638.597638,1.103e-26
3638.608889,3.4860000000000003e-26
3638.624383,4.477e-25
3638.633101,3.156e-26
3638.639945,3.629e-24
3638.641541,4.997000000000001e-25
3638.647348,4.547e-24
3638.667984,1.567e-24
3638.669124,8.712000000000001e-25
3638.67192,1.678e-24
3638.673738,9.123e-25
3638.679069,3.741e-24
3638.681387,1.871e-24
3638.685022,4.526e-24
3638.695303,6.076e-24
3638.704441,5.878000000000001e-26
3638.714187,5.747e-24
3638.731138,8.921e-24
3638.74138,4.522e-25
3638.789431,1.076e-25
3638.82705,4.6610000000000005e-26
3638.828325,1.778e-24
3638.832773,1.914e-24
3638.832989,4.7770000000000006e-26
3638.836894,4.821e-25
3638.859679,4.233e-25
3638.861948,1.28e-24
3638.864604,4.388e-25
3638.881363,3.433e-25
3638.885922,2.184e-25
3638.888312,1.993e-26
3638.901778,3.763e-25
3638.911477,9.956e-25
3638.915246,1.587e-25
3638.916449,1.045e-24
3638.920717,1.634e-25
3638.934239,1.121e-24
3638.974663,2.0199999999999998e-24
3638.979608,2.187e-24
3638.983231,1.412e-24
3639.021444,4.6830000000000005e-25
3639.048609,2.0980000000000003e-26
3639.078397,1.329e-26
3639.085027,1.358e-26
3639.090421,2.199e-26
3639.097403,2.142e-25
3639.111269,2.298e-24
3639.116848,2.505e-24
3639.139766,1.369e-24
3639.14268,1.1359999999999999e-24
3639.148048,1.195e-24
3639.165641,4.907e-25
3639.170912,5.093e-25
3639.172562,3.404e-26
3639.186848,2.6640000000000003e-25
3639.18897,2.266e-25
3639.208087,1.259e-26
3639.210554,2.882e-25
3639.235467,2.621e-24
3639.241753,2.882e-24
3639.255611,3.5480000000000005e-26
3639.257738,5.615e-26
3639.26398,5.758e-26
3639.284941,1.873e-25
3639.288486,1.179e-26
3639.289471,1.893e-26
3639.290737,1.93e-25
3639.29855,1.034e-26
3639.318681,7.831e-25
3639.322279,5.631000000000001e-25
3639.343828,1.299e-24
3639.34881,3.002e-24
3639.354203,2.9770000000000005e-26
3639.355972,3.333e-24
3639.362241,1.293e-24
3639.366008,1.274e-26
3639.368035,1.365e-24
3639.399257,4.985e-26
3639.404061,1.952e-25
3639.419573,9.15e-26
3639.431996,8.495e-25
3639.439059,9.197e-26
3639.450368,3.458e-24
3639.458595,3.887e-24
3639.460299,5.6730000000000005e-25
3639.465938,5.896e-25
3639.472506,1.2540000000000002e-26
3639.496695,1.805e-26
3639.509378,1.499e-24
3639.527096,9.664e-26
3639.540364,2.076e-25
3639.540554,4.013e-24
3639.55015,4.582e-24
3639.55466,1.63e-26
3639.561578,1.6670000000000002e-26
3639.567376,2.225e-25
3639.570449,1.471e-24
3639.576716,1.556e-24
3639.619024,4.708e-24
3639.619491,2.623e-26
3639.626063,4.634e-25
3639.630446,5.487e-24
3639.643434,2.204e-25
3639.649571,2.274e-25
3639.666522,2.1570000000000003e-26
3639.677371,6.741000000000001e-26
3639.683928,6.918e-26
3639.685665,5.6039999999999996e-24
3639.692364,4.76e-24
3639.699698,6.72e-24
3639.706366,2.256e-26
3639.736501,3.935e-26
3639.739882,6.804e-24
3639.741607,4.245e-25
3639.743618,6.54e-25
3639.74965,6.808e-25
3639.754992,2.858e-24
3639.758078,8.509e-24
3639.767077,1.671e-24
3639.773865,1.774e-24
3639.779649,8.444e-24
3639.806148,1.136e-23
3639.813689,1.038e-24
3639.848412,4.55e-25
3639.850213,6.14e-26
3639.941277,1.617e-25
3639.94183,1.51e-26
3639.95223,1.897e-24
3639.958151,1.16e-24
3639.959602,2.022e-24
3639.96579,1.004e-25
3639.971593,1.72e-25
3639.990721,2.586e-25
3639.997217,2.67e-25
3640.015615,7.522000000000001e-25
3640.020074,1.992e-26
3640.022068,7.843000000000001e-25
3640.027292,2.038e-26
3640.085948,8.065e-26
3640.090394,3.4940000000000006e-26
3640.092835,8.283000000000001e-26
3640.093899,1.72e-25
3640.103296,2.067e-25
3640.125805,2.153e-24
3640.133835,2.305e-24
3640.178867,3.6510000000000005e-26
3640.204261,2.195e-25
3640.246396,6.984e-25
3640.263518,2.885e-25
3640.276271,8.629e-25
3640.283177,9.014e-25
3640.287823,2.444e-24
3640.291647,6.807e-25
3640.296604,2.63e-24
3640.309478,9.506e-24
3640.311252,6.654e-24
3640.314909,4.753e-25
3640.326801,3.024e-25
3640.333676,3.1260000000000003e-25
3640.340355,2.193e-26
3640.379201,2.29e-26
3640.388757,1.256e-25
3640.422361,1.328e-25
3640.422504,7.451e-25
3640.429792,9.088e-26
3640.438227,2.777e-24
3640.447877,3.005e-24
3640.463198,8.32e-25
3640.471273,1.265e-26
3640.47464,2.426e-26
3640.48217,2.483e-26
3640.48347,9.618e-26
3640.490701,9.884e-26
3640.525566,3.858e-25
3640.525589,9.878e-25
3640.525651,9.581e-26
3640.532986,1.034e-24
3640.558077,1.892e-26
3640.573635,8.092e-24
3640.577,3.161e-24
3640.587006,3.667e-25
3640.58767,3.444e-24
3640.592927,5.772e-24
3640.626102,2.806e-26
3640.651671,3.526e-25
3640.658948,3.649e-25
3640.671235,1.52e-25
3640.672304,4.516e-26
3640.691004,7.814e-26
3640.704092,3.607e-24
3640.715981,3.962e-24
3640.730462,3.866e-25
3640.749002,7.476e-25
3640.763559,1.128e-24
3640.771488,1.184e-24
3640.796845,1.235e-26
3640.819488,4.131e-24
3640.832833,4.585e-24
3640.85115,4.17e-25
3640.869936,1.143e-25
3640.877529,1.175e-25
3640.881742,9.699e-26
3640.91836,2.9440000000000004e-26
3640.918607,1.021e-25
3640.922962,4.761e-24
3640.925833,8.506e-25
3640.926215,3.015e-26
3640.929143,2.217e-26
3640.938256,5.346e-24
3640.9488,1.7030000000000003e-26
3640.96533,4.099e-25
3640.966041,2.311e-26
3640.973034,4.247e-25
3640.990177,1.287e-24
3640.996564,1.705e-25
3640.998688,1.353e-24
3641.002512,3.5390000000000004e-26
3641.014547,5.528e-24
3641.032314,6.304e-24
3641.093917,6.486e-24
3641.094244,2.394e-26
3641.097235,3.707e-26
3641.09911,1.949e-25
3641.115125,7.549e-24
3641.160504,7.719e-24
3641.186927,9.244e-24
3641.197464,4.443e-24
3641.205435,1.4649999999999999e-24
3641.211343,2.08e-25
3641.21255,9.346e-24
3641.214585,1.544e-24
3641.235116,3.439e-26
3641.245345,1.354e-25
3641.24828,1.171e-23
3641.250957,5.538e-25
3641.253317,1.394e-25
3641.254509,3.003e-25
3641.267775,4.752e-25
3641.275933,4.93e-25
3641.281874,1.097e-23
3641.28687,3.365e-24
3641.294089,8.533e-24
3641.351234,3.56e-26
3641.359427,3.648e-26
3641.374557,5.068e-26
3641.404804,6.132e-25
3641.409325,1.665e-24
3641.412288,8.814000000000001e-26
3641.418895,7.437e-26
3641.419182,1.761e-24
3641.458984,7.8e-26
3641.517358,9.327e-26
3641.518038,7.671e-26
3641.559003,5.493e-25
3641.567647,5.707e-25
3641.601837,1.891e-24
3641.609698,1.599e-25
3641.612483,2.006e-24
3641.614997,2.216e-26
3641.618069,1.6470000000000002e-25
3641.651328,2.307e-26
3641.663509,4.03e-25
3641.676196,1.182e-25
3641.707366,3.372e-25
3641.773263,4.29e-26
3641.781808,4.398e-26
3641.782959,2.1459999999999998e-24
3641.794492,2.286e-24
3641.839012,6.333e-25
3641.845487,3.667e-25
3641.848176,6.59e-25
3641.857878,1.92e-25
3641.873824,1.742e-25
3641.888431,4.705e-25
3641.893017,1.47e-23
3641.894999,1.198e-23
3641.901619,2.722e-25
3641.909023,3.5290000000000005e-26
3641.952676,2.434e-24
3641.962992,1.881e-25
3641.965217,2.604e-24
3641.971784,1.94e-25
3641.998564,5.655e-26
3642.007363,7.794e-24
3642.011012,3.708e-26
3642.041826,5.913000000000001e-26
3642.048497,6.203e-24
3642.057161,1.06e-26
3642.084499,1.782e-25
3642.107797,7.284e-25
3642.110969,2.763e-24
3642.117522,7.592000000000001e-25
3642.124669,2.97e-24
3642.144308,1.5260000000000002e-26
3642.162838,2.477e-25
3642.163501,2.251e-25
3642.166294,2.206e-26
3642.184446,5.1520000000000007e-26
3642.190851,1.358e-23
3642.193361,5.285e-26
3642.19479,3.998e-25
3642.196784,1.11e-23
3642.200578,2.2930000000000003e-26
3642.210459,1.912e-25
3642.21176,2.267e-26
3642.248183,1.055e-25
3642.252965,1.126e-26
3642.256115,3.521e-26
3642.257811,3.138e-24
3642.262032,1.151e-26
3642.271711,5.815000000000001e-26
3642.272863,3.393e-24
3642.305227,2.207e-25
3642.314464,2.278e-25
3642.365356,8.357000000000001e-25
3642.375686,8.726000000000001e-25
3642.379932,4.495e-25
3642.386355,8.349000000000001e-26
3642.393167,3.57e-24
3642.409821,3.887e-24
3642.502402,8.874000000000001e-26
3642.516983,4.074e-24
3642.535575,4.47e-24
3642.578171,1.004e-26
3642.584785,6.165000000000001e-26
3642.594086,6.33e-26
3642.611682,9.567e-25
3642.618729,4.262e-26
3642.62267,1.001e-24
3642.629175,4.666e-24
3642.636402,2.582e-25
3642.646111,2.6670000000000003e-25
3642.650177,5.171e-24
3642.665101,4.444e-26
3642.671407,2.752e-25
3642.682681,1.78e-25
3642.704541,1.3770000000000002e-26
3642.713941,1.4080000000000003e-26
3642.729605,5.374e-24
3642.739562,7.23e-26
3642.745826,1.3550000000000002e-26
3642.753705,6.028e-24
3642.800761,1.06e-23
3642.804706,2.023e-25
3642.810002,3.453e-26
3642.81495,1.599e-23
3642.818016,6.2379999999999996e-24
3642.821745,1.353e-23
3642.824764,8.770999999999999e-24
3642.831991,3.023e-25
3642.846296,7.105e-24
3642.846771,1.093e-24
3642.858477,1.146e-24
3642.876874,2.171e-26
3642.893862,7.316e-24
3642.90825,1.853e-26
3642.911073,2.2540000000000003e-26
3642.92052,3.64e-26
3642.928203,8.505e-24
3642.955671,8.69e-24
3642.956515,3.01e-25
3642.966725,3.114e-25
3642.974278,7.354e-26
3642.983985,7.555e-26
3642.999972,1.041e-23
3643.058956,1.56e-25
3643.067592,2.573e-26
3643.070617,1.246e-24
3643.083111,1.31e-24
3643.093579,3.729e-24
3643.119669,2.1610000000000003e-25
3643.145577,1.678e-26
3643.155324,1.7160000000000002e-26
3643.196932,3.092e-24
3643.201952,1.686e-25
3643.227195,3.63e-26
3643.265565,3.5e-25
3643.276308,3.625e-25
3643.276579,3.146e-26
3643.283211,1.419e-24
3643.296576,1.495e-24
3643.326323,3.307e-26
3643.3497,2.4820000000000003e-25
3643.35171,7.669000000000001e-26
3643.352927,8.741000000000001e-26
3643.363059,8.987000000000001e-26
3643.378482,2.13e-26
3643.392601,5.196000000000001e-26
3643.410406,2.209e-26
3643.429049,1.924e-23
3643.431264,1.665e-23
3643.440913,1.85e-25
3643.481027,8.194e-26
3643.481403,1.578e-25
3643.484544,1.613e-24
3643.498879,1.705e-24
3643.56355,4.058e-25
3643.573882,7.460000000000001e-26
3643.574863,4.208e-25
3643.576074,2.036e-26
3643.577662,1.305e-23
3643.586184,2.085e-26
3643.593573,1.111e-23
3643.614899,9.711e-26
3643.621059,1.993e-25
3643.674605,1.832e-24
3643.690026,1.943e-24
3643.705477,3.2990000000000005e-26
3643.720731,1.036e-25
3643.731312,1.066e-25
3643.743049,1.736e-25
3643.761317,1.814e-23
3643.76425,1.5719999999999998e-23
3643.792142,1.019e-25
3643.811565,2.218e-25
3643.826121,3.492e-26
3643.850466,4.6920000000000005e-25
3643.853377,2.0789999999999998e-24
3643.86239,4.872e-25
3643.870029,2.2129999999999998e-24
3643.895025,6.669e-24
3643.95072,5.633e-24
3643.964077,1.107e-26
3643.970595,2.348e-26
3643.987538,1.302e-25
3643.996035,2.463e-26
3644.006523,2.5230000000000003e-26
3644.02084,2.359e-24
3644.021697,1.278e-25
3644.022972,2.4370000000000003e-26
3644.032729,1.612e-26
3644.038901,2.521e-24
3644.068971,6.673000000000001e-26
3644.077444,2.4370000000000003e-26
3644.077689,1.223e-25
3644.088744,1.26e-25
3644.09271,3.881e-26
3644.126311,5.41e-25
3644.131102,2.067e-26
3644.138894,5.627000000000001e-25
3644.163505,2.1420000000000003e-26
3644.176967,2.677e-24
3644.186328,1.393e-25
3644.196661,2.876e-24
3644.266175,1.386e-25
3644.297754,2.015e-23
3644.298835,1.463e-25
3644.303125,1.778e-23
3644.307934,6.745e-26
3644.321718,3.041e-24
3644.343335,3.285e-24
3644.346603,1.522e-23
3644.357898,1.3249999999999998e-23
3644.391082,6.222e-25
3644.404375,6.483e-25
3644.405459,2.97e-26
3644.416344,3.043e-26
3644.423802,1.44e-25
3644.435357,1.4840000000000002e-25
3644.447169,1.001e-25
3644.453561,7.252000000000001e-26
3644.455039,3.46e-24
3644.47896,3.763e-24
3644.553547,1.08e-25
3644.565803,2.002e-26
3644.576841,3.948e-24
3644.595404,3.0560000000000004e-26
3644.595557,2.071e-26
3644.603592,4.328e-24
3644.644775,7.14e-25
3644.658839,7.452e-25
3644.678358,9.123e-24
3644.686984,4.522e-24
3644.695964,1.7160000000000002e-26
3644.713261,7.862e-24
3644.717315,5.006e-24
3644.728229,3.25e-26
3644.751116,1.7790000000000002e-26
3644.759068,1.689e-25
3644.771153,1.743e-25
3644.785217,5.209e-24
3644.785724,1.224e-25
3644.804348,3.5670000000000006e-26
3644.815648,3.658e-26
3644.82027,5.835e-24
3644.843693,3.2420000000000003e-26
3644.871035,6.044e-24
3644.887383,8.175000000000001e-25
3644.902288,8.549e-25
3644.912707,6.877e-24
3644.916875,2.296e-23
3644.919349,2.053e-23
3644.932122,1.351e-25
3644.94322,7.079999999999999e-24
3644.969922,1.265e-26
3644.971452,9.282e-26
3644.99513,8.233e-24
3645.028667,1.215e-25
3645.083487,1.976e-25
3645.096135,2.041e-25
3645.096244,1.714e-23
3645.104943,1.517e-23
3645.118902,9.34e-25
3645.134728,9.788e-25
3645.147704,1.71e-26
3645.16437,1.024e-25
3645.192702,4.271e-26
3645.204439,4.383e-26
3645.251427,9.503e-26
3645.25438,5.548000000000001e-26
3645.27476,1.283e-25
3645.286883,2.181e-23
3645.288723,1.952e-23
3645.326855,2.334e-26
3645.339322,1.065e-24
3645.356166,1.119e-24
3645.359385,2.873e-24
3645.383711,1.9180000000000003e-26
3645.397056,2.305e-25
3645.410305,2.384e-25
3645.414625,1.984e-26
3645.420472,6.011000000000001e-26
3645.447373,1.123e-23
3645.449374,1.24e-26
3645.469237,2.498e-24
3645.471194,9.846e-24
3645.479628,2.7100000000000004e-26
3645.507201,1.284e-26
3645.512777,3.2070000000000004e-26
3645.548636,1.213e-24
3645.566607,1.277e-24
3645.570523,5.0950000000000005e-26
3645.582718,5.233e-26
3645.627331,2.898e-26
3645.699775,2.681e-25
3645.713665,2.775e-25
3645.714771,4.385e-26
3645.724505,4.857e-26
3645.727838,1.833e-26
3645.730944,2.3400000000000003e-23
3645.735922,2.117e-23
3645.740956,1.102e-25
3645.746829,1.379e-24
3645.755557,1.894e-26
3645.766063,1.456e-24
3645.78732,1.068e-25
3645.845263,1.882e-23
3645.852017,1.688e-23
3645.906003,5.048e-26
3645.933887,1.566e-24
3645.93781,6.059000000000001e-26
3645.942746,1.057e-26
3645.950488,6.227e-26
3645.950811,5.712000000000001e-26
3645.954544,1.66e-24
3645.954767,1.081e-26
3645.990505,7.084e-26
3645.991642,3.108e-25
3646.006219,3.222e-25
3646.02688,1.034e-26
3646.034359,8.74e-26
3646.066821,3.89e-26
3646.07271,1.529e-26
3646.088921,2.3620000000000003e-26
3646.109788,1.777e-24
3646.132067,1.891e-24
3646.137345,5.651e-26
3646.148626,5.1979999999999996e-24
3646.190014,4.047e-26
3646.203482,1.305e-23
3646.213773,4.555e-24
3646.220709,1.161e-23
3646.272653,3.594e-25
3646.274504,2.017e-24
3646.287969,3.731e-25
3646.294563,7.181000000000001e-26
3646.298653,2.154e-24
3646.307752,7.386e-26
3646.352889,1.284e-26
3646.355738,2.574e-23
3646.357815,2.2470000000000003e-26
3646.358502,2.349e-23
3646.365296,1.314e-26
3646.374522,1.022e-25
3646.382447,4.428e-26
3646.427994,2.289e-24
3646.454329,2.457e-24
3646.517967,9.398e-26
3646.524027,2.419e-26
3646.542805,4.145e-25
3646.55892,4.31e-25
3646.559864,5.391e-26
3646.56681,2.027e-23
3646.570202,2.6009999999999998e-24
3646.572616,1.836e-23
3646.599136,2.807e-24
3646.640784,8.483e-26
3646.641802,1.7380000000000002e-26
3646.654513,8.733000000000001e-26
3646.671511,1.7940000000000002e-26
3646.701041,2.959e-24
3646.733131,3.215e-24
3646.752958,1.554e-26
3646.760063,9.754e-26
3646.76577,1.592e-26
3646.767707,2.453e-23
3646.769062,2.24e-23
3646.799538,7.921000000000001e-26
3646.802095,4.769e-25
3646.819075,4.966000000000001e-25
3646.820372,3.377e-24
3646.8564,3.698e-24
3646.863549,1.639e-26
3646.889318,1.69e-26
3646.919875,7.142e-24
3646.927959,3.868e-24
3646.947423,1.4629999999999998e-23
3646.960434,1.316e-23
3646.962777,6.328e-24
3646.96908,4.277e-24
3646.976471,9.989e-26
3646.990772,1.029e-25
3647.023351,4.455e-24
3647.050518,5.473e-25
3647.068441,5.709e-25
3647.071409,4.986e-24
3647.105546,5.166e-24
3647.113088,2.209e-26
3647.114521,2.569e-23
3647.119487,2.363e-23
3647.132257,8.467000000000001e-26
3647.142956,1.875e-26
3647.156193,1.921e-26
3647.163837,5.877e-24
3647.229332,1.651e-26
3647.256506,8.305000000000001e-26
3647.260733,1.4770000000000002e-26
3647.288068,6.267000000000001e-25
3647.29906,2.147e-23
3647.301625,1.172e-25
3647.303744,1.962e-23
3647.307021,6.55e-25
3647.316534,1.209e-25
3647.340561,2.448e-26
3647.364261,5.387000000000001e-26
3647.407292,1.032e-26
3647.419092,1.7940000000000002e-26
3647.514736,7.161e-25
3647.522887,2.2540000000000003e-26
3647.534825,7.501e-25
3647.53657,2.31e-26
3647.548852,7.128000000000001e-26
3647.604061,1.373e-26
3647.616244,1.372e-25
3647.631802,1.417e-25
3647.676414,8.793e-24
3647.679393,1.597e-23
3647.689575,1.451e-23
3647.706503,7.875e-24
3647.730514,8.168000000000001e-25
3647.744834,2.752e-23
3647.747921,2.547e-23
3647.751859,8.575e-25
3647.76734,7.863000000000001e-26
3647.808118,1.83e-26
3647.892751,2.7e-26
3647.906905,2.7690000000000003e-26
3647.913704,1.541e-26
3647.920328,1.601e-25
3647.935389,9.301e-25
3647.936578,1.654e-25
3647.940753,2.045e-24
3647.942482,1.588e-26
3647.954976,7.327000000000001e-26
3647.958135,9.789e-25
3647.971173,1.432e-26
3647.990127,2.244e-23
3647.99459,2.066e-23
3647.995037,1.4740000000000002e-26
3648.027939,2.4150000000000003e-26
3648.052903,1.831e-24
3648.103914,3.6260000000000005e-26
3648.129344,1.058e-24
3648.144888,5.207e-26
3648.145751,2.38e-26
3648.153665,1.116e-24
3648.174186,2.1030000000000003e-26
3648.193646,1.3230000000000002e-26
3648.199569,7.528000000000001e-26
3648.203625,2.626e-23
3648.204751,2.431e-23
3648.213875,1.862e-25
3648.230867,1.927e-25
3648.252553,3.2230000000000003e-26
3648.267203,3.308e-26
3648.278878,3.05e-26
3648.283779,6.389000000000001e-26
3648.312359,1.2009999999999999e-24
3648.338468,1.272e-24
3648.399831,1.709e-23
3648.408034,1.566e-23
3648.419644,1.02e-23
3648.441748,9.22e-24
3648.448331,2.7e-23
3648.453461,2.513e-23
3648.473111,6.576e-26
3648.484405,1.364e-24
3648.496883,2.16e-25
3648.512563,1.45e-24
3648.514672,2.238e-25
3648.602293,3.834e-26
3648.617468,3.939e-26
3648.645443,1.548e-24
3648.675982,1.652e-24
3648.67794,6.495000000000001e-26
3648.709065,2.317e-23
3648.712659,2.147e-23
3648.720335,3.728e-24
3648.76935,2.4980000000000003e-25
3648.787999,2.592e-25
3648.791429,3.348e-24
3648.795415,1.757e-24
3648.828763,1.8839999999999998e-24
3648.905544,4.809e-26
3648.934239,1.996e-24
3648.941975,4.546e-26
3648.957705,4.6740000000000007e-26
3648.970965,2.152e-24
3648.985198,2.791e-26
3649.004761,5.714000000000001e-26
3649.031271,2.882e-25
3649.048134,1.224e-26
3649.050852,2.994e-25
3649.061784,2.2719999999999998e-24
3649.070095,1.259e-26
3649.083328,2.83e-23
3649.086774,2.646e-23
3649.10267,2.466e-24
3649.108442,1.8e-23
3649.109769,6.1e-26
3649.115234,1.66e-23
3649.150252,1.139e-23
3649.166955,1.039e-23
3649.177833,2.592e-24
3649.20913,1.339e-26
3649.22401,2.836e-24
3649.237251,1.3790000000000002e-26
3649.271599,5.374e-26
3649.281992,2.969e-24
3649.282644,3.3160000000000003e-25
3649.287919,5.529e-26
3649.303237,3.4510000000000003e-25
3649.335203,3.28e-24
3649.341959,5.735000000000001e-26
3649.366318,2.369e-23
3649.370128,2.207e-23
3649.373446,3.418e-24
3649.436642,3.824e-24
3649.482788,5.138e-24
3649.52346,3.807e-25
3649.531503,4.644e-24
3649.545162,3.968e-25
3649.591168,6.33e-26
3649.593383,5.845000000000001e-26
3649.594364,2.7e-23
3649.59539,2.526e-23
3649.608114,6.52e-26
3649.648771,4.413e-26
3649.712958,5.101e-26
3649.732168,2.736e-23
3649.737555,2.57e-23
3649.753715,4.36e-25
3649.763586,5.125e-26
3649.776633,4.554e-25
3649.792441,2.908e-26
3649.805945,1.87e-23
3649.811693,1.735e-23
3649.868616,1.238e-23
3649.88159,1.137e-23
3649.900682,7.434e-26
3649.918296,7.664000000000001e-26
3649.973399,4.983000000000001e-25
3649.99766,5.216e-25
3650.035472,1.0820000000000002e-26
3650.051244,1.108e-26
3650.053848,5.0890000000000006e-26
3650.076034,2.397e-23
3650.078986,2.243e-23
3650.090955,1.024e-26
3650.110983,1.052e-26
3650.182499,5.685e-25
3650.200142,8.704000000000001e-26
3650.208254,5.964000000000001e-25
3650.21847,8.982000000000001e-26
3650.230858,6.328e-24
3650.262599,1.746e-26
3650.265931,5.76e-24
3650.326906,1.059e-26
3650.370376,2.815e-23
3650.374217,2.653e-23
3650.37608,4.0170000000000005e-26
3650.381,6.475e-25
3650.383838,1.302e-26
3650.40006,1.334e-26
3650.40099,4.741e-26
3650.407848,4.5470000000000007e-26
3650.40843,6.81e-25
3650.443009,1.25e-26
3650.489548,1.016e-25
3650.491401,1.919e-23
3650.496388,1.79e-23
3650.508641,1.05e-25
3650.539329,1.145e-26
3650.567068,1.178e-26
3650.568881,7.364e-25
3650.574542,2.8610000000000004e-26
3650.574955,1.318e-23
3650.585255,1.219e-23
3650.598204,7.767e-25
3650.679925,4.488e-26
3650.695311,2.406e-23
3650.698816,2.261e-23
3650.706174,1.546e-26
3650.722861,1.561e-26
3650.739558,1.6010000000000002e-26
3650.746116,8.367000000000001e-25
3650.768071,1.349e-24
3650.7689,1.182e-25
3650.777599,8.853e-25
3650.788816,1.223e-25
3650.809612,1.129e-26
3650.880016,1.232e-24
3650.912667,9.499e-25
3650.939593,2.684e-23
3650.940594,2.5300000000000003e-23
3650.941382,4.542e-26
3650.946645,1.0089999999999999e-24
3650.965809,2.687e-23
3650.96581,7.33e-24
3650.971508,2.541e-23
3650.991957,6.718e-24
3651.003613,3.99e-26
3651.038198,1.372e-25
3651.05255,1.866e-26
3651.059,1.421e-25
3651.068479,1.078e-24
3651.06975,1.914e-26
3651.08852,3.634e-26
3651.091082,4.048e-26
3651.10538,1.15e-24
3651.166308,1.949e-23
3651.170699,1.826e-23
3651.213475,1.224e-24
3651.253859,1.311e-24
3651.269413,1.381e-23
3651.277745,1.283e-23
3651.297439,1.587e-25
3651.319201,1.6460000000000002e-25
3651.335637,2.728e-26
3651.347536,1.391e-24
3651.372915,2.222e-26
3651.385649,3.981e-26
3651.390649,2.2810000000000003e-26
3651.392163,1.498e-24
3651.400606,2.393e-23
3651.403138,2.257e-23
3651.470469,1.583e-24
3651.520411,1.717e-24
3651.537173,2.47e-24
3651.54662,1.832e-25
3651.569426,1.902e-25
3651.581937,1.807e-24
3651.605147,2.718e-23
3651.60942,2.578e-23
3651.611676,2.258e-24
3651.638798,1.974e-24
3651.640194,3.677e-26
3651.650051,1.378e-26
3651.681284,2.069e-24
3651.683965,2.6370000000000003e-26
3651.688297,8.165e-24
3651.702267,2.7100000000000004e-26
3651.708312,7.529e-24
3651.747661,2.284e-24
3651.760915,3.5980000000000004e-26
3651.785739,2.109e-25
3651.786824,3.274e-26
3651.809684,2.193e-25
3651.828582,1.961e-23
3651.832549,1.845e-23
3651.952079,1.426e-23
3651.958936,1.332e-23
3651.96933,3.5010000000000003e-26
3651.976946,2.365e-23
3651.980344,2.237e-23
3651.985708,3.1190000000000005e-26
3652.004616,3.2080000000000003e-26
3652.014789,2.422e-25
3652.039983,2.523e-25
3652.078328,2.551e-26
3652.149025,2.565e-23
3652.155072,2.44e-23
3652.193058,3.0940000000000005e-26
3652.233762,2.775e-25
3652.238937,2.588e-23
3652.239964,2.456e-23
3652.24332,3.518e-26
3652.260334,2.896e-25
3652.278154,3.678e-26
3652.289922,3.409e-24
3652.297708,3.786e-26
3652.342558,3.128e-24
3652.398688,8.847e-24
3652.414333,8.203e-24
3652.420278,3.194e-26
3652.44265,3.173e-25
3652.457728,1.4820000000000002e-26
3652.470751,3.318e-25
3652.471535,2.9380000000000005e-26
3652.481211,1.956e-23
3652.484815,1.847e-23
3652.56131,4.3240000000000005e-26
3652.581555,4.4550000000000006e-26
3652.623028,1.456e-23
3652.628761,1.366e-23
3652.641438,3.62e-25
3652.671248,3.795e-25
3652.674361,3.1010000000000003e-26
3652.683345,2.316e-23
3652.685572,2.198e-23
3652.786862,2.555e-23
3652.791601,2.436e-23
3652.804339,2.355e-26
3652.826618,2.8370000000000003e-26
3652.830108,4.125e-25
3652.835183,5.0660000000000005e-26
3652.85617,5.225e-26
3652.861843,4.335000000000001e-25
3653.008636,4.6930000000000005e-25
3653.028591,4.197e-24
3653.042559,4.946e-25
3653.065486,2.829e-26
3653.067268,3.869e-24
3653.097202,9.386e-24
3653.09978,5.918000000000001e-26
3653.109647,8.746e-24
3653.12012,1.936e-23
3653.121566,6.11e-26
3653.123496,1.833e-23
3653.143044,2.629e-26
3653.176988,5.3330000000000005e-25
3653.210348,2.716e-26
3653.211027,2.257e-23
3653.213424,5.638000000000001e-25
3653.214436,2.147e-23
3653.239412,1.4940000000000002e-26
3653.281585,2.386e-23
3653.282298,1.471e-23
3653.287165,1.3849999999999998e-23
3653.288006,2.28e-23
3653.331755,2.383e-26
3653.335114,6.057e-25
3653.355108,6.892000000000001e-26
3653.374478,6.426e-25
3653.377756,7.124000000000001e-26
3653.482947,6.877000000000001e-25
3653.491979,2.429e-23
3653.49307,2.316e-23
3653.498863,2.7100000000000004e-26
3653.514865,2.155e-26
3653.525773,7.325e-25
3653.60117,8.004000000000001e-26
3653.62038,7.81e-25
3653.624752,8.283000000000001e-26
3653.667381,8.357000000000001e-25
3653.701815,2.502e-26
3653.747248,8.876e-25
3653.750861,1.9e-23
3653.753998,1.804e-23
3653.754295,4.853e-24
3653.772048,8.263e-25
3653.783524,4.4949999999999996e-24
3653.783977,9.793e-24
3653.794028,9.165e-24
3653.799411,9.55e-25
3653.801675,2.346e-26
3653.837972,9.269e-26
3653.86257,9.605e-26
3653.863271,1.0099999999999999e-24
3653.8825,7.656e-25
3653.914825,2.343e-23
3653.920064,2.243e-23
3653.920751,2.399e-26
3653.922032,1.094e-24
3653.924737,2.179e-23
3653.92672,2.078e-23
3653.929948,1.471e-23
3653.934141,1.3899999999999998e-23
3653.959575,2.1740000000000003e-26
3653.967931,1.153e-24
3653.999237,1.451e-26
3654.035528,1.259e-24
3654.065516,1.07e-25
3654.091222,1.111e-25
3654.162823,1.007e-26
3654.21076,1.958e-26
3654.283804,1.233e-25
3654.310725,1.282e-25
3654.322455,2.207e-26
3654.363265,2.167e-23
3654.366074,1.853e-23
3654.369106,1.764e-23
3654.370081,2.078e-23
3654.397332,2.098e-23
3654.400829,2.005e-23
3654.402998,2.0910000000000003e-26
3654.407891,1.1710000000000002e-26
3654.419522,1.822e-26
3654.429035,1.202e-26
3654.447642,2.088e-26
3654.459104,1.007e-23
3654.467331,9.466e-24
3654.467639,5.392e-24
3654.490199,5.018e-24
3654.492833,1.417e-25
3654.521094,1.475e-25
3654.531111,1.517e-24
3654.565983,1.4599999999999998e-23
3654.569649,1.383e-23
3654.607482,1.405e-24
3654.665417,1.393e-26
3654.687079,1.431e-26
3654.692602,1.625e-25
3654.698262,2.222e-23
3654.699449,2.127e-23
3654.707614,2.071e-26
3654.722349,1.695e-25
3654.739894,1.3770000000000002e-26
3654.883103,1.859e-25
3654.89265,1.7700000000000002e-26
3654.914507,1.943e-25
3654.914782,1.6520000000000003e-26
3654.936533,1.944e-26
3654.937,1.698e-26
3654.975426,1.7929999999999998e-23
3654.978296,1.711e-23
3654.988463,2.098e-23
3654.994228,2.016e-23
3655.038492,1.6520000000000003e-26
3655.064326,2.122e-25
3655.08118,1.853e-26
3655.097592,2.223e-25
3655.122641,1.024e-23
3655.125164,1.999e-23
3655.125389,1.841e-26
3655.126933,1.914e-23
3655.129461,9.656e-24
3655.156025,1.951e-26
3655.168977,5.824e-24
3655.17884,2.007e-26
3655.186679,5.442e-24
3655.190474,1.436e-23
3655.193726,1.3639999999999998e-23
3655.236253,2.42e-25
3655.271631,2.541e-25
3655.274591,2.094e-24
3655.32994,1.944e-24
3655.373609,1.104e-26
3655.389186,2.2980000000000003e-26
3655.39385,1.923e-23
3655.398859,2.754e-25
3655.401076,1.85e-23
3655.412643,2.366e-26
3655.436654,2.9e-25
3655.456173,1.3790000000000002e-26
3655.463213,1.287e-26
3655.493589,1.174e-26
3655.532368,1.707e-26
3655.53562,1.902e-23
3655.539259,1.824e-23
3655.547203,1.595e-26
3655.552106,3.1320000000000003e-25
3655.561006,1.592e-26
3655.566435,1.725e-23
3655.569292,1.649e-23
3655.592702,3.3080000000000003e-25
3655.614302,2.697e-26
3655.638453,2.78e-26
3655.695938,3.559e-25
3655.702386,1.64e-26
3655.739825,3.771e-25
3655.77463,1.03e-23
3655.780352,9.741e-24
3655.803384,1.402e-23
3655.806312,1.335e-23
3655.83027,4.042e-25
3655.831411,3.157e-26
3655.856314,3.2570000000000003e-26
3655.857286,1.984e-23
3655.858524,6.156e-24
3655.858597,1.906e-23
3655.869121,1.5690000000000003e-26
3655.872601,5.7749999999999996e-24
3655.878093,4.301e-25
3655.954967,4.592e-25
3656.004361,2.576e-24
3656.007358,1.838e-23
3656.007603,4.909e-25
3656.013672,1.7699999999999998e-23
3656.04055,3.683e-26
3656.045771,2.399e-24
3656.062943,1.244e-26
3656.06627,3.804e-26
3656.069807,5.221e-25
3656.125045,1.4960000000000002e-26
3656.128501,5.612000000000001e-25
3656.136695,1.5790000000000002e-26
3656.155121,1.649e-23
3656.157822,1.579e-23
3656.170488,1.1880000000000002e-26
3656.174393,5.945000000000001e-25
3656.216192,1.427e-26
3656.24102,6.432e-25
3656.241754,4.2850000000000005e-26
3656.247394,1.671e-26
3656.268364,4.4310000000000005e-26
3656.284875,1.789e-23
3656.286448,1.719e-23
3656.28866,1.3990000000000002e-26
3656.311476,1.448e-26
3656.373137,1.669e-23
3656.380785,1.61e-23
3656.404829,1.3589999999999998e-23
3656.407502,1.297e-23
3656.4151,1.026e-23
3656.419958,9.732e-24
3656.435056,4.97e-26
3656.441526,1.033e-26
3656.462642,5.1470000000000007e-26
3656.53642,6.397e-24
3656.547739,6.023e-24
3656.62049,5.75e-26
3656.625643,1.6839999999999998e-23
3656.629462,1.621e-23
3656.642825,1.204e-26
3656.649148,5.962e-26
3656.695565,1.307e-26
3656.721211,1.566e-23
3656.721391,2.973e-24
3656.723982,1.503e-23
3656.75309,2.778e-24
3656.798084,6.634e-26
3656.827927,6.89e-26
3656.858488,1.274e-26
3656.862663,1.087e-26
3656.883413,4.711e-25
3656.890683,2.124e-26
3656.908441,1.275e-26
3656.967866,7.635e-26
3656.968503,1.732e-23
3656.969964,1.669e-23
3656.971276,1.575e-23
3656.978156,1.521e-23
3656.982872,1.176e-26
3656.991929,4.411e-25
3656.993318,2.239e-26
3656.994704,1.309e-23
3656.997179,1.252e-23
3656.999025,7.943000000000001e-26
3657.038824,1.4740000000000002e-26
3657.044069,1.013e-23
3657.048246,9.635e-24
3657.103278,1.5720000000000002e-26
3657.129861,8.767e-26
3657.16249,9.136e-26
3657.202755,6.554e-24
3657.211942,6.19e-24
3657.267845,1.14e-26
3657.284087,1.005e-25
3657.290129,1.478e-23
3657.292737,1.4209999999999998e-23
3657.300935,1.419e-23
3657.309017,1.3719999999999998e-23
3657.318369,1.049e-25
3657.403962,1.565e-23
3657.405349,1.508e-23
3657.410758,1.052e-26
3657.42623,3.295e-24
3657.430558,1.149e-25
3657.450913,3.089e-24
3657.466715,1.202e-25
3657.488117,1.133e-26
3657.493541,1.119e-26
3657.569281,1.311e-25
3657.573212,1.252e-23
3657.575532,1.2e-23
3657.607582,1.375e-25
3657.63338,8.655e-25
3657.635743,2.7250000000000003e-26
3657.661554,9.923e-24
3657.665188,9.46e-24
3657.667139,1.459e-23
3657.671168,1.4079999999999998e-23
3657.70025,1.494e-25
3657.710822,8.098e-25
3657.73134,2.863e-26
3657.74103,1.572e-25
3657.823446,1.701e-25
3657.830346,1.388e-23
3657.833098,1.336e-23
3657.857592,6.633e-24
3657.865112,6.283e-24
3657.86713,1.795e-25
3657.880195,1.322e-23
3657.887649,1.28e-23
3657.938823,1.935e-25
3657.985963,2.049e-25
3658.031273,1.479e-23
3658.032572,1.414e-23
3658.046301,2.201e-25
3658.073086,1.534e-25
3658.097631,2.3390000000000003e-25
3658.105259,1.005e-26
3658.119207,3.548e-24
3658.13868,3.337e-24
3658.140128,1.19e-23
3658.142333,1.143e-23
3658.145731,2.5030000000000003e-25
3658.177073,1.181e-23
3658.185599,1.145e-23
3658.202275,2.672e-25
3658.236843,2.848e-25
3658.267564,9.646e-24
3658.270767,9.216e-24
3658.300094,3.058e-25
3658.368529,1.195e-24
3658.372039,3.3690000000000003e-26
3658.380687,1.295e-23
3658.383243,1.249e-23
3658.425928,1.119e-24
3658.461455,3.5280000000000006e-26
3658.482336,1.339e-23
3658.48355,1.294e-23
3658.500973,6.641e-24
3658.507175,6.308e-24
3658.659841,1.237e-23
3658.664105,1.196e-23
3658.695809,1.125e-23
3658.697925,1.081e-23
3658.734336,1.088e-23
3658.742367,1.055e-23
3658.800531,3.737e-24
3658.81605,3.526e-24
3658.862106,9.31e-24
3658.864966,8.912e-24
3658.893779,1.203e-23
3658.894133,1.073e-26
3658.896558,1.161e-23
3658.925244,1.104e-26
3658.952174,3.999e-26
3659.001396,9.643e-24
3659.010374,9.361e-24
3659.010565,1.2660000000000002e-26
3659.017309,4.389e-26
3659.042199,1.3040000000000002e-26
3659.045328,1.236e-23
3659.047136,1.197e-23
3659.090404,1.468e-24
3659.099732,4.038e-26
3659.120161,1.49e-26
3659.132928,6.586e-24
3659.134075,1.378e-24
3659.138081,6.271e-24
3659.152357,1.5350000000000002e-26
3659.183686,4.2160000000000006e-26
3659.223099,1.7470000000000003e-26
3659.239833,1.056e-23
3659.24189,1.017e-23
3659.255902,1.8030000000000003e-26
3659.319564,2.043e-26
3659.353026,2.111e-26
3659.409743,2.383e-26
3659.42706,1.11e-23
3659.429585,1.073e-23
3659.443925,2.4640000000000003e-26
3659.445186,8.924999999999999e-24
3659.447775,8.559e-24
3659.470338,3.869e-24
3659.482803,3.661e-24
3659.493833,2.771e-26
3659.519729,1.122e-23
3659.520781,1.086e-23
3659.528806,2.87e-26
3659.534265,8.777e-24
3659.542867,8.526999999999999e-24
3659.572031,3.214e-26
3659.603472,1.027e-23
3659.60788,3.3340000000000004e-26
3659.607996,9.952e-24
3659.644539,3.718e-26
3659.681366,3.863e-26
3659.711561,4.292e-26
3659.749489,4.467e-26
3659.750844,1.02e-26
3659.753476,6.474e-24
3659.757789,6.1769999999999996e-24
3659.772808,9.864e-24
3659.773303,4.9420000000000007e-26
3659.773769,7.721e-24
3659.774819,9.511e-24
3659.783206,7.506e-24
3659.783539,1.064e-26
3659.799844,1.6909999999999998e-24
3659.81248,5.154e-26
3659.818964,4.7140000000000005e-26
3659.829969,5.68e-26
3659.833706,1.5909999999999999e-24
3659.870578,5.936000000000001e-26
3659.881759,6.516e-26
3659.898061,4.91e-26
3659.91143,1.02e-23
3659.914268,9.864e-24
3659.924031,6.826000000000001e-26
3659.928867,7.463000000000001e-26
3659.971473,8.537000000000001e-26
3659.973091,7.840000000000001e-26
3660.009434,1.013e-23
3660.009731,9.755e-26
3660.011523,9.829e-24
3660.016805,8.5e-24
3660.018024,8.995000000000001e-26
3660.01918,8.165e-24
3660.036759,2.5040000000000003e-25
3660.04376,1.114e-25
3660.059109,1.031e-25
3660.073604,1.272e-25
3660.096645,1.183e-25
3660.128717,3.947e-24
3660.130969,1.357e-25
3660.138791,3.746e-24
3660.143553,2.365e-25
3660.281269,6.938e-24
3660.290415,6.751e-24
3660.293996,9.161e-24
3660.295988,8.843e-24
3660.342848,1.179e-26
3660.362632,6.312e-24
3660.366269,6.0349999999999996e-24
3660.37592,1.231e-26
3660.429544,9.311e-24
3660.432048,9.017e-24
3660.494078,6.064e-24
3660.497341,1.868e-24
3660.49775,8.356e-24
3660.502562,8.112e-24
3660.503982,5.904e-24
3660.515695,9.199e-24
3660.516602,8.924e-24
3660.523969,1.763e-24
3660.529894,5.379e-26
3660.576969,8.045e-24
3660.579178,7.738999999999999e-24
3660.604649,5.59e-26
3660.775732,3.978e-24
3660.779276,4.601e-25
3660.783912,3.784e-24
3660.804401,8.46e-24
3660.806376,8.177e-24
3660.857616,4.34e-25
3660.88223,2.941e-25
3660.8832,8.464e-24
3660.886121,8.205e-24
3660.916589,1.361e-26
3660.923208,8.135e-24
3660.92558,7.906e-24
3660.942407,3.625e-25
3660.950068,1.424e-26
3660.960406,6.107e-24
3660.963499,5.851e-24
3660.979414,5.359e-24
3660.988923,5.224e-24
3661.125675,7.568e-24
3661.127756,7.291e-24
3661.162232,4.675e-24
3661.172608,4.557e-24
3661.183198,2.005e-24
3661.204358,1.897e-24
3661.232638,6.016000000000001e-26
3661.302799,7.772e-24
3661.303488,6.240000000000001e-26
3661.304784,7.52e-24
3661.342375,6.666e-24
3661.347525,6.482e-24
3661.388475,7.649e-24
3661.390958,7.421999999999999e-24
3661.411425,3.966e-24
3661.41809,3.781e-24
3661.469633,7.393e-24
3661.470418,7.184e-24
3661.471388,1.5690000000000003e-26
3661.50535,1.6470000000000003e-26
3661.50777,6.346e-25
3661.546805,5.867e-24
3661.549458,5.631e-24
3661.564507,5.317000000000001e-26
3661.567048,5.99e-25
3661.611054,5.639000000000001e-26
3661.662363,3.758e-24
3661.662929,7.077e-24
3661.664914,6.827e-24
3661.66794,3.723e-24
3661.778159,3.538e-24
3661.785877,6.405e-24
3661.788562,6.2339999999999996e-24
3661.789012,3.453e-24
3661.79079,7.101e-24
3661.792775,6.877999999999999e-24
3661.808975,6.884e-24
3661.811998,6.685e-24
3661.857611,2.105e-24
3661.874558,1.996e-24
3661.927383,6.607000000000001e-26
3661.994707,6.84e-26
3662.006464,1.809e-26
3662.035826,3.916e-24
3662.041062,1.9030000000000003e-26
3662.041272,3.741e-24
3662.089228,1.734e-24
3662.120218,2.891e-24
3662.121831,5.598e-24
3662.124131,5.381e-24
3662.136983,5.215e-24
3662.142607,5.079e-24
3662.187632,4.09e-26
3662.188724,6.58e-24
3662.188805,1.055e-24
3662.19064,6.355e-24
3662.223517,7.781e-25
3662.26206,4.2790000000000006e-26
3662.266427,6.455e-24
3662.268446,6.258e-24
3662.269365,7.355e-25
3662.304219,6.157e-24
3662.306673,5.985e-24
3662.341812,2.629e-24
3662.353147,2.568e-24
3662.380823,5.825e-24
3662.38151,5.6689999999999996e-24
3662.520711,2.171e-24
3662.520898,2.085e-26
3662.534359,2.064e-24
3662.556436,2.2010000000000003e-26
3662.59668,4.9459999999999996e-24
3662.599712,4.821e-24
3662.614194,7.137e-26
3662.648957,3.832e-24
3662.653415,3.668e-24
3662.678318,7.377000000000001e-26
3662.68032,2.242e-24
3662.682502,3.3150000000000004e-26
3662.682813,2.145e-24
3662.685487,5.307e-24
3662.687503,5.109e-24
3662.688629,5.487e-24
3662.691768,5.337e-24
3662.703068,6.084e-24
3662.704937,5.883e-24
3662.732183,5.837e-24
3662.734212,5.6649999999999996e-24
3662.766308,3.4520000000000003e-26
3662.853164,1.919e-24
3662.864984,1.876e-24
3662.880729,4.001e-24
3662.887534,3.905e-24
3662.927243,8.941e-25
3662.963273,8.467e-25
3662.985004,1.279e-25
3663.083419,1.952e-25
3663.084581,9.697e-26
3663.099847,5.81e-25
3663.100349,2.751e-26
3663.163564,1.631e-24
3663.171837,1.2440000000000002e-25
3663.172585,2.206e-24
3663.177174,4.859e-24
3663.179585,4.73e-24
3663.183617,2.102e-24
3663.185072,5.252e-24
3663.187115,2.8570000000000003e-26
3663.187153,5.101e-24
3663.205947,5.594e-24
3663.207788,5.415e-24
3663.221216,1.014e-24
3663.237774,4.9989999999999996e-24
3663.239565,4.819e-24
3663.24846,4.5e-24
3663.249076,4.386e-24
3663.250832,3.72e-24
3663.254486,3.567e-24
3663.277655,1.182e-25
3663.29334,7.594000000000001e-26
3663.312213,1.376e-24
3663.324523,1.346e-24
3663.340362,4.457e-26
3663.354549,7.838000000000001e-26
3663.354854,3.748e-24
3663.358269,3.657e-24
3663.464215,2.311e-26
3663.512591,1.153e-24
3663.522025,4.29e-24
3663.525292,4.178e-24
3663.551166,2.3960000000000003e-26
3663.569502,4.4850000000000005e-26
3663.582037,2.945e-24
3663.590033,1.16e-24
3663.606889,1.13e-24
3663.612168,1.863e-24
3663.619383,9.852e-25
3663.628802,4.702e-24
3663.630895,4.571e-24
3663.648036,9.35e-25
3663.697379,5.116e-24
3663.699206,4.958e-24
3663.718981,9.689e-25
3663.731784,9.491e-25
3663.778692,4.681e-24
3663.780304,4.518e-24
3663.786694,1.956e-26
3663.813296,2.2149999999999998e-24
3663.82223,2.115e-24
3663.841461,3.583e-24
3663.844459,3.442e-24
3663.872506,2.0250000000000003e-26
3663.909878,2.283e-25
3663.962793,8.102e-25
3663.964774,7.968000000000001e-26
3663.97793,7.929e-25
3663.989461,2.1680000000000003e-25
3664.007757,3.761e-24
3664.010109,3.666e-24
3664.023313,8.214e-26
3664.058932,4.189e-24
3664.059644,2.788e-24
3664.061096,4.075e-24
3664.063479,2.723e-24
3664.071693,3.4099999999999995e-24
3664.072267,3.328e-24
3664.073523,6.706e-25
3664.075496,1.663e-26
3664.086821,6.575000000000001e-25
3664.159521,1.719e-26
3664.177336,4.655e-24
3664.179164,4.515e-24
3664.225857,2.181e-24
3664.227051,2.187e-24
3664.282875,5.558e-25
3664.297827,5.447e-25
3664.300216,1.054e-24
3664.308238,4.3569999999999996e-24
3664.309024,3.289e-24
3664.309712,4.21e-24
3664.312429,3.208e-24
3664.3232,1.002e-24
3664.335715,1.417e-26
3664.375949,4.562e-25
3664.389747,4.475e-25
3664.417644,1.463e-26
3664.420849,3.427e-24
3664.423311,3.296e-24
3664.442886,2.199e-24
3664.450125,2.103e-24
3664.480878,3.713e-24
3664.48305,3.615e-24
3664.550785,3.747e-25
3664.56592,3.676e-25
3664.570898,1.209e-26
3664.626575,3.05e-25
3664.628944,8.250000000000001e-26
3664.6348,3.1440000000000003e-25
3664.640872,2.994e-25
3664.64585,4.213e-24
3664.647689,4.09e-24
3664.650603,1.247e-26
3664.685038,8.495000000000001e-26
3664.696221,2.9870000000000003e-25
3664.710331,2.036e-24
3664.714621,1.99e-24
3664.76556,1.03e-24
3664.76683,2.4830000000000003e-25
3664.782288,2.438e-25
3664.78362,1.032e-26
3664.796397,2.8549999999999998e-24
3664.798671,2.786e-24
3664.818743,1.586e-24
3664.826412,4.0319999999999996e-24
3664.82778,3.901e-24
3664.828765,1.998e-25
3664.843228,1.964e-25
3664.849572,2.535e-24
3664.850214,2.477e-24
3664.861075,1.063e-26
3664.886929,5.913e-25
3664.888212,3.276e-24
3664.890473,3.1919999999999998e-24
3664.931228,1.618e-25
3664.947078,1.589e-25
3664.966498,1.293e-25
3664.969922,1.102e-24
3664.981515,1.27e-25
3664.988475,1.051e-24
3664.989001,3.2549999999999998e-24
3664.991026,3.135e-24
3665.03288,2.952e-26
3665.04949,2.4749999999999998e-24
3665.053041,2.416e-24
3665.060434,1.018e-25
3665.061385,2.162e-24
3665.067243,2.072e-24
3665.102876,3.793e-24
3665.104736,3.685e-24
3665.106407,2.799e-26
3665.28556,8.44e-26
3665.288657,2.876e-24
3665.290915,2.804e-24
3665.306254,1.4599999999999999e-24
3665.311033,1.429e-24
3665.33321,3.7109999999999996e-24
3665.3345,3.594e-24
3665.339398,8.680000000000001e-26
3665.347666,3.847e-25
3665.348406,1.15e-24
3665.360463,1.132e-24
3665.39596,3.658e-25
3665.543518,2.127e-24
3665.545692,2.078e-24
3665.545917,3.071e-24
3665.547586,2.963e-24
3665.548466,3.398e-24
3665.550354,3.304e-24
3665.581458,1.85e-24
3665.58206,1.809e-24
3665.628627,1.133e-24
3665.643664,1.081e-24
3665.668815,2.106e-24
3665.673129,2.513e-24
3665.673542,2.022e-24
3665.675494,2.451e-24
3665.743304,1.827e-24
3665.74701,1.786e-24
3665.82863,3.397e-24
3665.829866,3.293e-24
3665.84066,8.091e-25
3665.846839,1.028e-24
3665.850798,7.939e-25
3665.852137,1.0069999999999999e-24
3665.935442,8.531e-26
3665.982546,3.029e-24
3665.984469,2.947e-24
3665.987203,8.765e-26
3666.049101,4.409e-25
3666.052398,2.185e-24
3666.054744,2.133e-24
3666.087599,4.197e-25
3666.091599,2.88e-24
3666.092978,2.781e-24
3666.232176,5.783e-26
3666.249514,1.555e-24
3666.251568,1.521e-24
3666.26519,2.035e-24
3666.26631,1.325e-24
3666.266968,1.297e-24
3666.268987,1.957e-24
3666.276414,1.147e-24
3666.279738,5.574e-25
3666.288628,1.097e-24
3666.289554,5.469e-25
3666.312667,3.092e-24
3666.31387,3e-24
3666.331652,7.11e-25
3666.337483,6.9710000000000005e-25
3666.338196,5.527e-26
3666.390392,1.324e-24
3666.394256,1.295e-24
3666.405205,2.686e-24
3666.407168,2.616e-24
3666.413908,1.892e-24
3666.416382,1.847e-24
3666.577799,8.531e-26
3666.626045,2.684e-24
3666.62719,2.5949999999999998e-24
3666.627628,8.757e-26
3666.666665,3.771e-25
3666.676567,3.702e-25
3666.739491,4.843e-25
3666.760368,4.832e-25
3666.766782,4.741e-25
3666.770495,4.618e-25
3666.772378,1.629e-24
3666.77481,1.5919999999999999e-24
3666.78532,2.7999999999999998e-24
3666.786505,2.719e-24
3666.816323,2.371e-24
3666.818331,2.311e-24
3666.85052,1.952e-24
3666.853549,1.879e-24
3666.903386,9.319e-25
3666.904133,9.13e-25
3666.913343,1.147e-24
3666.914731,1.116e-24
3666.916645,1.093e-24
3666.923268,1.098e-24
3666.971734,1.06e-25
3666.990755,9.419999999999999e-25
3666.99478,9.225e-25
3667.001565,2.507e-25
3667.011721,2.462e-25
3667.053323,1.012e-25
3667.110789,1.3979999999999999e-24
3667.113374,1.366e-24
3667.13297,3.227e-25
3667.13997,3.168e-25
3667.149252,2.487e-24
3667.150211,2.407e-24
3667.214175,8.437000000000001e-26
3667.216044,2.0829999999999998e-24
3667.218099,2.031e-24
3667.246582,2.522e-24
3667.247766,2.452e-24
3667.262224,8.653000000000001e-26
3667.284517,1.638e-25
3667.295017,1.61e-25
3667.419089,5.164e-25
3667.42481,1.858e-24
3667.427205,1.792e-24
3667.444244,4.932e-25
3667.448893,1.192e-24
3667.449683,2.117e-25
3667.451405,1.166e-24
3667.457309,2.08e-25
3667.491914,6.435e-25
3667.492783,6.3090000000000005e-25
3667.516086,1.052e-25
3667.52698,1.034e-25
3667.539434,7.864000000000001e-25
3667.539456,1.134e-24
3667.54119,7.705e-25
3667.544555,6.58e-25
3667.547509,1.088e-24
3667.548739,6.449e-25
3667.604177,1.8209999999999998e-24
3667.606286,1.776e-24
3667.661218,2.291e-24
3667.66203,2.22e-24
3667.696451,2.261e-24
3667.697645,2.199e-24
3667.699368,1.457e-25
3667.711236,1.364e-25
3667.71975,1.341e-25
3667.76354,1.391e-25
3667.764029,1.013e-24
3667.766723,9.917e-25
3667.842815,8.265000000000001e-26
3667.88919,8.47e-26
3667.934537,8.363000000000001e-26
3667.980952,1.584e-24
3667.983113,1.546e-24
3667.988066,1.757e-24
3667.989935,1.696e-24
3668.031148,4.3640000000000005e-25
3668.032174,4.282e-25
3668.052267,4.511e-25
3668.056599,4.424e-25
3668.082262,8.566e-25
3668.084844,8.386e-25
3668.088061,5.382e-25
3668.108578,5.149e-25
3668.123777,5.441e-25
3668.125362,5.3350000000000005e-25
3668.134922,2.0159999999999998e-24
3668.136136,1.963e-24
3668.154782,1.11e-24
3668.161294,1.067e-24
3668.16194,2.099e-24
3668.162638,2.035e-24
3668.346077,1.371e-24
3668.348296,1.339e-24
3668.373905,7.215000000000001e-25
3668.376705,7.066e-25
3668.415967,1.777e-25
3668.4666,8.009000000000001e-26
3668.467252,1.698e-25
3668.51144,8.202000000000001e-26
3668.515059,3.034e-25
3668.519514,2.9780000000000003e-25
3668.520369,2.907e-25
3668.521584,2.854e-25
3668.540288,1.65e-24
3668.541721,1.5949999999999999e-24
3668.56199,1.789e-24
3668.563233,1.743e-24
3668.651414,1.912e-24
3668.652026,1.856e-24
3668.667773,3.696e-25
3668.669178,3.627e-25
3668.672827,6.042e-25
3668.675467,5.92e-25
3668.699899,1.182e-24
3668.702171,1.155e-24
3668.746523,5.509e-25
3668.759343,1.076e-24
3668.763312,5.279000000000001e-25
3668.764579,1.036e-24
3668.935852,2e-25
3668.940383,1.964e-25
3668.94072,5.044e-25
3668.94362,4.944e-25
3668.958871,1.902e-25
3668.960308,1.869e-25
3668.977651,1.579e-24
3668.97893,1.5399999999999999e-24
3669.041983,1.014e-24
3669.04431,9.912e-25
3669.081475,1.5399999999999999e-24
3669.082009,7.699000000000001e-26
3669.08255,1.491e-24
3669.122068,2.03e-25
3669.125382,7.878000000000001e-26
3669.129634,1.733e-24
3669.130185,1.683e-24
3669.161808,2.52e-26
3669.163545,1.942e-25
3669.171268,2.466e-25
3669.17249,2.422e-25
3669.220959,4.184e-25
3669.223641,4.103e-25
3669.269486,2.42e-26
3669.323023,1.285e-25
3669.327612,1.263e-25
3669.34596,1.223e-25
3669.347655,1.202e-25
3669.353153,1.036e-24
3669.357327,9.983e-25
3669.372847,8.655e-25
3669.375267,8.462e-25
3669.381898,1.388e-24
3669.383222,1.354e-24
3669.394554,5.555e-25
3669.408313,5.3310000000000005e-25
3669.464808,3.4620000000000003e-25
3669.467798,3.396e-25
3669.596597,1.562e-24
3669.597107,1.519e-24
3669.611626,1.429e-24
3669.612406,1.384e-24
3669.633918,1.616e-25
3669.634964,1.588e-25
3669.68294,7.598e-26
3669.691851,7.356e-25
3669.694307,7.319000000000001e-26
3669.694349,7.199000000000001e-25
3669.706235,7.729000000000001e-26
3669.715135,7.708e-26
3669.727057,2.846e-25
3669.729763,2.793e-25
3669.736351,7.485000000000001e-26
3669.774728,1.213e-24
3669.776101,1.184e-24
3669.818013,2.223e-25
3669.851855,2.128e-25
3669.917458,4.608e-26
3669.936222,9.888e-25
3669.939508,9.543e-25
3669.946536,2.3340000000000003e-25
3669.949607,2.291e-25
3669.999752,6.223e-25
3670.002018,4.42e-26
3670.002286,6.093e-25
3670.032211,5.53e-25
3670.043483,5.315000000000001e-25
3670.052297,1.3999999999999999e-24
3670.052784,1.363e-24
3670.055184,1.041e-25
3670.056065,1.023e-25
3670.13074,1.318e-24
3670.131277,1.278e-24
3670.156135,1.056e-24
3670.157561,1.031e-24
3670.19155,1.901e-25
3670.194259,1.866e-25
3670.295632,5.24e-25
3670.296865,6.912000000000001e-26
3670.29823,5.133e-25
3670.337608,7.065000000000001e-26
3670.386317,1.545e-25
3670.389456,1.518e-25
3670.435067,6.475e-26
3670.496729,1.25e-24
3670.497208,1.217e-24
3670.504024,2.361e-25
3670.508555,9.372e-25
3670.511098,9.056e-25
3670.526112,9.144e-25
3670.527597,8.935e-25
3670.531815,2.264e-25
3670.580569,4.393e-25
3670.583218,4.305e-25
3670.614893,1.247e-25
3670.617582,1.225e-25
3670.638811,1.209e-24
3670.639152,1.173e-24
3670.659533,5.444e-25
3670.663122,6.312e-26
3670.668748,5.24e-25
3670.730745,6.054000000000001e-26
3670.78461,1.005e-25
3670.787802,9.875e-26
3670.85327,3.666e-25
3670.855989,3.594e-25
3670.884656,7.882000000000001e-25
3670.886202,7.705e-25
3670.899042,6.452000000000001e-26
3670.929887,1.109e-24
3670.930372,1.081e-24
3670.938634,6.591e-26
3670.997561,8.032000000000001e-26
3671.000208,7.897e-26
3671.070156,8.821e-25
3671.072076,8.533e-25
3671.115243,3.046e-25
3671.11801,2.9870000000000003e-25
3671.135837,1.102e-24
3671.13602,1.0709999999999999e-24
3671.141938,6.415e-26
3671.145162,6.309e-26
3671.180253,2.451e-25
3671.203175,2.353e-25
3671.231759,6.762e-25
3671.233369,6.614000000000001e-25
3671.276549,5.306000000000001e-25
3671.284049,5.114e-25
3671.342625,4.9999999999999996e-26
3671.351766,9.796e-25
3671.352267,9.552e-25
3671.364701,2.519e-25
3671.367541,2.471e-25
3671.399531,7.674000000000001e-26
3671.454335,7.364e-26
3671.48894,5.995e-26
3671.527363,6.121e-26
3671.567415,5.774e-25
3671.569092,5.65e-25
3671.603714,2.074e-25
3671.606596,2.035e-25
3671.621025,8.249e-25
3671.621813,9.996e-25
3671.621871,9.717e-25
3671.622422,7.987e-25
3671.76236,8.61e-25
3671.762887,8.401000000000001e-25
3671.829855,1.7e-25
3671.832815,1.669e-25
3671.846801,2.4980000000000003e-25
3671.865757,2.402e-25
3671.883278,5.125e-25
3671.889342,4.945e-25
3671.891619,4.908e-25
3671.893365,4.805e-25
3671.914015,1.029e-26
3672.045915,1.387e-25
3672.04891,1.362e-25
3672.082727,5.497e-26
3672.096695,8.772e-25
3672.096734,9.016e-25
3672.120161,5.61e-26
3672.127134,8.731000000000001e-26
3672.161163,7.664e-25
3672.161662,7.53e-25
3672.16212,7.429e-25
3672.162224,7.352e-25
3672.171985,8.385e-26
3672.204362,4.153e-25
3672.206179,4.067e-25
3672.248655,1.127e-25
3672.25173,1.107e-25
3672.441773,9.116e-26
3672.444873,8.958000000000001e-26
3672.479733,4.909e-25
3672.484587,4.742e-25
3672.50374,2.508e-25
3672.505642,3.497e-25
3672.50753,3.427e-25
3672.51943,2.415e-25
3672.549667,6.554000000000001e-25
3672.550271,6.402e-25
3672.560482,7.876000000000001e-25
3672.560594,8.09e-25
3672.621015,7.342000000000001e-26
3672.624202,7.216000000000001e-26
3672.659857,5.0310000000000006e-26
3672.690566,7.078e-25
3672.691155,6.867e-25
3672.69622,5.132e-26
3672.736662,1.8690000000000003e-26
3672.791205,5.887e-26
3672.794405,5.787000000000001e-26
3672.795446,2.932e-25
3672.797407,2.874e-25
3672.82416,1.8010000000000002e-26
3672.84621,9.517e-26
3672.883176,9.149e-26
3672.926368,5.677e-25
3672.92702,5.549e-25
3672.946843,4.6990000000000006e-26
3672.950137,4.6220000000000005e-26
3673.013225,7.035e-25
3673.013387,7.221000000000001e-25
3673.065922,4.665000000000001e-25
3673.069753,4.512e-25
3673.073774,2.447e-25
3673.07581,2.4e-25
3673.097412,3.674e-26
3673.151119,2.4860000000000003e-25
3673.164093,2.396e-25
3673.209233,6.498e-25
3673.209513,6.31e-25
3673.247495,4.532e-26
3673.283022,4.62e-26
3673.291758,4.895e-25
3673.292463,4.786e-25
3673.34061,2.033e-25
3673.342719,1.994e-25
3673.454913,6.252000000000001e-25
3673.455109,6.413e-25
3673.553106,2.543e-26
3673.556938,1.006e-25
3673.587551,9.683e-26
3673.595959,1.682e-25
3673.598144,1.65e-25
3673.623389,2.449e-26
3673.64185,4.401e-25
3673.644812,4.261e-25
3673.645831,4.2e-25
3673.646594,4.109e-25
3673.717159,5.931000000000001e-25
3673.717181,5.764e-25
3673.788971,2.436e-25
3673.79967,2.351e-25
3673.811285,4.091e-26
3673.839795,1.384e-25
3673.842054,1.359e-25
3673.845809,4.169e-26
3673.885538,5.528e-25
3673.885752,5.6660000000000005e-25
3673.98858,3.587e-25
3673.989405,3.511e-25
3674.072136,1.135e-25
3674.074471,1.114e-25
3674.207519,4.123e-25
3674.209741,3.996e-25
3674.214148,5.236e-25
3674.214339,5.383e-25
3674.259433,1.04e-25
3674.284853,1.002e-25
3674.292938,9.262e-26
3674.295347,9.097e-26
3674.305092,4.863e-25
3674.30531,4.982000000000001e-25
3674.319997,3.049e-25
3674.320889,2.9850000000000003e-25
3674.363784,3.068e-26
3674.395721,3.619e-26
3674.417318,2.364e-25
3674.420712,2.956e-26
3674.426096,2.284e-25
3674.42956,3.687e-26
3674.502241,7.525e-26
3674.504725,7.394e-26
3674.640077,2.58e-25
3674.641036,2.527e-25
3674.699971,6.087000000000001e-26
3674.700402,4.73e-25
3674.700769,4.859e-25
3674.702529,5.982e-26
3674.713567,4.256e-25
3674.713777,4.3580000000000005e-25
3674.762927,3.838e-25
3674.764519,3.723e-25
3674.886205,4.902e-26
3674.888838,4.819e-26
3674.944923,3.2270000000000004e-26
3674.948811,2.1730000000000003e-25
3674.949842,2.129e-25
3674.953763,1.054e-25
3674.974889,1.017e-25
3674.977794,3.2860000000000003e-26
3675.036172,2.272e-25
3675.043321,2.198e-25
3675.060822,3.931e-26
3675.063527,3.8650000000000005e-26
3675.110953,3.708e-25
3675.111146,3.794e-25
3675.168892,3.464e-26
3675.175932,4.25e-25
3675.176443,4.3630000000000005e-25
3675.215223,3.3390000000000004e-26
3675.223958,3.1380000000000005e-26
3675.226737,3.0860000000000003e-26
3675.246192,1.822e-25
3675.247296,1.786e-25
3675.308074,3.549e-25
3675.309128,3.4460000000000003e-25
3675.378265,2.4540000000000003e-26
3675.497244,3.214e-25
3675.497409,3.2870000000000003e-25
3675.530063,2.8020000000000004e-26
3675.532213,1.52e-25
3675.533392,1.491e-25
3675.562409,2.853e-26
3675.639969,1.053e-25
3675.640728,3.798e-25
3675.641354,3.896e-25
3675.64554,2.1660000000000003e-25
3675.651298,2.097e-25
3675.657506,1.017e-25
3675.806865,1.263e-25
3675.80812,1.2390000000000002e-25
3675.842955,3.262e-25
3675.843548,3.17e-25
3675.87243,2.772e-25
3675.872561,2.834e-25
3675.968488,3.745e-26
3676.006251,3.613e-26
3676.062464,2.472e-26
3676.070142,1.045e-25
3676.071475,1.025e-25
3676.093842,2.516e-26
3676.094779,3.376e-25
3676.095497,3.4610000000000003e-25
3676.236503,2.38e-25
3676.236593,2.432e-25
3676.245426,2.048e-25
3676.249991,1.985e-25
3676.31807,1.038e-25
3676.322034,8.601e-26
3676.323446,8.444000000000001e-26
3676.33258,1.003e-25
3676.367566,2.98e-25
3676.367766,2.898e-25
3676.538077,2.9860000000000003e-25
3676.538864,3.06e-25
3676.562536,7.050000000000001e-26
3676.564027,6.924000000000001e-26
3676.589457,2.034e-25
3676.589499,2.077e-25
3676.653518,2.105e-26
3676.684545,2.141e-26
3676.762538,3.926e-26
3676.791635,5.753e-26
3676.793206,5.652000000000001e-26
3676.793269,3.791e-26
3676.835827,1.923e-25
3676.839364,1.865e-25
3676.881764,2.635e-25
3676.881902,2.707e-25
3676.931271,1.766e-25
3676.931281,1.73e-25
3676.97061,2.627e-25
3676.97145,2.691e-25
3676.988069,1.012e-25
3677.000006,9.79e-26
3677.009329,4.6740000000000007e-26
3677.01098,4.593e-26
3677.165564,1.841e-26
3677.195581,1.872e-26
3677.215601,3.78e-26
3677.217332,3.716e-26
3677.261901,1.494e-25
3677.261968,1.464e-25
3677.38553,2.382e-25
3677.385956,2.445e-25
3677.392371,2.3e-25
3677.393246,2.354e-25
3677.410452,3.044e-26
3677.412264,2.9930000000000004e-26
3677.416739,1.793e-25
3677.419387,1.74e-25
3677.550957,4.0210000000000006e-26
3677.57584,3.887e-26
3677.581383,1.258e-25
3677.58151,1.234e-25
3677.593861,2.441e-26
3677.595754,2.4e-26
3677.649958,9.762e-26
3677.659692,9.454e-26
3677.765835,1.948e-26
3677.767808,1.917e-26
3677.76948,1.534e-26
3677.799351,1.5600000000000002e-26
3677.803349,2.004e-25
3677.804246,2.05e-25
3677.87905,2.141e-25
3677.87972,2.197e-25
3677.889708,1.055e-25
3677.889899,1.035e-25
3677.928396,1.5230000000000002e-26
3677.988155,1.66e-25
3677.990032,1.613e-25
3678.186868,8.805e-26
3678.187127,8.638000000000001e-26
3678.203535,1.737e-25
3678.204441,1.776e-25
3678.255792,1.334e-26
3678.284561,1.356e-26
3678.303722,9.331e-26
3678.311557,9.045e-26
3678.33362,4.043e-26
3678.353587,3.911e-26
3678.36231,1.914e-25
3678.363188,1.963e-25
3678.472856,7.314000000000001e-26
3678.473184,7.178e-26
3678.550066,1.527e-25
3678.551273,1.4850000000000002e-25
3678.592921,1.499e-25
3678.593826,1.532e-25
3678.747664,6.049000000000001e-26
3678.748063,5.938000000000001e-26
3678.835298,1.702e-25
3678.836353,1.744e-25
3678.88182,1.086e-26
3678.910684,1.104e-26
3678.949336,8.843e-26
3678.955525,8.579e-26
3678.971497,1.287e-25
3678.972391,1.314e-25
3679.011283,4.98e-26
3679.011756,4.89e-26
3679.102462,1.397e-25
3679.103084,1.359e-25
3679.11038,4.0020000000000005e-26
3679.126175,3.8750000000000005e-26
3679.263706,4.081e-26
3679.264253,4.009e-26
3679.298001,1.506e-25
3679.299204,1.542e-25
3679.339254,1.1e-25
3679.340129,1.123e-25
3679.504923,3.3300000000000003e-26
3679.505546,3.272e-26
3679.586774,8.314000000000001e-26
3679.591529,8.073e-26
3679.645331,1.27e-25
3679.645443,1.236e-25
3679.696184,9.351e-26
3679.697033,9.543e-26
3679.734927,2.7050000000000004e-26
3679.735628,2.659e-26
3679.750408,1.3250000000000002e-25
3679.751735,1.357e-25
3679.881076,3.9090000000000005e-26
3679.893302,3.789e-26
3679.953709,2.187e-26
3679.954487,2.151e-26
3680.042277,7.915e-26
3680.043094,8.074000000000001e-26
3680.161261,1.761e-26
3680.162117,1.732e-26
3680.178326,1.118e-25
3680.178661,1.147e-25
3680.192506,1.16e-25
3680.193936,1.187e-25
3680.216002,7.758000000000001e-26
3680.219502,7.54e-26
3680.357572,1.412e-26
3680.358508,1.3890000000000002e-26
3680.377525,6.668000000000001e-26
3680.378304,6.8e-26
3680.542636,1.126e-26
3680.543651,1.108e-26
3680.624285,1.011e-25
3680.625798,1.034e-25
3680.645538,3.775e-26
3680.654688,3.663e-26
3680.701711,1.005e-25
3680.701919,5.591000000000001e-26
3680.702439,1.031e-25
3680.702655,5.7e-26
3680.836986,7.189000000000001e-26
3680.839382,6.993000000000001e-26
3681.01545,4.667e-26
3681.016138,4.756e-26
3681.045732,8.764000000000001e-26
3681.047313,8.957000000000001e-26
3681.215578,8.990000000000001e-26
3681.216649,9.212e-26
3681.318109,3.878e-26
3681.318747,3.95e-26
3681.403591,3.609e-26
3681.410073,3.5040000000000005e-26
3681.449688,6.617e-26
3681.45111,6.441000000000001e-26
3681.456836,7.56e-26
3681.45847,7.722000000000001e-26
3681.609888,3.2070000000000004e-26
3681.610471,3.2660000000000004e-26
3681.719905,7.995e-26
3681.721279,8.188000000000001e-26
3681.857586,6.49e-26
3681.85926,6.626e-26
3681.890778,2.6410000000000004e-26
3681.891304,2.688e-26
3682.054068,6.051e-26
3682.054627,5.894e-26
3682.155056,3.4180000000000003e-26
3682.159212,3.321e-26
3682.160769,2.1640000000000003e-26
3682.161236,2.202e-26
3682.214672,7.072e-26
3682.216311,7.238e-26
3682.229623,1.022e-26
3682.247971,5.544e-26
3682.249674,5.658e-26
3682.419853,1.766e-26
3682.420259,1.7960000000000003e-26
3682.62798,4.7140000000000005e-26
3682.629702,4.809e-26
3682.649878,5.36e-26
3682.650085,5.499e-26
3682.668022,1.434e-26
3682.668364,1.459e-26
3682.699859,6.223000000000001e-26
3682.701732,6.366000000000001e-26
3682.899756,3.209e-26
3682.901874,3.121e-26
3682.905265,1.16e-26
3682.905543,1.179e-26
3682.997603,3.989e-26
3682.999334,4.067e-26
3683.175446,5.447e-26
3683.177524,5.569000000000001e-26
3683.236805,4.8460000000000005e-26
3683.237697,4.9680000000000005e-26
3683.300389,1.003e-26
3683.314561,1.028e-26
3683.356827,3.3590000000000004e-26
3683.358561,3.424e-26
3683.637518,2.989e-26
3683.637842,2.9090000000000005e-26
3683.641413,4.7440000000000005e-26
3683.643671,4.848e-26
3683.705642,2.8160000000000005e-26
3683.707371,2.869e-26
3683.815357,4.354e-26
3683.816859,4.4610000000000005e-26
3684.044038,2.349e-26
3684.045757,2.3930000000000003e-26
3684.097741,4.111e-26
3684.100157,4.199e-26
3684.366908,2.692e-26
3684.368167,2.7640000000000003e-26
3684.372003,1.951e-26
3684.373706,1.987e-26
3684.376398,1.017e-26
3684.385478,3.891e-26
3684.387528,3.984e-26
3684.54441,3.5440000000000004e-26
3684.546964,3.618e-26
3684.689528,1.6130000000000003e-26
3684.69121,1.642e-26
3684.947116,3.4570000000000003e-26
3684.949658,3.537e-26
3684.981401,3.0410000000000005e-26
3684.984077,3.103e-26
3684.996601,1.327e-26
3684.998258,1.351e-26
3685.088873,2.473e-26
3685.091535,2.5370000000000003e-26
3685.293211,1.087e-26
3685.294839,1.106e-26
3685.408695,2.596e-26
3685.411477,2.648e-26
3685.500219,3.054e-26
3685.503204,3.1240000000000005e-26
3685.803548,2.2570000000000003e-26
3685.807459,2.314e-26
3685.826274,2.205e-26
3685.829148,2.249e-26
3686.044736,2.6850000000000004e-26
3686.048121,2.7440000000000004e-26
3686.234117,1.865e-26
3686.237071,1.901e-26
3686.510756,2.0470000000000003e-26
3686.515777,2.097e-26
3686.580616,2.3470000000000003e-26
3686.584362,2.3980000000000003e-26
3686.632207,1.5690000000000003e-26
3686.63523,1.5990000000000002e-26
3687.020525,1.314e-26
3687.023608,1.339e-26
3687.107809,2.041e-26
3687.111882,2.085e-26
3687.210323,1.844e-26
3687.216337,1.888e-26
3687.399052,1.096e-26
3687.402186,1.116e-26
3687.626265,1.766e-26
3687.630634,1.8030000000000003e-26
3687.902086,1.6520000000000003e-26
3687.908989,1.6910000000000003e-26
3688.135935,1.52e-26
3688.140574,1.551e-26
3688.585889,1.471e-26
3688.593588,1.505e-26
3688.636771,1.302e-26
3688.641654,1.3280000000000002e-26
3689.128724,1.11e-26
3689.13383,1.1320000000000002e-26
3689.261584,1.303e-26
3689.269996,1.332e-26
3689.929027,1.147e-26
3689.938081,1.172e-26
3690.588083,1.005e-26
3690.597715,1.026e-26
